# Generation  Evaluations  Time (s)  Best_obj[0]  Best_obj[1]  Best_obj[2]  Hypervol.   IGD         IGDX        SR    Appr.set  [ Pop.index  Subgen.  Pop.size  Subpops ]
           0         120       6.120   6.181e+00   6.162e+00   5.617e+00   0.000e+00   8.201e+00   6.104e+00  0.0000           2  [    0      1        120          1 ]
           1        1163       6.145   8.201e-01   1.074e+00   9.546e-01   0.000e+00   5.457e-01   4.025e+00  0.0000          17  [    1      1        240          1 ]
           1        1592       6.187   8.201e-01   9.492e-01   6.898e-01   0.000e+00   4.079e-01   4.132e+00  0.0000          33  [    0     10        120          1 ]
           1        2651       6.258   4.598e-01   6.970e-01   6.116e-01   0.000e+00   2.530e-01   3.987e+00  0.0000          77  [    0     20        120          1 ]
           1        3669       6.399   2.995e-01   6.309e-01   6.116e-01   0.000e+00   2.350e-01   3.982e+00  0.0000          91  [    0     30        120          1 ]
           1        4645       6.558   2.995e-01   4.592e-01   4.603e-01   0.000e+00   1.997e-01   3.955e+00  0.0000         120  [    0     40        120          1 ]
           1        5777       6.722   2.995e-01   3.698e-01   3.500e-01   0.000e+00   1.505e-01   3.943e+00  0.0000         170  [    0     50        120          1 ]
           1        6738       6.974   2.995e-01   3.237e-01   2.965e-01   0.000e+00   1.389e-01   3.936e+00  0.0000         214  [    0     60        120          1 ]
           2        7538       7.370   2.995e-01   3.237e-01   2.965e-01   0.000e+00   1.369e-01   3.936e+00  0.0000         213  [    2      1        480          1 ]
           2        8317       7.612   2.289e-01   3.237e-01   2.965e-01   0.000e+00   1.278e-01   3.929e+00  0.0000         234  [    1     10        240          1 ]
           2       10320       8.076   2.289e-01   3.237e-01   1.817e-01   0.000e+00   1.163e-01   3.925e+00  0.0000         318  [    1     20        240          1 ]
           2       12281       8.521   2.289e-01   3.237e-01   1.817e-01   0.000e+00   1.105e-01   3.916e+00  0.0000         354  [    1     30        240          1 ]
           2       14177       8.997   2.289e-01   2.740e-01   1.817e-01   0.000e+00   1.026e-01   3.910e+00  0.0000         384  [    1     40        240          1 ]
           2       16402       9.596   1.716e-01   2.653e-01   1.817e-01   0.000e+00   8.352e-02   3.907e+00  0.0000         464  [    1     50        240          1 ]
           2       18284      10.261   1.716e-01   2.272e-01   1.817e-01   0.000e+00   7.665e-02   3.903e+00  0.0000         544  [    1     60        240          1 ]
           3       19868      11.296   1.716e-01   2.272e-01   1.220e-01   0.000e+00   7.595e-02   3.899e+00  0.0000         571  [    3      1        960          1 ]
           3       21440      12.106   1.716e-01   1.918e-01   1.220e-01   0.000e+00   7.204e-02   3.899e+00  0.0000         638  [    2     10        480          1 ]
           3       25505      13.613   1.550e-01   1.918e-01   1.220e-01   0.000e+00   6.620e-02   3.894e+00  0.0000         754  [    2     20        480          1 ]
           3       29510      15.512   1.522e-01   1.789e-01   1.220e-01   0.000e+00   6.291e-02   3.891e+00  0.0000         836  [    2     30        480          1 ]
           3       33380      17.409   1.522e-01   1.789e-01   1.220e-01   0.000e+00   5.967e-02   3.888e+00  0.0000         933  [    2     40        480          1 ]
           3       37832      19.621   1.408e-01   1.766e-01   1.220e-01   0.000e+00   4.981e-02   3.878e+00  0.0000        1121  [    2     50        480          1 ]
           3       41651      21.682   1.244e-01   1.368e-01   1.165e-01   0.000e+00   4.606e-02   3.895e+00  0.0000        1290  [    2     60        480          1 ]
           4       44843      23.857   1.244e-01   1.082e-01   1.165e-01   0.000e+00   4.545e-02   3.885e+00  0.0000        1327  [    4      1       1920          1 ]
           4       47999      25.995   1.214e-01   1.082e-01   1.125e-01   0.000e+00   4.273e-02   3.897e+00  0.0000        1490  [    3     10        960          1 ]
           4       56128      30.143   1.188e-01   1.082e-01   1.125e-01   0.000e+00   3.992e-02   3.894e+00  0.0000        1824  [    3     20        960          1 ]
           4       64155      34.767   1.188e-01   7.430e-02   1.125e-01   0.000e+00   3.859e-02   3.894e+00  0.0000        1981  [    3     30        960          1 ]
           4       72101      39.755   1.188e-01   7.430e-02   1.125e-01   0.000e+00   3.778e-02   3.897e+00  0.0000        2134  [    3     40        960          1 ]
           4       80971      46.168   8.158e-02   7.430e-02   9.714e-02   0.000e+00   3.398e-02   3.891e+00  0.0000        2511  [    3     50        960          1 ]
           4       88576      53.200   7.343e-02   7.430e-02   9.665e-02   0.000e+00   3.169e-02   3.883e+00  0.0000        2798  [    3     60        960          1 ]
           5       94956      60.402   7.343e-02   7.430e-02   9.036e-02   0.000e+00   3.148e-02   3.883e+00  0.0000        2842  [    5      1       3840          1 ]
           5      101156      76.550   6.900e-02   7.430e-02   9.036e-02   0.000e+00   3.236e-02   3.891e+00  0.0000        1848  [    4     10       1920          1 ]
           5      117346      87.013   6.900e-02   7.430e-02   9.036e-02   0.000e+00   2.988e-02   3.888e+00  0.0000        2141  [    4     20       1920          1 ]
           5      133415      98.487   6.900e-02   7.430e-02   9.036e-02   0.000e+00   2.909e-02   3.887e+00  0.0000        2274  [    4     30       1920          1 ]
           5      148881     109.888   6.900e-02   6.653e-02   8.988e-02   0.000e+00   2.849e-02   3.871e+00  0.0000        2377  [    4     40       1920          1 ]
           5      166690     122.937   5.028e-02   5.910e-02   5.402e-02   0.000e+00   2.560e-02   3.861e+00  0.0000        2528  [    4     50       1920          1 ]
           5      181804     137.232   5.028e-02   5.910e-02   5.402e-02   0.000e+00   2.451e-02   3.873e+00  0.5000        2629  [    4     60       1920          1 ]
           6      194504     146.894   5.028e-02   5.910e-02   4.876e-02   0.000e+00   2.437e-02   3.873e+00  0.5000        2666  [    6      1       7680          1 ]
           6      207004     156.792   5.028e-02   5.084e-02   4.078e-02   0.000e+00   2.356e-02   3.872e+00  0.5000        2732  [    5     10       3840          1 ]
           6      239735     191.854   3.697e-02   4.409e-02   4.078e-02   0.000e+00   2.228e-02   3.871e+00  0.5000        2885  [    5     20       3840          1 ]
           6      272173     232.673   2.967e-02   3.427e-02   4.078e-02   0.000e+00   2.173e-02   3.870e+00  0.5000        2958  [    5     30       3840          1 ]
           6      304488     270.861   2.967e-02   3.427e-02   4.078e-02   0.000e+00   2.120e-02   3.870e+00  0.5000        2996  [    5     40       3840          1 ]
           6      341564     320.758   1.992e-02   1.544e-02   4.078e-02   0.000e+00   2.050e-02   3.869e+00  0.5000        3056  [    5     50       3840          1 ]
           6      372439     363.864   9.829e-03   9.800e-03   3.590e-02   0.000e+00   1.973e-02   3.867e+00  0.5000        3099  [    5     60       3840          1 ]
           7      398020     389.733   8.675e-03   8.599e-03   3.590e-02   0.000e+00   1.961e-02   3.867e+00  0.5000        3117  [    7      1      15360          1 ]
           7      423700     431.029   8.675e-03   8.599e-03   3.184e-02   0.000e+00   2.256e-02   3.868e+00  0.5000        1975  [    6     10       7680          1 ]
           7      492779     574.494   8.675e-03   8.599e-03   2.451e-02   0.000e+00   1.962e-02   3.865e+00  0.5000        2728  [    6     20       7680          1 ]
           7      560975     714.306   8.675e-03   7.119e-03   2.451e-02   0.000e+00   1.917e-02   3.864e+00  0.5000        2820  [    6     30       7680          1 ]
           7      628855     871.551   8.675e-03   4.060e-03   1.482e-02   0.000e+00   1.878e-02   3.862e+00  0.5000        2871  [    6     40       7680          1 ]
           7      708895    1049.721   8.675e-03   2.044e-03   5.029e-03   0.000e+00   1.838e-02   3.861e+00  0.5000        2881  [    6     50       7680          1 ]
           7      774651    1198.969   5.773e-03   9.225e-04   2.272e-03   0.000e+00   1.801e-02   3.860e+00  0.5000        2896  [    6     60       7680          1 ]
           8      826778    1294.993   3.825e-03   8.954e-04   2.082e-03   0.000e+00   1.787e-02   3.860e+00  0.5000        2903  [    8      1      30720          1 ]
           8      901556    1439.545   3.635e-03   6.153e-04   1.037e-03   0.000e+00   1.753e-02   3.859e+00  0.5000        2904  [    6     70       7680          1 ]
           8      929964    1528.873   3.043e-03   6.153e-04   9.360e-04   0.000e+00   1.724e-02   3.857e+00  0.5000        2905  [    7     10      15360          1 ]
           8      967355    1609.278   2.226e-03   4.280e-04   5.948e-04   0.000e+00   1.702e-02   3.856e+00  0.5000        2914  [    6     80       7680          1 ]
           8     1045452    1817.586   2.226e-03   2.114e-04   1.525e-04   0.000e+00   1.658e-02   3.857e+00  0.5000        2921  [    6     90       7680          1 ]
           8     1110981    1974.970   9.798e-04   8.749e-05   6.912e-05   0.000e+00   1.633e-02   3.857e+00  0.5000        2921  [    6    100       7680          1 ]
           8     1176811    2143.501   4.837e-04   6.113e-05   6.553e-05   0.000e+00   1.609e-02   3.856e+00  0.5000        2927  [    6    110       7680          1 ]
           8     1242395    2299.108   2.114e-04   4.913e-05   3.801e-05   0.000e+00   1.593e-02   3.855e+00  0.5000        2944  [    6    120       7680          1 ]
           8     1349886    2656.917   8.786e-05   2.493e-05   2.087e-05   0.000e+00   1.574e-02   3.855e+00  0.5000        2945  [    6    130       7680          1 ]
           8     1415536    2808.983   3.167e-05   1.728e-05   8.323e-06   0.000e+00   1.561e-02   3.854e+00  0.5000        2957  [    6    140       7680          1 ]
           8     1481224    2958.719   1.072e-05   8.201e-06   4.774e-06   0.000e+00   1.545e-02   3.854e+00  0.5000        2964  [    6    150       7680          1 ]
           8     1509405    3038.971   1.072e-05   6.717e-06   4.774e-06   0.000e+00   1.542e-02   3.853e+00  0.5000        2963  [    7     20      15360          1 ]
           8     1546554    3123.888   8.844e-06   3.307e-06   2.447e-06   0.000e+00   1.534e-02   3.853e+00  0.5000        2965  [    6    160       7680          1 ]
           8     1624518    3328.811   3.670e-06   2.024e-06   1.031e-06   0.000e+00   1.526e-02   3.853e+00  0.5000        2970  [    6    170       7680          1 ]
           8     1690106    3490.289   2.899e-06   8.010e-07   3.693e-07   0.000e+00   1.517e-02   3.848e+00  0.5000        2980  [    6    180       7680          1 ]
           8     1755765    3652.992   1.092e-06   4.177e-07   2.547e-07   0.000e+00   1.512e-02   3.847e+00  0.5000        2978  [    6    190       7680          1 ]
           8     1850356    3973.244   5.487e-07   2.328e-07   1.678e-07   0.000e+00   1.506e-02   3.847e+00  0.5000        2980  [    6    200       7680          1 ]
           8     1928244    4182.202   3.152e-07   1.448e-07   7.379e-08   0.000e+00   1.501e-02   3.845e+00  0.5000        2988  [    6    210       7680          1 ]
           8     1993741    4345.135   1.418e-07   5.997e-08   4.116e-08   0.000e+00   1.496e-02   3.845e+00  0.5000        2987  [    6    220       7680          1 ]
           8     2059097    4511.112   8.614e-08   2.717e-08   1.439e-08   0.000e+00   1.492e-02   3.845e+00  0.5000        2980  [    6    230       7680          1 ]
           8     2087575    4598.257   7.538e-08   2.207e-08   1.232e-08   0.000e+00   1.490e-02   3.844e+00  0.5000        2978  [    7     30      15360          1 ]
           8     2124933    4679.752   4.047e-08   1.682e-08   6.909e-09   0.000e+00   1.488e-02   3.844e+00  0.5000        2982  [    6    240       7680          1 ]
           8     2202800    4893.686   1.793e-08   7.892e-09   4.226e-09   0.000e+00   1.483e-02   3.844e+00  0.5000        2986  [    6    250       7680          1 ]
           8     2297153    5212.884   7.225e-09   4.013e-09   1.777e-09   0.000e+00   1.480e-02   3.844e+00  0.5000        2988  [    6    260       7680          1 ]
           8     2362547    5379.106   4.480e-09   1.905e-09   8.101e-10   0.000e+00   1.478e-02   3.844e+00  0.5000        2993  [    6    270       7680          1 ]
           8     2427896    5543.005   2.187e-09   8.029e-10   3.767e-10   0.000e+00   1.476e-02   3.843e+00  0.5000        2994  [    6    280       7680          1 ]
           8     2505589    5748.419   1.062e-09   4.220e-10   8.423e-11   0.000e+00   1.475e-02   3.843e+00  0.5000        2996  [    6    290       7680          1 ]
           8     2570993    5909.778   5.688e-10   1.793e-10   4.837e-11   0.000e+00   1.472e-02   3.843e+00  0.5000        2998  [    6    300       7680          1 ]
           8     2636178    6078.092   1.956e-10   6.713e-11   2.696e-11   0.000e+00   1.471e-02   3.843e+00  0.5000        2993  [    6    310       7680          1 ]
           8     2664430    6166.847   1.662e-10   4.457e-11   2.197e-11   0.000e+00   1.470e-02   3.843e+00  0.5000        2997  [    7     40      15360          1 ]
           8     2701656    6258.306   1.108e-10   2.270e-11   1.604e-11   0.000e+00   1.470e-02   3.843e+00  0.5000        2995  [    6    320       7680          1 ]
           8     2807760    6633.760   4.718e-11   1.458e-11   7.114e-12   0.000e+00   1.468e-02   3.842e+00  0.5000        2995  [    6    330       7680          1 ]
           8     2873100    6796.341   3.475e-11   7.783e-12   2.382e-12   0.000e+00   1.465e-02   3.842e+00  0.5000        2993  [    6    340       7680          1 ]
           8     2938734    6960.515   2.201e-11   6.461e-12   1.305e-12   0.000e+00   1.464e-02   3.842e+00  0.5000        2993  [    6    350       7680          1 ]
           8     3004183    7121.935   1.015e-11   3.032e-12   7.815e-13   0.000e+00   1.463e-02   3.842e+00  0.5000        2995  [    6    360       7680          1 ]
           8     3082093    7329.493   5.367e-12   1.096e-12   2.904e-13   0.000e+00   1.462e-02   3.842e+00  0.5000        3001  [    6    370       7680          1 ]
           8     3147441    7496.582   2.576e-12   5.474e-13   1.631e-13   0.000e+00   1.461e-02   3.842e+00  0.5000        3000  [    6    380       7680          1 ]
           8     3240483    7817.545   4.540e-13   2.876e-13   9.576e-14   0.000e+00   1.459e-02   3.841e+00  0.5000        3002  [    6    390       7680          1 ]
           8     3268808    7908.664   4.540e-13   1.875e-13   9.576e-14   0.000e+00   1.459e-02   3.841e+00  0.5000        3000  [    7     50      15360          1 ]
           8     3305972    7997.431   4.540e-13   1.875e-13   5.570e-14   0.000e+00   1.458e-02   3.841e+00  0.5000        2999  [    6    400       7680          1 ]
           8     3383713    8214.006   2.684e-13   8.647e-14   2.349e-14   0.000e+00   1.457e-02   3.841e+00  0.5000        2996  [    6    410       7680          1 ]
           8     3449131    8383.980   1.159e-13   2.961e-14   1.196e-14   0.000e+00   1.455e-02   3.841e+00  0.5000        2995  [    6    420       7680          1 ]
           8     3514426    8548.767   3.239e-14   1.231e-14   4.774e-15   0.000e+00   1.454e-02   3.841e+00  0.5000        2997  [    6    430       7680          1 ]
           8     3579786    8707.216   1.984e-14   3.527e-15   2.093e-15   0.000e+00   1.454e-02   3.841e+00  0.5000        2998  [    6    440       7680          1 ]
           8     3685213    9048.465   4.169e-15   1.646e-15   7.931e-16   0.000e+00   1.454e-02   3.841e+00  0.5000        2998  [    6    450       7680          1 ]
           8     3750607    9204.880   2.388e-15   8.032e-16   4.831e-16   0.000e+00   1.453e-02   3.841e+00  0.5000        2997  [    6    460       7680          1 ]
           8     3816022    9362.907   9.255e-16   2.336e-16   1.993e-16   0.000e+00   1.453e-02   3.841e+00  0.5000        2996  [    6    470       7680          1 ]
           8     3844289    9441.224   7.808e-16   2.173e-16   7.976e-17   0.000e+00   1.453e-02   3.841e+00  0.5000        2995  [    7     60      15360          1 ]
           8     3881411    9526.906   2.997e-16   1.244e-16   7.976e-17   0.000e+00   1.453e-02   3.840e+00  0.5000        2996  [    6    480       7680          1 ]
           8     3959147    9740.290   2.107e-16   3.300e-17   2.342e-17   0.000e+00   1.452e-02   3.839e+00  0.5000        3000  [    6    490       7680          1 ]
           8     4024531    9895.427   9.187e-17   1.086e-17   7.164e-18   0.000e+00   1.451e-02   3.840e+00  0.5000        3003  [    6    500       7680          1 ]
           8     4089963   10058.505   5.060e-17   2.960e-18   1.866e-18   0.000e+00   1.450e-02   3.839e+00  0.5000        3003  [    6    510       7680          1 ]
           9     4202358   10493.231   5.060e-17   2.960e-18   1.712e-18   0.000e+00   1.450e-02   3.839e+00  0.5000        3001  [    7     70      15360          1 ]
           9     4267148   10791.356   5.060e-17   2.960e-18   1.712e-18   0.000e+00   1.449e-02   3.839e+00  0.5000        3004  [    8     10      30720          1 ]
           9     4353640   11103.575   5.060e-17   2.960e-18   1.712e-18   0.000e+00   1.449e-02   3.839e+00  0.5000        3004  [    7     80      15360          1 ]
           9     4532638   11874.733   5.060e-17   2.960e-18   1.712e-18   0.000e+00   1.448e-02   3.836e+00  0.5000        3004  [    7     90      15360          1 ]
           9     4683932   12490.005   5.060e-17   2.960e-18   1.712e-18   0.000e+00   1.445e-02   3.836e+00  0.5000        3003  [    7    100      15360          1 ]
           9     4835214   13089.497   5.060e-17   2.960e-18   1.712e-18   0.000e+00   1.444e-02   3.837e+00  0.5000        3006  [    7    110      15360          1 ]
           9     4986471   13689.894   5.060e-17   2.960e-18   1.712e-18   0.000e+00   1.444e-02   3.837e+00  0.5000        3008  [    7    120      15360          1 ]
          10     5165434   14447.185   5.060e-17   2.960e-18   1.712e-18   0.000e+00   1.443e-02   3.837e+00  0.5000        3008  [    7    130      15360          1 ]
          10     5316652   15053.780   5.060e-17   2.960e-18   1.712e-18   0.000e+00   1.443e-02   3.837e+00  0.5000        3010  [    7    140      15360          1 ]
          10     5467863   15668.276   5.060e-17   2.960e-18   1.712e-18   0.000e+00   1.442e-02   3.837e+00  0.5000        3012  [    7    150      15360          1 ]
          10     5532620   15967.690   5.060e-17   2.960e-18   1.712e-18   0.000e+00   1.442e-02   3.837e+00  0.5000        3012  [    8     20      30720          1 ]
          10     5619056   16278.148   5.060e-17   2.960e-18   1.712e-18   0.000e+00   1.441e-02   3.836e+00  0.5000        3012  [    7    160      15360          1 ]
          10     5797924   17034.710   5.060e-17   2.960e-18   1.712e-18   0.000e+00   1.440e-02   3.836e+00  0.5000        3016  [    7    170      15360          1 ]
          12     6093621   18662.305   5.060e-17   2.960e-18   1.712e-18   0.000e+00   1.439e-02   3.836e+00  0.5000        3016  [    8     30      30720          1 ]
          13     6370650   20356.116   5.060e-17   2.960e-18   1.712e-18   0.000e+00   1.437e-02   3.836e+00  0.5000        3018  [    8     40      30720          1 ]
          14     6647664   22138.257   5.060e-17   2.960e-18   1.712e-18   0.000e+00   1.437e-02   3.836e+00  0.5000        3017  [    8     50      30720          1 ]
          16     6924707   23759.717   5.060e-17   2.960e-18   1.712e-18   0.000e+00   1.436e-02   3.836e+00  0.5000        3015  [    8     60      30720          1 ]
          17     7201738   25130.881   5.060e-17   2.960e-18   1.712e-18   0.000e+00   1.436e-02   3.835e+00  0.5000        3016  [    8     70      30720          1 ]
          19     7478781   26396.351   5.060e-17   2.960e-18   1.712e-18   0.000e+00   1.435e-02   3.836e+00  0.5000        3017  [    8     80      30720          1 ]
          20     7755804   27670.226   5.060e-17   2.960e-18   1.712e-18   0.000e+00   1.435e-02   3.836e+00  0.5000        3018  [    8     90      30720          1 ]
          22     8032814   28947.222   5.060e-17   2.960e-18   1.712e-18   0.000e+00   1.435e-02   3.836e+00  0.5000        3020  [    8    100      30720          1 ]
          23     8309814   30198.375   5.060e-17   2.960e-18   1.712e-18   0.000e+00   1.435e-02   3.836e+00  0.5000        3017  [    8    110      30720          1 ]
          24     8586848   31454.829   5.060e-17   2.960e-18   1.712e-18   0.000e+00   1.435e-02   3.835e+00  0.5000        3014  [    8    120      30720          1 ]
          26     8863903   32690.392   5.060e-17   2.960e-18   1.712e-18   0.000e+00   1.435e-02   3.835e+00  0.5000        3016  [    8    130      30720          1 ]
          27     9140935   33901.326   5.060e-17   2.960e-18   1.712e-18   0.000e+00   1.435e-02   3.835e+00  0.5000        3019  [    8    140      30720          1 ]
          29     9417937   35046.873   5.060e-17   2.960e-18   1.712e-18   0.000e+00   1.434e-02   3.835e+00  0.5000        3022  [    8    150      30720          1 ]
          30     9694917   36176.664   5.060e-17   2.960e-18   1.712e-18   0.000e+00   1.434e-02   3.835e+00  0.5000        3022  [    8    160      30720          1 ]
          32     9971883   37280.678   5.060e-17   2.960e-18   1.712e-18   0.000e+00   1.434e-02   3.835e+00  0.5000        3024  [    8    170      30720          1 ]
          33    10027275   37498.862   5.060e-17   2.960e-18   1.712e-18   0.000e+00   1.434e-02   3.835e+00  0.5000        3025  [    8    172      30720          1 ]
