# Generation  Evaluations  Time (s)  Best_obj[0]  Best_obj[1]  Best_obj[2]  Hypervol.   IGD         IGDX        SR    Appr.set  [ Pop.index  Subgen.  Pop.size  Subpops ]
           0         120       6.429   6.031e+00   5.531e+00   5.786e+00   0.000e+00   8.298e+00   5.992e+00  0.0000           4  [    0      1        120          1 ]
           1        1160       6.472   1.209e+00   1.063e+00   1.044e+00   0.000e+00   7.105e-01   4.156e+00  0.0000          14  [    1      1        240          1 ]
           1        1596       6.508   6.910e-01   8.430e-01   9.157e-01   0.000e+00   5.196e-01   4.282e+00  0.0000          25  [    0     10        120          1 ]
           1        2714       6.597   3.129e-01   5.100e-01   8.145e-01   0.000e+00   3.657e-01   4.026e+00  0.0000          43  [    0     20        120          1 ]
           1        3740       6.656   3.129e-01   5.100e-01   5.449e-01   0.000e+00   3.237e-01   4.070e+00  0.0000          71  [    0     30        120          1 ]
           1        4755       6.766   3.129e-01   4.401e-01   3.962e-01   0.000e+00   2.440e-01   3.882e+00  0.0000          87  [    0     40        120          1 ]
           1        5906       6.882   3.129e-01   4.200e-01   3.962e-01   0.000e+00   1.727e-01   3.836e+00  0.0000         115  [    0     50        120          1 ]
           1        6882       7.094   2.251e-01   4.009e-01   3.962e-01   0.000e+00   1.496e-01   3.824e+00  0.0000         159  [    0     60        120          1 ]
           2        7682       7.562   2.251e-01   2.621e-01   3.962e-01   0.000e+00   1.484e-01   3.824e+00  0.0000         173  [    2      1        480          1 ]
           2        8468       7.829   2.251e-01   2.621e-01   3.450e-01   0.000e+00   1.367e-01   3.816e+00  0.0000         204  [    1     10        240          1 ]
           2       10467       8.275   2.251e-01   2.621e-01   2.485e-01   0.000e+00   1.218e-01   3.895e+00  0.0000         282  [    1     20        240          1 ]
           2       12399       8.987   2.251e-01   2.621e-01   2.485e-01   0.000e+00   1.093e-01   3.876e+00  0.0000         311  [    1     30        240          1 ]
           2       14282       9.597   2.246e-01   2.621e-01   2.303e-01   0.000e+00   9.531e-02   3.862e+00  0.0000         377  [    1     40        240          1 ]
           2       16480      10.113   1.625e-01   1.642e-01   2.066e-01   0.000e+00   7.889e-02   3.856e+00  0.0000         475  [    1     50        240          1 ]
           2       18359      11.031   1.625e-01   1.642e-01   2.056e-01   0.000e+00   7.452e-02   3.839e+00  0.0000         577  [    1     60        240          1 ]
           3       19943      12.200   1.625e-01   1.642e-01   1.969e-01   0.000e+00   7.365e-02   3.773e+00  0.0000         594  [    3      1        960          1 ]
           3       21489      13.264   1.451e-01   1.642e-01   1.655e-01   0.000e+00   7.057e-02   3.805e+00  0.0000         642  [    2     10        480          1 ]
           3       25495      14.941   1.451e-01   1.376e-01   1.265e-01   0.000e+00   6.394e-02   3.798e+00  0.0000         776  [    2     20        480          1 ]
           3       29414      16.555   1.442e-01   1.376e-01   1.265e-01   0.000e+00   6.054e-02   3.795e+00  0.0000         887  [    2     30        480          1 ]
           3       33235      18.321   1.442e-01   1.376e-01   1.265e-01   0.000e+00   5.538e-02   3.788e+00  0.0000        1042  [    2     40        480          1 ]
           3       37687      20.773   1.245e-01   1.119e-01   1.182e-01   0.000e+00   4.727e-02   3.793e+00  0.0000        1266  [    2     50        480          1 ]
           3       41502      23.326   8.804e-02   1.119e-01   1.182e-01   0.000e+00   4.488e-02   3.789e+00  0.0000        1410  [    2     60        480          1 ]
           4       44694      26.481   8.804e-02   1.119e-01   1.182e-01   0.000e+00   4.467e-02   3.789e+00  0.0000        1445  [    4      1       1920          1 ]
           4       47779      28.983   8.804e-02   1.119e-01   1.182e-01   0.000e+00   4.252e-02   3.750e+00  0.0000        1545  [    3     10        960          1 ]
           4       55804      33.899   8.804e-02   1.119e-01   1.182e-01   0.000e+00   3.759e-02   3.744e+00  0.0000        1882  [    3     20        960          1 ]
           4       63703      38.783   8.804e-02   1.119e-01   1.038e-01   0.000e+00   3.582e-02   3.742e+00  0.0000        2103  [    3     30        960          1 ]
           4       71326      44.187   8.804e-02   8.940e-02   7.136e-02   0.000e+00   3.262e-02   3.744e+00  0.0000        2371  [    3     40        960          1 ]
           4       80186      51.178   7.970e-02   8.940e-02   7.136e-02   0.000e+00   2.862e-02   3.739e+00  0.0000        2890  [    3     50        960          1 ]
           4       87791      65.309   7.970e-02   8.940e-02   7.136e-02   0.000e+00   3.017e-02   3.739e+00  0.0000        1900  [    3     60        960          1 ]
           5       94171      70.438   7.970e-02   8.940e-02   7.136e-02   0.000e+00   2.999e-02   3.739e+00  0.0000        1979  [    5      1       3840          1 ]
           5      100383      75.250   5.671e-02   8.940e-02   7.136e-02   0.000e+00   2.846e-02   3.738e+00  0.0000        2439  [    4     10       1920          1 ]
           5      116503      96.673   5.671e-02   8.251e-02   7.136e-02   0.000e+00   2.830e-02   3.752e+00  0.0000        2024  [    4     20       1920          1 ]
           5      132650     109.363   5.671e-02   8.219e-02   7.136e-02   0.000e+00   2.742e-02   3.750e+00  0.0000        2178  [    4     30       1920          1 ]
           5      148031     122.355   5.671e-02   6.910e-02   7.136e-02   0.000e+00   2.660e-02   3.749e+00  0.0000        2312  [    4     40       1920          1 ]
           5      165780     137.958   5.671e-02   6.103e-02   5.058e-02   0.000e+00   2.446e-02   3.738e+00  0.5000        2541  [    4     50       1920          1 ]
           5      180909     151.126   5.671e-02   6.103e-02   4.988e-02   0.000e+00   2.359e-02   3.737e+00  0.5000        2667  [    4     60       1920          1 ]
           6      193619     161.047   5.671e-02   6.103e-02   4.988e-02   0.000e+00   2.349e-02   3.737e+00  0.5000        2694  [    6      1       7680          1 ]
           6      206282     172.183   5.671e-02   6.103e-02   4.988e-02   0.000e+00   2.300e-02   3.736e+00  0.5000        2745  [    5     10       3840          1 ]
           6      239010     212.407   4.032e-02   5.419e-02   4.988e-02   0.000e+00   2.220e-02   3.735e+00  0.5000        2894  [    5     20       3840          1 ]
           6      271493     250.587   3.335e-02   3.990e-02   4.988e-02   0.000e+00   2.168e-02   3.735e+00  0.5000        2956  [    5     30       3840          1 ]
           6      303740     290.857   2.498e-02   3.990e-02   4.430e-02   0.000e+00   2.128e-02   3.728e+00  0.5000        3001  [    5     40       3840          1 ]
           6      340728     342.500   1.532e-02   3.361e-02   4.276e-02   0.000e+00   2.076e-02   3.727e+00  0.5000        3040  [    5     50       3840          1 ]
           6      371540     384.555   1.165e-02   3.211e-02   2.115e-02   0.000e+00   1.995e-02   3.730e+00  0.5000        3087  [    5     60       3840          1 ]
           7      397100     411.773   8.306e-03   2.611e-02   2.115e-02   0.000e+00   1.983e-02   3.730e+00  0.5000        3108  [    7      1      15360          1 ]
           7      422892     445.132   8.306e-03   2.611e-02   2.115e-02   0.000e+00   1.927e-02   3.728e+00  0.5000        3115  [    6     10       7680          1 ]
           7      492610     594.818   8.306e-03   2.611e-02   2.058e-02   0.000e+00   2.051e-02   3.730e+00  0.5000        2555  [    6     20       7680          1 ]
           7      561054     736.034   8.306e-03   1.630e-02   1.117e-02   0.000e+00   2.002e-02   3.725e+00  0.5000        2641  [    6     30       7680          1 ]
           7      629047     874.794   8.306e-03   1.174e-02   7.432e-03   0.000e+00   1.952e-02   3.727e+00  0.5000        2679  [    6     40       7680          1 ]
           7      709143    1043.835   8.306e-03   5.422e-03   3.378e-03   0.000e+00   1.901e-02   3.725e+00  0.5000        2705  [    6     50       7680          1 ]
           7      775544    1187.444   6.705e-03   3.437e-03   1.869e-03   0.000e+00   1.852e-02   3.724e+00  0.5000        2728  [    6     60       7680          1 ]
           8      827752    1277.761   6.399e-03   2.582e-03   1.199e-03   0.000e+00   1.834e-02   3.723e+00  0.5000        2732  [    8      1      30720          1 ]
           8      902915    1417.172   3.095e-03   1.563e-03   7.772e-04   0.000e+00   1.797e-02   3.722e+00  0.5000        2736  [    6     70       7680          1 ]
           8      931552    1492.718   3.052e-03   9.821e-04   6.388e-04   0.000e+00   1.772e-02   3.721e+00  0.5000        2730  [    7     10      15360          1 ]
           8      969087    1576.457   1.176e-03   7.626e-04   3.717e-04   0.000e+00   1.750e-02   3.720e+00  0.5000        2737  [    6     80       7680          1 ]
           8     1048017    1767.682   4.981e-04   3.878e-04   2.376e-04   0.000e+00   1.717e-02   3.719e+00  0.5000        2738  [    6     90       7680          1 ]
           8     1114319    1916.224   3.068e-04   2.705e-04   1.179e-04   0.000e+00   1.688e-02   3.718e+00  0.5000        2750  [    6    100       7680          1 ]
           8     1180538    2068.454   1.318e-04   9.686e-05   8.933e-05   0.000e+00   1.668e-02   3.717e+00  0.5000        2757  [    6    110       7680          1 ]
           8     1246784    2222.196   6.308e-05   6.938e-05   5.889e-05   0.000e+00   1.645e-02   3.716e+00  0.5000        2772  [    6    120       7680          1 ]
           8     1354957    2559.687   2.853e-05   2.454e-05   2.792e-05   0.000e+00   1.626e-02   3.715e+00  0.5000        2779  [    6    130       7680          1 ]
           8     1421365    2719.117   1.203e-05   9.824e-06   1.810e-05   0.000e+00   1.614e-02   3.714e+00  0.5000        2779  [    6    140       7680          1 ]
           8     1487622    2879.712   7.103e-06   4.401e-06   6.833e-06   0.000e+00   1.606e-02   3.713e+00  0.5000        2790  [    6    150       7680          1 ]
           8     1516212    2958.092   5.029e-06   3.902e-06   4.872e-06   0.000e+00   1.602e-02   3.713e+00  0.5000        2790  [    7     20      15360          1 ]
           8     1553874    3038.107   2.611e-06   3.498e-06   2.483e-06   0.000e+00   1.598e-02   3.713e+00  0.5000        2797  [    6    160       7680          1 ]
           8     1632359    3242.943   1.361e-06   1.988e-06   1.196e-06   0.000e+00   1.587e-02   3.712e+00  0.5000        2796  [    6    170       7680          1 ]
           8     1698435    3403.595   6.012e-07   7.591e-07   5.553e-07   0.000e+00   1.580e-02   3.711e+00  0.5000        2794  [    6    180       7680          1 ]
           8     1764569    3563.871   3.637e-07   4.390e-07   3.409e-07   0.000e+00   1.573e-02   3.711e+00  0.5000        2795  [    6    190       7680          1 ]
           8     1859707    3878.169   1.529e-07   2.131e-07   1.776e-07   0.000e+00   1.568e-02   3.710e+00  0.5000        2795  [    6    200       7680          1 ]
           8     1938319    4072.381   9.682e-08   7.876e-08   9.679e-08   0.000e+00   1.559e-02   3.710e+00  0.5000        2797  [    6    210       7680          1 ]
           8     2004576    4230.042   2.784e-08   3.243e-08   3.815e-08   0.000e+00   1.555e-02   3.710e+00  0.5000        2797  [    6    220       7680          1 ]
           8     2070592    4386.942   1.141e-08   1.523e-08   2.126e-08   0.000e+00   1.550e-02   3.709e+00  0.5000        2796  [    6    230       7680          1 ]
           8     2099205    4470.565   6.946e-09   1.431e-08   2.126e-08   0.000e+00   1.548e-02   3.709e+00  0.5000        2795  [    7     30      15360          1 ]
           8     2136737    4558.298   4.404e-09   9.750e-09   1.488e-08   0.000e+00   1.548e-02   3.709e+00  0.5000        2800  [    6    240       7680          1 ]
           8     2215558    4758.360   2.929e-09   4.981e-09   4.696e-09   0.000e+00   1.546e-02   3.709e+00  0.5000        2800  [    6    250       7680          1 ]
           8     2310858    5071.180   1.137e-09   2.428e-09   1.872e-09   0.000e+00   1.544e-02   3.709e+00  0.5000        2804  [    6    260       7680          1 ]
           8     2376871    5237.126   4.786e-10   1.120e-09   1.175e-09   0.000e+00   1.541e-02   3.708e+00  0.5000        2807  [    6    270       7680          1 ]
           8     2443002    5394.864   2.636e-10   4.009e-10   6.859e-10   0.000e+00   1.540e-02   3.708e+00  0.5000        2807  [    6    280       7680          1 ]
           8     2521718    5593.036   1.731e-10   1.958e-10   4.186e-10   0.000e+00   1.538e-02   3.708e+00  0.5000        2809  [    6    290       7680          1 ]
           8     2587703    5750.917   4.841e-11   8.251e-11   1.737e-10   0.000e+00   1.536e-02   3.708e+00  0.5000        2807  [    6    300       7680          1 ]
           8     2653955    5911.920   3.518e-11   3.217e-11   1.156e-10   0.000e+00   1.534e-02   3.708e+00  0.5000        2807  [    6    310       7680          1 ]
           8     2682559    5992.596   2.717e-11   2.654e-11   9.210e-11   0.000e+00   1.534e-02   3.708e+00  0.5000        2805  [    7     40      15360          1 ]
           8     2720100    6076.472   1.572e-11   1.079e-11   4.385e-11   0.000e+00   1.534e-02   3.708e+00  0.5000        2805  [    6    320       7680          1 ]
           8     2827411    6423.662   7.378e-12   5.297e-12   1.716e-11   0.000e+00   1.530e-02   3.707e+00  0.5000        2803  [    6    330       7680          1 ]
           8     2893654    6581.297   3.586e-12   2.651e-12   6.109e-12   0.000e+00   1.528e-02   3.707e+00  0.5000        2804  [    6    340       7680          1 ]
           8     2959952    6742.565   1.998e-12   1.073e-12   2.321e-12   0.000e+00   1.527e-02   3.707e+00  0.5000        2804  [    6    350       7680          1 ]
           8     3025925    6900.327   1.052e-12   6.722e-13   1.034e-12   0.000e+00   1.526e-02   3.707e+00  0.5000        2805  [    6    360       7680          1 ]
           8     3104603    7099.916   5.223e-13   3.516e-13   6.190e-13   0.000e+00   1.524e-02   3.707e+00  0.5000        2805  [    6    370       7680          1 ]
           8     3170856    7260.910   1.657e-13   1.124e-13   2.783e-13   0.000e+00   1.521e-02   3.707e+00  0.5000        2805  [    6    380       7680          1 ]
           8     3265027    7566.946   7.340e-14   5.916e-14   8.179e-14   0.000e+00   1.520e-02   3.706e+00  0.5000        2805  [    6    390       7680          1 ]
           8     3293595    7646.032   5.109e-14   5.467e-14   8.179e-14   0.000e+00   1.520e-02   3.706e+00  0.5000        2805  [    7     50      15360          1 ]
           8     3331132    7732.051   2.828e-14   2.819e-14   5.501e-14   0.000e+00   1.520e-02   3.706e+00  0.5000        2806  [    6    400       7680          1 ]
           8     3409790    7933.960   1.144e-14   1.369e-14   2.103e-14   0.000e+00   1.518e-02   3.706e+00  0.5000        2809  [    6    410       7680          1 ]
           8     3475905    8088.466   6.123e-15   7.113e-15   1.095e-14   0.000e+00   1.518e-02   3.706e+00  0.5000        2807  [    6    420       7680          1 ]
           8     3541978    8245.815   1.683e-15   3.232e-15   5.043e-15   0.000e+00   1.517e-02   3.706e+00  0.5000        2806  [    6    430       7680          1 ]
           8     3608089    8395.795   1.143e-15   1.516e-15   2.228e-15   0.000e+00   1.517e-02   3.706e+00  0.5000        2805  [    6    440       7680          1 ]
           8     3714501    8731.682   5.929e-16   8.364e-16   9.207e-16   0.000e+00   1.516e-02   3.706e+00  0.5000        2807  [    6    450       7680          1 ]
           8     3780675    8884.587   2.521e-16   2.420e-16   2.277e-16   0.000e+00   1.514e-02   3.706e+00  0.5000        2806  [    6    460       7680          1 ]
           8     3846777    9049.523   9.965e-17   1.508e-16   1.175e-16   0.000e+00   1.513e-02   3.706e+00  0.5000        2806  [    6    470       7680          1 ]
           8     3875393    9133.122   7.306e-17   1.493e-16   8.568e-17   0.000e+00   1.513e-02   3.706e+00  0.5000        2807  [    7     60      15360          1 ]
           8     3912824    9217.130   3.293e-17   5.868e-17   5.158e-17   0.000e+00   1.513e-02   3.706e+00  0.5000        2807  [    6    480       7680          1 ]
           8     3991290    9422.282   1.082e-17   2.102e-17   1.344e-17   0.000e+00   1.513e-02   3.705e+00  0.5000        2808  [    6    490       7680          1 ]
           8     4057526    9582.537   4.202e-18   5.567e-18   6.205e-18   0.000e+00   1.512e-02   3.705e+00  0.5000        2809  [    6    500       7680          1 ]
           8     4123498    9749.055   1.584e-18   3.111e-18   2.213e-18   0.000e+00   1.511e-02   3.705e+00  0.5000        2810  [    6    510       7680          1 ]
           9     4217644   10049.180   3.983e-19   9.452e-19   6.276e-19   0.000e+00   1.511e-02   3.705e+00  0.5000        2811  [    6    520       7680          1 ]
           9     4296570   10253.348   1.803e-19   4.303e-19   4.298e-19   0.000e+00   1.511e-02   3.705e+00  0.5000        2812  [    6    530       7680          1 ]
           9     4362756   10412.264   6.119e-20   2.012e-19   9.310e-20   0.000e+00   1.510e-02   3.705e+00  0.5000        2813  [    6    540       7680          1 ]
           9     4428761   10572.959   1.588e-20   6.609e-20   3.986e-20   0.000e+00   1.510e-02   3.705e+00  0.5000        2813  [    6    550       7680          1 ]
           9     4457397   10653.435   1.017e-20   5.560e-20   3.088e-20   0.000e+00   1.510e-02   3.705e+00  0.5000        2813  [    7     70      15360          1 ]
           9     4494735   10735.786   6.408e-21   2.269e-20   9.955e-21   0.000e+00   1.510e-02   3.705e+00  0.5000        2813  [    6    560       7680          1 ]
           9     4573266   10935.627   2.234e-21   6.843e-21   5.166e-21   0.000e+00   1.509e-02   3.705e+00  0.5000        2815  [    6    570       7680          1 ]
           9     4651135   11204.742   9.740e-22   3.402e-21   2.791e-21   0.000e+00   1.509e-02   3.705e+00  0.5000        2815  [    8     10      30720          1 ]
           9     4667170   11241.705   7.968e-22   3.048e-21   1.778e-21   0.000e+00   1.509e-02   3.705e+00  0.5000        2815  [    6    580       7680          1 ]
           9     4733302   11401.395   2.152e-22   1.032e-21   6.743e-22   0.000e+00   1.508e-02   3.705e+00  0.5000        2816  [    6    590       7680          1 ]
           9     4799453   11562.057   1.007e-22   4.945e-22   2.551e-22   0.000e+00   1.507e-02   3.705e+00  0.5000        2816  [    6    600       7680          1 ]
           9     4877997   11766.128   3.055e-23   1.652e-22   1.424e-22   0.000e+00   1.507e-02   3.705e+00  0.5000        2816  [    6    610       7680          1 ]
           9     4943934   11925.641   9.090e-24   5.951e-23   5.419e-23   0.000e+00   1.506e-02   3.705e+00  0.5000        2818  [    6    620       7680          1 ]
           9     5009913   12088.125   4.083e-24   2.000e-23   1.687e-23   0.000e+00   1.506e-02   3.704e+00  0.5000        2818  [    6    630       7680          1 ]
           9     5038504   12173.595   3.337e-24   1.289e-23   1.444e-23   0.000e+00   1.506e-02   3.704e+00  0.5000        2817  [    7     80      15360          1 ]
           9     5075931   12260.509   1.746e-24   9.402e-24   8.523e-24   0.000e+00   1.506e-02   3.704e+00  0.5000        2817  [    6    640       7680          1 ]
           9     5182510   12635.911   6.776e-25   2.034e-24   2.940e-24   0.000e+00   1.506e-02   3.704e+00  0.5000        2818  [    6    650       7680          1 ]
           9     5248458   12807.857   2.223e-25   9.202e-25   8.375e-25   0.000e+00   1.506e-02   3.704e+00  0.5000        2818  [    6    660       7680          1 ]
           9     5314674   12983.727   9.351e-26   3.787e-25   2.788e-25   0.000e+00   1.505e-02   3.704e+00  0.5000        2820  [    6    670       7680          1 ]
           9     5380648   13151.816   3.051e-26   1.085e-25   1.205e-25   0.000e+00   1.505e-02   3.704e+00  0.5000        2823  [    6    680       7680          1 ]
           9     5459147   13366.858   1.070e-26   3.697e-26   4.328e-26   0.000e+00   1.504e-02   3.704e+00  0.5000        2825  [    6    690       7680          1 ]
           9     5525296   13533.082   3.230e-27   1.810e-26   1.656e-26   0.000e+00   1.503e-02   3.704e+00  0.5000        2825  [    6    700       7680          1 ]
           9     5619258   13860.940   2.334e-27   4.262e-27   6.953e-27   0.000e+00   1.503e-02   3.704e+00  0.5000        2823  [    6    710       7680          1 ]
           9     5647947   13941.244   1.429e-27   4.070e-27   4.149e-27   0.000e+00   1.503e-02   3.704e+00  0.5000        2822  [    7     90      15360          1 ]
           9     5685431   14025.241   7.524e-28   2.242e-27   2.323e-27   0.000e+00   1.503e-02   3.704e+00  0.5000        2822  [    6    720       7680          1 ]
           9     5763813   14221.803   1.863e-28   8.830e-28   1.085e-27   0.000e+00   1.503e-02   3.704e+00  0.5000        2823  [    6    730       7680          1 ]
           9     5829827   14374.647   7.894e-29   2.118e-28   2.801e-28   0.000e+00   1.502e-02   3.704e+00  0.5000        2823  [    6    740       7680          1 ]
           9     5895857   14524.076   1.986e-29   5.601e-29   1.446e-28   0.000e+00   1.502e-02   3.704e+00  0.5000        2823  [    6    750       7680          1 ]
           9     5961833   14675.556   7.097e-30   2.672e-29   4.680e-29   0.000e+00   1.502e-02   3.704e+00  0.5000        2824  [    6    760       7680          1 ]
           9     6068433   15003.707   2.154e-30   1.088e-29   2.047e-29   0.000e+00   1.501e-02   3.704e+00  0.5000        2824  [    6    770       7680          1 ]
           9     6134389   15137.256   8.437e-31   3.618e-30   7.752e-30   0.000e+00   1.501e-02   3.704e+00  0.5000        2824  [    6    780       7680          1 ]
           9     6200334   15268.997   2.463e-31   9.355e-31   2.302e-30   0.000e+00   1.501e-02   3.704e+00  0.5000        2824  [    6    790       7680          1 ]
           9     6228999   15337.371   2.463e-31   7.954e-31   1.660e-30   0.000e+00   1.500e-02   3.704e+00  0.5000        2824  [    7    100      15360          1 ]
           9     6266372   15408.143   1.003e-31   5.163e-31   9.463e-31   0.000e+00   1.500e-02   3.704e+00  0.5000        2824  [    6    800       7680          1 ]
           9     6344774   15575.699   3.362e-32   1.970e-31   3.763e-31   0.000e+00   1.500e-02   3.704e+00  0.5000        2823  [    6    810       7680          1 ]
           9     6410811   15708.852   1.107e-32   6.202e-32   6.289e-32   0.000e+00   1.500e-02   3.704e+00  0.5000        2824  [    6    820       7680          1 ]
           9     6476950   15839.889   2.923e-33   2.138e-32   2.595e-32   0.000e+00   1.500e-02   3.703e+00  0.5000        2825  [    6    830       7680          1 ]
           9     6570919   16105.078   9.751e-34   7.417e-33   8.348e-33   0.000e+00   1.500e-02   3.703e+00  0.5000        2825  [    6    840       7680          1 ]
           9     6649448   16269.841   3.392e-34   3.416e-33   1.880e-33   0.000e+00   1.499e-02   3.703e+00  0.5000        2825  [    6    850       7680          1 ]
           9     6715661   16397.327   1.949e-34   1.234e-33   1.138e-33   0.000e+00   1.499e-02   3.703e+00  0.5000        2825  [    6    860       7680          1 ]
           9     6781770   16522.289   6.592e-35   4.619e-34   4.131e-34   0.000e+00   1.499e-02   3.703e+00  0.5000        2824  [    6    870       7680          1 ]
           9     6810341   16584.404   4.971e-35   3.770e-34   2.150e-34   0.000e+00   1.499e-02   3.703e+00  0.5000        2825  [    7    110      15360          1 ]
           9     6847718   16647.278   2.182e-35   1.814e-34   1.494e-34   0.000e+00   1.499e-02   3.703e+00  0.5000        2825  [    6    880       7680          1 ]
           9     6926265   16799.709   9.653e-36   5.314e-35   6.772e-35   0.000e+00   1.498e-02   3.703e+00  0.5000        2825  [    6    890       7680          1 ]
           9     7020216   17044.175   3.838e-36   1.633e-35   1.938e-35   0.000e+00   1.498e-02   3.703e+00  0.5000        2824  [    6    900       7680          1 ]
           9     7086274   17167.893   1.293e-36   3.439e-36   8.127e-36   0.000e+00   1.498e-02   3.703e+00  0.5000        2825  [    6    910       7680          1 ]
           9     7152270   17290.417   4.208e-37   2.125e-36   2.510e-36   0.000e+00   1.498e-02   3.703e+00  0.5000        2825  [    6    920       7680          1 ]
           9     7230833   17441.903   1.506e-37   6.813e-37   1.217e-36   0.000e+00   1.498e-02   3.703e+00  0.5000        2825  [    6    930       7680          1 ]
           9     7296820   17563.719   5.415e-38   2.676e-37   2.885e-37   0.000e+00   1.498e-02   3.703e+00  0.5000        2825  [    6    940       7680          1 ]
           9     7362753   17683.538   1.665e-38   7.154e-38   1.055e-37   0.000e+00   1.498e-02   3.703e+00  0.5000        2825  [    6    950       7680          1 ]
           9     7391382   17747.301   1.318e-38   6.431e-38   7.520e-38   0.000e+00   1.498e-02   3.703e+00  0.5000        2825  [    7    120      15360          1 ]
           9     7428805   17809.471   6.039e-39   2.921e-38   3.112e-38   0.000e+00   1.498e-02   3.703e+00  0.5000        2825  [    6    960       7680          1 ]
          10     7535209   18087.491   1.683e-39   9.401e-39   1.413e-38   0.000e+00   1.498e-02   3.703e+00  0.5000        2825  [    6    970       7680          1 ]
          10     7601140   18206.506   6.301e-40   2.550e-39   7.639e-39   0.000e+00   1.498e-02   3.703e+00  0.5000        2825  [    6    980       7680          1 ]
          10     7667221   18326.082   2.585e-40   1.280e-39   2.927e-39   0.000e+00   1.498e-02   3.703e+00  0.5000        2826  [    6    990       7680          1 ]
          10     7733173   18445.463   9.991e-41   3.975e-40   1.156e-39   0.000e+00   1.498e-02   3.703e+00  0.5000        2825  [    6   1000       7680          1 ]
          10     7811739   18595.160   2.897e-41   1.287e-40   5.070e-40   0.000e+00   1.497e-02   3.703e+00  0.5000        2825  [    6   1010       7680          1 ]
          10     7877833   18714.236   1.049e-41   4.256e-41   1.841e-40   0.000e+00   1.497e-02   3.703e+00  0.5000        2825  [    6   1020       7680          1 ]
          10     7971815   18953.240   3.477e-42   1.616e-41   6.941e-41   0.000e+00   1.497e-02   3.703e+00  0.5000        2825  [    6   1030       7680          1 ]
          10     8000300   19015.105   2.977e-42   1.495e-41   3.899e-41   0.000e+00   1.497e-02   3.703e+00  0.5000        2825  [    7    130      15360          1 ]
          10     8037601   19079.421   1.429e-42   6.195e-42   2.574e-41   0.000e+00   1.497e-02   3.703e+00  0.5000        2824  [    6   1040       7680          1 ]
          10     8116215   19230.423   5.574e-43   2.410e-42   7.288e-42   0.000e+00   1.497e-02   3.703e+00  0.5000        2824  [    6   1050       7680          1 ]
          10     8182406   19351.050   1.990e-43   8.361e-43   3.475e-42   0.000e+00   1.497e-02   3.703e+00  0.5000        2824  [    6   1060       7680          1 ]
          10     8248338   19471.816   6.789e-44   4.087e-43   1.269e-42   0.000e+00   1.497e-02   3.703e+00  0.5000        2824  [    6   1070       7680          1 ]
          10     8314260   19593.173   2.175e-44   1.299e-43   5.015e-43   0.000e+00   1.497e-02   3.703e+00  0.5000        2822  [    6   1080       7680          1 ]
          10     8420815   19869.035   6.209e-45   3.423e-44   2.007e-43   0.000e+00   1.496e-02   3.703e+00  0.5000        2821  [    6   1090       7680          1 ]
          10     8486778   19990.684   2.809e-45   1.724e-44   1.053e-43   0.000e+00   1.496e-02   3.703e+00  0.5000        2822  [    6   1100       7680          1 ]
          10     8552749   20110.491   9.346e-46   4.218e-45   3.400e-44   0.000e+00   1.496e-02   3.703e+00  0.5000        2823  [    6   1110       7680          1 ]
          10     8581332   20172.159   8.522e-46   2.215e-45   2.788e-44   0.000e+00   1.496e-02   3.703e+00  0.5000        2823  [    7    140      15360          1 ]
          10     8618687   20234.134   3.484e-46   1.347e-45   8.049e-45   0.000e+00   1.496e-02   3.703e+00  0.5000        2823  [    6   1120       7680          1 ]
          10     8697381   20383.459   9.505e-47   5.192e-46   4.463e-45   0.000e+00   1.496e-02   3.703e+00  0.5000        2824  [    6   1130       7680          1 ]
          10     8763443   20501.549   5.310e-47   1.668e-46   1.715e-45   0.000e+00   1.496e-02   3.703e+00  0.5000        2825  [    6   1140       7680          1 ]
          10     8829320   20620.181   1.776e-47   1.007e-46   6.623e-46   0.000e+00   1.496e-02   3.702e+00  0.5000        2825  [    6   1150       7680          1 ]
          10     8923232   20858.507   7.852e-48   3.802e-47   2.910e-46   0.000e+00   1.496e-02   3.702e+00  0.5000        2826  [    6   1160       7680          1 ]
          10     9001837   21008.608   2.396e-48   1.346e-47   9.137e-47   0.000e+00   1.496e-02   3.702e+00  0.5000        2825  [    6   1170       7680          1 ]
          10     9067836   21127.660   6.771e-49   5.194e-48   3.025e-47   0.000e+00   1.496e-02   3.702e+00  0.5000        2825  [    6   1180       7680          1 ]
          10     9134047   21245.044   3.449e-49   1.421e-48   7.983e-48   0.000e+00   1.495e-02   3.702e+00  0.5000        2825  [    6   1190       7680          1 ]
          10     9162659   21308.150   2.125e-49   1.082e-48   5.233e-48   0.000e+00   1.495e-02   3.702e+00  0.5000        2825  [    7    150      15360          1 ]
          10     9199999   21370.576   1.234e-49   4.743e-49   3.269e-48   0.000e+00   1.495e-02   3.702e+00  0.5000        2826  [    6   1200       7680          1 ]
          10     9278492   21524.027   3.054e-50   1.548e-49   1.238e-48   0.000e+00   1.495e-02   3.702e+00  0.5000        2826  [    6   1210       7680          1 ]
          10     9356546   21740.590   1.977e-50   1.022e-49   6.628e-49   0.000e+00   1.495e-02   3.702e+00  0.5000        2827  [    8     20      30720          1 ]
          10     9372568   21769.817   1.688e-50   7.971e-50   2.583e-49   0.000e+00   1.495e-02   3.702e+00  0.5000        2827  [    6   1220       7680          1 ]
          10     9438483   21888.307   6.590e-51   2.160e-50   1.247e-49   0.000e+00   1.495e-02   3.702e+00  0.5000        2827  [    6   1230       7680          1 ]
          10     9504435   22007.618   1.622e-51   1.020e-50   5.797e-50   0.000e+00   1.495e-02   3.702e+00  0.5000        2827  [    6   1240       7680          1 ]
          10     9582989   22158.285   6.082e-52   3.193e-51   2.845e-50   0.000e+00   1.495e-02   3.702e+00  0.5000        2827  [    6   1250       7680          1 ]
          10     9648872   22277.600   1.898e-52   1.003e-51   9.200e-51   0.000e+00   1.495e-02   3.702e+00  0.5000        2826  [    6   1260       7680          1 ]
          10     9714809   22399.989   5.054e-53   3.571e-52   3.721e-51   0.000e+00   1.495e-02   3.702e+00  0.5000        2827  [    6   1270       7680          1 ]
          10     9743441   22460.835   4.044e-53   3.513e-52   2.539e-51   0.000e+00   1.495e-02   3.702e+00  0.5000        2827  [    7    160      15360          1 ]
          10     9780833   22522.920   2.424e-53   1.306e-52   8.591e-52   0.000e+00   1.495e-02   3.702e+00  0.5000        2827  [    6   1280       7680          1 ]
          10     9887331   22800.417   6.540e-54   4.263e-53   2.610e-52   0.000e+00   1.495e-02   3.702e+00  0.5000        2827  [    6   1290       7680          1 ]
          10     9953342   22917.724   3.104e-54   1.670e-53   1.908e-52   0.000e+00   1.494e-02   3.702e+00  0.5000        2827  [    6   1300       7680          1 ]
          11    10003226   23011.260   1.361e-54   6.355e-54   8.444e-53   0.000e+00   1.494e-02   3.702e+00  0.5000        2828  [    8     21      30720          1 ]
