# Generation  Evaluations  Time (s)  Best_obj[0]  Best_obj[1]  Hypervol.   IGD         IGDX        SR    Appr.set  [ Pop.index  Subgen.  Pop.size  Subpops ]
           0          90       4.585   7.480e+00   6.789e+00   0.000e+00   8.727e+00   7.791e+00  0.0000           1  [    0      1         90          1 ]
           1         883       4.603   2.096e+00   2.518e+00   0.000e+00   2.221e+00   2.315e+00  0.0000           3  [    1      1        180          1 ]
           1        1234       4.617   2.096e+00   2.101e+00   0.000e+00   2.164e+00   2.211e+00  0.0000           6  [    0     10         90          1 ]
           1        2250       4.650   1.402e+00   1.552e+00   0.000e+00   1.160e+00   1.421e+00  0.0000           6  [    0     20         90          1 ]
           1        3264       4.683   1.074e+00   1.044e+00   0.000e+00   6.848e-01   1.040e+00  0.0000           6  [    0     30         90          1 ]
           1        4232       4.718   8.742e-01   9.016e-01   0.000e+00   5.739e-01   9.638e-01  0.0000          10  [    0     40         90          1 ]
           1        5345       4.771   8.742e-01   6.538e-01   0.000e+00   4.565e-01   8.707e-01  0.0000          13  [    0     50         90          1 ]
           1        6232       4.820   5.552e-01   5.953e-01   0.000e+00   3.962e-01   6.883e-01  0.0000          23  [    0     60         90          1 ]
           2        6858       4.918   5.552e-01   5.909e-01   0.000e+00   3.791e-01   6.705e-01  0.0000          27  [    2      1        360          1 ]
           2        7506       5.015   5.552e-01   5.909e-01   0.000e+00   3.499e-01   7.520e-01  0.0000          19  [    1     10        180          1 ]
           2        9410       5.147   5.149e-01   4.466e-01   0.000e+00   2.786e-01   8.141e-01  0.0000          30  [    1     20        180          1 ]
           2       11236       5.296   3.753e-01   4.367e-01   0.000e+00   2.319e-01   2.093e+00  0.0000          34  [    1     30        180          1 ]
           2       13006       5.382   3.753e-01   3.776e-01   0.000e+00   2.094e-01   2.079e+00  0.0000          39  [    1     40        180          1 ]
           2       15024       5.589   3.232e-01   2.803e-01   0.000e+00   1.721e-01   2.057e+00  0.0000          45  [    1     50        180          1 ]
           2       16672       5.778   3.232e-01   2.803e-01   0.000e+00   1.443e-01   2.110e+00  0.0000          42  [    1     60        180          1 ]
           3       17947       5.949   3.227e-01   2.803e-01   0.000e+00   1.403e-01   2.108e+00  0.0000          45  [    3      1        720          1 ]
           3       19245       6.156   2.884e-01   2.744e-01   9.744e-05   1.225e-01   2.096e+00  0.0000          67  [    2     10        360          1 ]
           3       22755       6.575   2.504e-01   2.377e-01   1.384e-03   9.881e-02   2.052e+00  0.0000          86  [    2     20        360          1 ]
           3       26183       6.977   2.124e-01   1.744e-01   5.656e-03   7.675e-02   2.064e+00  0.0000          84  [    2     30        360          1 ]
           3       29585       7.400   1.846e-01   1.504e-01   7.774e-03   6.330e-02   2.053e+00  0.0000         105  [    2     40        360          1 ]
           3       33460       7.993   1.768e-01   1.398e-01   8.517e-03   5.227e-02   2.046e+00  0.0000         151  [    2     50        360          1 ]
           3       36619       8.654   1.523e-01   1.398e-01   1.043e-02   4.505e-02   2.035e+00  0.0000         163  [    2     60        360          1 ]
           4       39086       9.193   1.476e-01   1.398e-01   1.043e-02   4.457e-02   2.035e+00  0.0000         173  [    4      1       1440          1 ]
           4       41564      10.039   1.476e-01   1.398e-01   1.054e-02   4.120e-02   2.030e+00  0.0000         180  [    3     10        720          1 ]
           4       48442      11.924   1.476e-01   1.398e-01   1.061e-02   3.862e-02   2.030e+00  0.0000         204  [    3     20        720          1 ]
           4       55265      13.851   1.363e-01   1.336e-01   1.077e-02   3.608e-02   2.031e+00  0.0000         214  [    3     30        720          1 ]
           4       61829      15.136   1.308e-01   8.178e-02   1.113e-02   3.251e-02   2.029e+00  0.0000         258  [    3     40        720          1 ]
           4       69444      16.772   1.198e-01   8.096e-02   1.352e-02   2.451e-02   2.016e+00  0.0000         295  [    3     50        720          1 ]
           4       75827      18.053   8.885e-02   7.748e-02   1.408e-02   2.087e-02   2.013e+00  0.0000         345  [    3     60        720          1 ]
           5       80793      19.667   8.885e-02   7.748e-02   1.410e-02   2.068e-02   2.012e+00  0.0000         363  [    5      1       2880          1 ]
           5       85770      20.838   8.757e-02   7.748e-02   1.449e-02   1.735e-02   2.017e+00  0.0000         390  [    4     10       1440          1 ]
           5       99242      26.609   7.169e-02   7.748e-02   1.718e-02   1.197e-02   2.011e+00  0.0000         483  [    4     20       1440          1 ]
           5      112322      31.807   6.650e-02   7.607e-02   1.723e-02   1.115e-02   2.010e+00  0.0000         536  [    4     30       1440          1 ]
           5      125173      37.144   6.087e-02   6.354e-02   1.728e-02   1.047e-02   2.008e+00  0.0000         596  [    4     40       1440          1 ]
           5      140027      42.916   5.069e-02   6.250e-02   1.768e-02   8.800e-03   2.004e+00  0.0000         745  [    4     50       1440          1 ]
           5      152374      48.579   4.726e-02   5.543e-02   1.799e-02   7.787e-03   2.004e+00  0.0000         869  [    4     60       1440          1 ]
           6      162163      52.985   4.411e-02   5.543e-02   1.800e-02   7.707e-03   2.004e+00  0.0000         901  [    6      1       5760          1 ]
           6      171873      59.039   4.411e-02   4.569e-02   1.825e-02   6.904e-03   2.006e+00  0.0000        1029  [    5     10       2880          1 ]
           6      197850      76.948   4.411e-02   4.400e-02   1.885e-02   5.571e-03   2.003e+00  0.5000        1115  [    5     20       2880          1 ]
           6      223615      97.776   4.411e-02   3.803e-02   1.889e-02   5.191e-03   2.003e+00  0.5000        1215  [    5     30       2880          1 ]
           6      249337     121.484   4.411e-02   3.803e-02   1.879e-02   5.240e-03   2.003e+00  0.5000         782  [    5     40       2880          1 ]
           6      279989     144.183   4.190e-02   3.210e-02   1.880e-02   4.831e-03   2.003e+00  0.5000         839  [    5     50       2880          1 ]
           6      305439     164.882   3.904e-02   2.965e-02   1.886e-02   4.442e-03   1.997e+00  0.5000         876  [    5     60       2880          1 ]
           7      325131     176.709   3.798e-02   2.965e-02   1.888e-02   4.357e-03   1.997e+00  0.5000         886  [    7      1      11520          1 ]
           7      346189     191.959   2.833e-02   2.965e-02   1.903e-02   3.724e-03   2.003e+00  0.5000         908  [    6     10       5760          1 ]
           7      405728     263.585   2.740e-02   2.876e-02   1.923e-02   3.047e-03   2.003e+00  0.5000         951  [    6     20       5760          1 ]
           7      464564     335.796   2.740e-02   2.876e-02   1.928e-02   2.817e-03   2.002e+00  0.5000         968  [    6     30       5760          1 ]
           7      523101     405.107   1.964e-02   2.568e-02   1.931e-02   2.522e-03   2.003e+00  0.5000         972  [    6     40       5760          1 ]
           7      592015     494.060   1.818e-02   2.156e-02   1.934e-02   2.287e-03   2.003e+00  0.5000         983  [    6     50       5760          1 ]
           7      650313     567.874   1.818e-02   2.028e-02   1.936e-02   2.102e-03   2.004e+00  0.5000         983  [    6     60       5760          1 ]
           8      692463     611.516   1.816e-02   1.701e-02   1.936e-02   2.040e-03   2.004e+00  0.5000         984  [    8      1      23040          1 ]
           8      754405     685.786   1.538e-02   1.473e-02   1.938e-02   1.923e-03   2.004e+00  0.5000         992  [    6     70       5760          1 ]
           8      779235     724.812   1.502e-02   1.473e-02   1.939e-02   1.868e-03   2.004e+00  0.5000         992  [    7     10      11520          1 ]
           8      812617     767.590   1.189e-02   1.473e-02   1.940e-02   1.784e-03   2.004e+00  0.5000         990  [    6     80       5760          1 ]
           8      881338     862.239   1.189e-02   1.473e-02   1.945e-02   1.564e-03   2.003e+00  0.5000         994  [    6     90       5760          1 ]
           8      939506     932.728   1.182e-02   1.188e-02   1.948e-02   1.433e-03   2.002e+00  0.5000        1000  [    6    100       5760          1 ]
           8      997637    1002.429   9.534e-03   1.181e-02   1.950e-02   1.326e-03   2.003e+00  0.5000         999  [    6    110       5760          1 ]
           8     1055769    1079.666   9.534e-03   1.038e-02   1.952e-02   1.248e-03   2.003e+00  0.5000        1000  [    6    120       5760          1 ]
           8     1147099    1263.691   7.781e-03   1.037e-02   1.954e-02   1.184e-03   2.002e+00  0.5000        1002  [    6    130       5760          1 ]
           8     1205194    1340.075   5.994e-03   7.299e-03   1.955e-02   1.130e-03   2.002e+00  0.5000        1003  [    6    140       5760          1 ]
           8     1263272    1424.433   5.365e-03   7.299e-03   1.956e-02   1.089e-03   2.002e+00  0.5000        1004  [    6    150       5760          1 ]
           8     1288058    1459.741   5.000e-03   6.657e-03   1.957e-02   1.073e-03   2.002e+00  0.5000        1003  [    7     20      11520          1 ]
           8     1321357    1498.506   5.000e-03   5.321e-03   1.958e-02   1.044e-03   2.002e+00  0.5000        1002  [    6    160       5760          1 ]
           8     1389973    1593.167   4.104e-03   5.321e-03   1.960e-02   1.002e-03   2.002e+00  0.5000        1002  [    6    170       5760          1 ]
           8     1448056    1670.466   3.399e-03   4.778e-03   1.962e-02   9.733e-04   2.002e+00  0.5000        1004  [    6    180       5760          1 ]
           8     1506132    1744.459   3.399e-03   4.778e-03   1.963e-02   9.491e-04   2.002e+00  0.5000        1004  [    6    190       5760          1 ]
           8     1586440    1892.172   3.295e-03   4.766e-03   1.964e-02   9.305e-04   2.002e+00  0.5000        1004  [    6    200       5760          1 ]
           8     1655024    1985.908   2.560e-03   4.332e-03   1.964e-02   9.099e-04   2.002e+00  0.5000        1005  [    6    210       5760          1 ]
           8     1713090    2061.840   2.397e-03   4.136e-03   1.965e-02   8.945e-04   2.002e+00  0.5000        1004  [    6    220       5760          1 ]
           8     1771147    2137.190   1.830e-03   3.646e-03   1.967e-02   8.798e-04   2.001e+00  0.5000        1006  [    6    230       5760          1 ]
           8     1795923    2175.517   1.671e-03   3.030e-03   1.967e-02   8.751e-04   2.001e+00  0.5000        1006  [    7     30      11520          1 ]
           8     1829201    2218.213   1.411e-03   2.746e-03   1.967e-02   8.679e-04   2.001e+00  0.5000        1006  [    6    240       5760          1 ]
           8     1897769    2316.462   1.226e-03   2.256e-03   1.968e-02   8.572e-04   2.001e+00  0.5000        1005  [    6    250       5760          1 ]
           8     1977858    2466.883   8.758e-04   2.256e-03   1.969e-02   8.477e-04   2.001e+00  0.5000        1006  [    6    260       5760          1 ]
           8     2035912    2543.783   7.806e-04   1.803e-03   1.970e-02   8.392e-04   2.002e+00  0.5000        1006  [    6    270       5760          1 ]
           8     2093966    2612.996   5.382e-04   1.487e-03   1.970e-02   8.330e-04   2.002e+00  0.5000        1006  [    6    280       5760          1 ]
           8     2162534    2705.495   3.215e-04   1.036e-03   1.970e-02   8.251e-04   2.001e+00  0.5000        1006  [    6    290       5760          1 ]
           8     2220588    2783.955   2.023e-04   1.015e-03   1.971e-02   8.208e-04   2.001e+00  0.5000        1006  [    6    300       5760          1 ]
           8     2278642    2858.549   1.337e-04   9.266e-04   1.971e-02   8.154e-04   2.001e+00  0.5000        1006  [    6    310       5760          1 ]
           8     2303418    2895.107   1.136e-04   9.266e-04   1.972e-02   8.135e-04   2.001e+00  0.5000        1006  [    7     40      11520          1 ]
           8     2336696    2933.345   8.266e-05   7.424e-04   1.972e-02   8.114e-04   2.001e+00  0.5000        1006  [    6    320       5760          1 ]
           8     2427298    3092.121   6.761e-05   6.012e-04   1.972e-02   8.083e-04   2.001e+00  0.5000        1006  [    6    330       5760          1 ]
           8     2485352    3160.147   5.393e-05   4.316e-04   1.973e-02   8.054e-04   2.001e+00  0.5000        1006  [    6    340       5760          1 ]
           8     2543406    3231.439   3.751e-05   3.010e-04   1.973e-02   8.028e-04   2.001e+00  0.5000        1006  [    6    350       5760          1 ]
           8     2601460    3304.112   2.884e-05   2.232e-04   1.973e-02   8.001e-04   2.001e+00  0.5000        1006  [    6    360       5760          1 ]
           8     2670028    3395.595   2.529e-05   1.309e-04   1.974e-02   7.976e-04   2.001e+00  0.5000        1006  [    6    370       5760          1 ]
           8     2728082    3468.384   1.792e-05   1.085e-04   1.974e-02   7.961e-04   2.000e+00  0.5000        1006  [    6    380       5760          1 ]
           8     2808170    3609.190   1.172e-05   8.459e-05   1.974e-02   7.947e-04   2.000e+00  0.5000        1006  [    6    390       5760          1 ]
           8     2832946    3644.102   9.700e-06   6.956e-05   1.974e-02   7.945e-04   2.000e+00  0.5000        1006  [    7     50      11520          1 ]
           8     2866224    3677.805   7.611e-06   4.678e-05   1.974e-02   7.934e-04   2.000e+00  0.5000        1006  [    6    400       5760          1 ]
           8     2934792    3769.778   7.018e-06   4.417e-05   1.974e-02   7.923e-04   2.000e+00  0.5000        1006  [    6    410       5760          1 ]
           8     2992846    3836.976   4.470e-06   2.705e-05   1.974e-02   7.909e-04   2.000e+00  0.5000        1006  [    6    420       5760          1 ]
           8     3050900    3902.389   3.162e-06   1.833e-05   1.975e-02   7.900e-04   2.000e+00  0.5000        1006  [    6    430       5760          1 ]
           8     3108954    3970.473   1.787e-06   1.324e-05   1.975e-02   7.893e-04   2.000e+00  0.5000        1006  [    6    440       5760          1 ]
           8     3199556    4118.709   1.088e-06   7.801e-06   1.975e-02   7.885e-04   2.000e+00  0.5000        1006  [    6    450       5760          1 ]
           8     3257610    4185.694   8.539e-07   5.245e-06   1.975e-02   7.880e-04   2.000e+00  0.5000        1006  [    6    460       5760          1 ]
           8     3315664    4253.339   5.186e-07   3.546e-06   1.975e-02   7.872e-04   2.000e+00  0.5000        1006  [    6    470       5760          1 ]
           8     3340440    4286.406   5.061e-07   3.052e-06   1.975e-02   7.869e-04   2.000e+00  0.5000        1006  [    7     60      11520          1 ]
           8     3373718    4320.323   4.548e-07   2.932e-06   1.975e-02   7.865e-04   2.000e+00  0.5000        1006  [    6    480       5760          1 ]
           8     3442286    4402.588   3.358e-07   1.409e-06   1.975e-02   7.860e-04   2.001e+00  0.5000        1006  [    6    490       5760          1 ]
           8     3500340    4465.954   2.525e-07   1.240e-06   1.976e-02   7.856e-04   2.001e+00  0.5000        1006  [    6    500       5760          1 ]
           8     3558394    4531.986   2.054e-07   9.542e-07   1.976e-02   7.850e-04   2.001e+00  0.5000        1006  [    6    510       5760          1 ]
           9     3638482    4660.653   1.542e-07   6.963e-07   1.976e-02   7.846e-04   2.001e+00  0.5000        1006  [    6    520       5760          1 ]
           9     3707050    4742.988   1.038e-07   4.051e-07   1.976e-02   7.838e-04   2.001e+00  0.5000        1006  [    6    530       5760          1 ]
           9     3765104    4812.426   7.180e-08   2.445e-07   1.976e-02   7.837e-04   2.001e+00  0.5000        1006  [    6    540       5760          1 ]
           9     3823158    4879.635   4.221e-08   1.589e-07   1.976e-02   7.834e-04   2.001e+00  0.5000        1006  [    6    550       5760          1 ]
           9     3847934    4918.548   4.001e-08   1.551e-07   1.976e-02   7.833e-04   2.001e+00  0.5000        1006  [    7     70      11520          1 ]
           9     3881212    4951.032   2.470e-08   1.023e-07   1.976e-02   7.832e-04   2.001e+00  0.5000        1006  [    6    560       5760          1 ]
           9     3949780    5033.820   1.777e-08   7.896e-08   1.976e-02   7.826e-04   2.000e+00  0.5000        1006  [    6    570       5760          1 ]
           9     4015606    5148.874   1.553e-08   6.249e-08   1.976e-02   7.820e-04   2.000e+00  0.5000        1006  [    8     10      23040          1 ]
           9     4029868    5164.124   1.534e-08   5.839e-08   1.976e-02   7.820e-04   2.000e+00  0.5000        1006  [    6    580       5760          1 ]
           9     4087922    5228.134   1.174e-08   5.296e-08   1.976e-02   7.817e-04   2.000e+00  0.5000        1006  [    6    590       5760          1 ]
           9     4145976    5290.392   7.265e-09   2.897e-08   1.976e-02   7.815e-04   2.000e+00  0.5000        1006  [    6    600       5760          1 ]
           9     4214544    5374.787   4.605e-09   1.617e-08   1.976e-02   7.811e-04   2.000e+00  0.5000        1006  [    6    610       5760          1 ]
           9     4272598    5436.159   2.680e-09   1.032e-08   1.976e-02   7.811e-04   2.000e+00  0.5000        1006  [    6    620       5760          1 ]
           9     4330652    5499.679   1.606e-09   6.948e-09   1.976e-02   7.807e-04   2.000e+00  0.5000        1006  [    6    630       5760          1 ]
           9     4355428    5532.808   1.540e-09   5.859e-09   1.976e-02   7.803e-04   2.000e+00  0.5000        1006  [    7     80      11520          1 ]
           9     4388706    5567.851   9.193e-10   5.859e-09   1.976e-02   7.802e-04   2.000e+00  0.5000        1006  [    6    640       5760          1 ]
           9     4479308    5712.400   6.292e-10   5.148e-09   1.976e-02   7.797e-04   2.000e+00  0.5000        1006  [    6    650       5760          1 ]
           9     4537362    5779.458   3.891e-10   3.381e-09   1.976e-02   7.796e-04   2.000e+00  0.5000        1006  [    6    660       5760          1 ]
           9     4595416    5843.087   2.539e-10   2.426e-09   1.976e-02   7.791e-04   2.000e+00  0.5000        1006  [    6    670       5760          1 ]
           9     4653470    5904.796   1.680e-10   2.396e-09   1.976e-02   7.790e-04   2.000e+00  0.5000        1006  [    6    680       5760          1 ]
           9     4722038    5986.011   1.104e-10   1.626e-09   1.976e-02   7.788e-04   2.000e+00  0.5000        1006  [    6    690       5760          1 ]
           9     4780092    6047.894   7.041e-11   1.084e-09   1.976e-02   7.787e-04   2.000e+00  0.5000        1006  [    6    700       5760          1 ]
           9     4860180    6171.892   4.818e-11   7.495e-10   1.976e-02   7.784e-04   2.000e+00  0.5000        1006  [    6    710       5760          1 ]
           9     4884956    6204.774   4.261e-11   5.850e-10   1.976e-02   7.782e-04   2.000e+00  0.5000        1006  [    7     90      11520          1 ]
           9     4918234    6236.147   3.354e-11   3.466e-10   1.976e-02   7.782e-04   2.000e+00  0.5000        1006  [    6    720       5760          1 ]
           9     4986802    6316.635   1.684e-11   2.969e-10   1.977e-02   7.781e-04   2.000e+00  0.5000        1006  [    6    730       5760          1 ]
           9     5044856    6379.151   8.616e-12   1.813e-10   1.977e-02   7.780e-04   2.000e+00  0.5000        1006  [    6    740       5760          1 ]
           9     5102910    6441.502   5.143e-12   1.281e-10   1.977e-02   7.776e-04   2.000e+00  0.5000        1006  [    6    750       5760          1 ]
           9     5160964    6508.587   3.436e-12   9.989e-11   1.977e-02   7.774e-04   2.000e+00  0.5000        1006  [    6    760       5760          1 ]
           9     5251566    6651.403   2.767e-12   5.742e-11   1.977e-02   7.773e-04   2.000e+00  0.5000        1006  [    6    770       5760          1 ]
           9     5309620    6714.080   1.812e-12   4.686e-11   1.977e-02   7.773e-04   2.000e+00  0.5000        1006  [    6    780       5760          1 ]
           9     5367674    6779.684   1.316e-12   2.815e-11   1.977e-02   7.771e-04   2.000e+00  0.5000        1006  [    6    790       5760          1 ]
           9     5392450    6811.013   1.203e-12   2.449e-11   1.977e-02   7.771e-04   2.000e+00  0.5000        1006  [    7    100      11520          1 ]
           9     5425728    6844.577   9.353e-13   2.248e-11   1.977e-02   7.770e-04   2.000e+00  0.5000        1006  [    6    800       5760          1 ]
           9     5494296    6926.462   5.846e-13   1.630e-11   1.977e-02   7.769e-04   2.000e+00  0.5000        1006  [    6    810       5760          1 ]
           9     5552350    6988.812   3.917e-13   1.369e-11   1.977e-02   7.769e-04   2.000e+00  0.5000        1006  [    6    820       5760          1 ]
           9     5610404    7052.624   3.064e-13   7.613e-12   1.977e-02   7.768e-04   2.000e+00  0.5000        1006  [    6    830       5760          1 ]
           9     5690492    7175.605   2.081e-13   5.588e-12   1.977e-02   7.767e-04   2.000e+00  0.5000        1006  [    6    840       5760          1 ]
           9     5759060    7262.171   1.422e-13   3.202e-12   1.977e-02   7.765e-04   2.000e+00  0.5000        1006  [    6    850       5760          1 ]
           9     5817114    7326.077   1.132e-13   2.091e-12   1.977e-02   7.765e-04   2.000e+00  0.5000        1006  [    6    860       5760          1 ]
           9     5875168    7391.724   9.443e-14   1.454e-12   1.977e-02   7.765e-04   2.000e+00  0.5000        1006  [    6    870       5760          1 ]
           9     5899944    7424.261   8.195e-14   1.289e-12   1.977e-02   7.764e-04   2.000e+00  0.5000        1006  [    7    110      11520          1 ]
           9     5933222    7456.168   5.056e-14   9.568e-13   1.977e-02   7.764e-04   2.000e+00  0.5000        1006  [    6    880       5760          1 ]
           9     6001790    7537.096   4.241e-14   4.886e-13   1.977e-02   7.764e-04   2.000e+00  0.5000        1006  [    6    890       5760          1 ]
           9     6081878    7663.540   2.713e-14   3.300e-13   1.977e-02   7.763e-04   2.000e+00  0.5000        1006  [    6    900       5760          1 ]
           9     6139932    7727.608   1.551e-14   2.421e-13   1.977e-02   7.762e-04   2.000e+00  0.5000        1006  [    6    910       5760          1 ]
           9     6197986    7790.756   1.173e-14   1.512e-13   1.977e-02   7.762e-04   2.000e+00  0.5000        1006  [    6    920       5760          1 ]
           9     6266554    7872.019   7.195e-15   1.025e-13   1.977e-02   7.761e-04   2.000e+00  0.5000        1006  [    6    930       5760          1 ]
           9     6324608    7934.480   4.675e-15   6.075e-14   1.977e-02   7.758e-04   2.000e+00  0.5000        1006  [    6    940       5760          1 ]
           9     6382662    7995.822   3.565e-15   3.748e-14   1.977e-02   7.758e-04   2.000e+00  0.5000        1006  [    6    950       5760          1 ]
           9     6407438    8029.067   3.565e-15   3.342e-14   1.977e-02   7.757e-04   2.000e+00  0.5000        1006  [    7    120      11520          1 ]
           9     6440716    8061.533   2.561e-15   2.761e-14   1.977e-02   7.757e-04   2.000e+00  0.5000        1006  [    6    960       5760          1 ]
          10     6589924    8361.407   2.561e-15   2.761e-14   1.977e-02   7.756e-04   2.000e+00  0.5000        1006  [    7    130      11520          1 ]
          10     6717098    8602.923   2.561e-15   2.761e-14   1.977e-02   7.755e-04   2.000e+00  0.5000        1006  [    7    140      11520          1 ]
          10     6844272    8842.428   2.561e-15   2.761e-14   1.977e-02   7.755e-04   2.000e+00  0.5000        1006  [    7    150      11520          1 ]
          10     6897848    8961.477   2.561e-15   2.761e-14   1.977e-02   7.755e-04   2.000e+00  0.5000        1006  [    8     20      23040          1 ]
          10     6971446    9086.535   2.561e-15   2.761e-14   1.977e-02   7.755e-04   2.000e+00  0.5000        1006  [    7    160      11520          1 ]
          10     7120654    9392.743   2.561e-15   2.761e-14   1.977e-02   7.752e-04   2.000e+00  0.5000        1006  [    7    170      11520          1 ]
          11     7247828    9635.711   2.561e-15   2.761e-14   1.977e-02   7.752e-04   2.000e+00  0.5000        1006  [    7    180      11520          1 ]
          11     7375002    9879.336   2.561e-15   2.761e-14   1.977e-02   7.752e-04   2.000e+00  0.5000        1006  [    7    190      11520          1 ]
          11     7502176   10119.530   2.561e-15   2.761e-14   1.977e-02   7.751e-04   2.000e+00  0.5000        1006  [    7    200      11520          1 ]
          11     7651384   10425.060   2.561e-15   2.761e-14   1.977e-02   7.750e-04   2.000e+00  0.5000        1006  [    7    210      11520          1 ]
          11     7778558   10662.661   2.561e-15   2.761e-14   1.977e-02   7.750e-04   2.000e+00  0.5000        1006  [    7    220      11520          1 ]
          11     7905732   10903.419   2.561e-15   2.761e-14   1.977e-02   7.750e-04   2.000e+00  0.5000        1006  [    7    230      11520          1 ]
          12     7959308   11022.984   2.561e-15   2.761e-14   1.977e-02   7.750e-04   2.000e+00  0.5000        1006  [    8     30      23040          1 ]
          12     8032906   11143.017   2.561e-15   2.761e-14   1.977e-02   7.750e-04   2.000e+00  0.5000        1006  [    7    240      11520          1 ]
          12     8182114   11448.169   2.561e-15   2.761e-14   1.977e-02   7.749e-04   2.000e+00  0.5000        1006  [    7    250      11520          1 ]
          12     8309288   11685.661   2.561e-15   2.761e-14   1.977e-02   7.748e-04   2.000e+00  0.5000        1006  [    7    260      11520          1 ]
          12     8436462   11926.710   2.561e-15   2.761e-14   1.977e-02   7.748e-04   2.000e+00  0.5000        1006  [    7    270      11520          1 ]
          12     8563636   12167.992   2.561e-15   2.761e-14   1.977e-02   7.747e-04   2.000e+00  0.5000        1006  [    7    280      11520          1 ]
          13     8712844   12472.368   2.561e-15   2.761e-14   1.977e-02   7.747e-04   2.000e+00  0.5000        1006  [    7    290      11520          1 ]
          13     8840018   12708.826   2.561e-15   2.761e-14   1.977e-02   7.746e-04   2.000e+00  0.5000        1006  [    7    300      11520          1 ]
          13     8967192   12948.039   2.561e-15   2.761e-14   1.977e-02   7.745e-04   2.000e+00  0.5000        1006  [    7    310      11520          1 ]
          13     9020768   13066.528   2.561e-15   2.761e-14   1.977e-02   7.745e-04   2.000e+00  0.5000        1006  [    8     40      23040          1 ]
          13     9094366   13186.399   2.561e-15   2.761e-14   1.977e-02   7.745e-04   2.000e+00  0.5000        1006  [    7    320      11520          1 ]
          13     9243574   13489.953   2.561e-15   2.761e-14   1.977e-02   7.744e-04   2.000e+00  0.5000        1006  [    7    330      11520          1 ]
          13     9370748   13729.629   2.561e-15   2.761e-14   1.977e-02   7.744e-04   2.000e+00  0.5000        1006  [    7    340      11520          1 ]
          14     9497922   13968.688   2.561e-15   2.761e-14   1.977e-02   7.744e-04   2.000e+00  0.5000        1006  [    7    350      11520          1 ]
          14     9625096   14206.440   2.561e-15   1.800e-14   1.977e-02   7.743e-04   2.000e+00  0.5000        1006  [    7    360      11520          1 ]
          14     9774304   14510.912   2.561e-15   1.346e-14   1.977e-02   7.742e-04   2.000e+00  0.5000        1006  [    7    370      11520          1 ]
          14     9901478   14748.208   2.561e-15   1.042e-14   1.977e-02   7.740e-04   2.000e+00  0.5000        1006  [    7    380      11520          1 ]
          14    10028652   14984.347   1.737e-15   6.626e-15   1.977e-02   7.740e-04   2.000e+00  0.5000        1006  [    7    390      11520          1 ]
          14    10082228   15103.337   1.526e-15   5.848e-15   1.977e-02   7.740e-04   2.000e+00  0.5000        1006  [    8     50      23040          1 ]
          14    10155826   15227.750   1.300e-15   4.298e-15   1.977e-02   7.739e-04   2.000e+00  0.5000        1006  [    7    400      11520          1 ]
          15    10305034   15533.720   7.023e-16   3.039e-15   1.977e-02   7.737e-04   2.000e+00  0.5000        1006  [    7    410      11520          1 ]
          15    10432208   15769.276   5.034e-16   1.814e-15   1.977e-02   7.737e-04   2.000e+00  0.5000        1006  [    7    420      11520          1 ]
          15    10559382   16004.977   4.237e-16   7.834e-16   1.977e-02   7.737e-04   2.000e+00  0.5000        1006  [    7    430      11520          1 ]
          15    10686556   16246.985   2.258e-16   5.928e-16   1.977e-02   7.737e-04   2.000e+00  0.5000        1006  [    7    440      11520          1 ]
          15    10835764   16551.510   1.372e-16   3.214e-16   1.977e-02   7.736e-04   2.000e+00  0.5000        1006  [    7    450      11520          1 ]
          16    10962938   16788.865   9.617e-17   2.708e-16   1.977e-02   7.736e-04   2.000e+00  0.5000        1006  [    7    460      11520          1 ]
          16    11090112   17026.470   4.878e-17   1.886e-16   1.977e-02   7.736e-04   2.000e+00  0.5000        1006  [    7    470      11520          1 ]
          16    11143688   17145.059   4.856e-17   1.729e-16   1.977e-02   7.736e-04   2.000e+00  0.5000        1006  [    8     60      23040          1 ]
          16    11217286   17264.915   2.996e-17   1.426e-16   1.977e-02   7.736e-04   2.000e+00  0.5000        1006  [    7    480      11520          1 ]
          16    11366494   17569.842   1.986e-17   8.948e-17   1.977e-02   7.736e-04   2.000e+00  0.5000        1006  [    7    490      11520          1 ]
          16    11493668   17809.564   1.619e-17   7.683e-17   1.977e-02   7.734e-04   2.000e+00  0.5000        1006  [    7    500      11520          1 ]
          16    11620842   18047.045   9.118e-18   3.926e-17   1.977e-02   7.734e-04   2.000e+00  0.5000        1006  [    7    510      11520          1 ]
          17    11748016   18284.056   5.170e-18   2.926e-17   1.977e-02   7.733e-04   2.000e+00  0.5000        1006  [    7    520      11520          1 ]
          17    11897224   18587.089   3.139e-18   2.188e-17   1.977e-02   7.733e-04   2.000e+00  0.5000        1006  [    7    530      11520          1 ]
          17    12024398   18824.684   1.456e-18   1.545e-17   1.977e-02   7.733e-04   2.000e+00  0.5000        1006  [    7    540      11520          1 ]
          17    12151572   19063.104   1.050e-18   1.263e-17   1.977e-02   7.733e-04   2.000e+00  0.5000        1006  [    7    550      11520          1 ]
          17    12205148   19182.161   1.050e-18   1.054e-17   1.977e-02   7.733e-04   2.000e+00  0.5000        1006  [    8     70      23040          1 ]
          17    12278746   19303.080   6.306e-19   8.192e-18   1.977e-02   7.733e-04   2.000e+00  0.5000        1006  [    7    560      11520          1 ]
          18    12427954   19608.188   4.985e-19   5.544e-18   1.977e-02   7.732e-04   2.000e+00  0.5000        1006  [    7    570      11520          1 ]
          18    12555128   19843.044   2.873e-19   4.218e-18   1.977e-02   7.732e-04   2.000e+00  0.5000        1006  [    7    580      11520          1 ]
          18    12682302   20084.612   1.977e-19   2.742e-18   1.977e-02   7.732e-04   2.000e+00  0.5000        1006  [    7    590      11520          1 ]
          18    12809476   20325.488   1.135e-19   1.848e-18   1.977e-02   7.732e-04   2.000e+00  0.5000        1006  [    7    600      11520          1 ]
          18    12958684   20630.319   9.380e-20   1.189e-18   1.977e-02   7.732e-04   2.000e+00  0.5000        1006  [    7    610      11520          1 ]
          18    13085858   20867.162   7.299e-20   9.016e-19   1.977e-02   7.732e-04   2.000e+00  0.5000        1006  [    7    620      11520          1 ]
          19    13213032   21108.068   4.755e-20   5.606e-19   1.977e-02   7.731e-04   2.000e+00  0.5000        1006  [    7    630      11520          1 ]
          19    13266608   21226.815   3.350e-20   4.722e-19   1.977e-02   7.731e-04   2.000e+00  0.5000        1006  [    8     80      23040          1 ]
          19    13340206   21347.795   2.888e-20   3.545e-19   1.977e-02   7.731e-04   2.000e+00  0.5000        1006  [    7    640      11520          1 ]
          19    13489414   21652.003   1.712e-20   1.902e-19   1.977e-02   7.731e-04   2.000e+00  0.5000        1006  [    7    650      11520          1 ]
          19    13616588   21886.972   1.212e-20   1.218e-19   1.977e-02   7.730e-04   2.000e+00  0.5000        1006  [    7    660      11520          1 ]
          19    13743762   22125.805   9.306e-21   6.662e-20   1.977e-02   7.730e-04   2.000e+00  0.5000        1006  [    7    670      11520          1 ]
          19    13870936   22370.125   5.752e-21   5.373e-20   1.977e-02   7.729e-04   2.000e+00  0.5000        1006  [    7    680      11520          1 ]
          20    13981106   22710.977   5.752e-21   5.373e-20   1.977e-02   7.729e-04   2.000e+00  0.5000        1006  [    8     90      23040          1 ]
          22    14201446   23392.440   5.752e-21   5.373e-20   1.977e-02   7.729e-04   2.000e+00  0.5000        1006  [    8    100      23040          1 ]
          23    14421786   24071.580   5.752e-21   5.373e-20   1.977e-02   7.729e-04   2.000e+00  0.5000        1006  [    8    110      23040          1 ]
          24    14642126   24750.004   5.752e-21   5.373e-20   1.977e-02   7.728e-04   2.000e+00  0.5000        1006  [    8    120      23040          1 ]
          26    14862466   25425.969   5.752e-21   5.373e-20   1.977e-02   7.728e-04   2.000e+00  0.5000        1006  [    8    130      23040          1 ]
          27    15082806   26103.476   5.752e-21   5.373e-20   1.977e-02   7.728e-04   2.000e+00  0.5000        1006  [    8    140      23040          1 ]
          29    15303146   26778.671   5.752e-21   5.373e-20   1.977e-02   7.727e-04   2.000e+00  0.5000        1006  [    8    150      23040          1 ]
          30    15523486   27456.752   5.752e-21   5.373e-20   1.977e-02   7.726e-04   2.000e+00  0.5000        1006  [    8    160      23040          1 ]
          32    15743826   28122.543   5.752e-21   5.373e-20   1.977e-02   7.726e-04   2.000e+00  0.5000        1006  [    8    170      23040          1 ]
          33    15964166   28794.983   5.752e-21   5.373e-20   1.977e-02   7.725e-04   2.000e+00  0.5000        1006  [    8    180      23040          1 ]
          34    16184506   29460.926   5.752e-21   5.373e-20   1.977e-02   7.725e-04   2.000e+00  0.5000        1006  [    8    190      23040          1 ]
          36    16404846   30128.627   5.752e-21   5.373e-20   1.977e-02   7.725e-04   2.000e+00  0.5000        1006  [    8    200      23040          1 ]
          37    16625186   30800.350   5.752e-21   5.373e-20   1.977e-02   7.725e-04   2.000e+00  0.5000        1006  [    8    210      23040          1 ]
          39    16845526   31482.779   5.752e-21   5.373e-20   1.977e-02   7.724e-04   2.000e+00  0.5000        1006  [    8    220      23040          1 ]
          40    17065866   32163.345   5.752e-21   5.373e-20   1.977e-02   7.724e-04   2.000e+00  0.5000        1006  [    8    230      23040          1 ]
          42    17286206   32850.082   5.752e-21   5.373e-20   1.977e-02   7.723e-04   2.000e+00  0.5000        1006  [    8    240      23040          1 ]
          43    17506546   33523.905   5.752e-21   5.373e-20   1.977e-02   7.723e-04   2.000e+00  0.5000        1006  [    8    250      23040          1 ]
          44    17726886   34200.949   5.752e-21   5.373e-20   1.977e-02   7.723e-04   2.000e+00  0.5000        1006  [    8    260      23040          1 ]
          46    17947226   34881.545   5.752e-21   5.373e-20   1.977e-02   7.723e-04   2.000e+00  0.5000        1006  [    8    270      23040          1 ]
          47    18167566   35554.294   5.752e-21   5.373e-20   1.977e-02   7.723e-04   2.000e+00  0.5000        1006  [    8    280      23040          1 ]
          49    18387906   36233.859   5.752e-21   5.373e-20   1.977e-02   7.723e-04   2.000e+00  0.5000        1006  [    8    290      23040          1 ]
          50    18608246   36906.143   5.752e-21   5.373e-20   1.977e-02   7.722e-04   2.000e+00  0.5000        1006  [    8    300      23040          1 ]
          52    18828586   37582.338   5.752e-21   5.373e-20   1.977e-02   7.722e-04   2.000e+00  0.5000        1006  [    8    310      23040          1 ]
          53    19048926   38275.762   5.752e-21   5.373e-20   1.977e-02   7.722e-04   2.000e+00  0.5000        1006  [    8    320      23040          1 ]
          54    19269266   38949.887   5.752e-21   5.373e-20   1.977e-02   7.722e-04   2.000e+00  0.5000        1006  [    8    330      23040          1 ]
          56    19489606   39625.727   5.752e-21   5.373e-20   1.977e-02   7.722e-04   2.000e+00  0.5000        1006  [    8    340      23040          1 ]
          57    19709946   40300.577   5.752e-21   5.373e-20   1.977e-02   7.722e-04   2.000e+00  0.5000        1006  [    8    350      23040          1 ]
          59    19930286   40970.842   5.752e-21   5.373e-20   1.977e-02   7.722e-04   2.000e+00  0.5000        1006  [    8    360      23040          1 ]
          60    20150626   41648.772   5.752e-21   5.373e-20   1.977e-02   7.721e-04   2.000e+00  0.5000        1006  [    8    370      23040          1 ]
          62    20370966   42326.761   5.752e-21   5.373e-20   1.977e-02   7.722e-04   2.000e+00  0.5000        1006  [    8    380      23040          1 ]
          63    20591306   43004.490   5.752e-21   5.373e-20   1.977e-02   7.721e-04   2.000e+00  0.5000        1006  [    8    390      23040          1 ]
          64    20811646   43678.437   5.752e-21   5.373e-20   1.977e-02   7.721e-04   2.000e+00  0.5000        1006  [    8    400      23040          1 ]
          66    21031986   44352.903   5.752e-21   5.373e-20   1.977e-02   7.721e-04   2.000e+00  0.5000        1006  [    8    410      23040          1 ]
          67    21252326   45027.947   5.752e-21   5.373e-20   1.977e-02   7.721e-04   2.000e+00  0.5000        1006  [    8    420      23040          1 ]
          69    21472666   45706.901   5.752e-21   5.373e-20   1.977e-02   7.721e-04   2.000e+00  0.5000        1006  [    8    430      23040          1 ]
          70    21693006   46380.247   5.752e-21   5.373e-20   1.977e-02   7.721e-04   2.000e+00  0.5000        1006  [    8    440      23040          1 ]
          72    21913346   47050.597   5.752e-21   5.373e-20   1.977e-02   7.721e-04   2.000e+00  0.5000        1006  [    8    450      23040          1 ]
          73    22133686   47724.425   5.752e-21   5.373e-20   1.977e-02   7.721e-04   2.000e+00  0.5000        1006  [    8    460      23040          1 ]
          74    22354026   48393.937   5.752e-21   5.258e-20   1.977e-02   7.721e-04   2.000e+00  0.5000        1006  [    8    470      23040          1 ]
          76    22574366   49072.688   5.752e-21   3.686e-20   1.977e-02   7.721e-04   2.000e+00  0.5000        1006  [    8    480      23040          1 ]
          77    22794706   49748.088   5.752e-21   2.226e-20   1.977e-02   7.720e-04   2.000e+00  0.5000        1006  [    8    490      23040          1 ]
          79    23015046   50424.040   5.752e-21   1.424e-20   1.977e-02   7.720e-04   2.000e+00  0.5000        1006  [    8    500      23040          1 ]
          80    23235386   51096.127   4.089e-21   9.148e-21   1.977e-02   7.720e-04   2.000e+00  0.5000        1006  [    8    510      23040          1 ]
          82    23455726   51780.177   3.000e-21   4.997e-21   1.977e-02   7.720e-04   2.000e+00  0.5000        1006  [    8    520      23040          1 ]
          83    23676066   52454.496   1.939e-21   2.891e-21   1.977e-02   7.720e-04   2.000e+00  0.5000        1006  [    8    530      23040          1 ]
          84    23896406   53134.901   1.068e-21   1.935e-21   1.977e-02   7.720e-04   2.000e+00  0.5000        1006  [    8    540      23040          1 ]
          86    24116746   53810.374   5.479e-22   1.034e-21   1.977e-02   7.720e-04   2.000e+00  0.5000        1006  [    8    550      23040          1 ]
          87    24337086   54483.788   3.487e-22   7.674e-22   1.977e-02   7.720e-04   2.000e+00  0.5000        1006  [    8    560      23040          1 ]
          89    24557426   55158.655   2.134e-22   4.892e-22   1.977e-02   7.720e-04   2.000e+00  0.5000        1006  [    8    570      23040          1 ]
          90    24777766   55833.691   1.349e-22   3.348e-22   1.977e-02   7.719e-04   2.000e+00  0.5000        1006  [    8    580      23040          1 ]
          92    24998106   56515.232   8.722e-23   2.449e-22   1.977e-02   7.719e-04   2.000e+00  0.5000        1006  [    8    590      23040          1 ]
          93    25218446   57196.953   4.314e-23   1.594e-22   1.977e-02   7.719e-04   2.000e+00  0.5000        1006  [    8    600      23040          1 ]
          94    25438786   57883.263   2.607e-23   1.212e-22   1.977e-02   7.719e-04   2.000e+00  0.5000        1006  [    8    610      23040          1 ]
          96    25659126   58569.159   1.143e-23   7.411e-23   1.977e-02   7.714e-04   2.000e+00  0.5000        1006  [    8    620      23040          1 ]
          97    25879466   59251.259   7.482e-24   4.642e-23   1.977e-02   7.713e-04   2.000e+00  0.5000        1006  [    8    630      23040          1 ]
          99    26099806   59934.342   5.368e-24   3.087e-23   1.977e-02   7.713e-04   2.000e+00  0.5000        1006  [    8    640      23040          1 ]
         100    26320146   60609.653   3.053e-24   1.888e-23   1.977e-02   7.711e-04   2.000e+00  0.5000        1006  [    8    650      23040          1 ]
         102    26540486   61279.482   1.774e-24   8.051e-24   1.977e-02   7.711e-04   2.000e+00  0.5000        1006  [    8    660      23040          1 ]
         103    26760826   61954.804   9.795e-25   4.341e-24   1.977e-02   7.711e-04   2.000e+00  0.5000        1006  [    8    670      23040          1 ]
         104    26981166   62632.369   6.899e-25   3.150e-24   1.977e-02   7.711e-04   2.000e+00  0.5000        1006  [    8    680      23040          1 ]
         106    27201506   63317.582   4.247e-25   1.915e-24   1.977e-02   7.711e-04   2.000e+00  0.5000        1006  [    8    690      23040          1 ]
         107    27421846   63994.786   2.854e-25   1.524e-24   1.977e-02   7.711e-04   2.000e+00  0.5000        1006  [    8    700      23040          1 ]
         109    27642186   64668.479   2.315e-25   9.707e-25   1.977e-02   7.711e-04   2.000e+00  0.5000        1006  [    8    710      23040          1 ]
         110    27862526   65341.729   1.527e-25   4.996e-25   1.977e-02   7.711e-04   2.000e+00  0.5000        1006  [    8    720      23040          1 ]
         112    28082866   66015.783   7.768e-26   2.724e-25   1.977e-02   7.711e-04   2.000e+00  0.5000        1006  [    8    730      23040          1 ]
         113    28303206   66688.419   4.314e-26   1.660e-25   1.977e-02   7.711e-04   2.000e+00  0.5000        1006  [    8    740      23040          1 ]
         114    28523546   67356.768   2.626e-26   1.220e-25   1.977e-02   7.711e-04   2.000e+00  0.5000        1006  [    8    750      23040          1 ]
         116    28743886   68024.245   1.735e-26   7.176e-26   1.977e-02   7.711e-04   2.000e+00  0.5000        1006  [    8    760      23040          1 ]
         117    28964226   68690.599   1.131e-26   5.429e-26   1.977e-02   7.711e-04   2.000e+00  0.5000        1006  [    8    770      23040          1 ]
         119    29184566   69358.324   6.551e-27   3.218e-26   1.977e-02   7.711e-04   2.000e+00  0.5000        1006  [    8    780      23040          1 ]
         120    29404906   70025.959   4.547e-27   2.072e-26   1.977e-02   7.711e-04   2.000e+00  0.5000        1006  [    8    790      23040          1 ]
         122    29625246   70707.335   2.560e-27   1.140e-26   1.977e-02   7.711e-04   2.000e+00  0.5000        1006  [    8    800      23040          1 ]
         123    29845586   71388.750   1.452e-27   7.993e-27   1.977e-02   7.711e-04   2.000e+00  0.5000        1006  [    8    810      23040          1 ]
         124    30065926   72071.716   8.712e-28   3.467e-27   1.977e-02   7.711e-04   2.000e+00  0.5000        1006  [    8    820      23040          1 ]
         126    30286266   72753.740   4.698e-28   1.871e-27   1.977e-02   7.711e-04   2.000e+00  0.5000        1006  [    8    830      23040          1 ]
         127    30506606   73421.955   2.737e-28   9.134e-28   1.977e-02   7.711e-04   2.000e+00  0.5000        1006  [    8    840      23040          1 ]
         129    30726946   74096.710   1.539e-28   4.828e-28   1.977e-02   7.711e-04   2.000e+00  0.5000        1006  [    8    850      23040          1 ]
         130    30947286   74794.824   7.608e-29   2.480e-28   1.977e-02   7.711e-04   2.000e+00  0.5000        1006  [    8    860      23040          1 ]
         132    31167626   75471.162   5.049e-29   1.762e-28   1.977e-02   7.711e-04   2.000e+00  0.5000        1006  [    8    870      23040          1 ]
         133    31387966   76141.571   2.891e-29   1.218e-28   1.977e-02   7.711e-04   2.000e+00  0.5000        1006  [    8    880      23040          1 ]
         134    31608306   76815.111   2.081e-29   1.052e-28   1.977e-02   7.711e-04   2.000e+00  0.5000        1006  [    8    890      23040          1 ]
         136    31828646   77483.709   1.163e-29   6.838e-29   1.977e-02   7.711e-04   2.000e+00  0.5000        1006  [    8    900      23040          1 ]
         137    32048986   78164.696   6.477e-30   4.268e-29   1.977e-02   7.711e-04   2.000e+00  0.5000        1006  [    8    910      23040          1 ]
         139    32269326   78830.436   3.595e-30   2.962e-29   1.977e-02   7.711e-04   2.000e+00  0.5000        1006  [    8    920      23040          1 ]
         140    32489666   79495.643   2.267e-30   1.423e-29   1.977e-02   7.711e-04   2.000e+00  0.5000        1006  [    8    930      23040          1 ]
         142    32710006   80176.623   1.132e-30   9.012e-30   1.977e-02   7.711e-04   2.000e+00  0.5000        1006  [    8    940      23040          1 ]
         143    32930346   80852.727   5.175e-31   4.596e-30   1.977e-02   7.711e-04   2.000e+00  0.5000        1006  [    8    950      23040          1 ]
         144    33150686   81529.683   4.528e-31   2.369e-30   1.977e-02   7.711e-04   2.000e+00  0.5000        1006  [    8    960      23040          1 ]
         146    33371026   82206.722   2.138e-31   1.968e-30   1.977e-02   7.711e-04   2.000e+00  0.5000        1006  [    8    970      23040          1 ]
         147    33591366   82881.397   1.192e-31   1.043e-30   1.977e-02   7.711e-04   2.000e+00  0.5000        1006  [    8    980      23040          1 ]
         149    33811706   83562.155   6.681e-32   7.397e-31   1.977e-02   7.711e-04   2.000e+00  0.5000        1006  [    8    990      23040          1 ]
         150    34032046   84238.282   5.145e-32   5.219e-31   1.977e-02   7.711e-04   2.000e+00  0.5000        1006  [    8   1000      23040          1 ]
         152    34252386   84916.291   2.632e-32   3.401e-31   1.977e-02   7.711e-04   2.000e+00  0.5000        1006  [    8   1010      23040          1 ]
         153    34472726   85590.931   1.727e-32   2.490e-31   1.977e-02   7.711e-04   2.000e+00  0.5000        1006  [    8   1020      23040          1 ]
         154    34693066   86265.873   1.088e-32   1.587e-31   1.977e-02   7.711e-04   2.000e+00  0.5000        1006  [    8   1030      23040          1 ]
         156    34913406   86940.516   8.638e-33   1.068e-31   1.977e-02   7.711e-04   2.000e+00  0.5000        1006  [    8   1040      23040          1 ]
         157    35133746   87614.748   7.070e-33   7.419e-32   1.977e-02   7.711e-04   2.000e+00  0.5000        1006  [    8   1050      23040          1 ]
         159    35354086   88292.269   4.029e-33   4.251e-32   1.977e-02   7.711e-04   2.000e+00  0.5000        1006  [    8   1060      23040          1 ]
         160    35574426   88975.078   2.813e-33   2.864e-32   1.977e-02   7.711e-04   2.000e+00  0.5000        1006  [    8   1070      23040          1 ]
         162    35794766   89654.247   1.847e-33   1.525e-32   1.977e-02   7.711e-04   2.000e+00  0.5000        1006  [    8   1080      23040          1 ]
         163    36015106   90323.514   1.050e-33   7.492e-33   1.977e-02   7.711e-04   2.000e+00  0.5000        1006  [    8   1090      23040          1 ]
         164    36235446   90994.188   6.759e-34   4.985e-33   1.977e-02   7.711e-04   2.000e+00  0.5000        1006  [    8   1100      23040          1 ]
         166    36455786   91667.195   5.359e-34   2.806e-33   1.977e-02   7.711e-04   2.000e+00  0.5000        1006  [    8   1110      23040          1 ]
         167    36676126   92339.818   3.332e-34   1.958e-33   1.977e-02   7.711e-04   2.000e+00  0.5000        1006  [    8   1120      23040          1 ]
         169    36896466   93010.455   2.082e-34   1.234e-33   1.977e-02   7.711e-04   2.000e+00  0.5000        1006  [    8   1130      23040          1 ]
         170    37116806   93682.582   1.411e-34   8.529e-34   1.977e-02   7.710e-04   2.000e+00  0.5000        1006  [    8   1140      23040          1 ]
         172    37337146   94358.514   1.025e-34   3.624e-34   1.977e-02   7.710e-04   2.000e+00  0.5000        1006  [    8   1150      23040          1 ]
         173    37557486   95043.987   8.412e-35   2.286e-34   1.977e-02   7.710e-04   2.000e+00  0.5000        1006  [    8   1160      23040          1 ]
         174    37777826   95724.740   6.208e-35   1.378e-34   1.977e-02   7.710e-04   2.000e+00  0.5000        1006  [    8   1170      23040          1 ]
         176    37998166   96405.488   4.074e-35   7.563e-35   1.977e-02   7.710e-04   2.000e+00  0.5000        1006  [    8   1180      23040          1 ]
         177    38218506   97080.266   2.113e-35   3.134e-35   1.977e-02   7.710e-04   2.000e+00  0.5000        1006  [    8   1190      23040          1 ]
         179    38438846   97760.000   1.247e-35   1.809e-35   1.977e-02   7.710e-04   2.000e+00  0.5000        1006  [    8   1200      23040          1 ]
         180    38659186   98434.927   9.672e-36   1.233e-35   1.977e-02   7.710e-04   2.000e+00  0.5000        1006  [    8   1210      23040          1 ]
         182    38879526   99112.455   5.790e-36   7.118e-36   1.977e-02   7.710e-04   2.000e+00  0.5000        1006  [    8   1220      23040          1 ]
         183    39099866   99778.840   2.709e-36   4.985e-36   1.977e-02   7.710e-04   2.000e+00  0.5000        1006  [    8   1230      23040          1 ]
         184    39320206  100464.093   1.842e-36   3.417e-36   1.977e-02   7.710e-04   2.000e+00  0.5000        1006  [    8   1240      23040          1 ]
         186    39540546  101147.216   1.374e-36   2.165e-36   1.977e-02   7.710e-04   2.000e+00  0.5000        1006  [    8   1250      23040          1 ]
         187    39760886  101827.533   7.678e-37   1.371e-36   1.977e-02   7.710e-04   2.000e+00  0.5000        1006  [    8   1260      23040          1 ]
         189    39981226  102508.362   4.765e-37   9.805e-37   1.977e-02   7.710e-04   2.000e+00  0.5000        1006  [    8   1270      23040          1 ]
         190    40201566  103192.571   2.555e-37   4.829e-37   1.977e-02   7.710e-04   2.000e+00  0.5000        1006  [    8   1280      23040          1 ]
         192    40421906  103876.082   1.403e-37   3.307e-37   1.977e-02   7.710e-04   2.000e+00  0.5000        1006  [    8   1290      23040          1 ]
         193    40642246  104553.158   7.957e-38   2.016e-37   1.977e-02   7.710e-04   2.000e+00  0.5000        1006  [    8   1300      23040          1 ]
         194    40862586  105234.486   5.087e-38   1.346e-37   1.977e-02   7.710e-04   2.000e+00  0.5000        1006  [    8   1310      23040          1 ]
         196    41082926  105913.179   3.329e-38   7.540e-38   1.977e-02   7.710e-04   2.000e+00  0.5000        1006  [    8   1320      23040          1 ]
         197    41303266  106597.791   1.847e-38   4.912e-38   1.977e-02   7.710e-04   2.000e+00  0.5000        1006  [    8   1330      23040          1 ]
         199    41523606  107280.844   1.025e-38   3.172e-38   1.977e-02   7.710e-04   2.000e+00  0.5000        1006  [    8   1340      23040          1 ]
         200    41743946  107963.885   6.027e-39   1.873e-38   1.977e-02   7.710e-04   2.000e+00  0.5000        1006  [    8   1350      23040          1 ]
         202    41964286  108642.256   2.984e-39   1.386e-38   1.977e-02   7.710e-04   2.000e+00  0.5000        1006  [    8   1360      23040          1 ]
         203    42184626  109322.074   2.061e-39   8.132e-39   1.977e-02   7.709e-04   2.000e+00  0.5000        1006  [    8   1370      23040          1 ]
         204    42404966  109994.665   1.301e-39   4.051e-39   1.977e-02   7.709e-04   2.000e+00  0.5000        1006  [    8   1380      23040          1 ]
         206    42625306  110666.086   7.774e-40   3.320e-39   1.977e-02   7.709e-04   2.000e+00  0.5000        1006  [    8   1390      23040          1 ]
         207    42845646  111336.811   5.901e-40   2.357e-39   1.977e-02   7.709e-04   2.000e+00  0.5000        1006  [    8   1400      23040          1 ]
         209    43065986  112006.295   3.116e-40   1.851e-39   1.977e-02   7.709e-04   2.000e+00  0.5000        1006  [    8   1410      23040          1 ]
         210    43286326  112684.568   1.820e-40   1.293e-39   1.977e-02   7.709e-04   2.000e+00  0.5000        1006  [    8   1420      23040          1 ]
         212    43506666  113352.775   1.103e-40   9.911e-40   1.977e-02   7.709e-04   2.000e+00  0.5000        1006  [    8   1430      23040          1 ]
         213    43727006  114019.726   5.448e-41   6.196e-40   1.977e-02   7.709e-04   2.000e+00  0.5000        1006  [    8   1440      23040          1 ]
         214    43947346  114694.936   3.272e-41   3.069e-40   1.977e-02   7.709e-04   2.000e+00  0.5000        1006  [    8   1450      23040          1 ]
         216    44167686  115369.576   1.745e-41   2.260e-40   1.977e-02   7.709e-04   2.000e+00  0.5000        1006  [    8   1460      23040          1 ]
         217    44388026  116045.936   1.424e-41   1.440e-40   1.977e-02   7.709e-04   2.000e+00  0.5000        1006  [    8   1470      23040          1 ]
         219    44608366  116722.374   5.405e-42   7.241e-41   1.977e-02   7.709e-04   2.000e+00  0.5000        1006  [    8   1480      23040          1 ]
         220    44828706  117393.795   3.512e-42   4.705e-41   1.977e-02   7.709e-04   2.000e+00  0.5000        1006  [    8   1490      23040          1 ]
         222    45049046  118065.740   2.561e-42   3.810e-41   1.977e-02   7.709e-04   2.000e+00  0.5000        1006  [    8   1500      23040          1 ]
         223    45269386  118738.652   1.753e-42   3.197e-41   1.977e-02   7.709e-04   2.000e+00  0.5000        1006  [    8   1510      23040          1 ]
         224    45489726  119404.187   1.271e-42   2.252e-41   1.977e-02   7.709e-04   2.000e+00  0.5000        1006  [    8   1520      23040          1 ]
         226    45710066  120069.986   4.915e-43   1.622e-41   1.977e-02   7.709e-04   2.000e+00  0.5000        1006  [    8   1530      23040          1 ]
         227    45930406  120734.420   4.561e-43   1.177e-41   1.977e-02   7.709e-04   2.000e+00  0.5000        1006  [    8   1540      23040          1 ]
         229    46150746  121402.521   2.418e-43   9.116e-42   1.977e-02   7.709e-04   2.000e+00  0.5000        1006  [    8   1550      23040          1 ]
         230    46371086  122076.262   1.427e-43   4.181e-42   1.977e-02   7.709e-04   2.000e+00  0.5000        1006  [    8   1560      23040          1 ]
         232    46591426  122744.948   7.855e-44   2.681e-42   1.977e-02   7.709e-04   2.000e+00  0.5000        1006  [    8   1570      23040          1 ]
         233    46811766  123412.448   4.973e-44   1.668e-42   1.977e-02   7.709e-04   2.000e+00  0.5000        1006  [    8   1580      23040          1 ]
         234    47032106  124090.004   3.339e-44   1.060e-42   1.977e-02   7.709e-04   2.000e+00  0.5000        1006  [    8   1590      23040          1 ]
         236    47252446  124767.327   1.902e-44   5.665e-43   1.977e-02   7.709e-04   2.000e+00  0.5000        1006  [    8   1600      23040          1 ]
         237    47472786  125446.648   1.381e-44   3.422e-43   1.977e-02   7.709e-04   2.000e+00  0.5000        1006  [    8   1610      23040          1 ]
         239    47693126  126122.891   9.976e-45   1.717e-43   1.977e-02   7.709e-04   2.000e+00  0.5000        1006  [    8   1620      23040          1 ]
         240    47913466  126802.942   6.249e-45   1.128e-43   1.977e-02   7.709e-04   2.000e+00  0.5000        1006  [    8   1630      23040          1 ]
         242    48133806  127472.016   3.418e-45   6.531e-44   1.977e-02   7.709e-04   2.000e+00  0.5000        1006  [    8   1640      23040          1 ]
         243    48354146  128138.703   2.266e-45   4.443e-44   1.977e-02   7.709e-04   2.000e+00  0.5000        1006  [    8   1650      23040          1 ]
         244    48574486  128812.772   1.352e-45   2.856e-44   1.977e-02   7.709e-04   2.000e+00  0.5000        1006  [    8   1660      23040          1 ]
         246    48794826  129487.470   7.459e-46   2.448e-44   1.977e-02   7.709e-04   2.000e+00  0.5000        1006  [    8   1670      23040          1 ]
         247    49015166  130159.776   4.735e-46   1.993e-44   1.977e-02   7.709e-04   2.000e+00  0.5000        1006  [    8   1680      23040          1 ]
         249    49235506  130844.105   3.103e-46   9.339e-45   1.977e-02   7.709e-04   2.000e+00  0.5000        1006  [    8   1690      23040          1 ]
         250    49455846  131526.255   1.936e-46   5.872e-45   1.977e-02   7.709e-04   2.000e+00  0.5000        1006  [    8   1700      23040          1 ]
         252    49676186  132202.623   1.003e-46   3.879e-45   1.977e-02   7.709e-04   2.000e+00  0.5000        1006  [    8   1710      23040          1 ]
         253    49896526  132872.418   6.229e-47   2.334e-45   1.977e-02   7.709e-04   2.000e+00  0.5000        1006  [    8   1720      23040          1 ]
         254    50116866  133540.208   3.667e-47   1.458e-45   1.977e-02   7.709e-04   2.000e+00  0.5000        1006  [    8   1730      23040          1 ]
         256    50337206  134211.471   2.490e-47   7.216e-46   1.977e-02   7.709e-04   2.000e+00  0.5000        1006  [    8   1740      23040          1 ]
         257    50557546  134886.560   9.105e-48   4.448e-46   1.977e-02   7.709e-04   2.000e+00  0.5000        1006  [    8   1750      23040          1 ]
         259    50777886  135560.570   6.473e-48   2.281e-46   1.977e-02   7.709e-04   2.000e+00  0.5000        1006  [    8   1760      23040          1 ]
         260    50998226  136234.947   4.496e-48   1.484e-46   1.977e-02   7.709e-04   2.000e+00  0.5000        1006  [    8   1770      23040          1 ]
         262    51218566  136910.181   2.757e-48   9.085e-47   1.977e-02   7.709e-04   2.000e+00  0.5000        1006  [    8   1780      23040          1 ]
         263    51438906  137580.803   1.903e-48   5.485e-47   1.977e-02   7.709e-04   2.000e+00  0.5000        1006  [    8   1790      23040          1 ]
         264    51659246  138250.453   1.002e-48   3.571e-47   1.977e-02   7.709e-04   2.000e+00  0.5000        1006  [    8   1800      23040          1 ]
         266    51879586  138923.405   9.060e-49   1.813e-47   1.977e-02   7.709e-04   2.000e+00  0.5000        1006  [    8   1810      23040          1 ]
         267    52099926  139593.102   5.339e-49   1.039e-47   1.977e-02   7.709e-04   2.000e+00  0.5000        1006  [    8   1820      23040          1 ]
         269    52320266  140263.362   2.663e-49   6.479e-48   1.977e-02   7.709e-04   2.000e+00  0.5000        1006  [    8   1830      23040          1 ]
         270    52540606  140933.506   1.588e-49   3.965e-48   1.977e-02   7.709e-04   2.000e+00  0.5000        1006  [    8   1840      23040          1 ]
         272    52760946  141605.086   8.872e-50   2.626e-48   1.977e-02   7.709e-04   2.000e+00  0.5000        1006  [    8   1850      23040          1 ]
         273    52981286  142278.551   5.565e-50   1.560e-48   1.977e-02   7.709e-04   2.000e+00  0.5000        1006  [    8   1860      23040          1 ]
         274    53201626  142955.025   4.791e-50   1.074e-48   1.977e-02   7.709e-04   2.000e+00  0.5000        1006  [    8   1870      23040          1 ]
         276    53421966  143636.122   3.045e-50   6.273e-49   1.977e-02   7.709e-04   2.000e+00  0.5000        1006  [    8   1880      23040          1 ]
         277    53642306  144312.100   2.156e-50   4.353e-49   1.977e-02   7.709e-04   2.000e+00  0.5000        1006  [    8   1890      23040          1 ]
         279    53862646  144995.345   1.221e-50   2.312e-49   1.977e-02   7.709e-04   2.000e+00  0.5000        1006  [    8   1900      23040          1 ]
         280    54082986  145681.110   7.833e-51   1.673e-49   1.977e-02   7.709e-04   2.000e+00  0.5000        1006  [    8   1910      23040          1 ]
         282    54303326  146372.683   4.693e-51   1.268e-49   1.977e-02   7.709e-04   2.000e+00  0.5000        1006  [    8   1920      23040          1 ]
         283    54523666  147054.230   2.649e-51   8.103e-50   1.977e-02   7.709e-04   2.000e+00  0.5000        1006  [    8   1930      23040          1 ]
         284    54744006  147737.587   2.319e-51   5.396e-50   1.977e-02   7.709e-04   2.000e+00  0.5000        1006  [    8   1940      23040          1 ]
         286    54964346  148401.776   1.556e-51   4.370e-50   1.977e-02   7.709e-04   2.000e+00  0.5000        1006  [    8   1950      23040          1 ]
         287    55184686  149088.112   9.785e-52   2.838e-50   1.977e-02   7.709e-04   2.000e+00  0.5000        1006  [    8   1960      23040          1 ]
         289    55405026  149788.192   6.619e-52   2.166e-50   1.977e-02   7.709e-04   2.000e+00  0.5000        1006  [    8   1970      23040          1 ]
         290    55625366  150470.565   4.014e-52   1.139e-50   1.977e-02   7.708e-04   2.000e+00  0.5000        1006  [    8   1980      23040          1 ]
         292    55845706  151158.346   2.419e-52   5.981e-51   1.977e-02   7.708e-04   2.000e+00  0.5000        1006  [    8   1990      23040          1 ]
         293    56066046  151832.166   1.421e-52   4.111e-51   1.977e-02   7.708e-04   2.000e+00  0.5000        1006  [    8   2000      23040          1 ]
         294    56286386  152513.877   8.712e-53   2.826e-51   1.977e-02   7.708e-04   2.000e+00  0.5000        1006  [    8   2010      23040          1 ]
         296    56506726  153192.622   6.673e-53   1.849e-51   1.977e-02   7.708e-04   2.000e+00  0.5000        1006  [    8   2020      23040          1 ]
         297    56727066  153869.573   3.151e-53   1.203e-51   1.977e-02   7.708e-04   2.000e+00  0.5000        1006  [    8   2030      23040          1 ]
         299    56947406  154550.010   1.823e-53   1.016e-51   1.977e-02   7.708e-04   2.000e+00  0.5000        1006  [    8   2040      23040          1 ]
         300    57167746  155231.884   1.016e-53   6.030e-52   1.977e-02   7.708e-04   2.000e+00  0.5000        1006  [    8   2050      23040          1 ]
         302    57388086  155912.202   5.426e-54   4.683e-52   1.977e-02   7.708e-04   2.000e+00  0.5000        1006  [    8   2060      23040          1 ]
         303    57608426  156578.760   3.266e-54   2.900e-52   1.977e-02   7.708e-04   2.000e+00  0.5000        1006  [    8   2070      23040          1 ]
         304    57828766  157252.208   2.031e-54   2.192e-52   1.977e-02   7.708e-04   2.000e+00  0.5000        1006  [    8   2080      23040          1 ]
         306    58049106  157921.715   1.235e-54   1.128e-52   1.977e-02   7.708e-04   2.000e+00  0.5000        1006  [    8   2090      23040          1 ]
         307    58269446  158633.397   5.794e-55   7.872e-53   1.977e-02   7.708e-04   2.000e+00  0.5000        1006  [    8   2100      23040          1 ]
         309    58489786  159314.333   3.296e-55   6.720e-53   1.977e-02   7.708e-04   2.000e+00  0.5000        1006  [    8   2110      23040          1 ]
         310    58710126  159992.248   2.096e-55   4.194e-53   1.977e-02   7.708e-04   2.000e+00  0.5000        1006  [    8   2120      23040          1 ]
         312    58930466  160669.117   1.528e-55   2.729e-53   1.977e-02   7.708e-04   2.000e+00  0.5000        1006  [    8   2130      23040          1 ]
         313    59150806  161340.455   7.839e-56   2.261e-53   1.977e-02   7.708e-04   2.000e+00  0.5000        1006  [    8   2140      23040          1 ]
         314    59371146  162013.999   4.846e-56   1.236e-53   1.977e-02   7.708e-04   2.000e+00  0.5000        1006  [    8   2150      23040          1 ]
         316    59591486  162691.770   2.655e-56   7.719e-54   1.977e-02   7.708e-04   2.000e+00  0.5000        1006  [    8   2160      23040          1 ]
         317    59811826  163368.150   1.635e-56   5.894e-54   1.977e-02   7.708e-04   2.000e+00  0.5000        1006  [    8   2170      23040          1 ]
         319    60032166  164051.727   8.328e-57   4.650e-54   1.977e-02   7.708e-04   2.000e+00  0.5000        1006  [    8   2180      23040          1 ]
         320    60252506  164732.567   4.277e-57   3.182e-54   1.977e-02   7.708e-04   2.000e+00  0.5000        1006  [    8   2190      23040          1 ]
         322    60472846  165414.322   2.688e-57   2.324e-54   1.977e-02   7.708e-04   2.000e+00  0.5000        1006  [    8   2200      23040          1 ]
         323    60693186  166092.069   1.648e-57   1.669e-54   1.977e-02   7.708e-04   2.000e+00  0.5000        1006  [    8   2210      23040          1 ]
         324    60913526  166760.828   1.159e-57   8.909e-55   1.977e-02   7.708e-04   2.000e+00  0.5000        1006  [    8   2220      23040          1 ]
         326    61133866  167436.361   6.552e-58   4.670e-55   1.977e-02   7.708e-04   2.000e+00  0.5000        1006  [    8   2230      23040          1 ]
         327    61354206  168102.804   4.430e-58   3.199e-55   1.977e-02   7.708e-04   2.000e+00  0.5000        1006  [    8   2240      23040          1 ]
         329    61574546  168776.672   2.724e-58   1.531e-55   1.977e-02   7.708e-04   2.000e+00  0.5000        1006  [    8   2250      23040          1 ]
         330    61794886  169442.040   1.496e-58   9.422e-56   1.977e-02   7.708e-04   2.000e+00  0.5000        1006  [    8   2260      23040          1 ]
         332    62015226  170114.966   8.528e-59   4.666e-56   1.977e-02   7.708e-04   2.000e+00  0.5000        1006  [    8   2270      23040          1 ]
         333    62235566  170793.059   6.893e-59   3.291e-56   1.977e-02   7.708e-04   2.000e+00  0.5000        1006  [    8   2280      23040          1 ]
         334    62455906  171463.442   3.892e-59   2.406e-56   1.977e-02   7.708e-04   2.000e+00  0.5000        1006  [    8   2290      23040          1 ]
         336    62676246  172135.143   2.856e-59   1.888e-56   1.977e-02   7.708e-04   2.000e+00  0.5000        1006  [    8   2300      23040          1 ]
         337    62896586  172806.146   1.835e-59   1.376e-56   1.977e-02   7.708e-04   2.000e+00  0.5000        1006  [    8   2310      23040          1 ]
         339    63116926  173477.898   9.337e-60   6.621e-57   1.977e-02   7.708e-04   2.000e+00  0.5000        1006  [    8   2320      23040          1 ]
         340    63337266  174141.085   4.157e-60   4.362e-57   1.977e-02   7.708e-04   2.000e+00  0.5000        1006  [    8   2330      23040          1 ]
         342    63557606  174810.145   2.179e-60   2.512e-57   1.977e-02   7.707e-04   2.000e+00  0.5000        1006  [    8   2340      23040          1 ]
         343    63777946  175482.335   1.128e-60   1.897e-57   1.977e-02   7.707e-04   2.000e+00  0.5000        1006  [    8   2350      23040          1 ]
         344    63998286  176151.359   6.426e-61   8.719e-58   1.977e-02   7.707e-04   2.000e+00  0.5000        1006  [    8   2360      23040          1 ]
         346    64218626  176822.561   4.095e-61   4.903e-58   1.977e-02   7.707e-04   2.000e+00  0.5000        1006  [    8   2370      23040          1 ]
         347    64438966  177491.903   3.173e-61   3.360e-58   1.977e-02   7.707e-04   2.000e+00  0.5000        1006  [    8   2380      23040          1 ]
         349    64659306  178173.756   1.848e-61   1.738e-58   1.977e-02   7.707e-04   2.000e+00  0.5000        1006  [    8   2390      23040          1 ]
         350    64879646  178846.649   1.049e-61   9.807e-59   1.977e-02   7.707e-04   2.000e+00  0.5000        1006  [    8   2400      23040          1 ]
         352    65099986  179524.765   7.349e-62   6.122e-59   1.977e-02   7.707e-04   2.000e+00  0.5000        1006  [    8   2410      23040          1 ]
         353    65320326  180197.342   4.919e-62   3.466e-59   1.977e-02   7.707e-04   2.000e+00  0.5000        1006  [    8   2420      23040          1 ]
         354    65540666  180874.672   2.359e-62   2.358e-59   1.977e-02   7.707e-04   2.000e+00  0.5000        1006  [    8   2430      23040          1 ]
         356    65761006  181541.467   1.566e-62   1.123e-59   1.977e-02   7.707e-04   2.000e+00  0.5000        1006  [    8   2440      23040          1 ]
         357    65981346  182223.343   1.097e-62   6.127e-60   1.977e-02   7.707e-04   2.000e+00  0.5000        1006  [    8   2450      23040          1 ]
         359    66201686  182900.222   7.450e-63   3.173e-60   1.977e-02   7.707e-04   2.000e+00  0.5000        1006  [    8   2460      23040          1 ]
         360    66422026  183576.832   5.898e-63   2.045e-60   1.977e-02   7.707e-04   2.000e+00  0.5000        1006  [    8   2470      23040          1 ]
         362    66642366  184255.907   4.598e-63   1.487e-60   1.977e-02   7.707e-04   2.000e+00  0.5000        1006  [    8   2480      23040          1 ]
         363    66862706  184937.872   3.467e-63   8.309e-61   1.977e-02   7.707e-04   2.000e+00  0.5000        1006  [    8   2490      23040          1 ]
         364    67083046  185619.098   2.655e-63   3.510e-61   1.977e-02   7.707e-04   2.000e+00  0.5000        1006  [    8   2500      23040          1 ]
         366    67303386  186293.607   2.087e-63   2.317e-61   1.977e-02   7.707e-04   2.000e+00  0.5000        1006  [    8   2510      23040          1 ]
         367    67523726  186969.253   1.102e-63   1.572e-61   1.977e-02   7.707e-04   2.000e+00  0.5000        1006  [    8   2520      23040          1 ]
         369    67744066  187647.274   5.374e-64   7.871e-62   1.977e-02   7.707e-04   2.000e+00  0.5000        1006  [    8   2530      23040          1 ]
         370    67964406  188313.922   4.288e-64   5.704e-62   1.977e-02   7.707e-04   2.000e+00  0.5000        1006  [    8   2540      23040          1 ]
         372    68184746  188986.750   2.227e-64   2.477e-62   1.977e-02   7.707e-04   2.000e+00  0.5000        1006  [    8   2550      23040          1 ]
         373    68405086  189666.722   1.688e-64   1.783e-62   1.977e-02   7.707e-04   2.000e+00  0.5000        1006  [    8   2560      23040          1 ]
         374    68625426  190335.817   8.232e-65   1.115e-62   1.977e-02   7.707e-04   2.000e+00  0.5000        1006  [    8   2570      23040          1 ]
         376    68845766  191008.188   4.273e-65   8.004e-63   1.977e-02   7.707e-04   2.000e+00  0.5000        1006  [    8   2580      23040          1 ]
         377    69066106  191678.214   3.526e-65   5.886e-63   1.977e-02   7.707e-04   2.000e+00  0.5000        1006  [    8   2590      23040          1 ]
         379    69286446  192344.676   1.836e-65   3.924e-63   1.977e-02   7.707e-04   2.000e+00  0.5000        1006  [    8   2600      23040          1 ]
         380    69506786  193018.223   1.109e-65   2.527e-63   1.977e-02   7.707e-04   2.000e+00  0.5000        1006  [    8   2610      23040          1 ]
         382    69727126  193683.419   6.472e-66   1.613e-63   1.977e-02   7.707e-04   2.000e+00  0.5000        1006  [    8   2620      23040          1 ]
         383    69947466  194370.686   3.197e-66   1.156e-63   1.977e-02   7.707e-04   2.000e+00  0.5000        1006  [    8   2630      23040          1 ]
         384    70167806  195053.777   2.389e-66   1.036e-63   1.977e-02   7.707e-04   2.000e+00  0.5000        1006  [    8   2640      23040          1 ]
         386    70388146  195735.475   1.442e-66   6.019e-64   1.977e-02   7.707e-04   2.000e+00  0.5000        1006  [    8   2650      23040          1 ]
         387    70608486  196414.537   1.004e-66   3.070e-64   1.977e-02   7.707e-04   2.000e+00  0.5000        1006  [    8   2660      23040          1 ]
         389    70828826  197091.837   4.571e-67   2.157e-64   1.977e-02   7.707e-04   2.000e+00  0.5000        1006  [    8   2670      23040          1 ]
         390    71049166  197759.171   2.759e-67   1.021e-64   1.977e-02   7.707e-04   2.000e+00  0.5000        1006  [    8   2680      23040          1 ]
         392    71269506  198427.563   1.451e-67   5.757e-65   1.977e-02   7.707e-04   2.000e+00  0.5000        1006  [    8   2690      23040          1 ]
         393    71489846  199098.380   8.420e-68   4.751e-65   1.977e-02   7.702e-04   2.000e+00  0.5000        1006  [    8   2700      23040          1 ]
         394    71710186  199764.699   6.285e-68   2.755e-65   1.977e-02   7.702e-04   2.000e+00  0.5000        1006  [    8   2710      23040          1 ]
         396    71930526  200431.254   3.719e-68   1.448e-65   1.977e-02   7.702e-04   2.000e+00  0.5000        1006  [    8   2720      23040          1 ]
         397    72150866  201097.426   2.181e-68   8.123e-66   1.977e-02   7.702e-04   2.000e+00  0.5000        1006  [    8   2730      23040          1 ]
         399    72371206  201767.684   1.394e-68   5.750e-66   1.977e-02   7.702e-04   2.000e+00  0.5000        1006  [    8   2740      23040          1 ]
         400    72591546  202435.854   8.062e-69   3.186e-66   1.977e-02   7.702e-04   2.000e+00  0.5000        1006  [    8   2750      23040          1 ]
         402    72811886  203106.978   4.018e-69   1.875e-66   1.977e-02   7.702e-04   2.000e+00  0.5000        1006  [    8   2760      23040          1 ]
         403    73032226  203781.950   2.636e-69   1.085e-66   1.977e-02   7.702e-04   2.000e+00  0.5000        1006  [    8   2770      23040          1 ]
         404    73252566  204467.416   1.441e-69   6.702e-67   1.977e-02   7.702e-04   2.000e+00  0.5000        1006  [    8   2780      23040          1 ]
         406    73472906  205140.316   1.002e-69   4.974e-67   1.977e-02   7.702e-04   2.000e+00  0.5000        1006  [    8   2790      23040          1 ]
         407    73693246  205809.994   7.257e-70   2.961e-67   1.977e-02   7.702e-04   2.000e+00  0.5000        1006  [    8   2800      23040          1 ]
         409    73913586  206494.732   4.152e-70   2.300e-67   1.977e-02   7.702e-04   2.000e+00  0.5000        1006  [    8   2810      23040          1 ]
         410    74133926  207170.193   3.057e-70   1.517e-67   1.977e-02   7.702e-04   2.000e+00  0.5000        1006  [    8   2820      23040          1 ]
         412    74354266  207845.330   1.949e-70   1.123e-67   1.977e-02   7.702e-04   2.000e+00  0.5000        1006  [    8   2830      23040          1 ]
         413    74574606  208525.853   1.500e-70   6.557e-68   1.977e-02   7.702e-04   2.000e+00  0.5000        1006  [    8   2840      23040          1 ]
         414    74794946  209198.956   8.762e-71   4.545e-68   1.977e-02   7.702e-04   2.000e+00  0.5000        1006  [    8   2850      23040          1 ]
         416    75015286  209875.455   5.786e-71   3.081e-68   1.977e-02   7.702e-04   2.000e+00  0.5000        1006  [    8   2860      23040          1 ]
         417    75235626  210545.188   4.055e-71   2.090e-68   1.977e-02   7.702e-04   2.000e+00  0.5000        1006  [    8   2870      23040          1 ]
         419    75455966  211215.549   2.354e-71   1.301e-68   1.977e-02   7.702e-04   2.000e+00  0.5000        1006  [    8   2880      23040          1 ]
         420    75676306  211893.328   1.550e-71   9.663e-69   1.977e-02   7.702e-04   2.000e+00  0.5000        1006  [    8   2890      23040          1 ]
         422    75896646  212555.264   8.396e-72   6.390e-69   1.977e-02   7.702e-04   2.000e+00  0.5000        1006  [    8   2900      23040          1 ]
         423    76116986  213227.156   4.400e-72   4.347e-69   1.977e-02   7.702e-04   2.000e+00  0.5000        1006  [    8   2910      23040          1 ]
         424    76337326  213898.326   2.988e-72   2.474e-69   1.977e-02   7.702e-04   2.000e+00  0.5000        1006  [    8   2920      23040          1 ]
         426    76557666  214570.693   2.199e-72   1.476e-69   1.977e-02   7.702e-04   2.000e+00  0.5000        1006  [    8   2930      23040          1 ]
         427    76778006  215244.900   1.919e-72   6.891e-70   1.977e-02   7.703e-04   2.000e+00  0.5000        1006  [    8   2940      23040          1 ]
         429    76998346  215917.889   1.068e-72   4.370e-70   1.977e-02   7.703e-04   2.000e+00  0.5000        1006  [    8   2950      23040          1 ]
         430    77218686  216596.343   6.824e-73   2.751e-70   1.977e-02   7.703e-04   2.000e+00  0.5000        1006  [    8   2960      23040          1 ]
         432    77439026  217277.710   4.967e-73   1.673e-70   1.977e-02   7.703e-04   2.000e+00  0.5000        1006  [    8   2970      23040          1 ]
         433    77659366  217946.222   2.509e-73   8.625e-71   1.977e-02   7.703e-04   2.000e+00  0.5000        1006  [    8   2980      23040          1 ]
         434    77879706  218612.295   1.138e-73   5.032e-71   1.977e-02   7.703e-04   2.000e+00  0.5000        1006  [    8   2990      23040          1 ]
         436    78100046  219281.251   5.950e-74   3.099e-71   1.977e-02   7.703e-04   2.000e+00  0.5000        1006  [    8   3000      23040          1 ]
         437    78320386  219957.121   4.113e-74   2.076e-71   1.977e-02   7.703e-04   2.000e+00  0.5000        1006  [    8   3010      23040          1 ]
         439    78540726  220628.242   2.714e-74   1.554e-71   1.977e-02   7.703e-04   2.000e+00  0.5000        1006  [    8   3020      23040          1 ]
         440    78761066  221301.307   1.241e-74   1.038e-71   1.977e-02   7.703e-04   2.000e+00  0.5000        1006  [    8   3030      23040          1 ]
         442    78981406  221969.386   7.703e-75   6.701e-72   1.977e-02   7.703e-04   2.000e+00  0.5000        1006  [    8   3040      23040          1 ]
         443    79201746  222627.430   3.731e-75   3.537e-72   1.977e-02   7.703e-04   2.000e+00  0.5000        1006  [    8   3050      23040          1 ]
         444    79422086  223275.264   2.390e-75   2.005e-72   1.977e-02   7.703e-04   2.000e+00  0.5000        1006  [    8   3060      23040          1 ]
         446    79642426  223925.576   1.446e-75   1.676e-72   1.977e-02   7.703e-04   2.000e+00  0.5000        1006  [    8   3070      23040          1 ]
         447    79862766  224580.848   1.311e-75   8.876e-73   1.977e-02   7.703e-04   2.000e+00  0.5000        1006  [    8   3080      23040          1 ]
         449    80083106  225228.500   8.145e-76   5.283e-73   1.977e-02   7.703e-04   2.000e+00  0.5000        1006  [    8   3090      23040          1 ]
         450    80303446  225872.405   5.686e-76   4.585e-73   1.977e-02   7.703e-04   2.000e+00  0.5000        1006  [    8   3100      23040          1 ]
         452    80523786  226522.636   3.568e-76   3.231e-73   1.977e-02   7.703e-04   2.000e+00  0.5000        1006  [    8   3110      23040          1 ]
         453    80744126  227166.362   2.547e-76   1.868e-73   1.977e-02   7.703e-04   2.000e+00  0.5000        1006  [    8   3120      23040          1 ]
         454    80964466  227808.609   1.192e-76   9.613e-74   1.977e-02   7.703e-04   2.000e+00  0.5000        1006  [    8   3130      23040          1 ]
         456    81184806  228443.928   7.998e-77   5.893e-74   1.977e-02   7.703e-04   2.000e+00  0.5000        1006  [    8   3140      23040          1 ]
         457    81405146  229073.625   5.287e-77   3.993e-74   1.977e-02   7.703e-04   2.000e+00  0.5000        1006  [    8   3150      23040          1 ]
         459    81625486  229722.654   2.384e-77   2.618e-74   1.977e-02   7.703e-04   2.000e+00  0.5000        1006  [    8   3160      23040          1 ]
         460    81845826  230377.159   1.120e-77   1.509e-74   1.977e-02   7.703e-04   2.000e+00  0.5000        1006  [    8   3170      23040          1 ]
         462    82066166  231019.011   5.356e-78   7.919e-75   1.977e-02   7.703e-04   2.000e+00  0.5000        1006  [    8   3180      23040          1 ]
         463    82286506  231658.621   3.035e-78   4.697e-75   1.977e-02   7.703e-04   2.000e+00  0.5000        1006  [    8   3190      23040          1 ]
         464    82506846  232295.687   2.341e-78   2.414e-75   1.977e-02   7.703e-04   2.000e+00  0.5000        1006  [    8   3200      23040          1 ]
         466    82727186  232929.594   1.924e-78   1.726e-75   1.977e-02   7.703e-04   2.000e+00  0.5000        1006  [    8   3210      23040          1 ]
         467    82947526  233565.518   1.268e-78   1.208e-75   1.977e-02   7.703e-04   2.000e+00  0.5000        1006  [    8   3220      23040          1 ]
         469    83167866  234198.376   7.544e-79   7.598e-76   1.977e-02   7.703e-04   2.000e+00  0.5000        1006  [    8   3230      23040          1 ]
         470    83388206  234833.886   4.163e-79   4.267e-76   1.977e-02   7.702e-04   2.000e+00  0.5000        1006  [    8   3240      23040          1 ]
         472    83608546  235461.223   2.386e-79   2.795e-76   1.977e-02   7.702e-04   2.000e+00  0.5000        1006  [    8   3250      23040          1 ]
         473    83828886  236101.340   1.555e-79   1.701e-76   1.977e-02   7.702e-04   2.000e+00  0.5000        1006  [    8   3260      23040          1 ]
         474    84049226  236734.995   1.276e-79   1.151e-76   1.977e-02   7.702e-04   2.000e+00  0.5000        1006  [    8   3270      23040          1 ]
         476    84269566  237369.873   6.910e-80   7.423e-77   1.977e-02   7.702e-04   2.000e+00  0.5000        1006  [    8   3280      23040          1 ]
         477    84489906  238000.389   4.279e-80   4.357e-77   1.977e-02   7.702e-04   2.000e+00  0.5000        1006  [    8   3290      23040          1 ]
         479    84710246  238635.832   2.354e-80   2.389e-77   1.977e-02   7.702e-04   2.000e+00  0.5000        1006  [    8   3300      23040          1 ]
         480    84930586  239270.206   1.511e-80   1.153e-77   1.977e-02   7.702e-04   2.000e+00  0.5000        1006  [    8   3310      23040          1 ]
         482    85150926  239902.440   6.652e-81   6.865e-78   1.977e-02   7.702e-04   2.000e+00  0.5000        1006  [    8   3320      23040          1 ]
         483    85371266  240528.652   4.693e-81   3.469e-78   1.977e-02   7.702e-04   2.000e+00  0.5000        1006  [    8   3330      23040          1 ]
         484    85591606  241156.526   2.549e-81   1.882e-78   1.977e-02   7.702e-04   2.000e+00  0.5000        1006  [    8   3340      23040          1 ]
         486    85811946  241765.829   1.851e-81   9.307e-79   1.977e-02   7.702e-04   2.000e+00  0.5000        1006  [    8   3350      23040          1 ]
         487    86032286  242368.204   1.486e-81   4.642e-79   1.977e-02   7.702e-04   2.000e+00  0.5000        1006  [    8   3360      23040          1 ]
         489    86252626  242962.129   7.728e-82   3.621e-79   1.977e-02   7.702e-04   2.000e+00  0.5000        1006  [    8   3370      23040          1 ]
         490    86472966  243556.432   3.189e-82   2.631e-79   1.977e-02   7.702e-04   2.000e+00  0.5000        1006  [    8   3380      23040          1 ]
         492    86693306  244153.565   1.712e-82   1.593e-79   1.977e-02   7.702e-04   2.000e+00  0.5000        1006  [    8   3390      23040          1 ]
         493    86913646  244757.002   1.019e-82   9.676e-80   1.977e-02   7.702e-04   2.000e+00  0.5000        1006  [    8   3400      23040          1 ]
         494    87133986  245355.427   5.445e-83   4.985e-80   1.977e-02   7.702e-04   2.000e+00  0.5000        1006  [    8   3410      23040          1 ]
         496    87354326  245945.729   4.142e-83   3.585e-80   1.977e-02   7.702e-04   2.000e+00  0.5000        1006  [    8   3420      23040          1 ]
         497    87574666  246542.967   2.383e-83   2.660e-80   1.977e-02   7.702e-04   2.000e+00  0.5000        1006  [    8   3430      23040          1 ]
         499    87795006  247127.330   1.305e-83   1.671e-80   1.977e-02   7.702e-04   2.000e+00  0.5000        1006  [    8   3440      23040          1 ]
         500    88015346  247717.938   6.785e-84   1.010e-80   1.977e-02   7.702e-04   2.000e+00  0.5000        1006  [    8   3450      23040          1 ]
         502    88235686  248303.166   3.740e-84   6.495e-81   1.977e-02   7.702e-04   2.000e+00  0.5000        1006  [    8   3460      23040          1 ]
         503    88456026  248889.273   2.868e-84   3.403e-81   1.977e-02   7.702e-04   2.000e+00  0.5000        1006  [    8   3470      23040          1 ]
         504    88676366  249485.361   1.678e-84   1.846e-81   1.977e-02   7.702e-04   2.000e+00  0.5000        1006  [    8   3480      23040          1 ]
         506    88896706  250067.148   7.998e-85   1.451e-81   1.977e-02   7.702e-04   2.000e+00  0.5000        1006  [    8   3490      23040          1 ]
         507    89117046  250647.211   5.733e-85   1.023e-81   1.977e-02   7.702e-04   2.000e+00  0.5000        1006  [    8   3500      23040          1 ]
         509    89337386  251247.794   3.841e-85   6.843e-82   1.977e-02   7.702e-04   2.000e+00  0.5000        1006  [    8   3510      23040          1 ]
         510    89557726  251844.967   2.844e-85   4.986e-82   1.977e-02   7.702e-04   2.000e+00  0.5000        1006  [    8   3520      23040          1 ]
         512    89778066  252430.627   1.185e-85   3.289e-82   1.977e-02   7.702e-04   2.000e+00  0.5000        1006  [    8   3530      23040          1 ]
         513    89998406  253013.540   6.067e-86   1.330e-82   1.977e-02   7.702e-04   2.000e+00  0.5000        1006  [    8   3540      23040          1 ]
         514    90218746  253588.489   4.268e-86   8.806e-83   1.977e-02   7.702e-04   2.000e+00  0.5000        1006  [    8   3550      23040          1 ]
         516    90439086  254171.117   2.532e-86   6.532e-83   1.977e-02   7.702e-04   2.000e+00  0.5000        1006  [    8   3560      23040          1 ]
         517    90659426  254748.991   1.575e-86   3.725e-83   1.977e-02   7.702e-04   2.000e+00  0.5000        1006  [    8   3570      23040          1 ]
         519    90879766  255335.959   1.009e-86   1.794e-83   1.977e-02   7.702e-04   2.000e+00  0.5000        1006  [    8   3580      23040          1 ]
         520    91100106  255920.093   6.703e-87   1.133e-83   1.977e-02   7.702e-04   2.000e+00  0.5000        1006  [    8   3590      23040          1 ]
         522    91320446  256488.012   4.666e-87   5.823e-84   1.977e-02   7.702e-04   2.000e+00  0.5000        1006  [    8   3600      23040          1 ]
         523    91540786  257057.747   4.153e-87   3.654e-84   1.977e-02   7.702e-04   2.000e+00  0.5000        1006  [    8   3610      23040          1 ]
         524    91761126  257628.594   2.513e-87   2.804e-84   1.977e-02   7.702e-04   2.000e+00  0.5000        1006  [    8   3620      23040          1 ]
         526    91981466  258190.524   1.432e-87   1.654e-84   1.977e-02   7.702e-04   2.000e+00  0.5000        1006  [    8   3630      23040          1 ]
         527    92201806  258754.343   8.038e-88   1.280e-84   1.977e-02   7.702e-04   2.000e+00  0.5000        1006  [    8   3640      23040          1 ]
         529    92422146  259324.157   6.525e-88   7.593e-85   1.977e-02   7.702e-04   2.000e+00  0.5000        1006  [    8   3650      23040          1 ]
         530    92642486  259897.385   2.962e-88   5.049e-85   1.977e-02   7.702e-04   2.000e+00  0.5000        1006  [    8   3660      23040          1 ]
         532    92862826  260478.674   1.646e-88   3.707e-85   1.977e-02   7.702e-04   2.000e+00  0.5000        1006  [    8   3670      23040          1 ]
         533    93083166  261048.805   1.099e-88   2.508e-85   1.977e-02   7.702e-04   2.000e+00  0.5000        1006  [    8   3680      23040          1 ]
         534    93303506  261614.186   6.440e-89   1.787e-85   1.977e-02   7.702e-04   2.000e+00  0.5000        1006  [    8   3690      23040          1 ]
         536    93523846  262181.036   4.782e-89   1.066e-85   1.977e-02   7.702e-04   2.000e+00  0.5000        1006  [    8   3700      23040          1 ]
         537    93744186  262747.787   2.730e-89   4.803e-86   1.977e-02   7.702e-04   2.000e+00  0.5000        1006  [    8   3710      23040          1 ]
         539    93964526  263314.480   1.253e-89   2.578e-86   1.977e-02   7.702e-04   2.000e+00  0.5000        1006  [    8   3720      23040          1 ]
         540    94184866  263876.903   8.356e-90   1.584e-86   1.977e-02   7.702e-04   2.000e+00  0.5000        1006  [    8   3730      23040          1 ]
         542    94405206  264440.016   5.588e-90   8.444e-87   1.977e-02   7.702e-04   2.000e+00  0.5000        1006  [    8   3740      23040          1 ]
         543    94625546  265016.445   4.914e-90   5.189e-87   1.977e-02   7.702e-04   2.000e+00  0.5000        1006  [    8   3750      23040          1 ]
         544    94845886  265584.845   2.804e-90   4.342e-87   1.977e-02   7.702e-04   2.000e+00  0.5000        1006  [    8   3760      23040          1 ]
         546    95066226  266173.908   1.538e-90   2.062e-87   1.977e-02   7.702e-04   2.000e+00  0.5000        1006  [    8   3770      23040          1 ]
         547    95286566  266758.756   6.059e-91   1.611e-87   1.977e-02   7.702e-04   2.000e+00  0.5000        1006  [    8   3780      23040          1 ]
         549    95506906  267323.810   4.578e-91   1.291e-87   1.977e-02   7.702e-04   2.000e+00  0.5000        1006  [    8   3790      23040          1 ]
         550    95727246  267903.644   2.846e-91   1.208e-87   1.977e-02   7.702e-04   2.000e+00  0.5000        1006  [    8   3800      23040          1 ]
         552    95947586  268462.716   2.014e-91   6.961e-88   1.977e-02   7.702e-04   2.000e+00  0.5000        1006  [    8   3810      23040          1 ]
         553    96167926  269038.646   1.064e-91   4.778e-88   1.977e-02   7.702e-04   2.000e+00  0.5000        1006  [    8   3820      23040          1 ]
         554    96388266  269606.024   6.466e-92   2.842e-88   1.977e-02   7.702e-04   2.000e+00  0.5000        1006  [    8   3830      23040          1 ]
         556    96608606  270147.247   3.779e-92   1.491e-88   1.977e-02   7.702e-04   2.000e+00  0.5000        1006  [    8   3840      23040          1 ]
         557    96828946  270699.154   2.183e-92   9.230e-89   1.977e-02   7.702e-04   2.000e+00  0.5000        1006  [    8   3850      23040          1 ]
         559    97049286  271249.729   1.303e-92   7.594e-89   1.977e-02   7.702e-04   2.000e+00  0.5000        1006  [    8   3860      23040          1 ]
         560    97269626  271802.501   7.572e-93   3.571e-89   1.977e-02   7.702e-04   2.000e+00  0.5000        1006  [    8   3870      23040          1 ]
         562    97489966  272352.850   5.541e-93   2.681e-89   1.977e-02   7.702e-04   2.000e+00  0.5000        1006  [    8   3880      23040          1 ]
         563    97710306  272892.748   3.651e-93   1.409e-89   1.977e-02   7.702e-04   2.000e+00  0.5000        1006  [    8   3890      23040          1 ]
         564    97930646  273425.302   2.131e-93   1.114e-89   1.977e-02   7.702e-04   2.000e+00  0.5000        1006  [    8   3900      23040          1 ]
         566    98150986  273958.057   1.453e-93   5.813e-90   1.977e-02   7.702e-04   2.000e+00  0.5000        1006  [    8   3910      23040          1 ]
         567    98371326  274494.065   8.483e-94   4.258e-90   1.977e-02   7.702e-04   2.000e+00  0.5000        1006  [    8   3920      23040          1 ]
         569    98591666  275035.557   6.906e-94   2.419e-90   1.977e-02   7.702e-04   2.000e+00  0.5000        1006  [    8   3930      23040          1 ]
         570    98812006  275576.662   4.469e-94   1.666e-90   1.977e-02   7.702e-04   2.000e+00  0.5000        1006  [    8   3940      23040          1 ]
         572    99032346  276117.915   2.337e-94   1.032e-90   1.977e-02   7.702e-04   2.000e+00  0.5000        1006  [    8   3950      23040          1 ]
         573    99252686  276658.399   1.181e-94   4.563e-91   1.977e-02   7.702e-04   2.000e+00  0.5000        1006  [    8   3960      23040          1 ]
         574    99473026  277199.525   7.439e-95   2.476e-91   1.977e-02   7.702e-04   2.000e+00  0.5000        1006  [    8   3970      23040          1 ]
         576    99693366  277734.590   4.345e-95   1.122e-91   1.977e-02   7.702e-04   2.000e+00  0.5000        1006  [    8   3980      23040          1 ]
         577    99913706  278267.715   2.814e-95   6.918e-92   1.977e-02   7.702e-04   2.000e+00  0.5000        1006  [    8   3990      23040          1 ]
         579   100001842  278482.331   2.103e-95   5.029e-92   1.977e-02   7.702e-04   2.000e+00  0.5000        1006  [    8   3994      23040          1 ]
