# Generation  Evaluations  Time (s)  Best_obj[0]  Best_obj[1]  Best_obj[2]  Hypervol.   IGD         IGDX        SR    Appr.set  [ Pop.index  Subgen.  Pop.size  Subpops ]
           0          80       4.489   1.806e+00   2.097e+00   2.211e+00   0.000e+00   2.277e+00   2.309e+00  0.0000           3  [    0      1         80          1 ]
           0         157       4.498   1.434e+00   1.106e+00   1.689e+00   0.000e+00   1.122e+00   1.389e+00  0.0000           3  [    0      2         80          1 ]
           0         234       4.505   9.143e-01   1.106e+00   1.146e+00   0.000e+00   9.646e-01   1.251e+00  0.0000           8  [    0      3         80          1 ]
           0         306       4.519   8.590e-01   1.106e+00   6.495e-01   0.000e+00   5.594e-01   9.750e-01  0.0000           5  [    0      4         80          1 ]
           0         381       4.529   7.654e-01   9.687e-01   6.109e-01   0.000e+00   4.659e-01   7.430e-01  0.0000          10  [    0      5         80          1 ]
           0         451       4.546   7.024e-01   9.687e-01   5.780e-01   0.000e+00   4.473e-01   7.302e-01  0.0000          14  [    0      6         80          1 ]
           0         519       4.568   7.024e-01   6.124e-01   3.805e-01   0.000e+00   3.860e-01   7.137e-01  0.0000          19  [    0      7         80          1 ]
           0         581       4.598   6.706e-01   5.728e-01   3.805e-01   0.000e+00   3.252e-01   6.620e-01  0.0000          25  [    0      8         80          1 ]
           1         741       4.629   6.706e-01   5.728e-01   3.805e-01   0.000e+00   3.252e-01   6.620e-01  0.0000          25  [    1      1        160          1 ]
           1         798       4.653   4.224e-01   5.728e-01   3.805e-01   0.000e+00   2.739e-01   6.409e-01  0.0000          30  [    0      9         80          1 ]
           1         949       4.702   4.224e-01   5.728e-01   3.805e-01   0.000e+00   2.739e-01   6.409e-01  0.0000          30  [    1      2        160          1 ]
           1        1005       4.752   4.224e-01   5.651e-01   3.805e-01   0.000e+00   2.555e-01   6.465e-01  0.0000          34  [    0     10         80          1 ]
           1        1058       4.806   3.528e-01   5.651e-01   3.805e-01   0.000e+00   2.399e-01   4.978e-01  0.0000          41  [    0     11         80          1 ]
           1        1112       4.856   3.528e-01   5.251e-01   3.645e-01   0.000e+00   2.376e-01   4.882e-01  0.0000          47  [    0     12         80          1 ]
           1        1164       4.901   3.528e-01   5.251e-01   2.450e-01   0.000e+00   2.158e-01   4.797e-01  0.0000          52  [    0     13         80          1 ]
           1        1216       4.938   3.528e-01   5.251e-01   2.450e-01   0.000e+00   2.063e-01   4.748e-01  0.0000          58  [    0     14         80          1 ]
           1        1268       4.991   3.417e-01   5.251e-01   2.450e-01   0.000e+00   2.003e-01   4.646e-01  0.0000          62  [    0     15         80          1 ]
           1        1320       5.054   2.656e-01   5.251e-01   2.450e-01   0.000e+00   1.815e-01   4.416e-01  0.0000          72  [    0     16         80          1 ]
           1        1372       5.105   2.656e-01   5.251e-01   2.450e-01   0.000e+00   1.744e-01   4.350e-01  0.0000          75  [    0     17         80          1 ]
           1        1499       5.159   2.656e-01   5.231e-01   2.450e-01   0.000e+00   1.673e-01   4.323e-01  0.0000          75  [    1      3        160          1 ]
           1        1551       5.211   2.656e-01   5.231e-01   2.272e-01   0.000e+00   1.587e-01   4.503e-01  0.0000          78  [    0     18         80          1 ]
           1        1603       5.266   2.656e-01   5.224e-01   1.991e-01   0.000e+00   1.544e-01   4.800e-01  0.0000          88  [    0     19         80          1 ]
           1        1655       5.371   2.270e-01   5.224e-01   1.991e-01   0.000e+00   1.522e-01   4.797e-01  0.0000          95  [    0     20         80          1 ]
           1        1707       5.440   2.270e-01   5.224e-01   1.991e-01   0.000e+00   1.481e-01   4.755e-01  0.0000          99  [    0     21         80          1 ]
           1        1759       5.510   2.270e-01   5.224e-01   1.991e-01   0.000e+00   1.468e-01   4.746e-01  0.0000         105  [    0     22         80          1 ]
           1        1811       5.627   2.270e-01   5.224e-01   1.991e-01   0.000e+00   1.382e-01   4.682e-01  0.0000         107  [    0     23         80          1 ]
           1        1863       5.784   2.270e-01   5.224e-01   1.991e-01   0.000e+00   1.348e-01   4.646e-01  0.0000         117  [    0     24         80          1 ]
           1        1915       5.878   2.270e-01   5.224e-01   1.991e-01   0.000e+00   1.305e-01   4.605e-01  0.0000         120  [    0     25         80          1 ]
           1        2028       6.071   2.270e-01   5.224e-01   1.991e-01   0.000e+00   1.288e-01   4.604e-01  0.0000         128  [    1      4        160          1 ]
           1        2080       6.209   2.270e-01   5.224e-01   1.991e-01   0.000e+00   1.270e-01   4.656e-01  0.0000         131  [    0     26         80          1 ]
           1        2132       6.343   2.228e-01   5.224e-01   1.991e-01   0.000e+00   1.255e-01   4.656e-01  0.0000         136  [    0     27         80          1 ]
           1        2184       6.515   1.199e-01   4.861e-01   1.177e-01   0.000e+00   1.173e-01   4.671e-01  0.0000         130  [    0     28         80          1 ]
           1        2236       6.608   1.199e-01   4.861e-01   1.177e-01   0.000e+00   1.172e-01   4.670e-01  0.0000         135  [    0     29         80          1 ]
           1        2288       6.823   1.199e-01   4.513e-01   8.794e-02   0.000e+00   1.156e-01   4.557e-01  0.0000         139  [    0     30         80          1 ]
           1        2340       6.994   1.199e-01   4.513e-01   8.794e-02   0.000e+00   1.148e-01   4.541e-01  0.0000         142  [    0     31         80          1 ]
           1        2392       7.109   1.199e-01   4.513e-01   8.794e-02   0.000e+00   1.143e-01   4.540e-01  0.0000         142  [    0     32         80          1 ]
           1        2444       7.212   1.199e-01   4.513e-01   8.794e-02   0.000e+00   1.136e-01   4.530e-01  0.0000         145  [    0     33         80          1 ]
           1        2554       7.436   1.199e-01   4.321e-01   8.794e-02   0.000e+00   1.086e-01   4.498e-01  0.0000         166  [    1      5        160          1 ]
           1        2606       7.648   1.199e-01   4.321e-01   8.794e-02   0.000e+00   1.084e-01   4.498e-01  0.0000         167  [    0     34         80          1 ]
           1        2658       7.787   1.199e-01   4.321e-01   8.794e-02   0.000e+00   1.075e-01   4.493e-01  0.0000         172  [    0     35         80          1 ]
           1        2710       7.908   1.199e-01   4.321e-01   8.794e-02   0.000e+00   1.070e-01   4.493e-01  0.0000         175  [    0     36         80          1 ]
           1        2762       8.101   1.199e-01   4.321e-01   8.794e-02   0.000e+00   1.064e-01   4.493e-01  0.0000         181  [    0     37         80          1 ]
           1        2814       8.330   1.199e-01   4.321e-01   8.794e-02   0.000e+00   1.057e-01   5.006e-01  0.0000         183  [    0     38         80          1 ]
           1        2866       8.459   1.199e-01   4.321e-01   8.794e-02   0.000e+00   1.046e-01   4.990e-01  0.0000         181  [    0     39         80          1 ]
           1        2918       8.641   1.199e-01   4.321e-01   8.794e-02   0.000e+00   1.046e-01   4.990e-01  0.0000         185  [    0     40         80          1 ]
           1        2970       8.805   1.199e-01   4.321e-01   8.794e-02   0.000e+00   1.038e-01   4.981e-01  0.0000         188  [    0     41         80          1 ]
           1        3076       8.990   1.199e-01   4.321e-01   8.794e-02   0.000e+00   9.457e-02   4.912e-01  0.0000         202  [    1      6        160          1 ]
           1        3128       9.235   1.199e-01   4.321e-01   8.794e-02   0.000e+00   9.421e-02   4.912e-01  0.0000         209  [    0     42         80          1 ]
           1        3180       9.382   1.199e-01   4.321e-01   8.794e-02   0.000e+00   9.419e-02   4.912e-01  0.0000         211  [    0     43         80          1 ]
           1        3232       9.539   1.199e-01   4.321e-01   8.794e-02   0.000e+00   9.414e-02   4.912e-01  0.0000         215  [    0     44         80          1 ]
           1        3284       9.694   1.199e-01   4.321e-01   8.794e-02   0.000e+00   9.414e-02   4.912e-01  0.0000         216  [    0     45         80          1 ]
           1        3336       9.912   1.199e-01   4.321e-01   8.794e-02   0.000e+00   9.317e-02   4.907e-01  0.0000         220  [    0     46         80          1 ]
           1        3388      10.072   1.199e-01   4.321e-01   8.794e-02   0.000e+00   9.278e-02   4.903e-01  0.0000         224  [    0     47         80          1 ]
           1        3440      10.410   1.199e-01   4.321e-01   8.794e-02   0.000e+00   9.278e-02   4.903e-01  0.0000         224  [    0     48         80          1 ]
           1        3492      10.653   1.199e-01   4.321e-01   8.794e-02   0.000e+00   9.241e-02   4.901e-01  0.0000         226  [    0     49         80          1 ]
           1        3598      10.855   9.624e-02   4.321e-01   8.794e-02   0.000e+00   9.020e-02   4.868e-01  0.0000         245  [    1      7        160          1 ]
           1        3650      11.025   9.624e-02   4.321e-01   8.794e-02   0.000e+00   9.006e-02   4.868e-01  0.0000         251  [    0     50         80          1 ]
           1        3702      11.200   9.624e-02   4.321e-01   8.794e-02   0.000e+00   8.793e-02   4.845e-01  0.0000         257  [    0     51         80          1 ]
           1        3754      11.382   9.624e-02   4.321e-01   8.794e-02   0.000e+00   8.731e-02   4.845e-01  0.0000         260  [    0     52         80          1 ]
           1        3806      11.563   9.624e-02   4.321e-01   8.794e-02   0.000e+00   8.722e-02   4.845e-01  0.0000         263  [    0     53         80          1 ]
           1        3858      11.748   9.624e-02   4.321e-01   8.794e-02   0.000e+00   8.722e-02   4.845e-01  0.0000         264  [    0     54         80          1 ]
           1        3910      12.050   9.624e-02   4.321e-01   8.794e-02   0.000e+00   8.684e-02   4.844e-01  0.0000         269  [    0     55         80          1 ]
           1        3962      12.303   9.624e-02   4.321e-01   8.794e-02   0.000e+00   8.655e-02   4.829e-01  0.0000         273  [    0     56         80          1 ]
           1        4014      12.505   9.624e-02   4.321e-01   8.794e-02   0.000e+00   8.654e-02   4.829e-01  0.0000         274  [    0     57         80          1 ]
           1        4120      12.919   9.624e-02   1.946e-01   6.374e-02   0.000e+00   8.119e-02   4.787e-01  0.0000         286  [    1      8        160          1 ]
           1        4172      13.223   9.624e-02   1.946e-01   6.374e-02   0.000e+00   8.093e-02   4.786e-01  0.0000         292  [    0     58         80          1 ]
           1        4224      13.607   9.624e-02   1.946e-01   6.374e-02   0.000e+00   8.076e-02   4.786e-01  0.0000         294  [    0     59         80          1 ]
           1        4276      13.935   9.624e-02   1.946e-01   6.374e-02   0.000e+00   8.034e-02   4.786e-01  0.0000         298  [    0     60         80          1 ]
           1        4328      14.171   9.624e-02   1.946e-01   6.374e-02   0.000e+00   7.959e-02   4.782e-01  0.0000         300  [    0     61         80          1 ]
           1        4380      14.456   9.624e-02   1.946e-01   6.374e-02   0.000e+00   7.940e-02   4.782e-01  0.0000         305  [    0     62         80          1 ]
           1        4432      14.690   9.624e-02   1.946e-01   6.374e-02   0.000e+00   7.648e-02   4.779e-01  0.0000         302  [    0     63         80          1 ]
           1        4484      14.908   9.624e-02   1.946e-01   6.374e-02   0.000e+00   7.518e-02   4.757e-01  0.0000         305  [    0     64         80          1 ]
           2        4804      15.172   9.624e-02   1.946e-01   6.374e-02   0.000e+00   7.518e-02   4.757e-01  0.0000         305  [    2      1        320          1 ]
           2        4911      15.427   9.395e-02   1.946e-01   6.374e-02   0.000e+00   7.332e-02   4.749e-01  0.0000         323  [    1      9        160          1 ]
           2        5219      15.750   9.395e-02   1.946e-01   6.374e-02   0.000e+00   7.332e-02   4.749e-01  0.0000         323  [    2      2        320          1 ]
           2        5325      16.002   7.542e-02   1.946e-01   6.374e-02   0.000e+00   7.229e-02   4.862e-01  0.0000         342  [    1     10        160          1 ]
           2        5431      16.409   7.542e-02   1.946e-01   6.374e-02   0.000e+00   7.142e-02   4.843e-01  0.0000         360  [    1     11        160          1 ]
           2        5537      16.708   7.542e-02   1.946e-01   6.374e-02   0.000e+00   7.033e-02   4.834e-01  0.0000         377  [    1     12        160          1 ]
           2        5643      17.097   7.542e-02   1.772e-01   6.374e-02   0.000e+00   6.865e-02   4.820e-01  0.0000         386  [    1     13        160          1 ]
           2        5749      17.448   7.542e-02   1.772e-01   6.374e-02   0.000e+00   6.642e-02   4.791e-01  0.0000         402  [    1     14        160          1 ]
           2        5855      17.825   7.542e-02   1.390e-01   6.374e-02   0.000e+00   6.563e-02   4.788e-01  0.0000         416  [    1     15        160          1 ]
           2        5961      18.214   7.105e-02   1.390e-01   6.374e-02   0.000e+00   6.456e-02   4.780e-01  0.0000         423  [    1     16        160          1 ]
           2        6067      18.517   7.105e-02   1.390e-01   6.374e-02   0.000e+00   6.406e-02   4.773e-01  0.0000         427  [    1     17        160          1 ]
           2        6339      18.829   7.105e-02   1.390e-01   6.374e-02   0.000e+00   6.380e-02   4.638e-01  0.0000         430  [    2      3        320          1 ]
           2        6445      19.139   7.105e-02   9.218e-02   6.374e-02   0.000e+00   6.205e-02   4.760e-01  0.0000         439  [    1     18        160          1 ]
           2        6551      19.455   7.105e-02   9.218e-02   6.374e-02   0.000e+00   6.118e-02   4.757e-01  0.0000         451  [    1     19        160          1 ]
           2        6657      19.865   7.105e-02   9.218e-02   6.374e-02   0.000e+00   5.992e-02   4.749e-01  0.0000         460  [    1     20        160          1 ]
           2        6763      20.261   7.105e-02   9.218e-02   6.374e-02   0.000e+00   5.934e-02   4.744e-01  0.0000         472  [    1     21        160          1 ]
           2        6869      20.630   7.105e-02   9.218e-02   6.374e-02   0.000e+00   5.854e-02   4.740e-01  0.0000         486  [    1     22        160          1 ]
           2        6975      20.980   7.105e-02   9.218e-02   6.374e-02   0.000e+00   5.811e-02   4.728e-01  0.0000         496  [    1     23        160          1 ]
           2        7081      21.342   7.105e-02   9.218e-02   6.374e-02   0.000e+00   5.782e-02   4.727e-01  0.0000         504  [    1     24        160          1 ]
           2        7187      21.781   7.105e-02   9.218e-02   6.374e-02   0.000e+00   5.766e-02   4.726e-01  0.0000         509  [    1     25        160          1 ]
           2        7435      22.161   7.105e-02   9.218e-02   6.374e-02   0.000e+00   5.738e-02   4.724e-01  0.0000         513  [    2      4        320          1 ]
           2        7541      22.529   7.105e-02   9.218e-02   6.374e-02   0.000e+00   5.628e-02   4.712e-01  0.0000         519  [    1     26        160          1 ]
           2        7647      22.908   7.105e-02   9.218e-02   6.374e-02   0.000e+00   5.582e-02   4.709e-01  0.0000         528  [    1     27        160          1 ]
           2        7753      23.333   7.105e-02   9.218e-02   6.374e-02   0.000e+00   5.556e-02   4.707e-01  0.0000         537  [    1     28        160          1 ]
           2        7859      23.822   7.105e-02   9.218e-02   6.374e-02   0.000e+00   5.513e-02   4.693e-01  0.0000         543  [    1     29        160          1 ]
           2        7965      24.255   7.105e-02   9.218e-02   6.374e-02   0.000e+00   5.456e-02   4.693e-01  0.0000         551  [    1     30        160          1 ]
           2        8071      24.802   7.105e-02   9.218e-02   6.374e-02   0.000e+00   5.402e-02   4.693e-01  0.0000         559  [    1     31        160          1 ]
           2        8177      25.336   7.105e-02   9.218e-02   6.374e-02   0.000e+00   5.372e-02   3.902e+00  0.0000         562  [    1     32        160          1 ]
           2        8283      25.749   7.105e-02   9.218e-02   6.374e-02   0.000e+00   5.306e-02   3.900e+00  0.0000         570  [    1     33        160          1 ]
           2        8495      26.175   7.105e-02   9.218e-02   6.374e-02   0.000e+00   5.245e-02   3.899e+00  0.0000         591  [    2      5        320          1 ]
           2        8601      26.650   7.105e-02   9.218e-02   6.374e-02   0.000e+00   5.215e-02   3.899e+00  0.0000         597  [    1     34        160          1 ]
           2        8707      27.094   7.105e-02   9.218e-02   6.374e-02   0.000e+00   5.185e-02   3.899e+00  0.0000         600  [    1     35        160          1 ]
           2        8813      27.540   7.105e-02   9.218e-02   6.374e-02   0.000e+00   5.160e-02   3.899e+00  0.0000         605  [    1     36        160          1 ]
           2        8919      27.989   7.105e-02   9.218e-02   6.374e-02   0.000e+00   5.150e-02   3.898e+00  0.0000         611  [    1     37        160          1 ]
           2        9025      28.580   7.105e-02   9.218e-02   6.374e-02   0.000e+00   5.087e-02   3.898e+00  0.0000         617  [    1     38        160          1 ]
           2        9131      29.074   7.105e-02   9.218e-02   6.374e-02   0.000e+00   5.072e-02   3.900e+00  0.0000         623  [    1     39        160          1 ]
           2        9237      29.539   7.105e-02   9.218e-02   6.374e-02   0.000e+00   5.035e-02   3.900e+00  0.0000         640  [    1     40        160          1 ]
           2        9343      30.006   7.105e-02   9.218e-02   6.374e-02   0.000e+00   4.975e-02   3.900e+00  0.0000         651  [    1     41        160          1 ]
           2        9555      30.495   7.105e-02   9.218e-02   6.374e-02   0.000e+00   4.772e-02   3.897e+00  0.0000         697  [    2      6        320          1 ]
           2        9661      31.014   7.105e-02   9.218e-02   6.374e-02   0.000e+00   4.764e-02   3.889e+00  0.0000         707  [    1     42        160          1 ]
           2        9767      31.558   7.105e-02   9.218e-02   6.374e-02   0.000e+00   4.760e-02   3.889e+00  0.0000         712  [    1     43        160          1 ]
           2        9873      32.090   7.105e-02   9.218e-02   6.374e-02   0.000e+00   4.727e-02   3.889e+00  0.0000         717  [    1     44        160          1 ]
           2        9979      32.691   7.105e-02   9.218e-02   6.374e-02   0.000e+00   4.698e-02   3.885e+00  0.0000         724  [    1     45        160          1 ]
           2       10085      33.458   7.105e-02   9.218e-02   6.374e-02   0.000e+00   4.662e-02   3.885e+00  0.0000         732  [    1     46        160          1 ]
           2       10191      34.100   7.105e-02   9.218e-02   5.628e-02   0.000e+00   4.637e-02   3.884e+00  0.0000         737  [    1     47        160          1 ]
           2       10297      34.775   7.105e-02   9.218e-02   5.628e-02   0.000e+00   4.628e-02   3.884e+00  0.0000         747  [    1     48        160          1 ]
           2       10403      35.441   7.105e-02   9.218e-02   5.628e-02   0.000e+00   4.605e-02   3.884e+00  0.0000         757  [    1     49        160          1 ]
           2       10615      36.179   7.105e-02   6.243e-02   5.628e-02   0.000e+00   4.351e-02   3.879e+00  0.0000         826  [    2      7        320          1 ]
           2       10721      37.062   7.105e-02   6.243e-02   5.628e-02   0.000e+00   4.338e-02   3.879e+00  0.0000         833  [    1     50        160          1 ]
           2       10827      37.702   7.105e-02   6.243e-02   5.628e-02   0.000e+00   4.317e-02   3.879e+00  0.0000         841  [    1     51        160          1 ]
           2       10933      38.752   7.105e-02   6.243e-02   5.628e-02   0.000e+00   4.304e-02   3.878e+00  0.0000         852  [    1     52        160          1 ]
           2       11039      39.598   7.105e-02   6.243e-02   5.628e-02   0.000e+00   4.288e-02   3.878e+00  0.0000         861  [    1     53        160          1 ]
           2       11145      40.268   7.105e-02   6.243e-02   5.628e-02   0.000e+00   4.273e-02   3.878e+00  0.0000         870  [    1     54        160          1 ]
           2       11251      40.951   7.105e-02   6.243e-02   5.628e-02   0.000e+00   4.266e-02   3.878e+00  0.0000         876  [    1     55        160          1 ]
           2       11357      41.646   7.105e-02   6.243e-02   5.628e-02   0.000e+00   4.265e-02   3.878e+00  0.0000         886  [    1     56        160          1 ]
           2       11463      42.539   7.105e-02   6.243e-02   5.628e-02   0.000e+00   4.263e-02   3.878e+00  0.0000         893  [    1     57        160          1 ]
           2       11675      43.357   7.105e-02   6.243e-02   5.628e-02   0.000e+00   4.123e-02   3.876e+00  0.0000         935  [    2      8        320          1 ]
           2       11781      44.123   7.105e-02   6.243e-02   5.628e-02   0.000e+00   4.120e-02   3.876e+00  0.0000         944  [    1     58        160          1 ]
           2       11887      45.035   7.105e-02   6.243e-02   5.628e-02   0.000e+00   4.113e-02   3.876e+00  0.0000         950  [    1     59        160          1 ]
           2       11993      45.779   7.105e-02   6.243e-02   5.628e-02   0.000e+00   4.107e-02   3.876e+00  0.0000         961  [    1     60        160          1 ]
           2       12099      46.667   7.105e-02   6.243e-02   5.628e-02   0.000e+00   4.098e-02   3.876e+00  0.0000         969  [    1     61        160          1 ]
           2       12205      47.625   7.105e-02   6.243e-02   5.628e-02   0.000e+00   4.078e-02   3.876e+00  0.0000         980  [    1     62        160          1 ]
           2       12311      48.751   7.105e-02   6.243e-02   5.628e-02   0.000e+00   4.064e-02   3.872e+00  0.0000         988  [    1     63        160          1 ]
           2       12417      49.857   7.105e-02   6.243e-02   5.628e-02   0.000e+00   4.060e-02   3.872e+00  0.0000         993  [    1     64        160          1 ]
           3       13057      50.749   7.105e-02   6.243e-02   5.628e-02   0.000e+00   4.060e-02   3.872e+00  0.0000         993  [    3      1        640          1 ]
           3       13269      51.732   7.105e-02   4.952e-02   5.628e-02   0.000e+00   3.941e-02   3.870e+00  0.5000        1039  [    2      9        320          1 ]
           3       13892      52.792   7.105e-02   4.952e-02   5.628e-02   0.000e+00   3.941e-02   3.870e+00  0.5000        1039  [    3      2        640          1 ]
           3       14104      53.668   7.105e-02   4.952e-02   5.628e-02   0.000e+00   3.866e-02   3.870e+00  0.5000        1080  [    2     10        320          1 ]
           3       14316      54.682   7.105e-02   4.952e-02   4.672e-02   0.000e+00   3.777e-02   3.863e+00  0.5000        1131  [    2     11        320          1 ]
           3       14528      55.683   7.105e-02   3.258e-02   4.672e-02   0.000e+00   3.686e-02   3.862e+00  0.5000        1166  [    2     12        320          1 ]
           3       14740      56.630   7.105e-02   3.258e-02   4.672e-02   0.000e+00   3.625e-02   3.862e+00  0.5000        1196  [    2     13        320          1 ]
           3       14952      57.599   7.105e-02   3.258e-02   4.672e-02   0.000e+00   3.590e-02   3.861e+00  0.5000        1224  [    2     14        320          1 ]
           3       15164      58.602   7.105e-02   3.258e-02   4.672e-02   0.000e+00   3.531e-02   3.861e+00  0.5000        1255  [    2     15        320          1 ]
           3       15376      60.030   7.105e-02   3.258e-02   4.672e-02   0.000e+00   3.509e-02   3.861e+00  0.5000        1282  [    2     16        320          1 ]
           3       15588      61.845   7.105e-02   3.258e-02   4.672e-02   0.000e+00   3.478e-02   3.861e+00  0.5000        1304  [    2     17        320          1 ]
           3       16109      63.113   7.105e-02   3.258e-02   4.672e-02   0.000e+00   3.478e-02   3.861e+00  0.5000        1304  [    3      3        640          1 ]
           3       16321      64.293   7.105e-02   3.258e-02   4.672e-02   0.000e+00   3.441e-02   3.860e+00  0.5000        1326  [    2     18        320          1 ]
           3       16533      65.749   7.105e-02   3.258e-02   4.672e-02   0.000e+00   3.414e-02   3.860e+00  0.5000        1356  [    2     19        320          1 ]
           3       16745      67.000   7.105e-02   3.258e-02   4.672e-02   0.000e+00   3.378e-02   3.860e+00  0.5000        1384  [    2     20        320          1 ]
           3       16957      68.176   7.105e-02   3.258e-02   4.672e-02   0.000e+00   3.350e-02   3.860e+00  0.5000        1405  [    2     21        320          1 ]
           3       17169      69.812   7.105e-02   3.258e-02   4.672e-02   0.000e+00   3.327e-02   3.859e+00  0.5000        1423  [    2     22        320          1 ]
           3       17381      71.565   7.105e-02   3.258e-02   4.672e-02   0.000e+00   3.287e-02   3.859e+00  0.5000        1450  [    2     23        320          1 ]
           3       17593      73.103   7.105e-02   3.258e-02   4.672e-02   0.000e+00   3.273e-02   3.859e+00  0.5000        1470  [    2     24        320          1 ]
           3       17805      74.923   7.105e-02   3.258e-02   4.672e-02   0.000e+00   3.248e-02   3.859e+00  0.5000        1481  [    2     25        320          1 ]
           3       18316      76.634   7.105e-02   3.258e-02   4.672e-02   0.000e+00   3.210e-02   3.859e+00  0.5000        1511  [    3      4        640          1 ]
           3       18528      78.314   7.105e-02   3.258e-02   4.672e-02   0.000e+00   3.185e-02   3.859e+00  0.5000        1528  [    2     26        320          1 ]
           3       18740      80.072   7.105e-02   3.258e-02   4.672e-02   0.000e+00   3.162e-02   3.858e+00  0.5000        1540  [    2     27        320          1 ]
           3       18952      81.504   7.105e-02   3.258e-02   4.672e-02   0.000e+00   3.129e-02   3.858e+00  0.5000        1566  [    2     28        320          1 ]
           3       19164      82.913   7.105e-02   3.258e-02   4.672e-02   0.000e+00   3.106e-02   3.858e+00  0.5000        1588  [    2     29        320          1 ]
           3       19376      85.043   7.105e-02   3.258e-02   4.672e-02   0.000e+00   3.086e-02   3.858e+00  0.5000        1603  [    2     30        320          1 ]
           3       19588      86.974   7.105e-02   3.258e-02   4.672e-02   0.000e+00   3.068e-02   3.858e+00  0.5000        1628  [    2     31        320          1 ]
           3       19800      88.394   7.105e-02   3.258e-02   4.672e-02   0.000e+00   3.049e-02   3.858e+00  0.5000        1658  [    2     32        320          1 ]
           3       20012      90.004   7.105e-02   3.258e-02   4.672e-02   0.000e+00   3.040e-02   3.857e+00  0.5000        1667  [    2     33        320          1 ]
           3       20431      91.709   7.105e-02   3.258e-02   4.672e-02   0.000e+00   2.949e-02   3.856e+00  0.5000        1742  [    3      5        640          1 ]
           3       20643      93.275   7.105e-02   3.258e-02   4.672e-02   0.000e+00   2.943e-02   3.856e+00  0.5000        1761  [    2     34        320          1 ]
           3       20855      95.089   7.105e-02   3.258e-02   4.672e-02   0.000e+00   2.931e-02   3.855e+00  0.5000        1782  [    2     35        320          1 ]
           3       21067      96.954   7.105e-02   3.258e-02   4.672e-02   0.000e+00   2.904e-02   3.855e+00  0.5000        1801  [    2     36        320          1 ]
           3       21279      98.539   7.105e-02   3.258e-02   4.672e-02   0.000e+00   2.890e-02   3.855e+00  0.5000        1814  [    2     37        320          1 ]
           3       21491     100.136   7.105e-02   3.258e-02   4.672e-02   0.000e+00   2.885e-02   3.855e+00  0.5000        1826  [    2     38        320          1 ]
           3       21703     101.747   7.105e-02   3.258e-02   4.672e-02   0.000e+00   2.876e-02   3.855e+00  0.5000        1840  [    2     39        320          1 ]
           3       21915     103.640   7.105e-02   3.258e-02   4.672e-02   0.000e+00   2.867e-02   3.855e+00  0.5000        1852  [    2     40        320          1 ]
           3       22127     106.331   7.105e-02   3.258e-02   4.672e-02   0.000e+00   2.849e-02   3.855e+00  0.5000        1859  [    2     41        320          1 ]
           3       22546     109.700   7.105e-02   3.258e-02   4.672e-02   0.000e+00   2.743e-02   3.854e+00  0.5000        1948  [    3      6        640          1 ]
           3       22758     111.918   7.105e-02   3.258e-02   4.672e-02   0.000e+00   2.718e-02   3.854e+00  0.5000        1968  [    2     42        320          1 ]
           3       22970     114.236   7.105e-02   3.258e-02   4.672e-02   0.000e+00   2.704e-02   3.853e+00  0.5000        1985  [    2     43        320          1 ]
           3       23182     116.179   7.105e-02   3.258e-02   4.672e-02   0.000e+00   2.689e-02   3.853e+00  0.5000        2007  [    2     44        320          1 ]
           3       23394     117.982   7.105e-02   3.258e-02   4.672e-02   0.000e+00   2.685e-02   3.853e+00  0.5000        2011  [    2     45        320          1 ]
           3       23606     119.811   7.105e-02   3.258e-02   4.672e-02   0.000e+00   2.679e-02   3.853e+00  0.5000        2024  [    2     46        320          1 ]
           3       23818     121.826   6.045e-02   3.258e-02   4.672e-02   0.000e+00   2.664e-02   3.853e+00  0.5000        2038  [    2     47        320          1 ]
           3       24030     124.335   6.045e-02   3.258e-02   4.672e-02   0.000e+00   2.654e-02   3.853e+00  0.5000        2055  [    2     48        320          1 ]
           3       24242     126.916   6.045e-02   3.258e-02   4.672e-02   0.000e+00   2.637e-02   3.852e+00  0.5000        2075  [    2     49        320          1 ]
           3       24661     129.489   6.045e-02   3.258e-02   4.672e-02   0.000e+00   2.557e-02   3.851e+00  0.5000        2160  [    3      7        640          1 ]
           3       24873     131.743   6.045e-02   3.258e-02   4.672e-02   0.000e+00   2.548e-02   3.851e+00  0.5000        2170  [    2     50        320          1 ]
           3       25085     133.981   6.045e-02   3.258e-02   4.672e-02   0.000e+00   2.543e-02   3.851e+00  0.5000        2180  [    2     51        320          1 ]
           3       25297     136.245   6.045e-02   3.258e-02   4.672e-02   0.000e+00   2.538e-02   3.851e+00  0.5000        2192  [    2     52        320          1 ]
           3       25509     138.321   6.045e-02   3.258e-02   3.937e-02   0.000e+00   2.534e-02   3.851e+00  0.5000        2210  [    2     53        320          1 ]
           3       25721     140.500   6.045e-02   3.258e-02   3.937e-02   0.000e+00   2.527e-02   3.851e+00  0.5000        2227  [    2     54        320          1 ]
           3       25933     142.605   6.035e-02   3.258e-02   3.937e-02   0.000e+00   2.521e-02   3.852e+00  0.5000        2244  [    2     55        320          1 ]
           3       26145     144.900   6.035e-02   3.258e-02   3.937e-02   0.000e+00   2.519e-02   3.852e+00  0.5000        2260  [    2     56        320          1 ]
           3       26357     147.469   6.035e-02   3.258e-02   3.937e-02   0.000e+00   2.509e-02   3.852e+00  0.5000        2272  [    2     57        320          1 ]
           3       26776     149.775   6.035e-02   3.258e-02   3.937e-02   0.000e+00   2.437e-02   3.864e+00  0.5000        2381  [    3      8        640          1 ]
           3       26988     152.446   6.035e-02   3.258e-02   3.937e-02   0.000e+00   2.431e-02   3.864e+00  0.5000        2391  [    2     58        320          1 ]
           3       27200     154.975   6.035e-02   3.258e-02   3.937e-02   0.000e+00   2.424e-02   3.864e+00  0.5000        2405  [    2     59        320          1 ]
           3       27412     157.744   6.035e-02   3.258e-02   3.937e-02   0.000e+00   2.408e-02   3.864e+00  0.5000        2421  [    2     60        320          1 ]
           3       27624     160.464   6.035e-02   3.258e-02   3.937e-02   0.000e+00   2.400e-02   3.864e+00  0.5000        2435  [    2     61        320          1 ]
           3       27836     163.220   6.035e-02   3.258e-02   3.937e-02   0.000e+00   2.397e-02   3.864e+00  0.5000        2457  [    2     62        320          1 ]
           3       28048     165.911   6.035e-02   3.258e-02   3.937e-02   0.000e+00   2.391e-02   3.864e+00  0.5000        2465  [    2     63        320          1 ]
           3       28260     169.330   6.035e-02   3.258e-02   3.937e-02   0.000e+00   2.387e-02   3.864e+00  0.5000        2480  [    2     64        320          1 ]
           4       29540     172.212   6.035e-02   3.258e-02   3.937e-02   0.000e+00   2.387e-02   3.864e+00  0.5000        2480  [    4      1       1280          1 ]
           4       29959     175.811   6.035e-02   3.258e-02   3.937e-02   0.000e+00   2.324e-02   3.862e+00  0.5000        2571  [    3      9        640          1 ]
           4       31170     178.669   6.035e-02   3.258e-02   3.937e-02   0.000e+00   2.324e-02   3.862e+00  0.5000        2571  [    4      2       1280          1 ]
           4       31589     182.708   4.131e-02   3.258e-02   3.937e-02   0.000e+00   2.277e-02   3.856e+00  0.5000        2664  [    3     10        640          1 ]
           4       32008     185.673   4.131e-02   3.258e-02   3.937e-02   0.000e+00   2.242e-02   3.856e+00  0.5000        2739  [    3     11        640          1 ]
           4       32427     188.582   4.131e-02   3.258e-02   3.937e-02   0.000e+00   2.212e-02   3.855e+00  0.5000        2823  [    3     12        640          1 ]
           4       32846     191.414   3.759e-02   3.258e-02   3.937e-02   0.000e+00   2.190e-02   3.855e+00  0.5000        2882  [    3     13        640          1 ]
           4       33265     194.585   3.759e-02   3.258e-02   3.937e-02   0.000e+00   2.168e-02   3.855e+00  0.5000        2954  [    3     14        640          1 ]
           4       33684     198.544   3.759e-02   3.258e-02   3.937e-02   0.000e+00   2.151e-02   3.855e+00  0.5000        3011  [    3     15        640          1 ]
           4       34103     201.694   3.759e-02   3.258e-02   3.937e-02   0.000e+00   2.132e-02   3.855e+00  0.5000        3068  [    3     16        640          1 ]
           4       34522     211.354   3.759e-02   3.258e-02   3.937e-02   0.000e+00   2.406e-02   3.857e+00  0.5000        1868  [    3     17        640          1 ]
           4       35641     213.942   3.759e-02   3.258e-02   3.937e-02   0.000e+00   2.406e-02   3.857e+00  0.5000        1871  [    4      3       1280          1 ]
           4       36060     216.729   3.759e-02   3.258e-02   3.937e-02   0.000e+00   2.377e-02   3.857e+00  0.5000        1947  [    3     18        640          1 ]
           4       36479     220.101   3.759e-02   3.258e-02   3.937e-02   0.000e+00   2.356e-02   3.857e+00  0.5000        2005  [    3     19        640          1 ]
           4       36898     222.847   3.759e-02   3.258e-02   3.937e-02   0.000e+00   2.326e-02   3.857e+00  0.5000        2081  [    3     20        640          1 ]
           4       37317     225.749   3.759e-02   3.258e-02   3.937e-02   0.000e+00   2.294e-02   3.856e+00  0.5000        2155  [    3     21        640          1 ]
           4       37736     228.842   3.759e-02   3.258e-02   3.937e-02   0.000e+00   2.280e-02   3.856e+00  0.5000        2219  [    3     22        640          1 ]
           4       38155     232.161   3.759e-02   3.258e-02   3.937e-02   0.000e+00   2.266e-02   3.856e+00  0.5000        2264  [    3     23        640          1 ]
           4       38574     235.490   3.759e-02   3.258e-02   3.937e-02   0.000e+00   2.246e-02   3.856e+00  0.5000        2308  [    3     24        640          1 ]
           4       38993     238.754   3.759e-02   3.258e-02   3.937e-02   0.000e+00   2.232e-02   3.856e+00  0.5000        2357  [    3     25        640          1 ]
           4       40046     242.534   3.759e-02   3.258e-02   3.937e-02   0.000e+00   2.226e-02   3.855e+00  0.5000        2379  [    4      4       1280          1 ]
           4       40465     245.746   3.759e-02   3.258e-02   3.937e-02   0.000e+00   2.213e-02   3.855e+00  0.5000        2427  [    3     26        640          1 ]
           4       40884     249.331   3.759e-02   3.258e-02   3.937e-02   0.000e+00   2.201e-02   3.855e+00  0.5000        2473  [    3     27        640          1 ]
           4       41303     253.039   3.759e-02   3.258e-02   3.937e-02   0.000e+00   2.189e-02   3.855e+00  0.5000        2511  [    3     28        640          1 ]
           4       41722     257.520   3.759e-02   3.258e-02   3.937e-02   0.000e+00   2.181e-02   3.851e+00  0.5000        2555  [    3     29        640          1 ]
           4       42141     262.107   3.759e-02   3.258e-02   3.937e-02   0.000e+00   2.170e-02   3.851e+00  0.5000        2600  [    3     30        640          1 ]
           4       42560     266.246   3.759e-02   3.258e-02   3.937e-02   0.000e+00   2.162e-02   3.851e+00  0.5000        2636  [    3     31        640          1 ]
           4       42979     269.766   3.759e-02   3.258e-02   3.937e-02   0.000e+00   2.149e-02   3.851e+00  0.5000        2683  [    3     32        640          1 ]
           4       43398     273.240   3.759e-02   3.258e-02   3.937e-02   0.000e+00   2.132e-02   3.851e+00  0.5000        2723  [    3     33        640          1 ]
           4       44247     277.458   3.759e-02   3.258e-02   3.937e-02   0.000e+00   2.117e-02   3.851e+00  0.5000        2790  [    4      5       1280          1 ]
           4       44666     281.639   3.759e-02   3.258e-02   3.937e-02   0.000e+00   2.109e-02   3.851e+00  0.5000        2830  [    3     34        640          1 ]
           4       45085     286.521   3.759e-02   3.258e-02   3.937e-02   0.000e+00   2.098e-02   3.850e+00  0.5000        2870  [    3     35        640          1 ]
           4       45504     291.173   3.759e-02   3.258e-02   3.937e-02   0.000e+00   2.086e-02   3.850e+00  0.5000        2918  [    3     36        640          1 ]
           4       45923     295.318   3.759e-02   3.258e-02   3.937e-02   0.000e+00   2.072e-02   3.850e+00  0.5000        2953  [    3     37        640          1 ]
           4       46342     300.222   3.759e-02   3.258e-02   3.937e-02   0.000e+00   2.063e-02   3.850e+00  0.5000        2997  [    3     38        640          1 ]
           4       46761     304.636   3.759e-02   3.258e-02   3.937e-02   0.000e+00   2.053e-02   3.850e+00  0.5000        3029  [    3     39        640          1 ]
           4       47180     309.904   3.759e-02   3.258e-02   3.937e-02   0.000e+00   2.046e-02   3.850e+00  0.5000        3061  [    3     40        640          1 ]
           4       47599     315.228   3.759e-02   3.258e-02   3.937e-02   0.000e+00   2.039e-02   3.850e+00  0.5000        3087  [    3     41        640          1 ]
           4       48442     331.691   3.759e-02   3.258e-02   3.937e-02   0.000e+00   2.291e-02   3.858e+00  0.5000        1905  [    4      6       1280          1 ]
           4       48861     335.273   3.759e-02   3.258e-02   3.937e-02   0.000e+00   2.280e-02   3.858e+00  0.5000        1928  [    3     42        640          1 ]
           4       49280     338.640   3.759e-02   3.258e-02   3.937e-02   0.000e+00   2.271e-02   3.858e+00  0.5000        1945  [    3     43        640          1 ]
           4       49699     341.972   3.759e-02   3.258e-02   3.937e-02   0.000e+00   2.268e-02   3.853e+00  0.5000        1961  [    3     44        640          1 ]
           4       50118     345.317   3.759e-02   3.258e-02   3.937e-02   0.000e+00   2.265e-02   3.853e+00  0.5000        1969  [    3     45        640          1 ]
           4       50537     348.003   3.759e-02   3.258e-02   3.937e-02   0.000e+00   2.257e-02   3.853e+00  0.5000        1977  [    3     46        640          1 ]
           4       50956     350.919   3.759e-02   3.258e-02   3.937e-02   0.000e+00   2.252e-02   3.853e+00  0.5000        1987  [    3     47        640          1 ]
           4       51375     353.909   3.759e-02   3.258e-02   3.937e-02   0.000e+00   2.249e-02   3.853e+00  0.5000        1996  [    3     48        640          1 ]
           4       51794     357.551   3.759e-02   3.258e-02   3.937e-02   0.000e+00   2.240e-02   3.853e+00  0.5000        2017  [    3     49        640          1 ]
           4       52637     361.308   3.759e-02   3.258e-02   2.921e-02   0.000e+00   2.194e-02   3.852e+00  0.5000        2086  [    4      7       1280          1 ]
           4       53056     365.061   3.759e-02   3.258e-02   2.921e-02   0.000e+00   2.186e-02   3.852e+00  0.5000        2098  [    3     50        640          1 ]
           4       53475     367.895   3.759e-02   3.258e-02   2.921e-02   0.000e+00   2.179e-02   3.852e+00  0.5000        2108  [    3     51        640          1 ]
           4       53894     370.884   3.759e-02   3.258e-02   2.921e-02   0.000e+00   2.177e-02   3.852e+00  0.5000        2111  [    3     52        640          1 ]
           4       54313     374.024   3.759e-02   3.258e-02   2.921e-02   0.000e+00   2.165e-02   3.852e+00  0.5000        2123  [    3     53        640          1 ]
           4       54732     377.166   3.759e-02   3.258e-02   2.921e-02   0.000e+00   2.161e-02   3.852e+00  0.5000        2145  [    3     54        640          1 ]
           4       55151     380.035   3.759e-02   3.258e-02   2.921e-02   0.000e+00   2.157e-02   3.852e+00  0.5000        2159  [    3     55        640          1 ]
           4       55570     382.978   3.759e-02   3.258e-02   2.921e-02   0.000e+00   2.154e-02   3.852e+00  0.5000        2167  [    3     56        640          1 ]
           4       55989     385.140   3.759e-02   3.258e-02   2.921e-02   0.000e+00   2.152e-02   3.852e+00  0.5000        2179  [    3     57        640          1 ]
           4       56832     387.752   2.129e-02   1.271e-02   2.921e-02   0.000e+00   2.124e-02   3.852e+00  0.5000        2244  [    4      8       1280          1 ]
           4       57251     390.102   2.129e-02   1.271e-02   2.921e-02   0.000e+00   2.120e-02   3.852e+00  0.5000        2257  [    3     58        640          1 ]
           4       57670     392.765   2.129e-02   1.271e-02   2.921e-02   0.000e+00   2.118e-02   3.851e+00  0.5000        2265  [    3     59        640          1 ]
           4       58089     395.615   2.129e-02   1.271e-02   2.921e-02   0.000e+00   2.116e-02   3.851e+00  0.5000        2274  [    3     60        640          1 ]
           4       58508     398.567   2.129e-02   1.271e-02   2.921e-02   0.000e+00   2.115e-02   3.851e+00  0.5000        2277  [    3     61        640          1 ]
           4       58927     401.862   2.129e-02   1.271e-02   2.921e-02   0.000e+00   2.112e-02   3.851e+00  0.5000        2289  [    3     62        640          1 ]
           4       59346     405.366   2.129e-02   1.271e-02   2.921e-02   0.000e+00   2.109e-02   3.851e+00  0.5000        2294  [    3     63        640          1 ]
           4       59765     408.356   2.129e-02   1.271e-02   2.921e-02   0.000e+00   2.108e-02   3.851e+00  0.5000        2295  [    3     64        640          1 ]
           5       62325     410.855   2.129e-02   1.271e-02   2.921e-02   0.000e+00   2.108e-02   3.851e+00  0.5000        2295  [    5      1       2560          1 ]
           5       63168     413.251   2.129e-02   1.271e-02   2.921e-02   0.000e+00   2.080e-02   3.850e+00  0.5000        2341  [    4      9       1280          1 ]
           5       65658     416.828   2.129e-02   1.271e-02   2.921e-02   0.000e+00   2.080e-02   3.850e+00  0.5000        2341  [    5      2       2560          1 ]
           5       66501     420.479   2.129e-02   1.271e-02   2.921e-02   0.000e+00   2.055e-02   3.850e+00  0.5000        2365  [    4     10       1280          1 ]
           5       67344     423.912   2.129e-02   1.271e-02   2.921e-02   0.000e+00   2.035e-02   3.849e+00  0.5000        2398  [    4     11       1280          1 ]
           5       68187     426.438   2.129e-02   1.271e-02   2.921e-02   0.000e+00   2.021e-02   3.849e+00  0.5000        2432  [    4     12       1280          1 ]
           5       69030     429.176   2.129e-02   1.271e-02   2.785e-02   0.000e+00   2.013e-02   3.849e+00  0.5000        2449  [    4     13       1280          1 ]
           5       69873     432.508   2.129e-02   1.271e-02   1.913e-02   0.000e+00   2.005e-02   3.849e+00  0.5000        2457  [    4     14       1280          1 ]
           5       70716     436.632   2.129e-02   1.271e-02   1.913e-02   0.000e+00   1.995e-02   3.849e+00  0.5000        2481  [    4     15       1280          1 ]
           5       71559     440.782   2.129e-02   1.271e-02   1.913e-02   0.000e+00   1.988e-02   3.849e+00  0.5000        2499  [    4     16       1280          1 ]
           5       72402     444.143   2.129e-02   1.271e-02   1.913e-02   0.000e+00   1.981e-02   3.848e+00  0.5000        2521  [    4     17       1280          1 ]
           5       74704     448.551   2.129e-02   1.271e-02   1.913e-02   0.000e+00   1.980e-02   3.848e+00  0.5000        2522  [    5      3       2560          1 ]
           5       75547     452.305   2.129e-02   1.271e-02   1.913e-02   0.000e+00   1.968e-02   3.848e+00  0.5000        2544  [    4     18       1280          1 ]
           5       76390     455.858   2.129e-02   1.271e-02   1.913e-02   0.000e+00   1.962e-02   3.848e+00  0.5000        2563  [    4     19       1280          1 ]
           5       77233     458.742   2.129e-02   1.271e-02   1.913e-02   0.000e+00   1.954e-02   3.848e+00  0.5000        2573  [    4     20       1280          1 ]
           5       78076     461.475   2.129e-02   1.271e-02   1.913e-02   0.000e+00   1.948e-02   3.848e+00  0.5000        2586  [    4     21       1280          1 ]
           5       78919     464.900   2.129e-02   1.271e-02   1.913e-02   0.000e+00   1.939e-02   3.848e+00  0.5000        2601  [    4     22       1280          1 ]
           5       79762     467.873   2.129e-02   1.271e-02   1.913e-02   0.000e+00   1.934e-02   3.848e+00  0.5000        2616  [    4     23       1280          1 ]
           5       80605     471.002   2.129e-02   1.271e-02   1.913e-02   0.000e+00   1.930e-02   3.848e+00  0.5000        2629  [    4     24       1280          1 ]
           5       81448     474.951   2.129e-02   1.271e-02   1.913e-02   0.000e+00   1.924e-02   3.848e+00  0.5000        2634  [    4     25       1280          1 ]
           5       83688     479.021   2.129e-02   1.271e-02   1.913e-02   0.000e+00   1.924e-02   3.848e+00  0.5000        2639  [    5      4       2560          1 ]
           5       84531     482.269   2.129e-02   1.271e-02   1.913e-02   0.000e+00   1.920e-02   3.848e+00  0.5000        2650  [    4     26       1280          1 ]
           5       85374     485.835   2.129e-02   1.271e-02   1.913e-02   0.000e+00   1.914e-02   3.847e+00  0.5000        2663  [    4     27       1280          1 ]
           5       86217     490.171   1.969e-02   1.271e-02   1.913e-02   0.000e+00   1.912e-02   3.847e+00  0.5000        2672  [    4     28       1280          1 ]
           5       87060     493.195   1.969e-02   1.271e-02   1.913e-02   0.000e+00   1.910e-02   3.847e+00  0.5000        2689  [    4     29       1280          1 ]
           5       87903     496.435   1.969e-02   1.271e-02   1.913e-02   0.000e+00   1.908e-02   3.847e+00  0.5000        2698  [    4     30       1280          1 ]
           5       88746     500.273   1.969e-02   1.271e-02   1.913e-02   0.000e+00   1.906e-02   3.847e+00  0.5000        2707  [    4     31       1280          1 ]
           5       89589     504.113   1.969e-02   1.271e-02   1.913e-02   0.000e+00   1.901e-02   3.847e+00  0.5000        2713  [    4     32       1280          1 ]
           5       90432     507.186   1.957e-02   1.222e-02   1.913e-02   0.000e+00   1.898e-02   3.847e+00  0.5000        2725  [    4     33       1280          1 ]
           5       92550     511.447   1.957e-02   1.222e-02   1.913e-02   0.000e+00   1.897e-02   3.848e+00  0.5000        2725  [    5      5       2560          1 ]
           5       93393     514.545   1.957e-02   1.222e-02   1.913e-02   0.000e+00   1.892e-02   3.847e+00  0.5000        2738  [    4     34       1280          1 ]
           5       94236     517.897   1.957e-02   1.222e-02   1.913e-02   0.000e+00   1.884e-02   3.847e+00  0.5000        2744  [    4     35       1280          1 ]
           5       95079     521.387   1.957e-02   1.222e-02   1.913e-02   0.000e+00   1.881e-02   3.847e+00  0.5000        2746  [    4     36       1280          1 ]
           5       95922     525.100   1.957e-02   1.222e-02   1.913e-02   0.000e+00   1.875e-02   3.847e+00  0.5000        2753  [    4     37       1280          1 ]
           5       96765     528.831   1.733e-02   1.222e-02   1.913e-02   0.000e+00   1.872e-02   3.847e+00  0.5000        2764  [    4     38       1280          1 ]
           5       97608     531.906   1.733e-02   1.222e-02   1.263e-02   0.000e+00   1.869e-02   3.847e+00  0.5000        2774  [    4     39       1280          1 ]
           5       98451     535.501   1.733e-02   1.222e-02   1.263e-02   0.000e+00   1.865e-02   3.847e+00  0.5000        2782  [    4     40       1280          1 ]
           5       99294     539.653   1.733e-02   1.222e-02   1.263e-02   0.000e+00   1.862e-02   3.847e+00  0.5000        2788  [    4     41       1280          1 ]
           5      100981     544.663   1.733e-02   1.222e-02   1.263e-02   0.000e+00   1.859e-02   3.847e+00  0.5000        2793  [    5      6       2560          1 ]
           5      101824     548.101   1.733e-02   1.222e-02   1.263e-02   0.000e+00   1.855e-02   3.847e+00  0.5000        2800  [    4     42       1280          1 ]
           5      102667     551.106   1.733e-02   1.222e-02   1.263e-02   0.000e+00   1.852e-02   3.847e+00  0.5000        2807  [    4     43       1280          1 ]
           5      103510     554.595   1.733e-02   1.222e-02   1.263e-02   0.000e+00   1.850e-02   3.847e+00  0.5000        2813  [    4     44       1280          1 ]
           5      104353     558.103   1.733e-02   1.222e-02   1.263e-02   0.000e+00   1.846e-02   3.847e+00  0.5000        2824  [    4     45       1280          1 ]
           5      105196     561.227   1.385e-02   1.222e-02   1.263e-02   0.000e+00   1.839e-02   3.847e+00  0.5000        2831  [    4     46       1280          1 ]
           5      106039     564.576   1.385e-02   1.222e-02   1.263e-02   0.000e+00   1.837e-02   3.847e+00  0.5000        2834  [    4     47       1280          1 ]
           5      106882     568.381   1.385e-02   1.222e-02   1.263e-02   0.000e+00   1.832e-02   3.847e+00  0.5000        2833  [    4     48       1280          1 ]
           5      107725     571.703   1.385e-02   1.222e-02   1.263e-02   0.000e+00   1.827e-02   3.847e+00  0.5000        2834  [    4     49       1280          1 ]
           5      109389     575.609   1.385e-02   1.222e-02   1.263e-02   0.000e+00   1.809e-02   3.846e+00  0.5000        2844  [    5      7       2560          1 ]
           5      110232     579.416   1.385e-02   1.222e-02   1.263e-02   0.000e+00   1.809e-02   3.846e+00  0.5000        2850  [    4     50       1280          1 ]
           5      111075     583.150   1.385e-02   1.222e-02   4.516e-03   0.000e+00   1.806e-02   3.846e+00  0.5000        2850  [    4     51       1280          1 ]
           5      111918     586.628   1.385e-02   1.222e-02   4.516e-03   0.000e+00   1.803e-02   3.846e+00  0.5000        2850  [    4     52       1280          1 ]
           5      112761     589.870   1.385e-02   1.122e-02   4.516e-03   0.000e+00   1.801e-02   3.846e+00  0.5000        2856  [    4     53       1280          1 ]
           5      113604     593.128   1.385e-02   1.122e-02   4.516e-03   0.000e+00   1.797e-02   3.846e+00  0.5000        2863  [    4     54       1280          1 ]
           5      114447     596.378   1.385e-02   5.689e-03   4.516e-03   0.000e+00   1.795e-02   3.846e+00  0.5000        2868  [    4     55       1280          1 ]
           5      115290     599.471   1.385e-02   5.689e-03   4.516e-03   0.000e+00   1.792e-02   3.846e+00  0.5000        2875  [    4     56       1280          1 ]
           5      116133     602.625   1.385e-02   5.689e-03   4.516e-03   0.000e+00   1.788e-02   3.846e+00  0.5000        2881  [    4     57       1280          1 ]
           5      117797     607.006   1.385e-02   5.689e-03   4.516e-03   0.000e+00   1.771e-02   3.846e+00  0.5000        2906  [    5      8       2560          1 ]
           5      118640     610.407   1.385e-02   5.689e-03   4.516e-03   0.000e+00   1.771e-02   3.846e+00  0.5000        2914  [    4     58       1280          1 ]
           5      119483     613.677   1.385e-02   5.689e-03   4.516e-03   0.000e+00   1.768e-02   3.846e+00  0.5000        2916  [    4     59       1280          1 ]
           5      120326     617.163   1.211e-02   4.368e-03   4.516e-03   0.000e+00   1.763e-02   3.846e+00  0.5000        2921  [    4     60       1280          1 ]
           5      121169     620.543   1.211e-02   4.368e-03   4.516e-03   0.000e+00   1.762e-02   3.846e+00  0.5000        2925  [    4     61       1280          1 ]
           5      122012     623.990   1.211e-02   4.368e-03   4.516e-03   0.000e+00   1.759e-02   3.847e+00  0.5000        2930  [    4     62       1280          1 ]
           5      122855     627.176   1.211e-02   4.368e-03   4.516e-03   0.000e+00   1.757e-02   3.846e+00  0.5000        2933  [    4     63       1280          1 ]
           5      123698     630.489   1.211e-02   4.368e-03   4.516e-03   0.000e+00   1.756e-02   3.846e+00  0.5000        2938  [    4     64       1280          1 ]
           6      128818     634.356   1.211e-02   4.368e-03   4.516e-03   0.000e+00   1.756e-02   3.846e+00  0.5000        2938  [    6      1       5120          1 ]
           6      130482     638.566   1.211e-02   4.368e-03   4.516e-03   0.000e+00   1.745e-02   3.845e+00  0.5000        2944  [    5      9       2560          1 ]
           6      135405     642.515   1.211e-02   4.368e-03   4.516e-03   0.000e+00   1.745e-02   3.845e+00  0.5000        2944  [    6      2       5120          1 ]
           6      137069     647.333   1.211e-02   4.368e-03   4.516e-03   0.000e+00   1.733e-02   3.845e+00  0.5000        2963  [    5     10       2560          1 ]
           6      138734     651.509   1.211e-02   4.368e-03   4.516e-03   0.000e+00   1.722e-02   3.845e+00  0.5000        2972  [    5     11       2560          1 ]
           6      140398     655.403   1.211e-02   4.368e-03   4.516e-03   0.000e+00   1.718e-02   3.845e+00  0.5000        2979  [    5     12       2560          1 ]
           6      142066     659.611   1.211e-02   4.368e-03   4.516e-03   0.000e+00   1.707e-02   3.845e+00  0.5000        2983  [    5     13       2560          1 ]
           6      143732     663.902   1.211e-02   4.368e-03   4.516e-03   0.000e+00   1.699e-02   3.845e+00  0.5000        2995  [    5     14       2560          1 ]
           6      145400     668.284   1.211e-02   4.368e-03   4.516e-03   0.000e+00   1.692e-02   3.844e+00  0.5000        3005  [    5     15       2560          1 ]
           6      147069     672.284   1.211e-02   4.368e-03   4.516e-03   0.000e+00   1.686e-02   3.844e+00  0.5000        3012  [    5     16       2560          1 ]
           6      148740     676.696   8.636e-03   4.368e-03   4.516e-03   0.000e+00   1.683e-02   3.844e+00  0.5000        3025  [    5     17       2560          1 ]
           6      153555     682.268   8.636e-03   4.368e-03   4.516e-03   0.000e+00   1.683e-02   3.844e+00  0.5000        3025  [    6      3       5120          1 ]
           6      155220     686.126   8.636e-03   4.368e-03   4.516e-03   0.000e+00   1.681e-02   3.844e+00  0.5000        3036  [    5     18       2560          1 ]
           6      156887     690.137   8.636e-03   4.368e-03   4.516e-03   0.000e+00   1.678e-02   3.844e+00  0.5000        3037  [    5     19       2560          1 ]
           6      158565     694.614   8.636e-03   4.368e-03   4.516e-03   0.000e+00   1.676e-02   3.844e+00  0.5000        3047  [    5     20       2560          1 ]
           6      160234     699.038   8.636e-03   4.368e-03   4.516e-03   0.000e+00   1.673e-02   3.844e+00  0.5000        3055  [    5     21       2560          1 ]
           6      161907     703.000   8.115e-03   4.368e-03   4.516e-03   0.000e+00   1.666e-02   3.844e+00  0.5000        3062  [    5     22       2560          1 ]
           6      163572     707.036   8.115e-03   4.368e-03   4.516e-03   0.000e+00   1.664e-02   3.844e+00  0.5000        3066  [    5     23       2560          1 ]
           6      165236     711.507   8.115e-03   4.368e-03   4.516e-03   0.000e+00   1.662e-02   3.844e+00  0.5000        3073  [    5     24       2560          1 ]
           6      166903     715.705   8.115e-03   4.368e-03   4.516e-03   0.000e+00   1.657e-02   3.843e+00  0.5000        3081  [    5     25       2560          1 ]
           6      171480     721.993   8.115e-03   4.368e-03   4.516e-03   0.000e+00   1.657e-02   3.843e+00  0.5000        3081  [    6      4       5120          1 ]
           6      173144     726.402   8.115e-03   4.368e-03   4.516e-03   0.000e+00   1.655e-02   3.844e+00  0.5000        3085  [    5     26       2560          1 ]
           6      174810     730.512   8.115e-03   4.368e-03   4.516e-03   0.000e+00   1.653e-02   3.844e+00  0.5000        3090  [    5     27       2560          1 ]
           6      176477     735.058   8.115e-03   4.368e-03   4.516e-03   0.000e+00   1.651e-02   3.844e+00  0.5000        3091  [    5     28       2560          1 ]
           6      178146     739.447   8.115e-03   4.368e-03   4.516e-03   0.000e+00   1.649e-02   3.844e+00  0.5000        3093  [    5     29       2560          1 ]
           6      179821     743.541   8.115e-03   4.368e-03   3.559e-03   0.000e+00   1.648e-02   3.844e+00  0.5000        3097  [    5     30       2560          1 ]
           6      181493     748.225   5.309e-03   4.368e-03   3.559e-03   0.000e+00   1.646e-02   3.844e+00  0.5000        3103  [    5     31       2560          1 ]
           6      183162     752.597   5.309e-03   4.368e-03   3.559e-03   0.000e+00   1.642e-02   3.844e+00  0.5000        3098  [    5     32       2560          1 ]
           6      184839     756.912   5.309e-03   4.368e-03   3.559e-03   0.000e+00   1.638e-02   3.844e+00  0.5000        3100  [    5     33       2560          1 ]
           6      189286     763.016   5.309e-03   4.368e-03   3.559e-03   0.000e+00   1.638e-02   3.844e+00  0.5000        3100  [    6      5       5120          1 ]
           6      190953     767.312   5.309e-03   4.368e-03   3.559e-03   0.000e+00   1.636e-02   3.844e+00  0.5000        3102  [    5     34       2560          1 ]
           6      192625     771.571   3.905e-03   4.368e-03   3.559e-03   0.000e+00   1.635e-02   3.844e+00  0.5000        3105  [    5     35       2560          1 ]
           6      194301     775.810   3.905e-03   4.368e-03   3.559e-03   0.000e+00   1.633e-02   3.844e+00  0.5000        3113  [    5     36       2560          1 ]
           6      195979     780.256   3.905e-03   4.368e-03   3.559e-03   0.000e+00   1.632e-02   3.844e+00  0.5000        3113  [    5     37       2560          1 ]
           6      197649     784.219   3.905e-03   4.368e-03   3.559e-03   0.000e+00   1.630e-02   3.844e+00  0.5000        3117  [    5     38       2560          1 ]
           6      199325     788.809   3.905e-03   4.368e-03   3.559e-03   0.000e+00   1.627e-02   3.844e+00  0.5000        3121  [    5     39       2560          1 ]
           6      201002     799.072   3.905e-03   4.368e-03   3.559e-03   0.000e+00   2.036e-02   3.846e+00  0.5000        1872  [    5     40       2560          1 ]
           6      202709     801.720   3.905e-03   3.691e-03   3.559e-03   0.000e+00   1.989e-02   3.846e+00  0.5000        1991  [    5     41       2560          1 ]
           6      206958     806.513   3.905e-03   3.691e-03   3.559e-03   0.000e+00   1.976e-02   3.846e+00  0.5000        2041  [    6      6       5120          1 ]
           6      208659     809.814   3.905e-03   3.691e-03   3.559e-03   0.000e+00   1.943e-02   3.846e+00  0.5000        2141  [    5     42       2560          1 ]
           6      210363     813.787   3.905e-03   3.691e-03   3.559e-03   0.000e+00   1.920e-02   3.845e+00  0.5000        2205  [    5     43       2560          1 ]
           6      212063     816.845   3.905e-03   3.691e-03   3.559e-03   0.000e+00   1.898e-02   3.845e+00  0.5000        2270  [    5     44       2560          1 ]
           6      213762     820.237   3.905e-03   3.691e-03   3.559e-03   0.000e+00   1.881e-02   3.845e+00  0.5000        2314  [    5     45       2560          1 ]
           6      215463     823.606   3.175e-03   3.568e-03   3.559e-03   0.000e+00   1.871e-02   3.845e+00  0.5000        2348  [    5     46       2560          1 ]
           6      217161     827.140   3.175e-03   3.568e-03   3.287e-03   0.000e+00   1.861e-02   3.845e+00  0.5000        2380  [    5     47       2560          1 ]
           6      218860     830.941   3.175e-03   3.568e-03   2.471e-03   0.000e+00   1.853e-02   3.845e+00  0.5000        2417  [    5     48       2560          1 ]
           6      220555     834.148   3.175e-03   3.443e-03   2.471e-03   0.000e+00   1.845e-02   3.845e+00  0.5000        2444  [    5     49       2560          1 ]
           6      224113     839.440   3.175e-03   3.443e-03   2.471e-03   0.000e+00   1.832e-02   3.849e+00  0.5000        2487  [    6      7       5120          1 ]
           6      225816     842.940   3.175e-03   3.443e-03   2.471e-03   0.000e+00   1.828e-02   3.849e+00  0.5000        2501  [    5     50       2560          1 ]
           6      227509     846.571   3.175e-03   3.203e-03   2.471e-03   0.000e+00   1.823e-02   3.849e+00  0.5000        2513  [    5     51       2560          1 ]
           6      229210     850.162   1.945e-03   1.980e-03   1.954e-03   0.000e+00   1.817e-02   3.849e+00  0.5000        2533  [    5     52       2560          1 ]
           6      230908     853.442   1.945e-03   1.980e-03   1.954e-03   0.000e+00   1.814e-02   3.849e+00  0.5000        2545  [    5     53       2560          1 ]
           6      232601     857.314   1.945e-03   1.980e-03   1.954e-03   0.000e+00   1.810e-02   3.849e+00  0.5000        2560  [    5     54       2560          1 ]
           6      234300     861.893   1.945e-03   1.980e-03   1.954e-03   0.000e+00   1.805e-02   3.840e+00  0.5000        2573  [    5     55       2560          1 ]
           6      235993     865.509   1.945e-03   1.980e-03   1.954e-03   0.000e+00   1.800e-02   3.849e+00  0.5000        2582  [    5     56       2560          1 ]
           6      237693     869.016   1.480e-03   1.978e-03   1.954e-03   0.000e+00   1.790e-02   3.849e+00  0.5000        2600  [    5     57       2560          1 ]
           6      241208     875.038   1.480e-03   1.978e-03   1.954e-03   0.000e+00   1.776e-02   3.843e+00  0.5000        2629  [    6      8       5120          1 ]
           6      242903     878.498   1.480e-03   1.933e-03   1.919e-03   0.000e+00   1.772e-02   3.843e+00  0.5000        2643  [    5     58       2560          1 ]
           6      244595     882.707   1.480e-03   1.933e-03   1.244e-03   0.000e+00   1.771e-02   3.843e+00  0.5000        2650  [    5     59       2560          1 ]
           6      246296     886.271   1.480e-03   8.184e-04   1.244e-03   0.000e+00   1.770e-02   3.843e+00  0.5000        2656  [    5     60       2560          1 ]
           6      247992     890.363   1.480e-03   8.184e-04   1.087e-03   0.000e+00   1.767e-02   3.842e+00  0.5000        2666  [    5     61       2560          1 ]
           6      249691     893.961   1.480e-03   8.184e-04   6.130e-04   0.000e+00   1.762e-02   3.842e+00  0.5000        2677  [    5     62       2560          1 ]
           6      251385     897.624   1.471e-03   8.184e-04   6.130e-04   0.000e+00   1.760e-02   3.842e+00  0.5000        2678  [    5     63       2560          1 ]
           6      253081     901.284   1.471e-03   8.184e-04   6.130e-04   0.000e+00   1.756e-02   3.842e+00  0.5000        2687  [    5     64       2560          1 ]
           7      263321     906.702   1.471e-03   8.184e-04   6.130e-04   0.000e+00   1.756e-02   3.842e+00  0.5000        2687  [    7      1      10240          1 ]
           7      266799     912.300   1.471e-03   8.184e-04   6.130e-04   0.000e+00   1.742e-02   3.843e+00  0.5000        2700  [    6      9       5120          1 ]
           7      276833     918.044   1.471e-03   8.184e-04   6.130e-04   0.000e+00   1.742e-02   3.843e+00  0.5000        2700  [    7      2      10240          1 ]
           7      280310     924.067   1.471e-03   8.184e-04   6.130e-04   0.000e+00   1.728e-02   3.843e+00  0.5000        2715  [    6     10       5120          1 ]
           7      283811     930.023   1.471e-03   8.184e-04   6.130e-04   0.000e+00   1.717e-02   3.843e+00  0.5000        2733  [    6     11       5120          1 ]
           7      287290     935.697   1.471e-03   8.184e-04   6.130e-04   0.000e+00   1.706e-02   3.843e+00  0.5000        2746  [    6     12       5120          1 ]
           7      290762     941.402   1.471e-03   8.184e-04   6.130e-04   0.000e+00   1.698e-02   3.843e+00  0.5000        2754  [    6     13       5120          1 ]
           7      294225     948.077   1.471e-03   8.184e-04   6.130e-04   0.000e+00   1.694e-02   3.842e+00  0.5000        2765  [    6     14       5120          1 ]
           7      297680     955.055   1.471e-03   8.184e-04   6.130e-04   0.000e+00   1.686e-02   3.842e+00  0.5000        2771  [    6     15       5120          1 ]
           7      301153     961.384   1.471e-03   8.184e-04   6.130e-04   0.000e+00   1.681e-02   3.842e+00  0.5000        2780  [    6     16       5120          1 ]
           7      304595     967.291   1.471e-03   8.184e-04   6.130e-04   0.000e+00   1.674e-02   3.842e+00  0.5000        2795  [    6     17       5120          1 ]
           7      314299     982.533   1.471e-03   8.184e-04   6.130e-04   0.000e+00   1.674e-02   3.842e+00  0.5000        2795  [    7      3      10240          1 ]
           7      317754     989.039   1.471e-03   8.184e-04   6.130e-04   0.000e+00   1.670e-02   3.842e+00  0.5000        2809  [    6     18       5120          1 ]
           7      321226     995.432   1.471e-03   8.184e-04   6.130e-04   0.000e+00   1.666e-02   3.842e+00  0.5000        2817  [    6     19       5120          1 ]
           7      324716    1001.681   1.471e-03   8.184e-04   6.130e-04   0.000e+00   1.662e-02   3.842e+00  0.5000        2822  [    6     20       5120          1 ]
           7      328169    1007.744   1.471e-03   8.184e-04   6.130e-04   0.000e+00   1.659e-02   3.842e+00  0.5000        2827  [    6     21       5120          1 ]
           7      331622    1013.750   1.471e-03   8.184e-04   6.130e-04   0.000e+00   1.654e-02   3.842e+00  0.5000        2831  [    6     22       5120          1 ]
           7      335084    1020.385   1.471e-03   8.184e-04   6.130e-04   0.000e+00   1.651e-02   3.842e+00  0.5000        2838  [    6     23       5120          1 ]
           7      338545    1027.412   1.471e-03   8.184e-04   6.130e-04   0.000e+00   1.644e-02   3.842e+00  0.5000        2842  [    6     24       5120          1 ]
           7      341998    1033.657   1.471e-03   8.184e-04   6.130e-04   0.000e+00   1.639e-02   3.842e+00  0.5000        2852  [    6     25       5120          1 ]
           7      351508    1047.637   1.471e-03   8.184e-04   6.130e-04   0.000e+00   1.639e-02   3.842e+00  0.5000        2852  [    7      4      10240          1 ]
           7      354964    1053.886   1.471e-03   8.184e-04   6.130e-04   0.000e+00   1.636e-02   3.842e+00  0.5000        2861  [    6     26       5120          1 ]
           7      358439    1060.413   1.471e-03   8.184e-04   6.130e-04   0.000e+00   1.632e-02   3.841e+00  0.5000        2867  [    6     27       5120          1 ]
           7      361917    1066.509   1.471e-03   8.184e-04   6.130e-04   0.000e+00   1.629e-02   3.841e+00  0.5000        2870  [    6     28       5120          1 ]
           7      365377    1073.049   1.471e-03   8.184e-04   6.130e-04   0.000e+00   1.627e-02   3.841e+00  0.5000        2876  [    6     29       5120          1 ]
           7      368845    1079.271   1.471e-03   8.184e-04   6.130e-04   0.000e+00   1.625e-02   3.841e+00  0.5000        2876  [    6     30       5120          1 ]
           7      372288    1085.870   1.471e-03   8.184e-04   6.130e-04   0.000e+00   1.623e-02   3.841e+00  0.5000        2872  [    6     31       5120          1 ]
           7      375751    1092.171   1.471e-03   8.184e-04   6.130e-04   0.000e+00   1.621e-02   3.841e+00  0.5000        2874  [    6     32       5120          1 ]
           7      379203    1098.933   1.471e-03   8.184e-04   6.130e-04   0.000e+00   1.618e-02   3.841e+00  0.5000        2881  [    6     33       5120          1 ]
           7      388600    1112.845   1.471e-03   8.184e-04   6.130e-04   0.000e+00   1.618e-02   3.841e+00  0.5000        2882  [    7      5      10240          1 ]
           7      392031    1119.082   1.471e-03   8.184e-04   6.130e-04   0.000e+00   1.617e-02   3.841e+00  0.5000        2882  [    6     34       5120          1 ]
           7      395513    1125.220   1.471e-03   8.184e-04   6.130e-04   0.000e+00   1.613e-02   3.841e+00  0.5000        2881  [    6     35       5120          1 ]
           7      398974    1131.299   1.471e-03   5.768e-04   6.130e-04   0.000e+00   1.610e-02   3.841e+00  0.5000        2881  [    6     36       5120          1 ]
           7      402442    1137.569   1.471e-03   5.768e-04   6.130e-04   0.000e+00   1.608e-02   3.841e+00  0.5000        2883  [    6     37       5120          1 ]
           7      405899    1143.780   1.471e-03   5.768e-04   5.892e-04   0.000e+00   1.604e-02   3.841e+00  0.5000        2889  [    6     38       5120          1 ]
           7      409369    1150.222   1.087e-03   5.768e-04   4.988e-04   0.000e+00   1.602e-02   3.841e+00  0.5000        2890  [    6     39       5120          1 ]
           7      412845    1156.286   1.087e-03   5.768e-04   4.988e-04   0.000e+00   1.600e-02   3.840e+00  0.5000        2890  [    6     40       5120          1 ]
           7      416296    1162.578   1.087e-03   5.768e-04   4.648e-04   0.000e+00   1.598e-02   3.840e+00  0.5000        2892  [    6     41       5120          1 ]
           7      425379    1176.205   1.087e-03   5.768e-04   4.648e-04   0.000e+00   1.598e-02   3.840e+00  0.5000        2892  [    7      6      10240          1 ]
           7      428855    1182.741   1.087e-03   5.768e-04   2.398e-04   0.000e+00   1.596e-02   3.840e+00  0.5000        2892  [    6     42       5120          1 ]
           7      432305    1189.270   1.087e-03   5.768e-04   2.398e-04   0.000e+00   1.593e-02   3.840e+00  0.5000        2891  [    6     43       5120          1 ]
           7      435788    1195.789   1.087e-03   2.391e-04   2.362e-04   0.000e+00   1.591e-02   3.840e+00  0.5000        2894  [    6     44       5120          1 ]
           7      439233    1202.062   1.087e-03   2.083e-04   2.362e-04   0.000e+00   1.588e-02   3.840e+00  0.5000        2893  [    6     45       5120          1 ]
           7      442703    1208.538   1.087e-03   2.083e-04   2.362e-04   0.000e+00   1.586e-02   3.840e+00  0.5000        2893  [    6     46       5120          1 ]
           7      446179    1214.876   9.657e-04   2.083e-04   2.362e-04   0.000e+00   1.584e-02   3.840e+00  0.5000        2892  [    6     47       5120          1 ]
           7      449619    1221.241   9.657e-04   2.083e-04   1.913e-04   0.000e+00   1.582e-02   3.840e+00  0.5000        2894  [    6     48       5120          1 ]
           7      453066    1227.918   9.315e-04   1.976e-04   1.746e-04   0.000e+00   1.580e-02   3.840e+00  0.5000        2896  [    6     49       5120          1 ]
           7      461861    1242.307   9.315e-04   1.976e-04   1.746e-04   0.000e+00   1.580e-02   3.840e+00  0.5000        2896  [    7      7      10240          1 ]
           7      465316    1248.796   4.637e-04   1.975e-04   1.634e-04   0.000e+00   1.579e-02   3.840e+00  0.5000        2898  [    6     50       5120          1 ]
           7      468778    1255.147   4.637e-04   1.975e-04   1.634e-04   0.000e+00   1.578e-02   3.840e+00  0.5000        2901  [    6     51       5120          1 ]
           7      472214    1261.356   2.877e-04   1.739e-04   1.108e-04   0.000e+00   1.577e-02   3.840e+00  0.5000        2900  [    6     52       5120          1 ]
           7      475669    1267.772   2.877e-04   1.106e-04   7.790e-05   0.000e+00   1.577e-02   3.839e+00  0.5000        2903  [    6     53       5120          1 ]
           7      479137    1274.135   2.877e-04   1.106e-04   7.790e-05   0.000e+00   1.575e-02   3.839e+00  0.5000        2906  [    6     54       5120          1 ]
           7      482615    1280.572   2.876e-04   5.826e-05   7.553e-05   0.000e+00   1.573e-02   3.839e+00  0.5000        2909  [    6     55       5120          1 ]
           7      486077    1286.719   2.851e-04   3.800e-05   6.900e-05   0.000e+00   1.572e-02   3.839e+00  0.5000        2907  [    6     56       5120          1 ]
           7      489522    1293.043   2.851e-04   3.800e-05   6.900e-05   0.000e+00   1.570e-02   3.839e+00  0.5000        2905  [    6     57       5120          1 ]
           7      497319    1306.084   2.851e-04   3.800e-05   6.900e-05   0.000e+00   1.569e-02   3.839e+00  0.5000        2907  [    7      8      10240          1 ]
           7      500746    1312.429   2.851e-04   3.800e-05   4.585e-05   0.000e+00   1.568e-02   3.839e+00  0.5000        2909  [    6     58       5120          1 ]
           7      504215    1318.819   1.774e-04   3.800e-05   4.585e-05   0.000e+00   1.566e-02   3.839e+00  0.5000        2911  [    6     59       5120          1 ]
           7      507675    1325.274   1.774e-04   3.800e-05   4.585e-05   0.000e+00   1.564e-02   3.839e+00  0.5000        2913  [    6     60       5120          1 ]
           7      511155    1331.535   1.553e-04   3.185e-05   4.585e-05   0.000e+00   1.562e-02   3.839e+00  0.5000        2913  [    6     61       5120          1 ]
           7      514585    1338.087   1.553e-04   3.185e-05   4.173e-05   0.000e+00   1.561e-02   3.839e+00  0.5000        2916  [    6     62       5120          1 ]
           7      518042    1344.552   1.553e-04   2.065e-05   4.173e-05   0.000e+00   1.559e-02   3.839e+00  0.5000        2919  [    6     63       5120          1 ]
           7      521481    1350.924   1.102e-04   2.065e-05   4.173e-05   0.000e+00   1.557e-02   3.839e+00  0.5000        2919  [    6     64       5120          1 ]
           8      524934    1357.441   1.102e-04   2.065e-05   2.789e-05   0.000e+00   1.555e-02   3.839e+00  0.5000        2919  [    6     65       5120          1 ]
           8      532435    1371.676   1.102e-04   2.065e-05   2.789e-05   0.000e+00   1.554e-02   3.843e+00  0.5000        2919  [    7      9      10240          1 ]
           8      535888    1378.066   1.102e-04   2.065e-05   2.789e-05   0.000e+00   1.554e-02   3.842e+00  0.5000        2923  [    6     66       5120          1 ]
           8      539326    1384.664   8.652e-05   2.065e-05   2.789e-05   0.000e+00   1.552e-02   3.842e+00  0.5000        2924  [    6     67       5120          1 ]
           8      542763    1391.063   8.652e-05   2.065e-05   2.789e-05   0.000e+00   1.551e-02   3.842e+00  0.5000        2924  [    6     68       5120          1 ]
           8      546220    1397.569   8.652e-05   1.657e-05   2.380e-05   0.000e+00   1.550e-02   3.842e+00  0.5000        2926  [    6     69       5120          1 ]
           8      549694    1404.016   7.933e-05   1.509e-05   2.321e-05   0.000e+00   1.549e-02   3.842e+00  0.5000        2924  [    6     70       5120          1 ]
           8      553139    1410.648   5.481e-05   1.509e-05   2.321e-05   0.000e+00   1.548e-02   3.842e+00  0.5000        2923  [    6     71       5120          1 ]
           8      556586    1417.046   5.481e-05   1.470e-05   1.586e-05   0.000e+00   1.547e-02   3.842e+00  0.5000        2923  [    6     72       5120          1 ]
           8      560067    1423.495   5.481e-05   6.898e-06   1.586e-05   0.000e+00   1.546e-02   3.842e+00  0.5000        2924  [    6     73       5120          1 ]
           8      567461    1438.384   5.481e-05   6.898e-06   1.586e-05   0.000e+00   1.545e-02   3.842e+00  0.5000        2919  [    7     10      10240          1 ]
           8      570943    1444.797   4.839e-05   6.898e-06   1.586e-05   0.000e+00   1.544e-02   3.842e+00  0.5000        2919  [    6     74       5120          1 ]
           8      574413    1451.417   4.488e-05   6.898e-06   8.835e-06   0.000e+00   1.544e-02   3.842e+00  0.5000        2918  [    6     75       5120          1 ]
           8      577869    1457.952   3.432e-05   6.734e-06   8.835e-06   0.000e+00   1.543e-02   3.842e+00  0.5000        2919  [    6     76       5120          1 ]
           8      581305    1464.577   2.596e-05   6.734e-06   8.835e-06   0.000e+00   1.543e-02   3.842e+00  0.5000        2918  [    6     77       5120          1 ]
           8      584750    1471.324   2.305e-05   4.273e-06   6.473e-06   0.000e+00   1.543e-02   3.842e+00  0.5000        2919  [    6     78       5120          1 ]
           8      588219    1477.885   2.305e-05   3.881e-06   4.711e-06   0.000e+00   1.543e-02   3.842e+00  0.5000        2918  [    6     79       5120          1 ]
           8      591678    1485.152   1.067e-05   3.816e-06   4.711e-06   0.000e+00   1.542e-02   3.842e+00  0.5000        2922  [    6     80       5120          1 ]
           8      595121    1491.430   1.067e-05   3.816e-06   4.711e-06   0.000e+00   1.541e-02   3.842e+00  0.5000        2922  [    6     81       5120          1 ]
           8      602582    1506.714   1.067e-05   3.816e-06   4.711e-06   0.000e+00   1.539e-02   3.842e+00  0.5000        2926  [    7     11      10240          1 ]
           8      606049    1513.266   1.067e-05   1.782e-06   4.711e-06   0.000e+00   1.539e-02   3.842e+00  0.5000        2926  [    6     82       5120          1 ]
           8      609478    1519.513   1.067e-05   1.782e-06   4.711e-06   0.000e+00   1.539e-02   3.842e+00  0.5000        2925  [    6     83       5120          1 ]
           8      612916    1525.760   1.067e-05   1.782e-06   3.979e-06   0.000e+00   1.539e-02   3.842e+00  0.5000        2927  [    6     84       5120          1 ]
           8      616377    1532.152   1.013e-05   1.782e-06   3.346e-06   0.000e+00   1.535e-02   3.842e+00  0.5000        2929  [    6     85       5120          1 ]
           8      619835    1538.875   7.554e-06   1.120e-06   2.803e-06   0.000e+00   1.534e-02   3.842e+00  0.5000        2930  [    6     86       5120          1 ]
           8      623277    1545.576   7.503e-06   1.120e-06   2.105e-06   0.000e+00   1.533e-02   3.842e+00  0.5000        2931  [    6     87       5120          1 ]
           8      626743    1551.937   7.503e-06   1.120e-06   1.559e-06   0.000e+00   1.533e-02   3.842e+00  0.5000        2931  [    6     88       5120          1 ]
           8      630203    1558.425   7.503e-06   4.428e-07   1.041e-06   0.000e+00   1.533e-02   3.842e+00  0.5000        2933  [    6     89       5120          1 ]
           8      637629    1573.830   7.503e-06   4.428e-07   1.041e-06   0.000e+00   1.532e-02   3.842e+00  0.5000        2936  [    7     12      10240          1 ]
           8      641083    1580.832   4.809e-06   4.428e-07   1.041e-06   0.000e+00   1.532e-02   3.842e+00  0.5000        2937  [    6     90       5120          1 ]
           8      644511    1587.637   3.701e-06   4.428e-07   8.747e-07   0.000e+00   1.531e-02   3.842e+00  0.5000        2938  [    6     91       5120          1 ]
           8      647959    1594.113   3.701e-06   4.428e-07   8.747e-07   0.000e+00   1.531e-02   3.842e+00  0.5000        2939  [    6     92       5120          1 ]
           8      651410    1600.644   3.701e-06   4.428e-07   8.747e-07   0.000e+00   1.531e-02   3.842e+00  0.5000        2940  [    6     93       5120          1 ]
           8      654870    1607.339   3.701e-06   4.428e-07   8.747e-07   0.000e+00   1.531e-02   3.842e+00  0.5000        2942  [    6     94       5120          1 ]
           8      658317    1613.932   3.315e-06   4.428e-07   7.386e-07   0.000e+00   1.530e-02   3.842e+00  0.5000        2944  [    6     95       5120          1 ]
           8      661776    1620.700   2.235e-06   4.428e-07   7.386e-07   0.000e+00   1.530e-02   3.842e+00  0.5000        2943  [    6     96       5120          1 ]
           8      665220    1627.321   2.235e-06   4.428e-07   6.476e-07   0.000e+00   1.529e-02   3.842e+00  0.5000        2943  [    6     97       5120          1 ]
           8      672685    1642.639   2.235e-06   4.428e-07   6.476e-07   0.000e+00   1.529e-02   3.838e+00  0.5000        2942  [    7     13      10240          1 ]
           8      676125    1649.393   2.235e-06   3.427e-07   4.496e-07   0.000e+00   1.528e-02   3.838e+00  0.5000        2943  [    6     98       5120          1 ]
           8      679574    1655.725   2.235e-06   1.817e-07   4.496e-07   0.000e+00   1.528e-02   3.838e+00  0.5000        2942  [    6     99       5120          1 ]
           8      683043    1662.382   1.735e-06   1.817e-07   4.482e-07   0.000e+00   1.527e-02   3.838e+00  0.5000        2943  [    6    100       5120          1 ]
           8      686508    1669.116   1.430e-06   1.817e-07   4.444e-07   0.000e+00   1.527e-02   3.838e+00  0.5000        2944  [    6    101       5120          1 ]
           8      689958    1675.729   1.430e-06   1.757e-07   3.918e-07   0.000e+00   1.527e-02   3.838e+00  0.5000        2945  [    6    102       5120          1 ]
           8      693428    1682.228   1.117e-06   1.757e-07   2.820e-07   0.000e+00   1.526e-02   3.838e+00  0.5000        2946  [    6    103       5120          1 ]
           8      696891    1688.517   1.010e-06   1.757e-07   1.807e-07   0.000e+00   1.526e-02   3.838e+00  0.5000        2946  [    6    104       5120          1 ]
           8      700339    1695.323   1.010e-06   1.732e-07   1.666e-07   0.000e+00   1.526e-02   3.838e+00  0.5000        2947  [    6    105       5120          1 ]
           8      707754    1710.462   1.010e-06   1.732e-07   1.666e-07   0.000e+00   1.524e-02   3.838e+00  0.5000        2947  [    7     14      10240          1 ]
           8      711230    1717.011   6.862e-07   1.479e-07   1.666e-07   0.000e+00   1.523e-02   3.838e+00  0.5000        2946  [    6    106       5120          1 ]
           8      714675    1723.442   5.865e-07   1.479e-07   1.666e-07   0.000e+00   1.523e-02   3.838e+00  0.5000        2947  [    6    107       5120          1 ]
           8      718124    1730.031   5.865e-07   5.934e-08   1.317e-07   0.000e+00   1.523e-02   3.838e+00  0.5000        2946  [    6    108       5120          1 ]
           8      721569    1736.656   5.865e-07   5.934e-08   1.317e-07   0.000e+00   1.523e-02   3.838e+00  0.5000        2945  [    6    109       5120          1 ]
           8      725003    1743.298   5.865e-07   4.505e-08   1.317e-07   0.000e+00   1.522e-02   3.838e+00  0.5000        2945  [    6    110       5120          1 ]
           8      728474    1750.182   3.205e-07   4.505e-08   1.317e-07   0.000e+00   1.522e-02   3.838e+00  0.5000        2946  [    6    111       5120          1 ]
           8      731909    1756.842   2.906e-07   4.505e-08   1.317e-07   0.000e+00   1.522e-02   3.838e+00  0.5000        2946  [    6    112       5120          1 ]
           8      735365    1763.530   1.125e-07   4.505e-08   1.070e-07   0.000e+00   1.522e-02   3.838e+00  0.5000        2949  [    6    113       5120          1 ]
           8      742766    1778.683   1.125e-07   4.505e-08   1.070e-07   0.000e+00   1.521e-02   3.838e+00  0.5000        2947  [    7     15      10240          1 ]
           8      746208    1785.276   1.125e-07   4.505e-08   1.070e-07   0.000e+00   1.520e-02   3.838e+00  0.5000        2947  [    6    114       5120          1 ]
           8      749648    1791.863   1.125e-07   4.505e-08   1.070e-07   0.000e+00   1.520e-02   3.838e+00  0.5000        2947  [    6    115       5120          1 ]
           8      753123    1798.497   1.125e-07   4.250e-08   1.061e-07   0.000e+00   1.520e-02   3.838e+00  0.5000        2947  [    6    116       5120          1 ]
           8      756567    1804.933   1.125e-07   2.879e-08   1.008e-07   0.000e+00   1.520e-02   3.838e+00  0.5000        2947  [    6    117       5120          1 ]
           8      760006    1811.268   1.125e-07   2.879e-08   8.875e-08   0.000e+00   1.519e-02   3.838e+00  0.5000        2948  [    6    118       5120          1 ]
           8      763478    1817.785   1.125e-07   2.879e-08   6.275e-08   0.000e+00   1.519e-02   3.838e+00  0.5000        2948  [    6    119       5120          1 ]
           8      766940    1824.104   1.125e-07   2.267e-08   6.010e-08   0.000e+00   1.519e-02   3.838e+00  0.5000        2948  [    6    120       5120          1 ]
           9      770398    1830.950   1.125e-07   1.967e-08   5.741e-08   0.000e+00   1.519e-02   3.838e+00  0.5000        2950  [    6    121       5120          1 ]
           9      777790    1846.039   1.125e-07   1.967e-08   5.741e-08   0.000e+00   1.519e-02   3.838e+00  0.5000        2951  [    7     16      10240          1 ]
           9      781227    1852.438   1.125e-07   1.595e-08   5.741e-08   0.000e+00   1.518e-02   3.838e+00  0.5000        2952  [    6    122       5120          1 ]
           9      784676    1859.064   1.125e-07   1.595e-08   5.387e-08   0.000e+00   1.517e-02   3.837e+00  0.5000        2953  [    6    123       5120          1 ]
           9      788161    1865.709   1.125e-07   1.595e-08   3.926e-08   0.000e+00   1.517e-02   3.837e+00  0.5000        2953  [    6    124       5120          1 ]
           9      791622    1872.396   1.125e-07   1.595e-08   3.926e-08   0.000e+00   1.517e-02   3.837e+00  0.5000        2955  [    6    125       5120          1 ]
           9      795065    1879.386   8.703e-08   1.328e-08   3.700e-08   0.000e+00   1.517e-02   3.837e+00  0.5000        2955  [    6    126       5120          1 ]
           9      798505    1886.123   8.703e-08   1.328e-08   2.088e-08   0.000e+00   1.517e-02   3.837e+00  0.5000        2955  [    6    127       5120          1 ]
           9      801956    1892.822   8.606e-08   1.328e-08   2.088e-08   0.000e+00   1.517e-02   3.837e+00  0.5000        2955  [    6    128       5120          1 ]
           9      805401    1899.509   4.148e-08   1.078e-08   2.088e-08   0.000e+00   1.516e-02   3.837e+00  0.5000        2957  [    6    129       5120          1 ]
           9      812777    1915.217   4.148e-08   1.078e-08   2.088e-08   0.000e+00   1.515e-02   3.837e+00  0.5000        2956  [    7     17      10240          1 ]
           9      816206    1921.981   4.148e-08   6.994e-09   2.088e-08   0.000e+00   1.515e-02   3.837e+00  0.5000        2957  [    6    130       5120          1 ]
           9      819665    1928.510   4.148e-08   5.036e-09   1.895e-08   0.000e+00   1.515e-02   3.837e+00  0.5000        2958  [    6    131       5120          1 ]
           9      823139    1934.876   4.148e-08   3.866e-09   1.381e-08   0.000e+00   1.514e-02   3.837e+00  0.5000        2958  [    6    132       5120          1 ]
           9      826591    1941.210   4.148e-08   3.866e-09   1.157e-08   0.000e+00   1.514e-02   3.837e+00  0.5000        2959  [    6    133       5120          1 ]
           9      830027    1947.705   4.148e-08   3.866e-09   1.157e-08   0.000e+00   1.514e-02   3.837e+00  0.5000        2960  [    6    134       5120          1 ]
           9      833482    1954.186   3.031e-08   3.866e-09   1.027e-08   0.000e+00   1.513e-02   3.837e+00  0.5000        2960  [    6    135       5120          1 ]
           9      836943    1960.540   3.031e-08   1.975e-09   1.027e-08   0.000e+00   1.513e-02   3.837e+00  0.5000        2960  [    6    136       5120          1 ]
           9      840409    1967.037   2.341e-08   1.975e-09   1.027e-08   0.000e+00   1.513e-02   3.837e+00  0.5000        2961  [    6    137       5120          1 ]
           9      847826    1982.438   2.341e-08   1.975e-09   1.027e-08   0.000e+00   1.513e-02   3.837e+00  0.5000        2963  [    7     18      10240          1 ]
           9      851264    1989.071   2.341e-08   1.975e-09   1.027e-08   0.000e+00   1.513e-02   3.837e+00  0.5000        2965  [    6    138       5120          1 ]
           9      854704    1995.723   1.346e-08   1.975e-09   6.231e-09   0.000e+00   1.512e-02   3.837e+00  0.5000        2965  [    6    139       5120          1 ]
           9      858148    2002.352   1.346e-08   1.975e-09   4.833e-09   0.000e+00   1.512e-02   3.837e+00  0.5000        2965  [    6    140       5120          1 ]
           9      861595    2008.900   1.320e-08   1.735e-09   4.833e-09   0.000e+00   1.512e-02   3.837e+00  0.5000        2965  [    6    141       5120          1 ]
           9      865040    2015.372   7.211e-09   1.735e-09   4.422e-09   0.000e+00   1.512e-02   3.837e+00  0.5000        2964  [    6    142       5120          1 ]
           9      868485    2022.163   7.211e-09   1.735e-09   4.338e-09   0.000e+00   1.512e-02   3.837e+00  0.5000        2964  [    6    143       5120          1 ]
           9      871927    2028.805   7.211e-09   1.281e-09   3.814e-09   0.000e+00   1.512e-02   3.837e+00  0.5000        2964  [    6    144       5120          1 ]
           9      875366    2035.503   7.211e-09   1.276e-09   3.814e-09   0.000e+00   1.512e-02   3.837e+00  0.5000        2965  [    6    145       5120          1 ]
           9      882829    2050.627   7.211e-09   1.276e-09   3.814e-09   0.000e+00   1.512e-02   3.837e+00  0.5000        2965  [    7     19      10240          1 ]
           9      886291    2057.310   7.211e-09   1.276e-09   2.552e-09   0.000e+00   1.511e-02   3.837e+00  0.5000        2965  [    6    146       5120          1 ]
           9      889724    2063.811   7.211e-09   1.276e-09   2.552e-09   0.000e+00   1.511e-02   3.837e+00  0.5000        2966  [    6    147       5120          1 ]
           9      893197    2070.102   7.211e-09   9.953e-10   2.275e-09   0.000e+00   1.511e-02   3.837e+00  0.5000        2966  [    6    148       5120          1 ]
           9      896680    2076.810   7.152e-09   6.535e-10   2.275e-09   0.000e+00   1.511e-02   3.837e+00  0.5000        2966  [    6    149       5120          1 ]
           9      900135    2083.203   5.391e-09   6.535e-10   2.066e-09   0.000e+00   1.511e-02   3.837e+00  0.5000        2966  [    6    150       5120          1 ]
           9      903592    2089.729   4.984e-09   6.535e-10   1.770e-09   0.000e+00   1.511e-02   3.837e+00  0.5000        2966  [    6    151       5120          1 ]
           9      907032    2096.155   4.301e-09   6.535e-10   1.576e-09   0.000e+00   1.510e-02   3.837e+00  0.5000        2966  [    6    152       5120          1 ]
           9      910489    2102.954   4.301e-09   6.535e-10   1.576e-09   0.000e+00   1.510e-02   3.837e+00  0.5000        2967  [    6    153       5120          1 ]
           9      917864    2117.872   4.301e-09   6.535e-10   1.576e-09   0.000e+00   1.510e-02   3.837e+00  0.5000        2965  [    7     20      10240          1 ]
           9      921294    2124.278   4.301e-09   4.729e-10   1.369e-09   0.000e+00   1.510e-02   3.837e+00  0.5000        2967  [    6    154       5120          1 ]
           9      924747    2130.677   4.301e-09   3.192e-10   9.289e-10   0.000e+00   1.509e-02   3.837e+00  0.5000        2968  [    6    155       5120          1 ]
           9      928212    2137.193   2.808e-09   3.192e-10   9.289e-10   0.000e+00   1.509e-02   3.837e+00  0.5000        2969  [    6    156       5120          1 ]
           9      931656    2143.598   2.808e-09   3.192e-10   8.758e-10   0.000e+00   1.509e-02   3.837e+00  0.5000        2970  [    6    157       5120          1 ]
           9      935121    2150.131   2.808e-09   3.192e-10   6.967e-10   0.000e+00   1.509e-02   3.837e+00  0.5000        2971  [    6    158       5120          1 ]
           9      938557    2156.999   2.808e-09   3.192e-10   6.967e-10   0.000e+00   1.509e-02   3.837e+00  0.5000        2970  [    6    159       5120          1 ]
           9      942040    2163.902   2.349e-09   2.438e-10   6.967e-10   0.000e+00   1.509e-02   3.836e+00  0.5000        2972  [    6    160       5120          1 ]
           9      945498    2170.260   2.349e-09   2.438e-10   4.942e-10   0.000e+00   1.509e-02   3.836e+00  0.5000        2971  [    6    161       5120          1 ]
           9      952899    2185.130   2.349e-09   2.438e-10   4.942e-10   0.000e+00   1.508e-02   3.836e+00  0.5000        2971  [    7     21      10240          1 ]
           9      956348    2191.516   2.334e-09   1.471e-10   4.942e-10   0.000e+00   1.508e-02   3.836e+00  0.5000        2971  [    6    162       5120          1 ]
           9      959798    2198.328   2.334e-09   1.471e-10   2.920e-10   0.000e+00   1.508e-02   3.836e+00  0.5000        2971  [    6    163       5120          1 ]
           9      963235    2205.125   1.264e-09   1.471e-10   2.920e-10   0.000e+00   1.508e-02   3.836e+00  0.5000        2972  [    6    164       5120          1 ]
           9      966688    2212.300   1.264e-09   1.174e-10   2.920e-10   0.000e+00   1.507e-02   3.836e+00  0.5000        2971  [    6    165       5120          1 ]
           9      970142    2219.089   1.264e-09   1.174e-10   2.920e-10   0.000e+00   1.507e-02   3.836e+00  0.5000        2973  [    6    166       5120          1 ]
           9      973586    2225.749   1.264e-09   1.174e-10   2.111e-10   0.000e+00   1.507e-02   3.836e+00  0.5000        2974  [    6    167       5120          1 ]
           9      977029    2232.328   1.264e-09   7.456e-11   1.642e-10   0.000e+00   1.507e-02   3.836e+00  0.5000        2975  [    6    168       5120          1 ]
           9      980465    2238.929   1.264e-09   4.081e-11   1.565e-10   0.000e+00   1.507e-02   3.836e+00  0.5000        2974  [    6    169       5120          1 ]
           9      987882    2254.319   1.264e-09   4.081e-11   1.565e-10   0.000e+00   1.506e-02   3.836e+00  0.5000        2974  [    7     22      10240          1 ]
           9      991369    2261.021   1.080e-09   4.081e-11   1.565e-10   0.000e+00   1.506e-02   3.836e+00  0.5000        2975  [    6    170       5120          1 ]
           9      994807    2267.367   7.617e-10   4.081e-11   1.565e-10   0.000e+00   1.506e-02   3.836e+00  0.5000        2975  [    6    171       5120          1 ]
           9      998274    2274.048   7.385e-10   4.081e-11   1.160e-10   0.000e+00   1.506e-02   3.836e+00  0.5000        2975  [    6    172       5120          1 ]
          10     1001729    2280.458   6.635e-10   4.081e-11   1.160e-10   0.000e+00   1.506e-02   3.836e+00  0.5000        2975  [    7     22      10240          1 ]
