# Generation  Evaluations  Time (s)  Best_obj[0]  Best_obj[1]  Hypervol.   IGD         IGDX        SR    Appr.set  [ Pop.index  Subgen.  Pop.size  Subpops ]
           0          30       3.463   3.954e-02   8.377e-01   7.677e-02   5.256e-01   3.183e-01  0.0000           4  [    0      1         30          1 ]
           0          56       3.474   0.000e+00   8.377e-01   1.842e-01   4.492e-01   2.335e-01  0.0000           5  [    0      2         30          1 ]
           0          81       3.490   0.000e+00   0.000e+00   3.545e-01   2.717e-01   2.647e-01  0.0000           4  [    0      3         30          1 ]
           0         107       3.503   0.000e+00   0.000e+00   3.789e-01   2.609e-01   2.467e-01  0.0000           6  [    0      4         30          1 ]
           0         131       3.522   0.000e+00   0.000e+00   3.789e-01   2.609e-01   2.467e-01  0.0000           6  [    0      5         30          1 ]
           0         155       3.540   0.000e+00   0.000e+00   3.789e-01   2.609e-01   2.467e-01  0.0000           6  [    0      6         30          1 ]
           0         179       3.558   0.000e+00   0.000e+00   4.972e-01   2.019e-01   2.041e-01  0.0000           7  [    0      7         30          1 ]
           0         202       3.578   0.000e+00   0.000e+00   5.670e-01   1.644e-01   2.007e-01  0.0000           8  [    0      8         30          1 ]
           1         262       3.601   0.000e+00   0.000e+00   6.462e-01   1.267e-01   1.712e-01  0.0000           7  [    1      1         60          1 ]
           1         285       3.614   0.000e+00   0.000e+00   6.462e-01   1.267e-01   1.706e-01  0.0000           8  [    0      9         30          1 ]
           1         337       3.629   0.000e+00   0.000e+00   6.462e-01   1.267e-01   1.706e-01  0.0000           8  [    1      2         60          1 ]
           1         359       3.643   0.000e+00   0.000e+00   6.462e-01   1.267e-01   1.706e-01  0.0000           8  [    0     10         30          1 ]
           1         381       3.657   0.000e+00   0.000e+00   6.462e-01   1.267e-01   1.706e-01  0.0000           8  [    0     11         30          1 ]
           1         403       3.670   0.000e+00   0.000e+00   6.686e-01   1.103e-01   1.582e-01  0.0000           9  [    0     12         30          1 ]
           1         425       3.686   0.000e+00   0.000e+00   6.686e-01   1.103e-01   1.582e-01  0.0000          10  [    0     13         30          1 ]
           1         446       3.702   0.000e+00   0.000e+00   6.956e-01   9.948e-02   1.521e-01  0.0000          10  [    0     14         30          1 ]
           1         467       3.720   0.000e+00   0.000e+00   7.243e-01   8.707e-02   1.486e-01  0.0000          10  [    0     15         30          1 ]
           1         488       3.737   0.000e+00   0.000e+00   7.243e-01   8.707e-02   1.486e-01  0.0000          10  [    0     16         30          1 ]
           1         509       3.755   0.000e+00   0.000e+00   7.245e-01   8.705e-02   1.403e-01  0.0000          11  [    0     17         30          1 ]
           1         558       3.763   0.000e+00   0.000e+00   7.245e-01   8.705e-02   1.403e-01  0.0000          11  [    1      3         60          1 ]
           1         579       3.782   0.000e+00   0.000e+00   7.245e-01   8.705e-02   1.403e-01  0.0000          11  [    0     18         30          1 ]
           1         600       3.802   0.000e+00   0.000e+00   7.245e-01   8.705e-02   1.403e-01  0.0000          11  [    0     19         30          1 ]
           1         621       3.820   0.000e+00   0.000e+00   7.245e-01   8.705e-02   1.403e-01  0.0000          11  [    0     20         30          1 ]
           1         642       3.839   0.000e+00   0.000e+00   7.416e-01   8.212e-02   1.392e-01  0.0000          12  [    0     21         30          1 ]
           1         662       3.861   0.000e+00   0.000e+00   7.416e-01   8.212e-02   1.392e-01  0.0000          12  [    0     22         30          1 ]
           1         682       3.883   0.000e+00   0.000e+00   7.442e-01   7.999e-02   1.376e-01  0.0000          13  [    0     23         30          1 ]
           1         702       3.906   0.000e+00   0.000e+00   7.442e-01   7.999e-02   1.376e-01  0.0000          13  [    0     24         30          1 ]
           1         722       3.928   0.000e+00   0.000e+00   7.444e-01   7.993e-02   1.376e-01  0.0000          14  [    0     25         30          1 ]
           1         769       3.953   0.000e+00   0.000e+00   7.452e-01   7.931e-02   1.315e-01  0.0000          15  [    1      4         60          1 ]
           1         789       3.979   0.000e+00   0.000e+00   7.556e-01   7.270e-02   1.276e-01  0.0000          17  [    0     26         30          1 ]
           1         809       4.009   0.000e+00   0.000e+00   7.556e-01   7.270e-02   1.276e-01  0.0000          17  [    0     27         30          1 ]
           1         829       4.036   0.000e+00   0.000e+00   7.557e-01   7.264e-02   1.276e-01  0.0000          18  [    0     28         30          1 ]
           1         849       4.064   0.000e+00   0.000e+00   7.580e-01   7.200e-02   1.278e-01  0.0000          18  [    0     29         30          1 ]
           1         869       4.082   0.000e+00   0.000e+00   7.594e-01   7.124e-02   1.274e-01  0.0000          19  [    0     30         30          1 ]
           1         889       4.096   0.000e+00   0.000e+00   7.700e-01   6.589e-02   1.243e-01  0.5000          20  [    0     31         30          1 ]
           1         909       4.128   0.000e+00   0.000e+00   7.713e-01   6.582e-02   1.249e-01  0.5000          20  [    0     32         30          1 ]
           1         929       4.158   0.000e+00   0.000e+00   7.713e-01   6.582e-02   1.249e-01  0.5000          20  [    0     33         30          1 ]
           1         974       4.189   0.000e+00   0.000e+00   7.713e-01   6.582e-02   1.249e-01  0.5000          20  [    1      5         60          1 ]
           1         994       4.222   0.000e+00   0.000e+00   7.713e-01   6.582e-02   1.249e-01  0.5000          20  [    0     34         30          1 ]
           1        1014       4.255   0.000e+00   0.000e+00   7.713e-01   6.582e-02   1.249e-01  0.5000          20  [    0     35         30          1 ]
           1        1034       4.288   0.000e+00   0.000e+00   7.713e-01   6.582e-02   1.249e-01  0.5000          20  [    0     36         30          1 ]
           1        1054       4.321   0.000e+00   0.000e+00   7.713e-01   6.582e-02   1.249e-01  0.5000          20  [    0     37         30          1 ]
           1        1074       4.355   0.000e+00   0.000e+00   7.713e-01   6.582e-02   1.249e-01  0.5000          21  [    0     38         30          1 ]
           1        1094       4.390   0.000e+00   0.000e+00   7.713e-01   6.582e-02   1.249e-01  0.5000          21  [    0     39         30          1 ]
           1        1114       4.425   0.000e+00   0.000e+00   7.751e-01   6.385e-02   1.241e-01  0.5000          21  [    0     40         30          1 ]
           1        1134       4.461   0.000e+00   0.000e+00   7.764e-01   6.311e-02   1.238e-01  0.5000          23  [    0     41         30          1 ]
           1        1179       4.500   0.000e+00   0.000e+00   7.773e-01   6.266e-02   1.235e-01  0.5000          28  [    1      6         60          1 ]
           1        1199       4.546   0.000e+00   0.000e+00   7.773e-01   6.266e-02   1.235e-01  0.5000          28  [    0     42         30          1 ]
           1        1219       4.593   0.000e+00   0.000e+00   8.001e-01   5.009e-02   1.248e-01  0.5000          29  [    0     43         30          1 ]
           1        1239       4.641   0.000e+00   0.000e+00   8.001e-01   5.009e-02   1.248e-01  0.5000          29  [    0     44         30          1 ]
           1        1259       4.690   0.000e+00   0.000e+00   8.006e-01   4.996e-02   1.248e-01  0.5000          30  [    0     45         30          1 ]
           1        1279       4.740   0.000e+00   0.000e+00   8.035e-01   4.805e-02   1.245e-01  0.5000          32  [    0     46         30          1 ]
           1        1299       4.794   0.000e+00   0.000e+00   8.044e-01   4.728e-02   1.240e-01  0.5000          34  [    0     47         30          1 ]
           1        1319       4.851   0.000e+00   0.000e+00   8.052e-01   4.658e-02   1.238e-01  0.5000          34  [    0     48         30          1 ]
           1        1339       4.906   0.000e+00   0.000e+00   8.052e-01   4.658e-02   1.238e-01  0.5000          35  [    0     49         30          1 ]
           1        1381       4.965   0.000e+00   0.000e+00   8.053e-01   4.657e-02   1.238e-01  0.5000          46  [    1      7         60          1 ]
           1        1401       5.033   0.000e+00   0.000e+00   8.053e-01   4.657e-02   1.238e-01  0.5000          46  [    0     50         30          1 ]
           1        1421       5.109   0.000e+00   0.000e+00   8.053e-01   4.653e-02   1.237e-01  0.5000          48  [    0     51         30          1 ]
           1        1441       5.186   0.000e+00   0.000e+00   8.053e-01   4.653e-02   1.237e-01  0.5000          48  [    0     52         30          1 ]
           1        1461       5.260   0.000e+00   0.000e+00   8.070e-01   4.555e-02   1.231e-01  0.5000          49  [    0     53         30          1 ]
           1        1481       5.335   0.000e+00   0.000e+00   8.076e-01   4.541e-02   1.231e-01  0.5000          49  [    0     54         30          1 ]
           1        1501       5.414   0.000e+00   0.000e+00   8.076e-01   4.541e-02   1.231e-01  0.5000          49  [    0     55         30          1 ]
           1        1521       5.495   0.000e+00   0.000e+00   8.076e-01   4.542e-02   1.231e-01  0.5000          49  [    0     56         30          1 ]
           1        1541       5.572   0.000e+00   0.000e+00   8.077e-01   4.521e-02   1.229e-01  0.5000          51  [    0     57         30          1 ]
           1        1583       5.651   0.000e+00   0.000e+00   8.081e-01   4.505e-02   1.228e-01  0.5000          58  [    1      8         60          1 ]
           1        1603       5.744   0.000e+00   0.000e+00   8.081e-01   4.502e-02   1.228e-01  0.5000          59  [    0     58         30          1 ]
           1        1623       5.838   0.000e+00   0.000e+00   8.089e-01   4.462e-02   1.227e-01  0.5000          60  [    0     59         30          1 ]
           1        1643       5.932   0.000e+00   0.000e+00   8.089e-01   4.462e-02   1.227e-01  0.5000          60  [    0     60         30          1 ]
           1        1663       6.030   0.000e+00   0.000e+00   8.089e-01   4.462e-02   1.227e-01  0.5000          60  [    0     61         30          1 ]
           1        1683       6.122   0.000e+00   0.000e+00   8.094e-01   4.442e-02   1.227e-01  0.5000          62  [    0     62         30          1 ]
           1        1703       6.220   0.000e+00   0.000e+00   8.095e-01   4.439e-02   1.226e-01  0.5000          63  [    0     63         30          1 ]
           1        1723       6.318   0.000e+00   0.000e+00   8.095e-01   4.439e-02   1.226e-01  0.5000          63  [    0     64         30          1 ]
           2        1843       6.419   0.000e+00   0.000e+00   8.095e-01   4.439e-02   1.226e-01  0.5000          63  [    2      1        120          1 ]
           2        1888       6.520   0.000e+00   0.000e+00   8.096e-01   4.433e-02   1.226e-01  0.5000          74  [    1      9         60          1 ]
           2        1987       6.638   0.000e+00   0.000e+00   8.180e-01   3.850e-02   1.217e-01  0.5000          75  [    2      2        120          1 ]
           2        2029       6.756   0.000e+00   0.000e+00   8.180e-01   3.849e-02   1.217e-01  0.5000          83  [    1     10         60          1 ]
           2        2071       6.888   0.000e+00   0.000e+00   8.190e-01   3.781e-02   1.193e-01  0.5000          95  [    1     11         60          1 ]
           2        2116       7.043   0.000e+00   0.000e+00   8.195e-01   3.762e-02   1.192e-01  0.5000         107  [    1     12         60          1 ]
           2        2158       7.207   0.000e+00   0.000e+00   8.196e-01   3.759e-02   1.192e-01  0.5000         120  [    1     13         60          1 ]
           2        2199       7.394   0.000e+00   0.000e+00   8.196e-01   3.758e-02   1.192e-01  0.5000         135  [    1     14         60          1 ]
           2        2239       7.614   0.000e+00   0.000e+00   8.197e-01   3.756e-02   1.192e-01  0.5000         148  [    1     15         60          1 ]
           2        2279       7.852   0.000e+00   0.000e+00   8.197e-01   3.755e-02   1.192e-01  0.5000         164  [    1     16         60          1 ]
           2        2324       8.001   0.000e+00   0.000e+00   8.197e-01   3.753e-02   1.192e-01  0.5000         180  [    1     17         60          1 ]
           2        2421       8.163   0.000e+00   0.000e+00   8.304e-01   3.097e-02   1.194e-01  0.5000         179  [    2      3        120          1 ]
           2        2461       8.358   0.000e+00   0.000e+00   8.305e-01   3.096e-02   1.194e-01  0.5000         195  [    1     18         60          1 ]
           2        2506       8.664   0.000e+00   0.000e+00   8.305e-01   3.096e-02   1.194e-01  0.5000         209  [    1     19         60          1 ]
           2        2546       8.992   0.000e+00   0.000e+00   8.305e-01   3.096e-02   1.194e-01  0.5000         223  [    1     20         60          1 ]
           2        2586       9.341   0.000e+00   0.000e+00   8.306e-01   3.089e-02   1.194e-01  0.5000         235  [    1     21         60          1 ]
           2        2626       9.707   0.000e+00   0.000e+00   8.306e-01   3.086e-02   1.194e-01  0.5000         247  [    1     22         60          1 ]
           2        2671      10.092   0.000e+00   0.000e+00   8.307e-01   3.083e-02   1.193e-01  0.5000         258  [    1     23         60          1 ]
           2        2711      10.493   0.000e+00   0.000e+00   8.307e-01   3.083e-02   1.193e-01  0.5000         270  [    1     24         60          1 ]
           2        2751      10.892   0.000e+00   0.000e+00   8.307e-01   3.081e-02   1.193e-01  0.5000         283  [    1     25         60          1 ]
           2        2843      11.084   0.000e+00   0.000e+00   8.307e-01   3.080e-02   1.193e-01  0.5000         284  [    2      4        120          1 ]
           2        2883      11.517   0.000e+00   0.000e+00   8.307e-01   3.080e-02   1.193e-01  0.5000         298  [    1     26         60          1 ]
           2        2928      11.966   0.000e+00   0.000e+00   8.307e-01   3.080e-02   1.193e-01  0.5000         310  [    1     27         60          1 ]
           2        2968      12.352   0.000e+00   0.000e+00   8.307e-01   3.080e-02   1.193e-01  0.5000         327  [    1     28         60          1 ]
           2        3008      12.709   0.000e+00   0.000e+00   8.307e-01   3.080e-02   1.193e-01  0.5000         337  [    1     29         60          1 ]
           2        3048      12.990   0.000e+00   0.000e+00   8.308e-01   3.078e-02   1.193e-01  0.5000         345  [    1     30         60          1 ]
           2        3088      13.417   0.000e+00   0.000e+00   8.308e-01   3.078e-02   1.193e-01  0.5000         352  [    1     31         60          1 ]
           2        3128      13.845   0.000e+00   0.000e+00   8.308e-01   3.077e-02   1.193e-01  0.5000         359  [    1     32         60          1 ]
           2        3168      14.233   0.000e+00   0.000e+00   8.308e-01   3.077e-02   1.193e-01  0.5000         360  [    1     33         60          1 ]
           2        3260      14.568   0.000e+00   0.000e+00   8.311e-01   3.065e-02   1.193e-01  0.5000         368  [    2      5        120          1 ]
           2        3305      15.080   0.000e+00   0.000e+00   8.345e-01   2.824e-02   1.164e-01  0.5000         371  [    1     34         60          1 ]
           2        3345      15.645   0.000e+00   0.000e+00   8.345e-01   2.823e-02   1.164e-01  0.5000         374  [    1     35         60          1 ]
           2        3385      16.107   0.000e+00   0.000e+00   8.345e-01   2.823e-02   1.164e-01  0.5000         377  [    1     36         60          1 ]
           2        3425      16.700   0.000e+00   0.000e+00   8.345e-01   2.823e-02   1.164e-01  0.5000         378  [    1     37         60          1 ]
           2        3470      17.244   0.000e+00   0.000e+00   8.345e-01   2.823e-02   1.164e-01  0.5000         380  [    1     38         60          1 ]
           2        3510      17.731   0.000e+00   0.000e+00   8.345e-01   2.823e-02   1.164e-01  0.5000         387  [    1     39         60          1 ]
           2        3550      18.319   0.000e+00   0.000e+00   8.345e-01   2.822e-02   1.164e-01  0.5000         390  [    1     40         60          1 ]
           2        3590      18.873   0.000e+00   0.000e+00   8.345e-01   2.822e-02   1.164e-01  0.5000         394  [    1     41         60          1 ]
           2        3675      19.503   0.000e+00   0.000e+00   8.348e-01   2.806e-02   1.163e-01  0.5000         406  [    2      6        120          1 ]
           2        3720      20.055   0.000e+00   0.000e+00   8.348e-01   2.806e-02   1.163e-01  0.5000         408  [    1     42         60          1 ]
           2        3765      20.557   0.000e+00   0.000e+00   8.348e-01   2.806e-02   1.163e-01  0.5000         411  [    1     43         60          1 ]
           2        3805      21.026   0.000e+00   0.000e+00   8.348e-01   2.806e-02   1.163e-01  0.5000         415  [    1     44         60          1 ]
           2        3845      21.673   0.000e+00   0.000e+00   8.348e-01   2.806e-02   1.163e-01  0.5000         416  [    1     45         60          1 ]
           2        3890      22.261   0.000e+00   0.000e+00   8.348e-01   2.806e-02   1.163e-01  0.5000         418  [    1     46         60          1 ]
           2        3930      22.683   0.000e+00   0.000e+00   8.348e-01   2.806e-02   1.163e-01  0.5000         419  [    1     47         60          1 ]
           2        3970      23.169   0.000e+00   0.000e+00   8.348e-01   2.806e-02   1.163e-01  0.5000         419  [    1     48         60          1 ]
           2        4010      23.713   0.000e+00   0.000e+00   8.348e-01   2.805e-02   1.163e-01  0.5000         420  [    1     49         60          1 ]
           2        4096      24.363   0.000e+00   0.000e+00   8.349e-01   2.800e-02   1.163e-01  0.5000         432  [    2      7        120          1 ]
           2        4141      24.905   0.000e+00   0.000e+00   8.349e-01   2.800e-02   1.163e-01  0.5000         433  [    1     50         60          1 ]
           2        4186      25.410   0.000e+00   0.000e+00   8.349e-01   2.800e-02   1.163e-01  0.5000         433  [    1     51         60          1 ]
           2        4226      26.121   0.000e+00   0.000e+00   8.349e-01   2.800e-02   1.163e-01  0.5000         437  [    1     52         60          1 ]
           2        4266      26.752   0.000e+00   0.000e+00   8.349e-01   2.800e-02   1.163e-01  0.5000         441  [    1     53         60          1 ]
           2        4306      27.408   0.000e+00   0.000e+00   8.349e-01   2.800e-02   1.163e-01  0.5000         441  [    1     54         60          1 ]
           2        4346      27.928   0.000e+00   0.000e+00   8.349e-01   2.799e-02   1.163e-01  0.5000         439  [    1     55         60          1 ]
           2        4386      28.481   0.000e+00   0.000e+00   8.350e-01   2.799e-02   1.163e-01  0.5000         438  [    1     56         60          1 ]
           2        4426      29.193   0.000e+00   0.000e+00   8.350e-01   2.799e-02   1.163e-01  0.5000         438  [    1     57         60          1 ]
           2        4511      29.742   0.000e+00   0.000e+00   8.350e-01   2.797e-02   1.163e-01  0.5000         456  [    2      8        120          1 ]
           2        4551      30.396   0.000e+00   0.000e+00   8.373e-01   2.627e-02   1.158e-01  0.5000         456  [    1     58         60          1 ]
           2        4591      31.113   0.000e+00   0.000e+00   8.373e-01   2.627e-02   1.158e-01  0.5000         456  [    1     59         60          1 ]
           2        4631      31.834   0.000e+00   0.000e+00   8.373e-01   2.627e-02   1.158e-01  0.5000         456  [    1     60         60          1 ]
           2        4671      32.556   0.000e+00   0.000e+00   8.373e-01   2.627e-02   1.158e-01  0.5000         456  [    1     61         60          1 ]
           2        4711      33.263   0.000e+00   0.000e+00   8.373e-01   2.626e-02   1.158e-01  0.5000         458  [    1     62         60          1 ]
           2        4756      33.989   0.000e+00   0.000e+00   8.373e-01   2.626e-02   1.158e-01  0.5000         460  [    1     63         60          1 ]
           2        4796      34.498   0.000e+00   0.000e+00   8.373e-01   2.626e-02   1.158e-01  0.5000         463  [    1     64         60          1 ]
           3        5036      35.104   0.000e+00   0.000e+00   8.373e-01   2.626e-02   1.158e-01  0.5000         463  [    3      1        240          1 ]
           3        5121      35.566   0.000e+00   0.000e+00   8.374e-01   2.623e-02   1.158e-01  0.5000         476  [    2      9        120          1 ]
           3        5328      36.108   0.000e+00   0.000e+00   8.393e-01   2.503e-02   1.156e-01  0.5000         477  [    3      2        240          1 ]
           3        5414      36.860   0.000e+00   0.000e+00   8.393e-01   2.500e-02   1.156e-01  0.5000         488  [    2     10        120          1 ]
           3        5501      37.607   0.000e+00   0.000e+00   8.394e-01   2.497e-02   1.155e-01  0.5000         504  [    2     11        120          1 ]
           3        5579      38.413   0.000e+00   0.000e+00   8.394e-01   2.496e-02   1.155e-01  0.5000         515  [    2     12        120          1 ]
           3        5664      39.235   0.000e+00   0.000e+00   8.394e-01   2.496e-02   1.155e-01  0.5000         526  [    2     13        120          1 ]
           3        5742      39.764   0.000e+00   0.000e+00   8.394e-01   2.495e-02   1.155e-01  0.5000         531  [    2     14        120          1 ]
           3        5821      40.417   0.000e+00   0.000e+00   8.399e-01   2.468e-02   1.154e-01  0.5000         538  [    2     15        120          1 ]
           3        5899      41.275   0.000e+00   0.000e+00   8.399e-01   2.465e-02   1.154e-01  0.5000         545  [    2     16        120          1 ]
           3        5984      41.977   0.000e+00   0.000e+00   8.400e-01   2.463e-02   1.154e-01  0.5000         556  [    2     17        120          1 ]
           3        6179      42.559   0.000e+00   0.000e+00   8.405e-01   2.449e-02   1.163e-01  0.5000         556  [    3      3        240          1 ]
           3        6264      43.152   0.000e+00   0.000e+00   8.405e-01   2.449e-02   1.163e-01  0.5000         565  [    2     18        120          1 ]
           3        6349      43.861   0.000e+00   0.000e+00   8.412e-01   2.419e-02   1.162e-01  0.5000         572  [    2     19        120          1 ]
           3        6434      44.570   0.000e+00   0.000e+00   8.413e-01   2.417e-02   1.162e-01  0.5000         575  [    2     20        120          1 ]
           3        6512      45.398   0.000e+00   0.000e+00   8.413e-01   2.417e-02   1.162e-01  0.5000         584  [    2     21        120          1 ]
           3        6597      46.303   0.000e+00   0.000e+00   8.413e-01   2.416e-02   1.162e-01  0.5000         590  [    2     22        120          1 ]
           3        6682      47.216   0.000e+00   0.000e+00   8.413e-01   2.415e-02   1.162e-01  0.5000         604  [    2     23        120          1 ]
           3        6760      47.842   0.000e+00   0.000e+00   8.413e-01   2.415e-02   1.162e-01  0.5000         611  [    2     24        120          1 ]
           3        6845      48.600   0.000e+00   0.000e+00   8.413e-01   2.415e-02   1.162e-01  0.5000         622  [    2     25        120          1 ]
           3        7030      49.432   0.000e+00   0.000e+00   8.417e-01   2.332e-02   1.110e-01  0.5000         628  [    3      4        240          1 ]
           3        7108      50.226   0.000e+00   0.000e+00   8.417e-01   2.331e-02   1.110e-01  0.5000         637  [    2     26        120          1 ]
           3        7193      51.194   0.000e+00   0.000e+00   8.417e-01   2.330e-02   1.110e-01  0.5000         645  [    2     27        120          1 ]
           3        7278      52.072   0.000e+00   0.000e+00   8.417e-01   2.330e-02   1.110e-01  0.5000         654  [    2     28        120          1 ]
           3        7363      53.196   0.000e+00   0.000e+00   8.417e-01   2.330e-02   1.110e-01  0.5000         658  [    2     29        120          1 ]
           3        7448      53.964   0.000e+00   0.000e+00   8.417e-01   2.330e-02   1.110e-01  0.5000         666  [    2     30        120          1 ]
           3        7526      54.776   0.000e+00   0.000e+00   8.421e-01   2.306e-02   1.109e-01  0.5000         676  [    2     31        120          1 ]
           3        7611      55.644   0.000e+00   0.000e+00   8.421e-01   2.305e-02   1.109e-01  0.5000         684  [    2     32        120          1 ]
           3        7696      56.728   0.000e+00   0.000e+00   8.421e-01   2.305e-02   1.109e-01  0.5000         690  [    2     33        120          1 ]
           3        7877      57.481   0.000e+00   0.000e+00   8.425e-01   2.275e-02   1.108e-01  0.5000         705  [    3      5        240          1 ]
           3        7962      58.286   0.000e+00   0.000e+00   8.426e-01   2.269e-02   1.108e-01  0.5000         709  [    2     34        120          1 ]
           3        8047      59.270   0.000e+00   0.000e+00   8.426e-01   2.268e-02   1.108e-01  0.5000         717  [    2     35        120          1 ]
           3        8125      60.089   0.000e+00   0.000e+00   8.427e-01   2.265e-02   1.108e-01  0.5000         726  [    2     36        120          1 ]
           3        8210      61.017   0.000e+00   0.000e+00   8.434e-01   2.225e-02   1.107e-01  0.5000         736  [    2     37        120          1 ]
           3        8288      62.166   0.000e+00   0.000e+00   8.436e-01   2.217e-02   1.107e-01  0.5000         746  [    2     38        120          1 ]
           3        8373      63.322   0.000e+00   0.000e+00   8.438e-01   2.210e-02   1.107e-01  0.5000         751  [    2     39        120          1 ]
           3        8458      64.204   0.000e+00   0.000e+00   8.440e-01   2.199e-02   1.105e-01  0.5000         761  [    2     40        120          1 ]
           3        8536      65.387   0.000e+00   0.000e+00   8.446e-01   2.169e-02   1.103e-01  0.5000         769  [    2     41        120          1 ]
           3        8713      66.400   0.000e+00   0.000e+00   8.446e-01   2.168e-02   1.103e-01  0.5000         796  [    3      6        240          1 ]
           3        8798      67.427   0.000e+00   0.000e+00   8.451e-01   2.143e-02   1.103e-01  0.5000         804  [    2     42        120          1 ]
           3        8883      68.677   0.000e+00   0.000e+00   8.451e-01   2.143e-02   1.103e-01  0.5000         812  [    2     43        120          1 ]
           3        8961      69.703   0.000e+00   0.000e+00   8.451e-01   2.143e-02   1.103e-01  0.5000         820  [    2     44        120          1 ]
           3        9046      70.847   0.000e+00   0.000e+00   8.451e-01   2.142e-02   1.103e-01  0.5000         824  [    2     45        120          1 ]
           3        9131      71.724   0.000e+00   0.000e+00   8.451e-01   2.142e-02   1.103e-01  0.5000         828  [    2     46        120          1 ]
           3        9209      72.748   0.000e+00   0.000e+00   8.451e-01   2.142e-02   1.103e-01  0.5000         834  [    2     47        120          1 ]
           3        9294      73.943   0.000e+00   0.000e+00   8.451e-01   2.142e-02   1.103e-01  0.5000         844  [    2     48        120          1 ]
           3        9372      74.755   0.000e+00   0.000e+00   8.451e-01   2.142e-02   1.103e-01  0.5000         849  [    2     49        120          1 ]
           3        9545      75.803   0.000e+00   0.000e+00   8.453e-01   2.131e-02   1.102e-01  0.5000         873  [    3      7        240          1 ]
           3        9630      77.146   0.000e+00   0.000e+00   8.506e-01   1.847e-02   1.109e-01  0.5000         883  [    2     50        120          1 ]
           3        9708      78.534   0.000e+00   0.000e+00   8.510e-01   1.832e-02   1.108e-01  0.5000         886  [    2     51        120          1 ]
           3        9793      79.906   0.000e+00   0.000e+00   8.513e-01   1.814e-02   1.108e-01  0.5000         893  [    2     52        120          1 ]
           3        9878      81.246   0.000e+00   0.000e+00   8.513e-01   1.814e-02   1.108e-01  0.5000         900  [    2     53        120          1 ]
           3        9956      82.358   0.000e+00   0.000e+00   8.514e-01   1.813e-02   1.107e-01  0.5000         910  [    2     54        120          1 ]
           3       10041      83.893   0.000e+00   0.000e+00   8.527e-01   1.724e-02   1.052e-01  0.5000         915  [    2     55        120          1 ]
           3       10126      85.237   0.000e+00   0.000e+00   8.527e-01   1.723e-02   1.052e-01  0.5000         918  [    2     56        120          1 ]
           3       10211      86.681   0.000e+00   0.000e+00   8.527e-01   1.723e-02   1.052e-01  0.5000         922  [    2     57        120          1 ]
           3       10388      87.693   0.000e+00   0.000e+00   8.535e-01   1.675e-02   1.041e-01  0.5000         950  [    3      8        240          1 ]
           3       10473      89.120   0.000e+00   0.000e+00   8.535e-01   1.674e-02   1.041e-01  0.5000         955  [    2     58        120          1 ]
           3       10558      90.337   0.000e+00   0.000e+00   8.535e-01   1.672e-02   1.041e-01  0.5000         957  [    2     59        120          1 ]
           3       10636      91.651   0.000e+00   0.000e+00   8.536e-01   1.672e-02   1.041e-01  0.5000         963  [    2     60        120          1 ]
           3       10721      93.063   0.000e+00   0.000e+00   8.536e-01   1.671e-02   1.041e-01  0.5000         965  [    2     61        120          1 ]
           3       10806      94.153   0.000e+00   0.000e+00   8.536e-01   1.671e-02   1.041e-01  0.5000         968  [    2     62        120          1 ]
           3       10884      95.069   0.000e+00   0.000e+00   8.536e-01   1.671e-02   1.041e-01  0.5000         968  [    2     63        120          1 ]
           3       10969      96.308   0.000e+00   0.000e+00   8.537e-01   1.665e-02   1.041e-01  0.5000         971  [    2     64        120          1 ]
           4       11449      98.106   0.000e+00   0.000e+00   8.539e-01   1.655e-02   1.037e-01  0.5000         973  [    4      1        480          1 ]
           4       11628      99.640   0.000e+00   0.000e+00   8.541e-01   1.644e-02   1.037e-01  0.5000         999  [    3      9        240          1 ]
           4       12037     100.928   0.000e+00   0.000e+00   8.545e-01   1.487e-02   1.025e-01  0.5000        1000  [    4      2        480          1 ]
           4       12207     102.395   0.000e+00   0.000e+00   8.578e-01   1.311e-02   9.896e-02  0.5000        1030  [    3     10        240          1 ]
           4       12380     103.554   0.000e+00   0.000e+00   8.579e-01   1.308e-02   9.895e-02  0.5000        1050  [    3     11        240          1 ]
           4       12554     104.890   0.000e+00   0.000e+00   8.580e-01   1.302e-02   9.894e-02  0.5000        1081  [    3     12        240          1 ]
           4       12727     106.225   0.000e+00   0.000e+00   8.582e-01   1.294e-02   9.891e-02  0.5000        1109  [    3     13        240          1 ]
           4       12899     108.114   0.000e+00   0.000e+00   8.582e-01   1.291e-02   9.890e-02  0.5000        1138  [    3     14        240          1 ]
           4       13063     110.035   0.000e+00   0.000e+00   8.605e-01   1.155e-02   9.653e-02  0.5000        1164  [    3     15        240          1 ]
           4       13236     111.925   0.000e+00   0.000e+00   8.611e-01   1.142e-02   9.878e-02  0.5000        1181  [    3     16        240          1 ]
           4       13409     113.765   0.000e+00   0.000e+00   8.612e-01   1.139e-02   9.876e-02  0.5000        1200  [    3     17        240          1 ]
           4       13797     115.454   0.000e+00   0.000e+00   8.632e-01   1.021e-02   9.587e-02  0.5000        1202  [    4      3        480          1 ]
           4       13969     117.310   0.000e+00   0.000e+00   8.632e-01   1.019e-02   9.585e-02  0.5000        1222  [    3     18        240          1 ]
           4       14142     119.059   0.000e+00   0.000e+00   8.634e-01   1.001e-02   9.572e-02  0.5000        1236  [    3     19        240          1 ]
           4       14315     121.347   0.000e+00   0.000e+00   8.638e-01   9.719e-03   9.632e-02  0.5000         750  [    3     20        240          1 ]
           4       14486     122.238   0.000e+00   0.000e+00   8.638e-01   9.703e-03   9.632e-02  0.5000         760  [    3     21        240          1 ]
           4       14658     123.473   0.000e+00   0.000e+00   8.639e-01   9.682e-03   9.631e-02  0.5000         775  [    3     22        240          1 ]
           4       14830     124.576   0.000e+00   0.000e+00   8.639e-01   9.672e-03   9.630e-02  0.5000         793  [    3     23        240          1 ]
           4       15002     125.728   0.000e+00   0.000e+00   8.644e-01   9.344e-03   9.343e-02  0.5000         805  [    3     24        240          1 ]
           4       15175     127.060   0.000e+00   0.000e+00   8.644e-01   9.329e-03   9.343e-02  0.5000         814  [    3     25        240          1 ]
           4       15543     128.205   0.000e+00   0.000e+00   8.644e-01   9.328e-03   9.343e-02  0.5000         818  [    4      4        480          1 ]
           4       15715     129.304   0.000e+00   0.000e+00   8.644e-01   9.319e-03   9.342e-02  0.5000         835  [    3     26        240          1 ]
           4       15887     130.431   0.000e+00   0.000e+00   8.644e-01   9.316e-03   9.342e-02  0.5000         844  [    3     27        240          1 ]
           4       16059     131.740   0.000e+00   0.000e+00   8.644e-01   9.314e-03   9.342e-02  0.5000         855  [    3     28        240          1 ]
           4       16231     133.051   0.000e+00   0.000e+00   8.644e-01   9.309e-03   9.312e-02  0.5000         870  [    3     29        240          1 ]
           4       16403     133.991   0.000e+00   0.000e+00   8.645e-01   9.269e-03   9.308e-02  0.5000         888  [    3     30        240          1 ]
           4       16573     135.195   0.000e+00   0.000e+00   8.645e-01   9.265e-03   9.308e-02  0.5000         900  [    3     31        240          1 ]
           4       16745     136.433   0.000e+00   0.000e+00   8.646e-01   9.250e-03   9.306e-02  0.5000         914  [    3     32        240          1 ]
           4       16919     138.084   0.000e+00   0.000e+00   8.646e-01   9.248e-03   9.306e-02  0.5000         921  [    3     33        240          1 ]
           4       17282     139.550   0.000e+00   0.000e+00   8.646e-01   9.247e-03   9.306e-02  0.5000         930  [    4      5        480          1 ]
           4       17455     140.889   0.000e+00   0.000e+00   8.646e-01   9.246e-03   9.305e-02  0.5000         939  [    3     34        240          1 ]
           4       17628     141.899   0.000e+00   0.000e+00   8.646e-01   9.241e-03   9.305e-02  0.5000         951  [    3     35        240          1 ]
           4       17801     142.975   0.000e+00   0.000e+00   8.646e-01   9.240e-03   9.305e-02  0.5000         961  [    3     36        240          1 ]
           4       17974     144.422   0.000e+00   0.000e+00   8.648e-01   9.210e-03   9.305e-02  0.5000         972  [    3     37        240          1 ]
           4       18147     145.760   0.000e+00   0.000e+00   8.648e-01   9.210e-03   9.305e-02  0.5000         982  [    3     38        240          1 ]
           4       18314     146.941   0.000e+00   0.000e+00   8.648e-01   9.181e-03   9.304e-02  0.5000         990  [    3     39        240          1 ]
           4       18486     148.005   0.000e+00   0.000e+00   8.649e-01   9.178e-03   9.304e-02  0.5000         996  [    3     40        240          1 ]
           4       18659     149.488   0.000e+00   0.000e+00   8.649e-01   9.148e-03   9.304e-02  0.5000        1005  [    3     41        240          1 ]
           4       19011     151.033   0.000e+00   0.000e+00   8.650e-01   9.128e-03   9.305e-02  0.5000        1026  [    4      6        480          1 ]
           4       19185     152.632   0.000e+00   0.000e+00   8.650e-01   9.127e-03   9.305e-02  0.5000        1031  [    3     42        240          1 ]
           4       19351     153.969   0.000e+00   0.000e+00   8.650e-01   9.123e-03   9.305e-02  0.5000        1042  [    3     43        240          1 ]
           4       19523     155.537   0.000e+00   0.000e+00   8.650e-01   9.123e-03   9.305e-02  0.5000        1049  [    3     44        240          1 ]
           4       19699     157.054   0.000e+00   0.000e+00   8.650e-01   9.117e-03   9.305e-02  0.5000        1057  [    3     45        240          1 ]
           4       19874     158.756   0.000e+00   0.000e+00   8.653e-01   8.960e-03   9.301e-02  0.5000        1063  [    3     46        240          1 ]
           4       20047     160.235   0.000e+00   0.000e+00   8.653e-01   8.959e-03   9.301e-02  0.5000        1071  [    3     47        240          1 ]
           4       20220     161.677   0.000e+00   0.000e+00   8.653e-01   8.943e-03   9.299e-02  0.5000        1085  [    3     48        240          1 ]
           4       20394     163.256   0.000e+00   0.000e+00   8.653e-01   8.942e-03   9.299e-02  0.5000        1090  [    3     49        240          1 ]
           4       20743     164.864   0.000e+00   0.000e+00   8.653e-01   8.928e-03   9.299e-02  0.5000        1133  [    4      7        480          1 ]
           4       20916     166.615   0.000e+00   0.000e+00   8.653e-01   8.928e-03   9.299e-02  0.5000        1139  [    3     50        240          1 ]
           4       21089     168.266   0.000e+00   0.000e+00   8.653e-01   8.927e-03   9.299e-02  0.5000        1147  [    3     51        240          1 ]
           4       21259     169.789   0.000e+00   0.000e+00   8.653e-01   8.925e-03   9.299e-02  0.5000        1155  [    3     52        240          1 ]
           4       21430     171.150   0.000e+00   0.000e+00   8.663e-01   8.445e-03   9.318e-02  0.5000        1158  [    3     53        240          1 ]
           4       21603     172.518   0.000e+00   0.000e+00   8.663e-01   8.443e-03   9.317e-02  0.5000        1170  [    3     54        240          1 ]
           4       21776     174.626   0.000e+00   0.000e+00   8.663e-01   8.440e-03   9.317e-02  0.5000        1180  [    3     55        240          1 ]
           4       21949     176.581   0.000e+00   0.000e+00   8.663e-01   8.439e-03   9.317e-02  0.5000        1184  [    3     56        240          1 ]
           4       22122     178.358   0.000e+00   0.000e+00   8.663e-01   8.439e-03   9.317e-02  0.5000        1187  [    3     57        240          1 ]
           4       22475     180.237   0.000e+00   0.000e+00   8.663e-01   8.423e-03   9.317e-02  0.5000        1217  [    4      8        480          1 ]
           4       22641     181.724   0.000e+00   0.000e+00   8.663e-01   8.422e-03   9.317e-02  0.5000        1220  [    3     58        240          1 ]
           4       22812     183.894   0.000e+00   0.000e+00   8.663e-01   8.422e-03   9.317e-02  0.5000        1222  [    3     59        240          1 ]
           4       22984     185.969   0.000e+00   0.000e+00   8.665e-01   8.468e-03   9.297e-02  0.5000        1224  [    3     60        240          1 ]
           4       23156     188.126   0.000e+00   0.000e+00   8.665e-01   8.467e-03   9.297e-02  0.5000        1235  [    3     61        240          1 ]
           4       23329     190.285   0.000e+00   0.000e+00   8.668e-01   8.345e-03   9.276e-02  0.5000        1244  [    3     62        240          1 ]
           4       23502     192.266   0.000e+00   0.000e+00   8.668e-01   8.343e-03   9.275e-02  0.5000        1250  [    3     63        240          1 ]
           4       23678     195.053   0.000e+00   0.000e+00   8.669e-01   8.299e-03   9.273e-02  0.5000         760  [    3     64        240          1 ]
           5       24638     196.172   0.000e+00   0.000e+00   8.675e-01   7.756e-03   8.202e-02  0.5000         763  [    5      1        960          1 ]
           5       24992     196.969   0.000e+00   0.000e+00   8.676e-01   7.748e-03   8.202e-02  0.5000         783  [    4      9        480          1 ]
           5       25831     197.765   0.000e+00   0.000e+00   8.682e-01   7.339e-03   8.108e-02  0.5000         785  [    5      2        960          1 ]
           5       26184     198.984   0.000e+00   0.000e+00   8.682e-01   7.335e-03   8.108e-02  0.5000         804  [    4     10        480          1 ]
           5       26550     200.022   0.000e+00   0.000e+00   8.684e-01   7.125e-03   8.094e-02  0.5000         814  [    4     11        480          1 ]
           5       26913     200.954   0.000e+00   0.000e+00   8.684e-01   7.120e-03   8.094e-02  0.5000         828  [    4     12        480          1 ]
           5       27287     201.725   0.000e+00   0.000e+00   8.684e-01   7.119e-03   8.094e-02  0.5000         837  [    4     13        480          1 ]
           5       27648     202.780   0.000e+00   0.000e+00   8.684e-01   7.117e-03   8.094e-02  0.5000         848  [    4     14        480          1 ]
           5       28006     204.116   0.000e+00   0.000e+00   8.684e-01   7.115e-03   8.094e-02  0.5000         856  [    4     15        480          1 ]
           5       28369     205.181   0.000e+00   0.000e+00   8.685e-01   7.113e-03   8.094e-02  0.5000         860  [    4     16        480          1 ]
           5       28735     206.458   0.000e+00   0.000e+00   8.685e-01   7.112e-03   8.093e-02  0.5000         870  [    4     17        480          1 ]
           5       29513     207.985   0.000e+00   0.000e+00   8.696e-01   6.105e-03   7.742e-02  0.5000         872  [    5      3        960          1 ]
           5       29865     209.210   0.000e+00   0.000e+00   8.696e-01   6.102e-03   7.742e-02  0.5000         875  [    4     18        480          1 ]
           5       30229     210.531   0.000e+00   0.000e+00   8.696e-01   6.101e-03   7.742e-02  0.5000         880  [    4     19        480          1 ]
           5       30603     212.151   0.000e+00   0.000e+00   8.696e-01   6.100e-03   7.742e-02  0.5000         882  [    4     20        480          1 ]
           5       30970     213.383   0.000e+00   0.000e+00   8.697e-01   5.850e-03   7.678e-02  0.5000         885  [    4     21        480          1 ]
           5       31334     214.991   0.000e+00   0.000e+00   8.697e-01   5.848e-03   7.678e-02  0.5000         892  [    4     22        480          1 ]
           5       31688     216.516   0.000e+00   0.000e+00   8.698e-01   5.679e-03   7.671e-02  0.5000         899  [    4     23        480          1 ]
           5       32030     217.773   0.000e+00   0.000e+00   8.698e-01   5.677e-03   7.671e-02  0.5000         909  [    4     24        480          1 ]
           5       32392     218.825   0.000e+00   0.000e+00   8.702e-01   5.413e-03   7.617e-02  0.5000         917  [    4     25        480          1 ]
           5       33122     220.168   0.000e+00   0.000e+00   8.702e-01   5.378e-03   7.591e-02  0.5000         919  [    5      4        960          1 ]
           5       33487     221.208   0.000e+00   0.000e+00   8.703e-01   5.336e-03   7.589e-02  0.5000         927  [    4     26        480          1 ]
           5       33842     222.414   0.000e+00   0.000e+00   8.703e-01   5.336e-03   7.589e-02  0.5000         930  [    4     27        480          1 ]
           5       34202     223.967   0.000e+00   0.000e+00   8.703e-01   5.335e-03   7.589e-02  0.5000         934  [    4     28        480          1 ]
           5       34563     225.361   0.000e+00   0.000e+00   8.705e-01   5.175e-03   7.581e-02  0.5000         941  [    4     29        480          1 ]
           5       34913     226.417   0.000e+00   0.000e+00   8.705e-01   5.168e-03   7.577e-02  0.5000         944  [    4     30        480          1 ]
           5       35267     228.003   0.000e+00   0.000e+00   8.705e-01   5.168e-03   7.577e-02  0.5000         945  [    4     31        480          1 ]
           5       35623     229.344   0.000e+00   0.000e+00   8.705e-01   5.114e-03   7.556e-02  0.5000         951  [    4     32        480          1 ]
           5       35978     230.873   0.000e+00   0.000e+00   8.705e-01   5.114e-03   7.556e-02  0.5000         957  [    4     33        480          1 ]
           5       36692     232.403   0.000e+00   0.000e+00   8.706e-01   5.113e-03   7.555e-02  0.5000         959  [    5      5        960          1 ]
           5       37052     234.196   0.000e+00   0.000e+00   8.706e-01   5.037e-03   7.546e-02  0.5000         962  [    4     34        480          1 ]
           5       37409     235.610   0.000e+00   0.000e+00   8.706e-01   5.037e-03   7.546e-02  0.5000         962  [    4     35        480          1 ]
           5       37767     237.172   0.000e+00   0.000e+00   8.706e-01   5.037e-03   7.546e-02  0.5000         965  [    4     36        480          1 ]
           5       38127     238.765   0.000e+00   0.000e+00   8.708e-01   4.885e-03   7.514e-02  0.5000         969  [    4     37        480          1 ]
           5       38488     240.203   0.000e+00   0.000e+00   8.708e-01   4.884e-03   7.514e-02  0.5000         970  [    4     38        480          1 ]
           5       38833     241.599   0.000e+00   0.000e+00   8.708e-01   4.879e-03   7.514e-02  0.5000         980  [    4     39        480          1 ]
           5       39190     242.904   0.000e+00   0.000e+00   8.708e-01   4.876e-03   7.514e-02  0.5000         984  [    4     40        480          1 ]
           5       39550     244.546   0.000e+00   0.000e+00   8.709e-01   4.875e-03   7.514e-02  0.5000         990  [    4     41        480          1 ]
           5       40263     246.149   0.000e+00   0.000e+00   8.709e-01   4.809e-03   7.522e-02  0.5000        1000  [    5      6        960          1 ]
           5       40632     248.004   0.000e+00   0.000e+00   8.710e-01   4.746e-03   7.520e-02  0.5000        1004  [    4     42        480          1 ]
           5       40993     249.485   0.000e+00   0.000e+00   8.711e-01   4.700e-03   7.514e-02  0.5000        1006  [    4     43        480          1 ]
           5       41354     251.101   0.000e+00   0.000e+00   8.711e-01   4.699e-03   7.514e-02  0.5000        1008  [    4     44        480          1 ]
           5       41715     252.593   0.000e+00   0.000e+00   8.711e-01   4.695e-03   7.514e-02  0.5000        1014  [    4     45        480          1 ]
           5       42069     254.000   0.000e+00   0.000e+00   8.711e-01   4.693e-03   7.514e-02  0.5000        1023  [    4     46        480          1 ]
           5       42424     255.602   0.000e+00   0.000e+00   8.711e-01   4.691e-03   7.514e-02  0.5000        1029  [    4     47        480          1 ]
           5       42779     257.388   0.000e+00   0.000e+00   8.711e-01   4.691e-03   7.514e-02  0.5000        1031  [    4     48        480          1 ]
           5       43134     258.917   0.000e+00   0.000e+00   8.714e-01   4.541e-03   7.572e-02  0.5000        1037  [    4     49        480          1 ]
           5       43843     260.539   0.000e+00   0.000e+00   8.714e-01   4.538e-03   7.572e-02  0.5000        1049  [    5      7        960          1 ]
           5       44186     262.210   0.000e+00   0.000e+00   8.714e-01   4.540e-03   7.572e-02  0.5000        1049  [    4     50        480          1 ]
           5       44529     263.915   0.000e+00   0.000e+00   8.714e-01   4.534e-03   7.571e-02  0.5000        1057  [    4     51        480          1 ]
           5       44883     265.385   0.000e+00   0.000e+00   8.714e-01   4.534e-03   7.571e-02  0.5000        1060  [    4     52        480          1 ]
           5       45236     266.657   0.000e+00   0.000e+00   8.714e-01   4.533e-03   7.571e-02  0.5000        1061  [    4     53        480          1 ]
           5       45596     268.713   0.000e+00   0.000e+00   8.715e-01   4.485e-03   7.569e-02  0.5000        1064  [    4     54        480          1 ]
           5       45948     270.424   0.000e+00   0.000e+00   8.715e-01   4.485e-03   7.569e-02  0.5000        1065  [    4     55        480          1 ]
           5       46292     271.903   0.000e+00   0.000e+00   8.715e-01   4.485e-03   7.569e-02  0.5000        1069  [    4     56        480          1 ]
           5       46649     273.322   0.000e+00   0.000e+00   8.718e-01   4.200e-03   7.562e-02  0.5000        1072  [    4     57        480          1 ]
           5       47363     275.236   0.000e+00   0.000e+00   8.718e-01   4.199e-03   7.561e-02  0.5000        1080  [    5      8        960          1 ]
           5       47709     276.437   0.000e+00   0.000e+00   8.718e-01   4.198e-03   7.561e-02  0.5000        1084  [    4     58        480          1 ]
           5       48061     278.241   0.000e+00   0.000e+00   8.721e-01   4.075e-03   7.554e-02  0.5000        1089  [    4     59        480          1 ]
           5       48406     279.880   0.000e+00   0.000e+00   8.721e-01   4.037e-03   7.552e-02  0.5000        1099  [    4     60        480          1 ]
           5       48756     281.778   0.000e+00   0.000e+00   8.722e-01   3.983e-03   1.028e-01  0.5000        1106  [    4     61        480          1 ]
           5       49109     283.306   0.000e+00   0.000e+00   8.723e-01   3.933e-03   1.028e-01  0.5000        1118  [    4     62        480          1 ]
           5       49453     285.006   0.000e+00   0.000e+00   8.723e-01   3.918e-03   1.028e-01  0.5000        1126  [    4     63        480          1 ]
           5       49795     286.676   0.000e+00   0.000e+00   8.723e-01   3.912e-03   1.028e-01  0.5000        1131  [    4     64        480          1 ]
           6       51715     288.313   0.000e+00   0.000e+00   8.724e-01   3.899e-03   1.026e-01  0.5000        1132  [    6      1       1920          1 ]
           6       52063     290.540   0.000e+00   0.000e+00   8.724e-01   3.886e-03   1.026e-01  0.5000        1136  [    4     65        480          1 ]
           6       52765     292.318   0.000e+00   0.000e+00   8.724e-01   3.884e-03   1.026e-01  0.5000        1143  [    5      9        960          1 ]
           6       54493     294.083   0.000e+00   0.000e+00   8.726e-01   3.711e-03   1.018e-01  0.5000        1147  [    6      2       1920          1 ]
           6       54841     295.465   0.000e+00   0.000e+00   8.726e-01   3.707e-03   1.018e-01  0.5000        1152  [    4     66        480          1 ]
           6       55188     296.859   0.000e+00   0.000e+00   8.726e-01   3.707e-03   1.018e-01  0.5000        1153  [    4     67        480          1 ]
           6       55539     298.202   0.000e+00   0.000e+00   8.726e-01   3.701e-03   1.018e-01  0.5000        1157  [    4     68        480          1 ]
           6       55890     299.531   0.000e+00   0.000e+00   8.726e-01   3.696e-03   1.018e-01  0.5000        1165  [    4     69        480          1 ]
           6       56236     301.219   0.000e+00   0.000e+00   8.726e-01   3.692e-03   1.018e-01  0.5000        1173  [    4     70        480          1 ]
           6       56586     302.615   0.000e+00   0.000e+00   8.726e-01   3.692e-03   1.018e-01  0.5000        1175  [    4     71        480          1 ]
           6       56937     304.138   0.000e+00   0.000e+00   8.726e-01   3.689e-03   1.018e-01  0.5000        1180  [    4     72        480          1 ]
           6       57285     305.761   0.000e+00   0.000e+00   8.726e-01   3.688e-03   1.018e-01  0.5000        1182  [    4     73        480          1 ]
           6       57991     307.458   0.000e+00   0.000e+00   8.726e-01   3.670e-03   1.017e-01  0.5000        1192  [    5     10        960          1 ]
           6       58335     308.920   0.000e+00   0.000e+00   8.726e-01   3.668e-03   1.017e-01  0.5000        1197  [    4     74        480          1 ]
           6       58683     310.824   0.000e+00   0.000e+00   8.726e-01   3.668e-03   1.017e-01  0.5000        1198  [    4     75        480          1 ]
           6       59031     312.717   0.000e+00   0.000e+00   8.726e-01   3.663e-03   1.017e-01  0.5000        1200  [    4     76        480          1 ]
           6       59370     314.476   0.000e+00   0.000e+00   8.727e-01   3.655e-03   1.017e-01  0.5000        1204  [    4     77        480          1 ]
           6       59718     316.738   0.000e+00   0.000e+00   8.727e-01   3.654e-03   1.017e-01  0.5000        1206  [    4     78        480          1 ]
           6       60066     319.010   0.000e+00   0.000e+00   8.727e-01   3.654e-03   1.017e-01  0.5000        1209  [    4     79        480          1 ]
           6       60407     320.996   0.000e+00   0.000e+00   8.727e-01   3.652e-03   1.017e-01  0.5000        1213  [    4     80        480          1 ]
           6       60753     322.621   0.000e+00   0.000e+00   8.727e-01   3.650e-03   1.017e-01  0.5000        1216  [    4     81        480          1 ]
           6       61457     324.501   0.000e+00   0.000e+00   8.728e-01   3.552e-03   1.015e-01  0.5000        1226  [    5     11        960          1 ]
           6       61799     326.279   0.000e+00   0.000e+00   8.728e-01   3.548e-03   1.015e-01  0.5000        1229  [    4     82        480          1 ]
           6       62148     328.302   0.000e+00   0.000e+00   8.728e-01   3.548e-03   1.015e-01  0.5000        1229  [    4     83        480          1 ]
           6       62491     330.592   0.000e+00   0.000e+00   8.728e-01   3.534e-03   1.015e-01  0.5000        1230  [    4     84        480          1 ]
           6       62830     332.393   0.000e+00   0.000e+00   8.729e-01   3.471e-03   1.014e-01  0.5000        1231  [    4     85        480          1 ]
           6       63167     334.496   0.000e+00   0.000e+00   8.729e-01   3.471e-03   1.014e-01  0.5000        1232  [    4     86        480          1 ]
           6       63506     336.721   0.000e+00   0.000e+00   8.729e-01   3.470e-03   1.014e-01  0.5000        1235  [    4     87        480          1 ]
           6       63845     338.221   0.000e+00   0.000e+00   8.729e-01   3.469e-03   1.014e-01  0.5000        1234  [    4     88        480          1 ]
           6       64184     339.998   0.000e+00   0.000e+00   8.730e-01   3.466e-03   1.014e-01  0.5000        1236  [    4     89        480          1 ]
           6       64884     341.881   0.000e+00   0.000e+00   8.730e-01   3.465e-03   1.014e-01  0.5000        1242  [    5     12        960          1 ]
           6       65223     344.003   0.000e+00   0.000e+00   8.730e-01   3.443e-03   1.013e-01  0.5000        1245  [    4     90        480          1 ]
           6       65561     346.062   0.000e+00   0.000e+00   8.730e-01   3.443e-03   1.013e-01  0.5000        1249  [    4     91        480          1 ]
           6       65899     349.212   0.000e+00   0.000e+00   8.729e-01   3.501e-03   1.013e-01  0.5000         756  [    4     92        480          1 ]
           6       66237     349.983   0.000e+00   0.000e+00   8.729e-01   3.500e-03   1.013e-01  0.5000         764  [    4     93        480          1 ]
           6       66575     351.058   0.000e+00   0.000e+00   8.729e-01   3.499e-03   1.013e-01  0.5000         770  [    4     94        480          1 ]
           6       66914     351.972   0.000e+00   0.000e+00   8.729e-01   3.497e-03   1.013e-01  0.5000         781  [    4     95        480          1 ]
           6       67253     352.927   0.000e+00   0.000e+00   8.729e-01   3.497e-03   1.013e-01  0.5000         784  [    4     96        480          1 ]
           6       67601     353.959   0.000e+00   0.000e+00   8.729e-01   3.488e-03   1.013e-01  0.5000         792  [    4     97        480          1 ]
           6       68300     355.143   0.000e+00   0.000e+00   8.729e-01   3.483e-03   1.013e-01  0.5000         815  [    5     13        960          1 ]
           6       68650     356.249   0.000e+00   0.000e+00   8.730e-01   3.457e-03   1.013e-01  0.5000         820  [    4     98        480          1 ]
           6       68998     357.509   0.000e+00   0.000e+00   8.730e-01   3.447e-03   1.013e-01  0.5000         831  [    4     99        480          1 ]
           6       69346     359.032   0.000e+00   0.000e+00   8.730e-01   3.447e-03   1.013e-01  0.5000         833  [    4    100        480          1 ]
           6       69695     360.344   0.000e+00   0.000e+00   8.730e-01   3.445e-03   1.013e-01  0.5000         839  [    4    101        480          1 ]
           6       70047     361.552   0.000e+00   0.000e+00   8.730e-01   3.444e-03   1.013e-01  0.5000         844  [    4    102        480          1 ]
           6       70397     363.020   0.000e+00   0.000e+00   8.730e-01   3.442e-03   1.013e-01  0.5000         848  [    4    103        480          1 ]
           6       70748     364.585   0.000e+00   0.000e+00   8.730e-01   3.413e-03   1.012e-01  0.5000         854  [    4    104        480          1 ]
           6       71096     366.220   0.000e+00   0.000e+00   8.730e-01   3.413e-03   1.012e-01  0.5000         855  [    4    105        480          1 ]
           6       71790     367.937   0.000e+00   0.000e+00   8.730e-01   3.411e-03   1.012e-01  0.5000         861  [    5     14        960          1 ]
           6       72138     369.458   0.000e+00   0.000e+00   8.730e-01   3.411e-03   1.012e-01  0.5000         862  [    4    106        480          1 ]
           6       72487     371.048   0.000e+00   0.000e+00   8.731e-01   3.391e-03   1.075e-01  0.5000         865  [    4    107        480          1 ]
           6       72838     372.460   0.000e+00   0.000e+00   8.732e-01   3.321e-03   1.075e-01  0.5000         866  [    4    108        480          1 ]
           6       73185     373.697   0.000e+00   0.000e+00   8.732e-01   3.320e-03   1.075e-01  0.5000         869  [    4    109        480          1 ]
           6       73531     375.086   0.000e+00   0.000e+00   8.732e-01   3.319e-03   1.075e-01  0.5000         871  [    4    110        480          1 ]
           6       73879     376.258   0.000e+00   0.000e+00   8.732e-01   3.318e-03   1.075e-01  0.5000         873  [    4    111        480          1 ]
           6       74220     377.451   0.000e+00   0.000e+00   8.732e-01   3.318e-03   1.075e-01  0.5000         875  [    4    112        480          1 ]
           6       74568     378.871   0.000e+00   0.000e+00   8.732e-01   3.308e-03   1.075e-01  0.5000         876  [    4    113        480          1 ]
           6       75261     380.300   0.000e+00   0.000e+00   8.732e-01   3.307e-03   1.075e-01  0.5000         880  [    5     15        960          1 ]
           6       75601     381.455   0.000e+00   0.000e+00   8.732e-01   3.306e-03   1.075e-01  0.5000         888  [    4    114        480          1 ]
           6       75940     382.570   0.000e+00   0.000e+00   8.732e-01   3.306e-03   1.075e-01  0.5000         889  [    4    115        480          1 ]
           6       76288     383.782   0.000e+00   0.000e+00   8.732e-01   3.306e-03   1.075e-01  0.5000         890  [    4    116        480          1 ]
           6       76636     385.351   0.000e+00   0.000e+00   8.732e-01   3.306e-03   1.075e-01  0.5000         892  [    4    117        480          1 ]
           6       76983     386.906   0.000e+00   0.000e+00   8.732e-01   3.305e-03   1.075e-01  0.5000         895  [    4    118        480          1 ]
           6       77331     388.451   0.000e+00   0.000e+00   8.732e-01   3.304e-03   1.075e-01  0.5000         897  [    4    119        480          1 ]
           6       77679     389.895   0.000e+00   0.000e+00   8.732e-01   3.304e-03   1.075e-01  0.5000         901  [    4    120        480          1 ]
           6       78022     391.532   0.000e+00   0.000e+00   8.732e-01   3.303e-03   1.075e-01  0.5000         903  [    4    121        480          1 ]
           6       78715     393.024   0.000e+00   0.000e+00   8.733e-01   3.289e-03   1.075e-01  0.5000         909  [    5     16        960          1 ]
           6       79075     394.690   0.000e+00   0.000e+00   8.733e-01   3.289e-03   1.075e-01  0.5000         910  [    4    122        480          1 ]
           6       79423     396.427   0.000e+00   0.000e+00   8.733e-01   3.288e-03   1.075e-01  0.5000         910  [    4    123        480          1 ]
           6       79771     397.945   0.000e+00   0.000e+00   8.733e-01   3.288e-03   1.075e-01  0.5000         911  [    4    124        480          1 ]
           6       80116     399.583   0.000e+00   0.000e+00   8.733e-01   3.288e-03   1.075e-01  0.5000         912  [    4    125        480          1 ]
           6       80475     401.145   0.000e+00   0.000e+00   8.733e-01   3.288e-03   1.075e-01  0.5000         914  [    4    126        480          1 ]
           6       80823     402.494   0.000e+00   0.000e+00   8.733e-01   3.287e-03   1.075e-01  0.5000         915  [    4    127        480          1 ]
           6       81159     404.233   0.000e+00   0.000e+00   8.733e-01   3.282e-03   1.075e-01  0.5000         921  [    4    128        480          1 ]
           6       81495     406.090   0.000e+00   0.000e+00   8.733e-01   3.264e-03   1.075e-01  0.5000         926  [    4    129        480          1 ]
           6       82186     408.001   0.000e+00   0.000e+00   8.733e-01   3.253e-03   1.075e-01  0.5000         933  [    5     17        960          1 ]
           6       83757     410.209   0.000e+00   0.000e+00   8.734e-01   2.978e-03   1.068e-01  0.5000         934  [    6      3       1920          1 ]
           6       84093     411.334   0.000e+00   0.000e+00   8.735e-01   2.946e-03   1.067e-01  0.5000         938  [    4    130        480          1 ]
           6       84429     412.980   0.000e+00   0.000e+00   8.735e-01   2.946e-03   1.067e-01  0.5000         938  [    4    131        480          1 ]
           6       84765     414.151   0.000e+00   0.000e+00   8.736e-01   2.873e-03   1.069e-01  0.5000         939  [    4    132        480          1 ]
           6       85101     415.908   0.000e+00   0.000e+00   8.736e-01   2.873e-03   1.069e-01  0.5000         939  [    4    133        480          1 ]
           6       85437     417.591   0.000e+00   0.000e+00   8.736e-01   2.869e-03   1.069e-01  0.5000         942  [    4    134        480          1 ]
           6       85773     419.306   0.000e+00   0.000e+00   8.737e-01   2.807e-03   1.066e-01  0.5000         943  [    4    135        480          1 ]
           6       86109     420.889   0.000e+00   0.000e+00   8.737e-01   2.807e-03   1.066e-01  0.5000         944  [    4    136        480          1 ]
           6       86445     422.580   0.000e+00   0.000e+00   8.737e-01   2.807e-03   1.066e-01  0.5000         944  [    4    137        480          1 ]
           6       87134     424.027   0.000e+00   0.000e+00   8.737e-01   2.792e-03   1.066e-01  0.5000         950  [    5     18        960          1 ]
           6       87470     425.124   0.000e+00   0.000e+00   8.737e-01   2.792e-03   1.066e-01  0.5000         950  [    4    138        480          1 ]
           6       87806     426.441   0.000e+00   0.000e+00   8.737e-01   2.792e-03   1.066e-01  0.5000         950  [    4    139        480          1 ]
           6       88142     427.791   0.000e+00   0.000e+00   8.737e-01   2.792e-03   1.066e-01  0.5000         950  [    4    140        480          1 ]
           6       88478     429.420   0.000e+00   0.000e+00   8.737e-01   2.792e-03   1.066e-01  0.5000         952  [    4    141        480          1 ]
           6       88814     431.285   0.000e+00   0.000e+00   8.737e-01   2.791e-03   1.066e-01  0.5000         954  [    4    142        480          1 ]
           6       89150     433.086   0.000e+00   0.000e+00   8.737e-01   2.791e-03   1.066e-01  0.5000         954  [    4    143        480          1 ]
           6       89486     434.393   0.000e+00   0.000e+00   8.737e-01   2.791e-03   1.066e-01  0.5000         954  [    4    144        480          1 ]
           6       89822     436.137   0.000e+00   0.000e+00   8.737e-01   2.791e-03   1.066e-01  0.5000         954  [    4    145        480          1 ]
           6       90507     437.626   0.000e+00   0.000e+00   8.737e-01   2.788e-03   1.066e-01  0.5000         961  [    5     19        960          1 ]
           6       90843     439.244   0.000e+00   0.000e+00   8.737e-01   2.787e-03   1.066e-01  0.5000         965  [    4    146        480          1 ]
           6       91179     440.807   0.000e+00   0.000e+00   8.737e-01   2.787e-03   1.066e-01  0.5000         965  [    4    147        480          1 ]
           6       91515     442.671   0.000e+00   0.000e+00   8.737e-01   2.787e-03   1.066e-01  0.5000         966  [    4    148        480          1 ]
           6       91851     444.477   0.000e+00   0.000e+00   8.737e-01   2.787e-03   1.066e-01  0.5000         967  [    4    149        480          1 ]
           6       92187     446.137   0.000e+00   0.000e+00   8.737e-01   2.787e-03   1.066e-01  0.5000         967  [    4    150        480          1 ]
           6       92523     447.527   0.000e+00   0.000e+00   8.737e-01   2.787e-03   1.066e-01  0.5000         967  [    4    151        480          1 ]
           6       92859     449.157   0.000e+00   0.000e+00   8.737e-01   2.787e-03   1.066e-01  0.5000         967  [    4    152        480          1 ]
           6       93195     450.989   0.000e+00   0.000e+00   8.737e-01   2.787e-03   1.066e-01  0.5000         968  [    4    153        480          1 ]
           6       93879     452.728   0.000e+00   0.000e+00   8.738e-01   2.638e-03   1.066e-01  0.5000         971  [    5     20        960          1 ]
           6       94215     453.968   0.000e+00   0.000e+00   8.738e-01   2.638e-03   1.066e-01  0.5000         973  [    4    154        480          1 ]
           6       94551     455.308   0.000e+00   0.000e+00   8.738e-01   2.638e-03   1.066e-01  0.5000         974  [    4    155        480          1 ]
           6       94887     456.688   0.000e+00   0.000e+00   8.739e-01   2.638e-03   1.066e-01  0.5000         974  [    4    156        480          1 ]
           6       95223     458.235   0.000e+00   0.000e+00   8.739e-01   2.623e-03   1.065e-01  0.5000         975  [    4    157        480          1 ]
           6       95559     459.561   0.000e+00   0.000e+00   8.739e-01   2.623e-03   1.065e-01  0.5000         975  [    4    158        480          1 ]
           6       95895     461.283   0.000e+00   0.000e+00   8.739e-01   2.623e-03   1.065e-01  0.5000         975  [    4    159        480          1 ]
           6       96231     462.940   0.000e+00   0.000e+00   8.739e-01   2.605e-03   1.065e-01  0.5000         977  [    4    160        480          1 ]
           6       96567     464.208   0.000e+00   0.000e+00   8.739e-01   2.605e-03   1.065e-01  0.5000         980  [    4    161        480          1 ]
           6       97249     466.126   0.000e+00   0.000e+00   8.739e-01   2.602e-03   1.065e-01  0.5000         985  [    5     21        960          1 ]
           6       97585     467.431   0.000e+00   0.000e+00   8.739e-01   2.602e-03   1.065e-01  0.5000         985  [    4    162        480          1 ]
           6       97921     469.174   0.000e+00   0.000e+00   8.739e-01   2.602e-03   1.065e-01  0.5000         985  [    4    163        480          1 ]
           6       98257     470.775   0.000e+00   0.000e+00   8.739e-01   2.602e-03   1.065e-01  0.5000         985  [    4    164        480          1 ]
           6       98593     472.286   0.000e+00   0.000e+00   8.739e-01   2.602e-03   1.065e-01  0.5000         985  [    4    165        480          1 ]
           6       98929     473.911   0.000e+00   0.000e+00   8.739e-01   2.591e-03   1.065e-01  0.5000         986  [    4    166        480          1 ]
           6       99265     474.906   0.000e+00   0.000e+00   8.739e-01   2.591e-03   1.065e-01  0.5000         986  [    4    167        480          1 ]
           6       99601     476.414   0.000e+00   0.000e+00   8.739e-01   2.591e-03   1.065e-01  0.5000         986  [    4    168        480          1 ]
           6       99937     477.521   0.000e+00   0.000e+00   8.739e-01   2.579e-03   1.065e-01  0.5000         987  [    4    169        480          1 ]
           7      100619     478.963   0.000e+00   0.000e+00   8.739e-01   2.579e-03   1.065e-01  0.5000         988  [    6      3       1920          1 ]
