# Generation  Evaluations  Time (s)  Best_obj[0]  Best_obj[1]  Hypervol.   IGD         IGDX        SR    Appr.set  [ Pop.index  Subgen.  Pop.size  Subpops ]
           0          30       4.066   7.511e-02   6.211e-01   2.149e-01   3.832e-01   3.100e-01  0.0000           5  [    0      1         30          1 ]
           0          55       4.081   0.000e+00   0.000e+00   4.325e-01   2.272e-01   2.952e-01  0.0000           5  [    0      2         30          1 ]
           0          80       4.097   0.000e+00   0.000e+00   4.663e-01   2.129e-01   2.880e-01  0.0000           5  [    0      3         30          1 ]
           0         105       4.112   0.000e+00   0.000e+00   4.663e-01   2.129e-01   2.880e-01  0.0000           5  [    0      4         30          1 ]
           0         130       4.128   0.000e+00   0.000e+00   4.663e-01   2.129e-01   2.880e-01  0.0000           5  [    0      5         30          1 ]
           0         155       4.144   0.000e+00   0.000e+00   5.679e-01   1.611e-01   2.084e-01  0.0000           6  [    0      6         30          1 ]
           0         179       4.164   0.000e+00   0.000e+00   5.713e-01   1.584e-01   2.043e-01  0.0000           7  [    0      7         30          1 ]
           0         202       4.186   0.000e+00   0.000e+00   5.713e-01   1.584e-01   2.043e-01  0.0000           7  [    0      8         30          1 ]
           1         262       4.208   0.000e+00   0.000e+00   5.887e-01   1.530e-01   1.714e-01  0.0000           9  [    1      1         60          1 ]
           1         284       4.227   0.000e+00   0.000e+00   5.899e-01   1.525e-01   1.712e-01  0.0000          10  [    0      9         30          1 ]
           1         334       4.247   0.000e+00   0.000e+00   6.849e-01   1.104e-01   1.657e-01  0.0000          12  [    1      2         60          1 ]
           1         357       4.270   0.000e+00   0.000e+00   6.849e-01   1.104e-01   1.657e-01  0.0000          12  [    0     10         30          1 ]
           1         377       4.292   0.000e+00   0.000e+00   6.862e-01   1.088e-01   1.653e-01  0.0000          14  [    0     11         30          1 ]
           1         397       4.316   0.000e+00   0.000e+00   6.862e-01   1.088e-01   1.653e-01  0.0000          14  [    0     12         30          1 ]
           1         417       4.341   0.000e+00   0.000e+00   7.179e-01   9.659e-02   1.495e-01  0.0000          15  [    0     13         30          1 ]
           1         437       4.367   0.000e+00   0.000e+00   7.209e-01   9.507e-02   1.489e-01  0.0000          14  [    0     14         30          1 ]
           1         457       4.394   0.000e+00   0.000e+00   7.209e-01   9.507e-02   1.489e-01  0.0000          14  [    0     15         30          1 ]
           1         477       4.421   0.000e+00   0.000e+00   7.216e-01   9.507e-02   1.456e-01  0.0000          14  [    0     16         30          1 ]
           1         497       4.449   0.000e+00   0.000e+00   7.233e-01   9.437e-02   1.456e-01  0.0000          15  [    0     17         30          1 ]
           1         544       4.479   0.000e+00   0.000e+00   7.238e-01   9.413e-02   1.349e-01  0.0000          16  [    1      3         60          1 ]
           1         564       4.511   0.000e+00   0.000e+00   7.509e-01   7.852e-02   1.270e-01  0.0000          16  [    0     18         30          1 ]
           1         584       4.544   0.000e+00   0.000e+00   7.509e-01   7.852e-02   1.270e-01  0.0000          16  [    0     19         30          1 ]
           1         604       4.575   0.000e+00   0.000e+00   7.509e-01   7.852e-02   1.270e-01  0.0000          16  [    0     20         30          1 ]
           1         624       4.606   0.000e+00   0.000e+00   7.509e-01   7.852e-02   1.270e-01  0.0000          16  [    0     21         30          1 ]
           1         644       4.638   0.000e+00   0.000e+00   7.512e-01   7.852e-02   1.270e-01  0.0000          16  [    0     22         30          1 ]
           1         664       4.669   0.000e+00   0.000e+00   7.532e-01   7.839e-02   1.434e-01  0.0000          16  [    0     23         30          1 ]
           1         684       4.700   0.000e+00   0.000e+00   7.532e-01   7.839e-02   1.434e-01  0.0000          16  [    0     24         30          1 ]
           1         704       4.731   0.000e+00   0.000e+00   7.532e-01   7.839e-02   1.434e-01  0.0000          16  [    0     25         30          1 ]
           1         749       4.763   0.000e+00   0.000e+00   7.601e-01   7.230e-02   1.418e-01  0.0000          16  [    1      4         60          1 ]
           1         769       4.794   0.000e+00   0.000e+00   7.601e-01   7.230e-02   1.418e-01  0.0000          16  [    0     26         30          1 ]
           1         789       4.825   0.000e+00   0.000e+00   7.601e-01   7.230e-02   1.418e-01  0.0000          16  [    0     27         30          1 ]
           1         809       4.857   0.000e+00   0.000e+00   7.601e-01   7.230e-02   1.418e-01  0.0000          16  [    0     28         30          1 ]
           1         829       4.887   0.000e+00   0.000e+00   7.601e-01   7.230e-02   1.418e-01  0.0000          16  [    0     29         30          1 ]
           1         849       4.917   0.000e+00   0.000e+00   7.652e-01   6.828e-02   1.343e-01  0.0000          16  [    0     30         30          1 ]
           1         869       4.948   0.000e+00   0.000e+00   7.652e-01   6.828e-02   1.343e-01  0.0000          16  [    0     31         30          1 ]
           1         889       4.978   0.000e+00   0.000e+00   7.731e-01   6.222e-02   2.020e-01  0.0000          14  [    0     32         30          1 ]
           1         909       5.006   0.000e+00   0.000e+00   7.731e-01   6.222e-02   2.020e-01  0.0000          14  [    0     33         30          1 ]
           1         959       5.034   0.000e+00   0.000e+00   7.809e-01   5.820e-02   1.994e-01  0.5000          14  [    1      5         60          1 ]
           1         979       5.062   0.000e+00   0.000e+00   7.809e-01   5.820e-02   1.994e-01  0.5000          14  [    0     34         30          1 ]
           1         999       5.089   0.000e+00   0.000e+00   7.811e-01   5.820e-02   1.994e-01  0.5000          15  [    0     35         30          1 ]
           1        1019       5.115   0.000e+00   0.000e+00   7.811e-01   5.820e-02   1.994e-01  0.5000          15  [    0     36         30          1 ]
           1        1039       5.145   0.000e+00   0.000e+00   7.811e-01   5.820e-02   1.994e-01  0.5000          15  [    0     37         30          1 ]
           1        1059       5.170   0.000e+00   0.000e+00   7.948e-01   5.126e-02   1.957e-01  0.5000          16  [    0     38         30          1 ]
           1        1079       5.196   0.000e+00   0.000e+00   7.997e-01   4.861e-02   1.948e-01  0.5000          17  [    0     39         30          1 ]
           1        1099       5.230   0.000e+00   0.000e+00   8.125e-01   4.171e-02   1.919e-01  0.5000          18  [    0     40         30          1 ]
           1        1119       5.264   0.000e+00   0.000e+00   8.125e-01   4.171e-02   1.919e-01  0.5000          18  [    0     41         30          1 ]
           1        1167       5.297   0.000e+00   0.000e+00   8.168e-01   4.010e-02   1.915e-01  0.5000          24  [    1      6         60          1 ]
           1        1187       5.337   0.000e+00   0.000e+00   8.176e-01   3.991e-02   1.915e-01  0.5000          24  [    0     42         30          1 ]
           1        1207       5.384   0.000e+00   0.000e+00   8.197e-01   3.901e-02   1.912e-01  0.5000          25  [    0     43         30          1 ]
           1        1227       5.433   0.000e+00   0.000e+00   8.223e-01   3.799e-02   1.908e-01  0.5000          26  [    0     44         30          1 ]
           1        1247       5.481   0.000e+00   0.000e+00   8.223e-01   3.798e-02   1.908e-01  0.5000          27  [    0     45         30          1 ]
           1        1267       5.526   0.000e+00   0.000e+00   8.233e-01   3.720e-02   1.906e-01  0.5000          28  [    0     46         30          1 ]
           1        1287       5.578   0.000e+00   0.000e+00   8.237e-01   3.692e-02   1.904e-01  0.5000          29  [    0     47         30          1 ]
           1        1307       5.632   0.000e+00   0.000e+00   8.261e-01   3.559e-02   1.898e-01  0.5000          30  [    0     48         30          1 ]
           1        1327       5.687   0.000e+00   0.000e+00   8.273e-01   3.507e-02   1.895e-01  0.5000          32  [    0     49         30          1 ]
           1        1373       5.745   0.000e+00   0.000e+00   8.279e-01   3.491e-02   1.895e-01  0.5000          42  [    1      7         60          1 ]
           1        1393       5.826   0.000e+00   0.000e+00   8.283e-01   3.448e-02   1.890e-01  0.5000          44  [    0     50         30          1 ]
           1        1413       5.909   0.000e+00   0.000e+00   8.331e-01   3.166e-02   1.746e-01  0.5000          45  [    0     51         30          1 ]
           1        1433       5.993   0.000e+00   0.000e+00   8.331e-01   3.159e-02   1.744e-01  0.5000          46  [    0     52         30          1 ]
           1        1453       6.081   0.000e+00   0.000e+00   8.354e-01   3.084e-02   1.739e-01  0.5000          47  [    0     53         30          1 ]
           1        1473       6.167   0.000e+00   0.000e+00   8.355e-01   3.080e-02   1.739e-01  0.5000          48  [    0     54         30          1 ]
           1        1493       6.259   0.000e+00   0.000e+00   8.357e-01   3.068e-02   1.738e-01  0.5000          49  [    0     55         30          1 ]
           1        1513       6.352   0.000e+00   0.000e+00   8.370e-01   2.979e-02   1.327e-01  0.5000          49  [    0     56         30          1 ]
           1        1533       6.444   0.000e+00   0.000e+00   8.373e-01   2.967e-02   1.327e-01  0.5000          50  [    0     57         30          1 ]
           1        1573       6.537   0.000e+00   0.000e+00   8.373e-01   2.966e-02   1.327e-01  0.5000          61  [    1      8         60          1 ]
           1        1593       6.651   0.000e+00   0.000e+00   8.373e-01   2.953e-02   1.325e-01  0.5000          63  [    0     58         30          1 ]
           1        1613       6.768   0.000e+00   0.000e+00   8.373e-01   2.953e-02   1.325e-01  0.5000          63  [    0     59         30          1 ]
           1        1633       6.877   0.000e+00   0.000e+00   8.374e-01   2.943e-02   1.324e-01  0.5000          64  [    0     60         30          1 ]
           1        1653       6.997   0.000e+00   0.000e+00   8.375e-01   2.934e-02   1.324e-01  0.5000          65  [    0     61         30          1 ]
           1        1673       7.121   0.000e+00   0.000e+00   8.377e-01   2.925e-02   1.324e-01  0.5000          65  [    0     62         30          1 ]
           1        1693       7.241   0.000e+00   0.000e+00   8.377e-01   2.923e-02   1.324e-01  0.5000          66  [    0     63         30          1 ]
           1        1713       7.361   0.000e+00   0.000e+00   8.378e-01   2.915e-02   1.323e-01  0.5000          68  [    0     64         30          1 ]
           2        1833       7.469   0.000e+00   0.000e+00   8.379e-01   2.912e-02   1.323e-01  0.5000          69  [    2      1        120          1 ]
           2        1874       7.599   0.000e+00   0.000e+00   8.382e-01   2.895e-02   1.322e-01  0.5000          84  [    1      9         60          1 ]
           2        1967       7.747   0.000e+00   0.000e+00   8.382e-01   2.895e-02   1.322e-01  0.5000          84  [    2      2        120          1 ]
           2        2012       7.896   0.000e+00   0.000e+00   8.384e-01   2.889e-02   1.322e-01  0.5000          95  [    1     10         60          1 ]
           2        2053       8.063   0.000e+00   0.000e+00   8.384e-01   2.888e-02   1.322e-01  0.5000         104  [    1     11         60          1 ]
           2        2098       8.257   0.000e+00   0.000e+00   8.385e-01   2.885e-02   1.322e-01  0.5000         117  [    1     12         60          1 ]
           2        2138       8.469   0.000e+00   0.000e+00   8.385e-01   2.885e-02   1.322e-01  0.5000         129  [    1     13         60          1 ]
           2        2183       8.701   0.000e+00   0.000e+00   8.386e-01   2.879e-02   1.322e-01  0.5000         136  [    1     14         60          1 ]
           2        2223       8.954   0.000e+00   0.000e+00   8.387e-01   2.878e-02   1.322e-01  0.5000         146  [    1     15         60          1 ]
           2        2268       9.224   0.000e+00   0.000e+00   8.387e-01   2.875e-02   1.322e-01  0.5000         155  [    1     16         60          1 ]
           2        2312       9.505   0.000e+00   0.000e+00   8.387e-01   2.874e-02   1.322e-01  0.5000         165  [    1     17         60          1 ]
           2        2402       9.787   0.000e+00   0.000e+00   8.387e-01   2.874e-02   1.322e-01  0.5000         165  [    2      3        120          1 ]
           2        2447      10.034   0.000e+00   0.000e+00   8.388e-01   2.874e-02   1.322e-01  0.5000         177  [    1     18         60          1 ]
           2        2487      10.360   0.000e+00   0.000e+00   8.388e-01   2.873e-02   1.322e-01  0.5000         188  [    1     19         60          1 ]
           2        2532      10.706   0.000e+00   0.000e+00   8.388e-01   2.872e-02   1.322e-01  0.5000         199  [    1     20         60          1 ]
           2        2577      11.068   0.000e+00   0.000e+00   8.388e-01   2.871e-02   1.321e-01  0.5000         211  [    1     21         60          1 ]
           2        2617      11.451   0.000e+00   0.000e+00   8.388e-01   2.870e-02   1.321e-01  0.5000         217  [    1     22         60          1 ]
           2        2662      11.846   0.000e+00   0.000e+00   8.388e-01   2.870e-02   1.321e-01  0.5000         220  [    1     23         60          1 ]
           2        2706      12.174   0.000e+00   0.000e+00   8.388e-01   2.870e-02   1.321e-01  0.5000         224  [    1     24         60          1 ]
           2        2746      12.547   0.000e+00   0.000e+00   8.389e-01   2.869e-02   1.321e-01  0.5000         227  [    1     25         60          1 ]
           2        2836      12.906   0.000e+00   0.000e+00   8.403e-01   2.799e-02   1.320e-01  0.5000         231  [    2      4        120          1 ]
           2        2881      13.310   0.000e+00   0.000e+00   8.404e-01   2.797e-02   1.320e-01  0.5000         237  [    1     26         60          1 ]
           2        2926      13.740   0.000e+00   0.000e+00   8.404e-01   2.797e-02   1.320e-01  0.5000         239  [    1     27         60          1 ]
           2        2966      14.180   0.000e+00   0.000e+00   8.404e-01   2.796e-02   1.320e-01  0.5000         242  [    1     28         60          1 ]
           2        3011      14.603   0.000e+00   0.000e+00   8.418e-01   2.681e-02   1.314e-01  0.5000         241  [    1     29         60          1 ]
           2        3056      15.006   0.000e+00   0.000e+00   8.418e-01   2.681e-02   1.314e-01  0.5000         243  [    1     30         60          1 ]
           2        3096      15.437   0.000e+00   0.000e+00   8.418e-01   2.681e-02   1.314e-01  0.5000         247  [    1     31         60          1 ]
           2        3140      15.815   0.000e+00   0.000e+00   8.418e-01   2.681e-02   1.314e-01  0.5000         247  [    1     32         60          1 ]
           2        3180      16.192   0.000e+00   0.000e+00   8.418e-01   2.681e-02   1.314e-01  0.5000         249  [    1     33         60          1 ]
           2        3272      16.501   0.000e+00   0.000e+00   8.418e-01   2.680e-02   1.314e-01  0.5000         259  [    2      5        120          1 ]
           2        3317      16.985   0.000e+00   0.000e+00   8.418e-01   2.680e-02   1.314e-01  0.5000         260  [    1     34         60          1 ]
           2        3358      17.473   0.000e+00   0.000e+00   8.418e-01   2.680e-02   1.313e-01  0.5000         262  [    1     35         60          1 ]
           2        3403      17.946   0.000e+00   0.000e+00   8.418e-01   2.680e-02   1.313e-01  0.5000         264  [    1     36         60          1 ]
           2        3445      18.433   0.000e+00   0.000e+00   8.419e-01   2.679e-02   1.313e-01  0.5000         266  [    1     37         60          1 ]
           2        3490      18.870   0.000e+00   0.000e+00   8.419e-01   2.679e-02   1.313e-01  0.5000         269  [    1     38         60          1 ]
           2        3535      19.315   0.000e+00   0.000e+00   8.419e-01   2.679e-02   1.313e-01  0.5000         271  [    1     39         60          1 ]
           2        3575      19.799   0.000e+00   0.000e+00   8.419e-01   2.679e-02   1.313e-01  0.5000         274  [    1     40         60          1 ]
           2        3620      20.264   0.000e+00   0.000e+00   8.419e-01   2.679e-02   1.313e-01  0.5000         276  [    1     41         60          1 ]
           2        3705      20.753   0.000e+00   0.000e+00   8.422e-01   2.671e-02   1.314e-01  0.5000         285  [    2      6        120          1 ]
           2        3745      21.274   0.000e+00   0.000e+00   8.422e-01   2.670e-02   1.314e-01  0.5000         288  [    1     42         60          1 ]
           2        3789      21.787   0.000e+00   0.000e+00   8.422e-01   2.670e-02   1.314e-01  0.5000         289  [    1     43         60          1 ]
           2        3834      22.300   0.000e+00   0.000e+00   8.422e-01   2.670e-02   1.314e-01  0.5000         292  [    1     44         60          1 ]
           2        3874      22.748   0.000e+00   0.000e+00   8.422e-01   2.670e-02   1.314e-01  0.5000         293  [    1     45         60          1 ]
           2        3919      23.235   0.000e+00   0.000e+00   8.422e-01   2.670e-02   1.314e-01  0.5000         294  [    1     46         60          1 ]
           2        3959      23.779   0.000e+00   0.000e+00   8.422e-01   2.670e-02   1.314e-01  0.5000         294  [    1     47         60          1 ]
           2        4004      24.294   0.000e+00   0.000e+00   8.424e-01   2.660e-02   1.314e-01  0.5000         296  [    1     48         60          1 ]
           2        4044      24.597   0.000e+00   0.000e+00   8.424e-01   2.660e-02   1.314e-01  0.5000         297  [    1     49         60          1 ]
           2        4125      25.130   0.000e+00   0.000e+00   8.452e-01   2.564e-02   1.315e-01  0.5000         310  [    2      7        120          1 ]
           2        4170      25.672   0.000e+00   0.000e+00   8.452e-01   2.563e-02   1.315e-01  0.5000         313  [    1     50         60          1 ]
           2        4211      26.255   0.000e+00   0.000e+00   8.452e-01   2.563e-02   1.315e-01  0.5000         315  [    1     51         60          1 ]
           2        4255      26.764   0.000e+00   0.000e+00   8.452e-01   2.563e-02   1.315e-01  0.5000         315  [    1     52         60          1 ]
           2        4300      27.322   0.000e+00   0.000e+00   8.457e-01   2.515e-02   1.311e-01  0.5000         317  [    1     53         60          1 ]
           2        4340      27.884   0.000e+00   0.000e+00   8.457e-01   2.515e-02   1.311e-01  0.5000         318  [    1     54         60          1 ]
           2        4385      28.434   0.000e+00   0.000e+00   8.457e-01   2.514e-02   1.311e-01  0.5000         320  [    1     55         60          1 ]
           2        4425      29.014   0.000e+00   0.000e+00   8.457e-01   2.514e-02   1.311e-01  0.5000         323  [    1     56         60          1 ]
           2        4467      29.604   0.000e+00   0.000e+00   8.457e-01   2.514e-02   1.311e-01  0.5000         323  [    1     57         60          1 ]
           2        4552      30.184   0.000e+00   0.000e+00   8.463e-01   2.486e-02   1.310e-01  0.5000         340  [    2      8        120          1 ]
           2        4592      30.776   0.000e+00   0.000e+00   8.463e-01   2.486e-02   1.310e-01  0.5000         342  [    1     58         60          1 ]
           2        4632      31.380   0.000e+00   0.000e+00   8.463e-01   2.486e-02   1.310e-01  0.5000         342  [    1     59         60          1 ]
           2        4673      32.006   0.000e+00   0.000e+00   8.463e-01   2.486e-02   1.310e-01  0.5000         344  [    1     60         60          1 ]
           2        4714      32.609   0.000e+00   0.000e+00   8.464e-01   2.485e-02   1.310e-01  0.5000         345  [    1     61         60          1 ]
           2        4759      33.099   0.000e+00   0.000e+00   8.464e-01   2.485e-02   1.310e-01  0.5000         346  [    1     62         60          1 ]
           2        4804      33.690   0.000e+00   0.000e+00   8.464e-01   2.485e-02   1.310e-01  0.5000         348  [    1     63         60          1 ]
           2        4849      34.318   0.000e+00   0.000e+00   8.464e-01   2.485e-02   1.310e-01  0.5000         350  [    1     64         60          1 ]
           3        5089      34.937   0.000e+00   0.000e+00   8.470e-01   2.436e-02   1.093e-01  0.5000         351  [    3      1        240          1 ]
           3        5174      35.570   0.000e+00   0.000e+00   8.477e-01   2.408e-02   1.092e-01  0.5000         364  [    2      9        120          1 ]
           3        5379      36.258   0.000e+00   0.000e+00   8.484e-01   2.378e-02   1.087e-01  0.5000         365  [    3      2        240          1 ]
           3        5464      36.906   0.000e+00   0.000e+00   8.485e-01   2.373e-02   1.087e-01  0.5000         378  [    2     10        120          1 ]
           3        5549      37.627   0.000e+00   0.000e+00   8.486e-01   2.370e-02   1.087e-01  0.5000         387  [    2     11        120          1 ]
           3        5629      38.280   0.000e+00   0.000e+00   8.486e-01   2.370e-02   1.087e-01  0.5000         399  [    2     12        120          1 ]
           3        5714      39.002   0.000e+00   0.000e+00   8.490e-01   2.343e-02   1.086e-01  0.5000         411  [    2     13        120          1 ]
           3        5793      39.657   0.000e+00   0.000e+00   8.492e-01   2.336e-02   1.086e-01  0.5000         425  [    2     14        120          1 ]
           3        5878      40.215   0.000e+00   0.000e+00   8.493e-01   2.333e-02   1.086e-01  0.5000         437  [    2     15        120          1 ]
           3        5957      40.833   0.000e+00   0.000e+00   8.493e-01   2.331e-02   1.086e-01  0.5000         452  [    2     16        120          1 ]
           3        6042      41.578   0.000e+00   0.000e+00   8.493e-01   2.328e-02   1.085e-01  0.5000         464  [    2     17        120          1 ]
           3        6238      42.275   0.000e+00   0.000e+00   8.493e-01   2.328e-02   1.085e-01  0.5000         464  [    3      3        240          1 ]
           3        6319      42.873   0.000e+00   0.000e+00   8.494e-01   2.327e-02   1.085e-01  0.5000         472  [    2     18        120          1 ]
           3        6401      43.413   0.000e+00   0.000e+00   8.494e-01   2.326e-02   1.085e-01  0.5000         478  [    2     19        120          1 ]
           3        6486      44.121   0.000e+00   0.000e+00   8.494e-01   2.325e-02   1.085e-01  0.5000         490  [    2     20        120          1 ]
           3        6570      44.693   0.000e+00   0.000e+00   8.494e-01   2.325e-02   1.085e-01  0.5000         505  [    2     21        120          1 ]
           3        6662      45.640   0.000e+00   0.000e+00   8.536e-01   2.026e-02   1.087e-01  0.5000         515  [    2     22        120          1 ]
           3        6747      46.575   0.000e+00   0.000e+00   8.536e-01   2.025e-02   1.087e-01  0.5000         524  [    2     23        120          1 ]
           3        6825      47.516   0.000e+00   0.000e+00   8.536e-01   2.025e-02   1.087e-01  0.5000         533  [    2     24        120          1 ]
           3        6911      48.551   0.000e+00   0.000e+00   8.536e-01   2.025e-02   1.087e-01  0.5000         540  [    2     25        120          1 ]
           3        7102      49.518   0.000e+00   0.000e+00   8.540e-01   1.952e-02   1.081e-01  0.5000         543  [    3      4        240          1 ]
           3        7187      50.406   0.000e+00   0.000e+00   8.540e-01   1.952e-02   1.081e-01  0.5000         555  [    2     26        120          1 ]
           3        7272      51.490   0.000e+00   0.000e+00   8.540e-01   1.952e-02   1.081e-01  0.5000         562  [    2     27        120          1 ]
           3        7355      52.565   0.000e+00   0.000e+00   8.540e-01   1.951e-02   1.081e-01  0.5000         567  [    2     28        120          1 ]
           3        7440      53.644   0.000e+00   0.000e+00   8.540e-01   1.951e-02   1.081e-01  0.5000         575  [    2     29        120          1 ]
           3        7521      54.684   0.000e+00   0.000e+00   8.540e-01   1.950e-02   1.081e-01  0.5000         581  [    2     30        120          1 ]
           3        7606      55.761   0.000e+00   0.000e+00   8.547e-01   1.919e-02   1.080e-01  0.5000         591  [    2     31        120          1 ]
           3        7691      56.571   0.000e+00   0.000e+00   8.559e-01   1.867e-02   1.078e-01  0.5000         602  [    2     32        120          1 ]
           3        7775      57.431   0.000e+00   0.000e+00   8.559e-01   1.867e-02   1.078e-01  0.5000         608  [    2     33        120          1 ]
           3        7973      58.589   0.000e+00   0.000e+00   8.560e-01   1.866e-02   1.078e-01  0.5000         617  [    3      5        240          1 ]
           3        8058      59.835   0.000e+00   0.000e+00   8.560e-01   1.866e-02   1.078e-01  0.5000         622  [    2     34        120          1 ]
           3        8142      61.072   0.000e+00   0.000e+00   8.560e-01   1.866e-02   1.078e-01  0.5000         627  [    2     35        120          1 ]
           3        8222      62.231   0.000e+00   0.000e+00   8.562e-01   1.841e-02   1.077e-01  0.5000         634  [    2     36        120          1 ]
           3        8307      63.382   0.000e+00   0.000e+00   8.562e-01   1.841e-02   1.077e-01  0.5000         637  [    2     37        120          1 ]
           3        8392      64.361   0.000e+00   0.000e+00   8.562e-01   1.841e-02   1.077e-01  0.5000         639  [    2     38        120          1 ]
           3        8477      65.337   0.000e+00   0.000e+00   8.562e-01   1.841e-02   1.077e-01  0.5000         643  [    2     39        120          1 ]
           3        8562      66.599   0.000e+00   0.000e+00   8.562e-01   1.841e-02   1.077e-01  0.5000         647  [    2     40        120          1 ]
           3        8646      67.683   0.000e+00   0.000e+00   8.563e-01   1.840e-02   1.077e-01  0.5000         648  [    2     41        120          1 ]
           3        8826      68.853   0.000e+00   0.000e+00   8.563e-01   1.839e-02   1.077e-01  0.5000         668  [    3      6        240          1 ]
           3        8911      70.144   0.000e+00   0.000e+00   8.563e-01   1.838e-02   1.077e-01  0.5000         673  [    2     42        120          1 ]
           3        8994      71.371   0.000e+00   0.000e+00   8.563e-01   1.838e-02   1.077e-01  0.5000         680  [    2     43        120          1 ]
           3        9079      72.612   0.000e+00   0.000e+00   8.563e-01   1.838e-02   1.077e-01  0.5000         686  [    2     44        120          1 ]
           3        9164      73.868   0.000e+00   0.000e+00   8.563e-01   1.837e-02   1.077e-01  0.5000         691  [    2     45        120          1 ]
           3        9246      75.079   0.000e+00   0.000e+00   8.563e-01   1.837e-02   1.077e-01  0.5000         696  [    2     46        120          1 ]
           3        9329      76.200   0.000e+00   0.000e+00   8.563e-01   1.837e-02   1.077e-01  0.5000         700  [    2     47        120          1 ]
           3        9414      77.577   0.000e+00   0.000e+00   8.563e-01   1.836e-02   1.077e-01  0.5000         706  [    2     48        120          1 ]
           3        9493      78.827   0.000e+00   0.000e+00   8.564e-01   1.832e-02   1.077e-01  0.5000         713  [    2     49        120          1 ]
           3        9672      80.272   0.000e+00   0.000e+00   8.564e-01   1.832e-02   1.077e-01  0.5000         729  [    3      7        240          1 ]
           3        9757      81.566   0.000e+00   0.000e+00   8.564e-01   1.832e-02   1.076e-01  0.5000         734  [    2     50        120          1 ]
           3        9835      82.885   0.000e+00   0.000e+00   8.564e-01   1.832e-02   1.076e-01  0.5000         737  [    2     51        120          1 ]
           3        9920      84.239   0.000e+00   0.000e+00   8.564e-01   1.832e-02   1.076e-01  0.5000         741  [    2     52        120          1 ]
           3       10004      85.581   0.000e+00   0.000e+00   8.564e-01   1.832e-02   1.076e-01  0.5000         744  [    2     53        120          1 ]
           3       10087      87.040   0.000e+00   0.000e+00   8.564e-01   1.832e-02   1.076e-01  0.5000         748  [    2     54        120          1 ]
           3       10179      88.532   0.000e+00   0.000e+00   8.566e-01   1.826e-02   1.076e-01  0.5000         747  [    2     55        120          1 ]
           3       10264      90.041   0.000e+00   0.000e+00   8.566e-01   1.826e-02   1.076e-01  0.5000         751  [    2     56        120          1 ]
           3       10349      91.543   0.000e+00   0.000e+00   8.566e-01   1.826e-02   1.076e-01  0.5000         754  [    2     57        120          1 ]
           3       10521      92.804   0.000e+00   0.000e+00   8.566e-01   1.825e-02   1.076e-01  0.5000         775  [    3      8        240          1 ]
           3       10606      94.273   0.000e+00   0.000e+00   8.566e-01   1.825e-02   1.076e-01  0.5000         779  [    2     58        120          1 ]
           3       10691      95.709   0.000e+00   0.000e+00   8.566e-01   1.825e-02   1.076e-01  0.5000         783  [    2     59        120          1 ]
           3       10772      97.089   0.000e+00   0.000e+00   8.566e-01   1.824e-02   1.076e-01  0.5000         787  [    2     60        120          1 ]
           3       10857      98.663   0.000e+00   0.000e+00   8.573e-01   1.787e-02   1.074e-01  0.5000         793  [    2     61        120          1 ]
           3       10942     100.114   0.000e+00   0.000e+00   8.577e-01   1.763e-02   1.303e-01  0.5000         795  [    2     62        120          1 ]
           3       11027     101.619   0.000e+00   0.000e+00   8.578e-01   1.762e-02   1.303e-01  0.5000         798  [    2     63        120          1 ]
           3       11105     102.972   0.000e+00   0.000e+00   8.578e-01   1.762e-02   1.303e-01  0.5000         804  [    2     64        120          1 ]
           4       11585     104.510   0.000e+00   0.000e+00   8.578e-01   1.757e-02   1.301e-01  0.5000         805  [    4      1        480          1 ]
           4       11756     106.079   0.000e+00   0.000e+00   8.578e-01   1.755e-02   1.300e-01  0.5000         834  [    3      9        240          1 ]
           4       12166     107.637   0.000e+00   0.000e+00   8.585e-01   1.710e-02   1.296e-01  0.5000         837  [    4      2        480          1 ]
           4       12342     109.243   0.000e+00   0.000e+00   8.605e-01   1.598e-02   1.289e-01  0.5000         855  [    3     10        240          1 ]
           4       12519     110.821   0.000e+00   0.000e+00   8.606e-01   1.595e-02   1.288e-01  0.5000         869  [    3     11        240          1 ]
           4       12697     112.454   0.000e+00   0.000e+00   8.610e-01   1.571e-02   1.286e-01  0.5000         897  [    3     12        240          1 ]
           4       12868     114.284   0.000e+00   0.000e+00   8.624e-01   1.482e-02   1.280e-01  0.5000         914  [    3     13        240          1 ]
           4       13036     116.080   0.000e+00   0.000e+00   8.626e-01   1.474e-02   1.280e-01  0.5000         937  [    3     14        240          1 ]
           4       13204     117.436   0.000e+00   0.000e+00   8.633e-01   1.412e-02   1.277e-01  0.5000         973  [    3     15        240          1 ]
           4       13372     118.985   0.000e+00   0.000e+00   8.636e-01   1.398e-02   1.277e-01  0.5000        1006  [    3     16        240          1 ]
           4       13540     120.978   0.000e+00   0.000e+00   8.637e-01   1.395e-02   1.277e-01  0.5000        1038  [    3     17        240          1 ]
           4       13935     122.989   0.000e+00   0.000e+00   8.670e-01   9.407e-03   1.282e-01  0.5000        1040  [    4      3        480          1 ]
           4       14112     125.037   0.000e+00   0.000e+00   8.671e-01   9.379e-03   1.282e-01  0.5000        1058  [    3     18        240          1 ]
           4       14281     127.186   0.000e+00   0.000e+00   8.672e-01   9.315e-03   1.282e-01  0.5000        1076  [    3     19        240          1 ]
           4       14458     129.210   0.000e+00   0.000e+00   8.682e-01   8.851e-03   1.282e-01  0.5000        1090  [    3     20        240          1 ]
           4       14626     131.357   0.000e+00   0.000e+00   8.685e-01   8.744e-03   1.281e-01  0.5000        1105  [    3     21        240          1 ]
           4       14794     133.509   0.000e+00   0.000e+00   8.685e-01   8.739e-03   1.281e-01  0.5000        1126  [    3     22        240          1 ]
           4       14962     135.636   0.000e+00   0.000e+00   8.687e-01   8.653e-03   1.282e-01  0.5000        1138  [    3     23        240          1 ]
           4       15130     137.734   0.000e+00   0.000e+00   8.689e-01   8.490e-03   1.280e-01  0.5000        1159  [    3     24        240          1 ]
           4       15298     139.937   0.000e+00   0.000e+00   8.691e-01   8.354e-03   1.280e-01  0.5000        1177  [    3     25        240          1 ]
           4       15669     142.173   0.000e+00   0.000e+00   8.694e-01   8.069e-03   1.193e-01  0.5000        1183  [    4      4        480          1 ]
           4       15835     144.220   0.000e+00   0.000e+00   8.694e-01   8.039e-03   1.193e-01  0.5000        1199  [    3     26        240          1 ]
           4       16003     146.400   0.000e+00   0.000e+00   8.698e-01   7.817e-03   1.192e-01  0.5000        1223  [    3     27        240          1 ]
           4       16180     148.825   0.000e+00   0.000e+00   8.698e-01   7.802e-03   1.192e-01  0.5000        1240  [    3     28        240          1 ]
           4       16348     151.700   0.000e+00   0.000e+00   8.699e-01   7.740e-03   1.192e-01  0.5000         746  [    3     29        240          1 ]
           4       16514     152.832   0.000e+00   0.000e+00   8.701e-01   7.642e-03   1.192e-01  0.5000         755  [    3     30        240          1 ]
           4       16682     153.862   0.000e+00   0.000e+00   8.701e-01   7.637e-03   1.192e-01  0.5000         771  [    3     31        240          1 ]
           4       16858     155.315   0.000e+00   0.000e+00   8.703e-01   7.463e-03   1.191e-01  0.5000         778  [    3     32        240          1 ]
           4       17035     156.892   0.000e+00   0.000e+00   8.703e-01   7.457e-03   1.191e-01  0.5000         788  [    3     33        240          1 ]
           4       17407     158.552   0.000e+00   0.000e+00   8.704e-01   7.329e-03   1.189e-01  0.5000         795  [    4      5        480          1 ]
           4       17578     160.023   0.000e+00   0.000e+00   8.704e-01   7.322e-03   1.189e-01  0.5000         809  [    3     34        240          1 ]
           4       17755     161.582   0.000e+00   0.000e+00   8.704e-01   7.321e-03   1.189e-01  0.5000         814  [    3     35        240          1 ]
           4       17932     163.123   0.000e+00   0.000e+00   8.704e-01   7.319e-03   1.189e-01  0.5000         822  [    3     36        240          1 ]
           4       18100     164.725   0.000e+00   0.000e+00   8.704e-01   7.316e-03   1.189e-01  0.5000         829  [    3     37        240          1 ]
           4       18268     166.373   0.000e+00   0.000e+00   8.704e-01   7.313e-03   1.189e-01  0.5000         836  [    3     38        240          1 ]
           4       18434     168.006   0.000e+00   0.000e+00   8.705e-01   7.299e-03   1.189e-01  0.5000         845  [    3     39        240          1 ]
           4       18609     169.507   0.000e+00   0.000e+00   8.705e-01   7.234e-03   1.188e-01  0.5000         855  [    3     40        240          1 ]
           4       18777     171.222   0.000e+00   0.000e+00   8.705e-01   7.219e-03   1.188e-01  0.5000         863  [    3     41        240          1 ]
           4       19128     172.952   0.000e+00   0.000e+00   8.706e-01   7.162e-03   1.188e-01  0.5000         879  [    4      6        480          1 ]
           4       19296     174.555   0.000e+00   0.000e+00   8.706e-01   7.161e-03   1.188e-01  0.5000         887  [    3     42        240          1 ]
           4       19458     176.253   0.000e+00   0.000e+00   8.706e-01   7.159e-03   1.188e-01  0.5000         891  [    3     43        240          1 ]
           4       19628     177.993   0.000e+00   0.000e+00   8.706e-01   7.156e-03   1.188e-01  0.5000         896  [    3     44        240          1 ]
           4       19796     179.757   0.000e+00   0.000e+00   8.706e-01   7.153e-03   1.188e-01  0.5000         902  [    3     45        240          1 ]
           4       19963     181.512   0.000e+00   0.000e+00   8.707e-01   7.146e-03   1.188e-01  0.5000         909  [    3     46        240          1 ]
           4       20140     183.333   0.000e+00   0.000e+00   8.707e-01   7.142e-03   1.188e-01  0.5000         910  [    3     47        240          1 ]
           4       20308     185.141   0.000e+00   0.000e+00   8.707e-01   7.140e-03   1.188e-01  0.5000         921  [    3     48        240          1 ]
           4       20476     186.791   0.000e+00   0.000e+00   8.707e-01   7.128e-03   1.188e-01  0.5000         930  [    3     49        240          1 ]
           4       20817     188.528   0.000e+00   0.000e+00   8.707e-01   7.108e-03   1.188e-01  0.5000         953  [    4      7        480          1 ]
           4       20985     190.229   0.000e+00   0.000e+00   8.708e-01   7.093e-03   1.188e-01  0.5000         958  [    3     50        240          1 ]
           4       21153     192.190   0.000e+00   0.000e+00   8.708e-01   7.085e-03   1.188e-01  0.5000         964  [    3     51        240          1 ]
           4       21319     194.082   0.000e+00   0.000e+00   8.708e-01   7.077e-03   1.188e-01  0.5000         970  [    3     52        240          1 ]
           4       21487     195.934   0.000e+00   0.000e+00   8.708e-01   7.077e-03   1.188e-01  0.5000         977  [    3     53        240          1 ]
           4       21655     197.812   0.000e+00   0.000e+00   8.708e-01   7.068e-03   1.188e-01  0.5000         985  [    3     54        240          1 ]
           4       21823     199.547   0.000e+00   0.000e+00   8.708e-01   7.065e-03   1.188e-01  0.5000         998  [    3     55        240          1 ]
           4       21987     201.217   0.000e+00   0.000e+00   8.709e-01   7.046e-03   1.188e-01  0.5000        1010  [    3     56        240          1 ]
           4       22156     202.767   0.000e+00   0.000e+00   8.709e-01   7.044e-03   1.188e-01  0.5000        1014  [    3     57        240          1 ]
           4       22504     204.248   0.000e+00   0.000e+00   8.709e-01   7.004e-03   1.188e-01  0.5000        1040  [    4      8        480          1 ]
           4       22672     206.126   0.000e+00   0.000e+00   8.709e-01   7.003e-03   1.188e-01  0.5000        1042  [    3     58        240          1 ]
           4       22848     208.123   0.000e+00   0.000e+00   8.711e-01   6.917e-03   1.187e-01  0.5000        1046  [    3     59        240          1 ]
           4       23024     210.252   0.000e+00   0.000e+00   8.711e-01   6.916e-03   1.187e-01  0.5000        1049  [    3     60        240          1 ]
           4       23193     211.974   0.000e+00   0.000e+00   8.711e-01   6.916e-03   1.187e-01  0.5000        1054  [    3     61        240          1 ]
           4       23370     213.997   0.000e+00   0.000e+00   8.711e-01   6.810e-03   1.187e-01  0.5000        1060  [    3     62        240          1 ]
           4       23538     215.871   0.000e+00   0.000e+00   8.711e-01   6.809e-03   1.187e-01  0.5000        1066  [    3     63        240          1 ]
           4       23706     217.986   0.000e+00   0.000e+00   8.711e-01   6.803e-03   1.187e-01  0.5000        1075  [    3     64        240          1 ]
           5       24666     220.091   0.000e+00   0.000e+00   8.711e-01   6.800e-03   1.145e-01  0.5000        1076  [    5      1        960          1 ]
           5       25014     222.317   0.000e+00   0.000e+00   8.712e-01   6.780e-03   1.145e-01  0.5000        1100  [    4      9        480          1 ]
           5       25841     224.243   0.000e+00   0.000e+00   8.714e-01   5.259e-03   1.145e-01  0.5000        1103  [    5      2        960          1 ]
           5       26189     226.242   0.000e+00   0.000e+00   8.714e-01   5.227e-03   1.145e-01  0.5000        1133  [    4     10        480          1 ]
           5       26537     228.244   0.000e+00   0.000e+00   8.715e-01   5.169e-03   1.145e-01  0.5000        1158  [    4     11        480          1 ]
           5       26879     230.475   0.000e+00   0.000e+00   8.715e-01   5.154e-03   1.145e-01  0.5000        1184  [    4     12        480          1 ]
           5       27233     232.809   0.000e+00   0.000e+00   8.717e-01   5.015e-03   1.144e-01  0.5000        1209  [    4     13        480          1 ]
           5       27581     235.208   0.000e+00   0.000e+00   8.718e-01   4.942e-03   1.185e-01  0.5000        1244  [    4     14        480          1 ]
           5       27932     238.584   0.000e+00   0.000e+00   8.718e-01   4.969e-03   1.186e-01  0.5000         752  [    4     15        480          1 ]
           5       28280     239.800   0.000e+00   0.000e+00   8.718e-01   4.966e-03   1.186e-01  0.5000         760  [    4     16        480          1 ]
           5       28623     241.364   0.000e+00   0.000e+00   8.718e-01   4.962e-03   1.186e-01  0.5000         769  [    4     17        480          1 ]
           5       29406     243.077   0.000e+00   0.000e+00   8.731e-01   3.784e-03   1.154e-01  0.5000         770  [    5      3        960          1 ]
           5       29757     244.528   0.000e+00   0.000e+00   8.732e-01   3.733e-03   1.154e-01  0.5000         776  [    4     18        480          1 ]
           5       30107     245.908   0.000e+00   0.000e+00   8.733e-01   3.666e-03   1.154e-01  0.5000         783  [    4     19        480          1 ]
           5       30450     247.480   0.000e+00   0.000e+00   8.733e-01   3.662e-03   1.154e-01  0.5000         793  [    4     20        480          1 ]
           5       30788     249.171   0.000e+00   0.000e+00   8.733e-01   3.644e-03   1.154e-01  0.5000         809  [    4     21        480          1 ]
           5       31138     250.827   0.000e+00   0.000e+00   8.733e-01   3.640e-03   1.154e-01  0.5000         819  [    4     22        480          1 ]
           5       31476     252.368   0.000e+00   0.000e+00   8.733e-01   3.636e-03   1.154e-01  0.5000         829  [    4     23        480          1 ]
           5       31813     253.887   0.000e+00   0.000e+00   8.734e-01   3.613e-03   1.154e-01  0.5000         837  [    4     24        480          1 ]
           5       32151     255.556   0.000e+00   0.000e+00   8.735e-01   3.500e-03   1.153e-01  0.5000         847  [    4     25        480          1 ]
           5       32888     257.171   0.000e+00   0.000e+00   8.737e-01   3.135e-03   1.151e-01  0.5000         849  [    5      4        960          1 ]
           5       33227     258.516   0.000e+00   0.000e+00   8.737e-01   3.133e-03   1.151e-01  0.5000         854  [    4     26        480          1 ]
           5       33566     260.221   0.000e+00   0.000e+00   8.737e-01   3.131e-03   1.151e-01  0.5000         859  [    4     27        480          1 ]
           5       33905     261.912   0.000e+00   0.000e+00   8.737e-01   3.129e-03   1.151e-01  0.5000         870  [    4     28        480          1 ]
           5       34248     263.669   0.000e+00   0.000e+00   8.737e-01   3.022e-03   1.151e-01  0.5000         881  [    4     29        480          1 ]
           5       34585     265.136   0.000e+00   0.000e+00   8.737e-01   3.018e-03   1.151e-01  0.5000         882  [    4     30        480          1 ]
           5       34922     266.773   0.000e+00   0.000e+00   8.737e-01   3.017e-03   1.151e-01  0.5000         888  [    4     31        480          1 ]
           5       35259     268.632   0.000e+00   0.000e+00   8.738e-01   2.987e-03   1.150e-01  0.5000         900  [    4     32        480          1 ]
           5       35595     270.236   0.000e+00   0.000e+00   8.738e-01   2.980e-03   1.150e-01  0.5000         908  [    4     33        480          1 ]
           5       36283     272.078   0.000e+00   0.000e+00   8.738e-01   2.980e-03   1.150e-01  0.5000         908  [    5      5        960          1 ]
           5       36619     273.685   0.000e+00   0.000e+00   8.738e-01   2.972e-03   1.150e-01  0.5000         912  [    4     34        480          1 ]
           5       36966     275.498   0.000e+00   0.000e+00   8.738e-01   2.954e-03   1.150e-01  0.5000         926  [    4     35        480          1 ]
           5       37302     277.400   0.000e+00   0.000e+00   8.738e-01   2.941e-03   1.150e-01  0.5000         933  [    4     36        480          1 ]
           5       37638     279.133   0.000e+00   0.000e+00   8.739e-01   2.924e-03   1.150e-01  0.5000         939  [    4     37        480          1 ]
           5       37981     281.002   0.000e+00   0.000e+00   8.739e-01   2.920e-03   1.150e-01  0.5000         941  [    4     38        480          1 ]
           5       38317     282.761   0.000e+00   0.000e+00   8.739e-01   2.918e-03   1.150e-01  0.5000         945  [    4     39        480          1 ]
           5       38653     284.559   0.000e+00   0.000e+00   8.739e-01   2.896e-03   1.150e-01  0.5000         952  [    4     40        480          1 ]
           5       38989     286.626   0.000e+00   0.000e+00   8.739e-01   2.892e-03   1.150e-01  0.5000         955  [    4     41        480          1 ]
           5       39667     288.605   0.000e+00   0.000e+00   8.739e-01   2.882e-03   1.150e-01  0.5000         967  [    5      6        960          1 ]
           5       40011     290.553   0.000e+00   0.000e+00   8.739e-01   2.880e-03   1.150e-01  0.5000         971  [    4     42        480          1 ]
           5       40347     292.441   0.000e+00   0.000e+00   8.740e-01   2.878e-03   1.150e-01  0.5000         976  [    4     43        480          1 ]
           5       40690     294.312   0.000e+00   0.000e+00   8.740e-01   2.877e-03   1.150e-01  0.5000         978  [    4     44        480          1 ]
           5       41026     296.224   0.000e+00   0.000e+00   8.740e-01   2.865e-03   1.150e-01  0.5000         986  [    4     45        480          1 ]
           5       41374     297.810   0.000e+00   0.000e+00   8.741e-01   2.794e-03   1.150e-01  0.5000         992  [    4     46        480          1 ]
           5       41710     299.575   0.000e+00   0.000e+00   8.741e-01   2.787e-03   1.150e-01  0.5000         993  [    4     47        480          1 ]
           5       42051     301.665   0.000e+00   0.000e+00   8.741e-01   2.768e-03   1.149e-01  0.5000         997  [    4     48        480          1 ]
           5       42392     303.407   0.000e+00   0.000e+00   8.741e-01   2.761e-03   1.149e-01  0.5000        1002  [    4     49        480          1 ]
           5       43070     305.314   0.000e+00   0.000e+00   8.741e-01   2.744e-03   1.149e-01  0.5000        1018  [    5      7        960          1 ]
           5       43406     306.957   0.000e+00   0.000e+00   8.741e-01   2.744e-03   1.149e-01  0.5000        1020  [    4     50        480          1 ]
           5       43742     308.971   0.000e+00   0.000e+00   8.741e-01   2.741e-03   1.149e-01  0.5000        1024  [    4     51        480          1 ]
           5       44085     310.998   0.000e+00   0.000e+00   8.741e-01   2.741e-03   1.149e-01  0.5000        1027  [    4     52        480          1 ]
           5       44428     312.313   0.000e+00   0.000e+00   8.741e-01   2.738e-03   1.149e-01  0.5000        1029  [    4     53        480          1 ]
           5       44770     314.430   0.000e+00   0.000e+00   8.741e-01   2.733e-03   1.149e-01  0.5000        1034  [    4     54        480          1 ]
           5       45118     316.043   0.000e+00   0.000e+00   8.742e-01   2.730e-03   1.149e-01  0.5000        1040  [    4     55        480          1 ]
           5       45454     317.581   0.000e+00   0.000e+00   8.742e-01   2.726e-03   1.149e-01  0.5000        1044  [    4     56        480          1 ]
           5       45790     319.705   0.000e+00   0.000e+00   8.742e-01   2.724e-03   1.149e-01  0.5000        1048  [    4     57        480          1 ]
           5       46470     321.767   0.000e+00   0.000e+00   8.742e-01   2.721e-03   1.149e-01  0.5000        1053  [    5      8        960          1 ]
           5       46814     323.656   0.000e+00   0.000e+00   8.742e-01   2.720e-03   1.149e-01  0.5000        1057  [    4     58        480          1 ]
           5       47158     325.779   0.000e+00   0.000e+00   8.742e-01   2.718e-03   1.149e-01  0.5000        1056  [    4     59        480          1 ]
           5       47494     327.862   0.000e+00   0.000e+00   8.742e-01   2.705e-03   1.149e-01  0.5000        1058  [    4     60        480          1 ]
           5       47830     330.067   0.000e+00   0.000e+00   8.742e-01   2.705e-03   1.149e-01  0.5000        1058  [    4     61        480          1 ]
           5       48174     332.282   0.000e+00   0.000e+00   8.742e-01   2.704e-03   1.149e-01  0.5000        1059  [    4     62        480          1 ]
           5       48510     334.514   0.000e+00   0.000e+00   8.742e-01   2.512e-03   1.148e-01  0.5000        1062  [    4     63        480          1 ]
           5       48846     336.342   0.000e+00   0.000e+00   8.742e-01   2.509e-03   1.148e-01  0.5000        1062  [    4     64        480          1 ]
           6       50766     338.079   0.000e+00   0.000e+00   8.743e-01   2.375e-03   1.100e-01  0.5000        1065  [    6      1       1920          1 ]
           6       51110     339.870   0.000e+00   0.000e+00   8.743e-01   2.375e-03   1.100e-01  0.5000        1067  [    4     65        480          1 ]
           6       51791     341.769   0.000e+00   0.000e+00   8.744e-01   2.367e-03   1.100e-01  0.5000        1087  [    5      9        960          1 ]
           6       53495     343.564   0.000e+00   0.000e+00   8.744e-01   2.296e-03   1.099e-01  0.5000        1090  [    6      2       1920          1 ]
           6       53831     345.232   0.000e+00   0.000e+00   8.744e-01   2.296e-03   1.099e-01  0.5000        1091  [    4     66        480          1 ]
           6       54179     346.759   0.000e+00   0.000e+00   8.744e-01   2.295e-03   1.099e-01  0.5000        1093  [    4     67        480          1 ]
           6       54523     348.963   0.000e+00   0.000e+00   8.744e-01   2.294e-03   1.099e-01  0.5000        1095  [    4     68        480          1 ]
           6       54867     351.013   0.000e+00   0.000e+00   8.744e-01   2.294e-03   1.099e-01  0.5000        1096  [    4     69        480          1 ]
           6       55203     352.604   0.000e+00   0.000e+00   8.744e-01   2.292e-03   1.099e-01  0.5000        1100  [    4     70        480          1 ]
           6       55547     354.639   0.000e+00   0.000e+00   8.744e-01   2.289e-03   1.099e-01  0.5000        1103  [    4     71        480          1 ]
           6       55883     356.664   0.000e+00   0.000e+00   8.744e-01   2.289e-03   1.099e-01  0.5000        1103  [    4     72        480          1 ]
           6       56226     358.398   0.000e+00   0.000e+00   8.744e-01   2.289e-03   1.099e-01  0.5000        1105  [    4     73        480          1 ]
           6       56908     360.302   0.000e+00   0.000e+00   8.744e-01   2.288e-03   1.099e-01  0.5000        1109  [    5     10        960          1 ]
           6       57256     361.859   0.000e+00   0.000e+00   8.744e-01   2.287e-03   1.099e-01  0.5000        1110  [    4     74        480          1 ]
           6       57600     363.450   0.000e+00   0.000e+00   8.744e-01   2.283e-03   1.099e-01  0.5000        1110  [    4     75        480          1 ]
           6       57948     365.213   0.000e+00   0.000e+00   8.744e-01   2.283e-03   1.099e-01  0.5000        1111  [    4     76        480          1 ]
           6       58291     367.153   0.000e+00   0.000e+00   8.744e-01   2.282e-03   1.099e-01  0.5000        1114  [    4     77        480          1 ]
           6       58639     368.634   0.000e+00   0.000e+00   8.744e-01   2.281e-03   1.099e-01  0.5000        1118  [    4     78        480          1 ]
           6       58987     370.411   0.000e+00   0.000e+00   8.744e-01   2.281e-03   1.099e-01  0.5000        1119  [    4     79        480          1 ]
           6       59330     371.789   0.000e+00   0.000e+00   8.745e-01   2.327e-03   1.136e-01  0.5000        1119  [    4     80        480          1 ]
           6       59670     373.325   0.000e+00   0.000e+00   8.745e-01   2.325e-03   1.136e-01  0.5000        1120  [    4     81        480          1 ]
           6       60350     375.187   0.000e+00   0.000e+00   8.745e-01   2.325e-03   1.136e-01  0.5000        1121  [    5     11        960          1 ]
           6       60690     376.656   0.000e+00   0.000e+00   8.745e-01   2.321e-03   1.136e-01  0.5000        1125  [    4     82        480          1 ]
           6       61026     378.251   0.000e+00   0.000e+00   8.745e-01   2.321e-03   1.136e-01  0.5000        1125  [    4     83        480          1 ]
           6       61370     380.417   0.000e+00   0.000e+00   8.745e-01   2.297e-03   1.136e-01  0.5000        1130  [    4     84        480          1 ]
           6       61718     382.163   0.000e+00   0.000e+00   8.745e-01   2.295e-03   1.136e-01  0.5000        1131  [    4     85        480          1 ]
           6       62054     384.025   0.000e+00   0.000e+00   8.745e-01   2.295e-03   1.136e-01  0.5000        1133  [    4     86        480          1 ]
           6       62402     385.984   0.000e+00   0.000e+00   8.745e-01   2.273e-03   1.135e-01  0.5000        1135  [    4     87        480          1 ]
           6       62743     387.813   0.000e+00   0.000e+00   8.745e-01   2.273e-03   1.135e-01  0.5000        1136  [    4     88        480          1 ]
           6       63079     389.585   0.000e+00   0.000e+00   8.746e-01   2.239e-03   1.135e-01  0.5000        1138  [    4     89        480          1 ]
           6       63751     391.531   0.000e+00   0.000e+00   8.746e-01   2.238e-03   1.135e-01  0.5000        1141  [    5     12        960          1 ]
           6       64094     393.303   0.000e+00   0.000e+00   8.747e-01   2.197e-03   1.146e-01  0.5000        1143  [    4     90        480          1 ]
           6       64442     394.967   0.000e+00   0.000e+00   8.747e-01   2.197e-03   1.146e-01  0.5000        1143  [    4     91        480          1 ]
           6       64782     396.667   0.000e+00   0.000e+00   8.747e-01   2.195e-03   1.146e-01  0.5000        1144  [    4     92        480          1 ]
           6       65130     398.592   0.000e+00   0.000e+00   8.747e-01   2.194e-03   1.146e-01  0.5000        1144  [    4     93        480          1 ]
           6       65473     400.467   0.000e+00   0.000e+00   8.747e-01   2.193e-03   1.146e-01  0.5000        1148  [    4     94        480          1 ]
           6       65821     402.225   0.000e+00   0.000e+00   8.747e-01   2.192e-03   1.146e-01  0.5000        1149  [    4     95        480          1 ]
           6       66166     403.917   0.000e+00   0.000e+00   8.747e-01   2.192e-03   1.146e-01  0.5000        1149  [    4     96        480          1 ]
           6       66502     406.199   0.000e+00   0.000e+00   8.747e-01   2.190e-03   1.146e-01  0.5000        1151  [    4     97        480          1 ]
           6       67176     408.205   0.000e+00   0.000e+00   8.748e-01   2.136e-03   1.203e-01  0.5000        1154  [    5     13        960          1 ]
           6       67514     409.853   0.000e+00   0.000e+00   8.748e-01   2.136e-03   1.203e-01  0.5000        1156  [    4     98        480          1 ]
           6       67855     411.775   0.000e+00   0.000e+00   8.748e-01   2.131e-03   1.203e-01  0.5000        1160  [    4     99        480          1 ]
           6       68195     413.377   0.000e+00   0.000e+00   8.748e-01   2.106e-03   1.202e-01  0.5000        1169  [    4    100        480          1 ]
           6       68532     415.363   0.000e+00   0.000e+00   8.749e-01   2.050e-03   1.202e-01  0.5000        1174  [    4    101        480          1 ]
           6       68880     417.226   0.000e+00   0.000e+00   8.749e-01   2.020e-03   1.202e-01  0.5000        1177  [    4    102        480          1 ]
           6       69216     419.090   0.000e+00   0.000e+00   8.749e-01   2.020e-03   1.202e-01  0.5000        1178  [    4    103        480          1 ]
           6       69552     420.641   0.000e+00   0.000e+00   8.749e-01   2.020e-03   1.202e-01  0.5000        1177  [    4    104        480          1 ]
           6       69900     422.657   0.000e+00   0.000e+00   8.749e-01   1.987e-03   1.202e-01  0.5000        1179  [    4    105        480          1 ]
           6       70570     424.478   0.000e+00   0.000e+00   8.750e-01   1.964e-03   1.202e-01  0.5000        1185  [    5     14        960          1 ]
           6       70918     426.334   0.000e+00   0.000e+00   8.750e-01   1.956e-03   1.202e-01  0.5000        1185  [    4    106        480          1 ]
           6       71254     428.346   0.000e+00   0.000e+00   8.750e-01   1.956e-03   1.202e-01  0.5000        1186  [    4    107        480          1 ]
           6       71590     430.456   0.000e+00   0.000e+00   8.750e-01   1.933e-03   1.202e-01  0.5000        1187  [    4    108        480          1 ]
           6       71927     432.257   0.000e+00   0.000e+00   8.750e-01   1.927e-03   1.202e-01  0.5000        1189  [    4    109        480          1 ]
           6       72263     434.229   0.000e+00   0.000e+00   8.750e-01   1.918e-03   1.202e-01  0.5000        1194  [    4    110        480          1 ]
           6       72599     436.458   0.000e+00   0.000e+00   8.750e-01   1.910e-03   1.202e-01  0.5000        1197  [    4    111        480          1 ]
           6       72947     438.384   0.000e+00   0.000e+00   8.751e-01   1.885e-03   1.202e-01  0.5000        1201  [    4    112        480          1 ]
           6       73283     440.464   0.000e+00   0.000e+00   8.751e-01   1.885e-03   1.202e-01  0.5000        1201  [    4    113        480          1 ]
           6       73945     442.476   0.000e+00   0.000e+00   8.751e-01   1.877e-03   1.202e-01  0.5000        1211  [    5     15        960          1 ]
           6       74293     444.422   0.000e+00   0.000e+00   8.751e-01   1.877e-03   1.202e-01  0.5000        1211  [    4    114        480          1 ]
           6       74641     446.525   0.000e+00   0.000e+00   8.751e-01   1.874e-03   1.202e-01  0.5000        1214  [    4    115        480          1 ]
           6       74977     448.427   0.000e+00   0.000e+00   8.751e-01   1.861e-03   1.202e-01  0.5000        1215  [    4    116        480          1 ]
           6       75313     450.297   0.000e+00   0.000e+00   8.751e-01   1.859e-03   1.202e-01  0.5000        1218  [    4    117        480          1 ]
           6       75649     452.299   0.000e+00   0.000e+00   8.751e-01   1.859e-03   1.202e-01  0.5000        1218  [    4    118        480          1 ]
           6       75997     454.038   0.000e+00   0.000e+00   8.751e-01   1.859e-03   1.202e-01  0.5000        1218  [    4    119        480          1 ]
           6       76345     455.826   0.000e+00   0.000e+00   8.751e-01   1.859e-03   1.202e-01  0.5000        1219  [    4    120        480          1 ]
           6       76681     457.460   0.000e+00   0.000e+00   8.751e-01   1.853e-03   1.201e-01  0.5000        1220  [    4    121        480          1 ]
           6       77352     459.970   0.000e+00   0.000e+00   8.751e-01   1.830e-03   1.201e-01  0.5000        1227  [    5     16        960          1 ]
           6       77700     462.105   0.000e+00   0.000e+00   8.751e-01   1.827e-03   1.201e-01  0.5000        1230  [    4    122        480          1 ]
           6       78048     464.479   0.000e+00   0.000e+00   8.751e-01   1.826e-03   1.201e-01  0.5000        1232  [    4    123        480          1 ]
           6       78384     466.622   0.000e+00   0.000e+00   8.751e-01   1.826e-03   1.201e-01  0.5000        1233  [    4    124        480          1 ]
           6       78720     468.282   0.000e+00   0.000e+00   8.751e-01   1.821e-03   1.201e-01  0.5000        1236  [    4    125        480          1 ]
           6       79056     470.114   0.000e+00   0.000e+00   8.752e-01   1.816e-03   1.201e-01  0.5000        1237  [    4    126        480          1 ]
           6       79392     471.948   0.000e+00   0.000e+00   8.752e-01   1.816e-03   1.201e-01  0.5000        1236  [    4    127        480          1 ]
           6       79740     474.017   0.000e+00   0.000e+00   8.752e-01   1.816e-03   1.201e-01  0.5000        1237  [    4    128        480          1 ]
           6       80076     475.613   0.000e+00   0.000e+00   8.752e-01   1.808e-03   1.201e-01  0.5000        1239  [    4    129        480          1 ]
           6       80747     477.812   0.000e+00   0.000e+00   8.752e-01   1.807e-03   1.201e-01  0.5000        1240  [    5     17        960          1 ]
           6       82295     480.357   0.000e+00   0.000e+00   8.752e-01   1.775e-03   1.201e-01  0.5000        1242  [    6      3       1920          1 ]
           6       82643     482.353   0.000e+00   0.000e+00   8.752e-01   1.769e-03   1.201e-01  0.5000        1243  [    4    130        480          1 ]
           6       82991     484.597   0.000e+00   0.000e+00   8.752e-01   1.769e-03   1.201e-01  0.5000        1244  [    4    131        480          1 ]
           6       83327     486.756   0.000e+00   0.000e+00   8.752e-01   1.766e-03   1.201e-01  0.5000        1245  [    4    132        480          1 ]
           6       83663     489.061   0.000e+00   0.000e+00   8.752e-01   1.751e-03   1.201e-01  0.5000        1248  [    4    133        480          1 ]
           6       83999     491.244   0.000e+00   0.000e+00   8.752e-01   1.751e-03   1.201e-01  0.5000        1249  [    4    134        480          1 ]
           6       84335     493.099   0.000e+00   0.000e+00   8.752e-01   1.751e-03   1.201e-01  0.5000        1249  [    4    135        480          1 ]
           6       84683     495.743   0.000e+00   0.000e+00   8.750e-01   1.865e-03   1.865e-01  0.5000         755  [    4    136        480          1 ]
           6       85019     496.757   0.000e+00   0.000e+00   8.750e-01   1.863e-03   1.865e-01  0.5000         761  [    4    137        480          1 ]
           6       85682     497.906   0.000e+00   0.000e+00   8.751e-01   1.852e-03   1.865e-01  0.5000         786  [    5     18        960          1 ]
           6       86018     498.884   0.000e+00   0.000e+00   8.751e-01   1.849e-03   1.865e-01  0.5000         792  [    4    138        480          1 ]
           6       86354     499.923   0.000e+00   0.000e+00   8.751e-01   1.848e-03   1.865e-01  0.5000         797  [    4    139        480          1 ]
           6       86690     501.006   0.000e+00   0.000e+00   8.751e-01   1.845e-03   1.865e-01  0.5000         806  [    4    140        480          1 ]
           6       87029     502.066   0.000e+00   0.000e+00   8.751e-01   1.844e-03   1.865e-01  0.5000         810  [    4    141        480          1 ]
           6       87365     503.136   0.000e+00   0.000e+00   8.751e-01   1.843e-03   1.865e-01  0.5000         811  [    4    142        480          1 ]
           6       87701     504.792   0.000e+00   0.000e+00   8.751e-01   1.837e-03   1.865e-01  0.5000         816  [    4    143        480          1 ]
           6       88049     506.323   0.000e+00   0.000e+00   8.751e-01   1.837e-03   1.865e-01  0.5000         819  [    4    144        480          1 ]
           6       88385     507.709   0.000e+00   0.000e+00   8.751e-01   1.837e-03   1.865e-01  0.5000         819  [    4    145        480          1 ]
           6       89059     509.055   0.000e+00   0.000e+00   8.751e-01   1.821e-03   1.865e-01  0.5000         839  [    5     19        960          1 ]
           6       89395     510.164   0.000e+00   0.000e+00   8.751e-01   1.820e-03   1.865e-01  0.5000         841  [    4    146        480          1 ]
           6       89731     511.582   0.000e+00   0.000e+00   8.751e-01   1.819e-03   1.865e-01  0.5000         846  [    4    147        480          1 ]
           6       90067     513.270   0.000e+00   0.000e+00   8.751e-01   1.819e-03   1.865e-01  0.5000         846  [    4    148        480          1 ]
           6       90403     514.548   0.000e+00   0.000e+00   8.751e-01   1.818e-03   1.865e-01  0.5000         849  [    4    149        480          1 ]
           6       90739     515.693   0.000e+00   0.000e+00   8.751e-01   1.817e-03   1.865e-01  0.5000         854  [    4    150        480          1 ]
           6       91075     517.092   0.000e+00   0.000e+00   8.751e-01   1.817e-03   1.865e-01  0.5000         856  [    4    151        480          1 ]
           6       91411     518.651   0.000e+00   0.000e+00   8.751e-01   1.812e-03   1.865e-01  0.5000         858  [    4    152        480          1 ]
           6       91759     520.179   0.000e+00   0.000e+00   8.751e-01   1.811e-03   1.865e-01  0.5000         862  [    4    153        480          1 ]
           6       92422     521.616   0.000e+00   0.000e+00   8.751e-01   1.808e-03   1.865e-01  0.5000         870  [    5     20        960          1 ]
           6       92758     522.891   0.000e+00   0.000e+00   8.751e-01   1.808e-03   1.865e-01  0.5000         872  [    4    154        480          1 ]
           6       93106     524.105   0.000e+00   0.000e+00   8.751e-01   1.804e-03   1.865e-01  0.5000         874  [    4    155        480          1 ]
           6       93454     525.773   0.000e+00   0.000e+00   8.751e-01   1.801e-03   1.865e-01  0.5000         877  [    4    156        480          1 ]
           6       93790     527.326   0.000e+00   0.000e+00   8.751e-01   1.800e-03   1.865e-01  0.5000         879  [    4    157        480          1 ]
           6       94138     528.648   0.000e+00   0.000e+00   8.751e-01   1.799e-03   1.865e-01  0.5000         883  [    4    158        480          1 ]
           6       94486     529.789   0.000e+00   0.000e+00   8.751e-01   1.798e-03   1.865e-01  0.5000         884  [    4    159        480          1 ]
           6       94822     530.931   0.000e+00   0.000e+00   8.751e-01   1.798e-03   1.865e-01  0.5000         885  [    4    160        480          1 ]
           6       95158     532.286   0.000e+00   0.000e+00   8.751e-01   1.797e-03   1.865e-01  0.5000         887  [    4    161        480          1 ]
           6       95815     533.735   0.000e+00   0.000e+00   8.752e-01   1.794e-03   1.865e-01  0.5000         890  [    5     21        960          1 ]
           6       96151     535.309   0.000e+00   0.000e+00   8.752e-01   1.793e-03   1.865e-01  0.5000         891  [    4    162        480          1 ]
           6       96487     536.601   0.000e+00   0.000e+00   8.752e-01   1.793e-03   1.865e-01  0.5000         891  [    4    163        480          1 ]
           6       96835     538.469   0.000e+00   0.000e+00   8.752e-01   1.792e-03   1.865e-01  0.5000         893  [    4    164        480          1 ]
           6       97183     540.323   0.000e+00   0.000e+00   8.752e-01   1.792e-03   1.865e-01  0.5000         894  [    4    165        480          1 ]
           6       97519     541.430   0.000e+00   0.000e+00   8.752e-01   1.790e-03   1.865e-01  0.5000         896  [    4    166        480          1 ]
           6       97867     542.796   0.000e+00   0.000e+00   8.752e-01   1.781e-03   1.865e-01  0.5000         897  [    4    167        480          1 ]
           6       98203     544.188   0.000e+00   0.000e+00   8.752e-01   1.780e-03   1.865e-01  0.5000         897  [    4    168        480          1 ]
           6       98539     545.571   0.000e+00   0.000e+00   8.752e-01   1.780e-03   1.865e-01  0.5000         898  [    4    169        480          1 ]
           6       99206     547.436   0.000e+00   0.000e+00   8.752e-01   1.772e-03   1.865e-01  0.5000         900  [    5     22        960          1 ]
           6       99542     548.885   0.000e+00   0.000e+00   8.752e-01   1.771e-03   1.865e-01  0.5000         900  [    4    170        480          1 ]
           6       99878     550.039   0.000e+00   0.000e+00   8.752e-01   1.771e-03   1.865e-01  0.5000         901  [    4    171        480          1 ]
           7      100214     551.254   0.000e+00   0.000e+00   8.752e-01   1.771e-03   1.865e-01  0.5000         901  [    6      3       1920          1 ]
