# Generation  Evaluations  Time (s)  Best_obj[0]  Best_obj[1]  Hypervol.   IGD         IGDX        SR    Appr.set  [ Pop.index  Subgen.  Pop.size  Subpops ]
           0         118       2.465   7.039e-02   1.522e-01   2.521e-01   1.552e-01   2.128e-01  0.0000          28  [    0      1         30         11 ]
           0         240       2.539   0.000e+00   1.522e-01   1.990e-01   1.271e-01   1.975e-01  0.0000          38  [    0      2         30         15 ]
           0         375       2.595   0.000e+00   1.522e-01   2.521e-01   1.271e-01   1.673e-01  0.0000          43  [    0      3         30         19 ]
           0         527       2.658   0.000e+00   1.522e-01   1.519e-01   1.169e-01   1.379e-01  0.0000          54  [    0      4         30         19 ]
           0         678       2.746   0.000e+00   1.522e-01   1.879e-01   9.922e-02   9.658e-02  0.0000          62  [    0      5         30         23 ]
           0         836       2.824   0.000e+00   1.522e-01   1.486e-01   9.642e-02   9.787e-02  0.0000          73  [    0      6         30         26 ]
           0        1020       2.934   0.000e+00   0.000e+00   2.801e-01   8.803e-02   8.430e-02  0.0000          87  [    0      7         30         31 ]
           0        1224       3.056   0.000e+00   0.000e+00   2.768e-01   8.803e-02   8.417e-02  0.0000          99  [    0      8         30         35 ]
           1        1687       3.204   0.000e+00   0.000e+00   2.339e-01   8.054e-02   7.240e-02  0.0000         186  [    1      1         60         55 ]
           1        2020       3.386   0.000e+00   0.000e+00   2.347e-01   7.677e-02   6.800e-02  0.0000         196  [    0      9         30         56 ]
           1        2433       3.585   0.000e+00   0.000e+00   2.883e-01   7.544e-02   6.443e-02  0.0000         215  [    1      2         60         62 ]
           1        2807       3.773   0.000e+00   0.000e+00   2.730e-01   7.534e-02   5.880e-02  0.0000         224  [    0     10         30         63 ]
           1        3178       4.027   0.000e+00   0.000e+00   2.662e-01   7.534e-02   5.844e-02  0.0000         235  [    0     11         30         65 ]
           1        3558       4.378   0.000e+00   0.000e+00   2.710e-01   7.534e-02   5.797e-02  0.0000         246  [    0     12         30         67 ]
           1        3936       4.714   0.000e+00   0.000e+00   1.558e-01   7.534e-02   5.472e-02  0.5000         258  [    0     13         30         70 ]
           1        4336       4.960   0.000e+00   0.000e+00   2.572e-01   7.513e-02   5.015e-02  0.5000         274  [    0     14         30         68 ]
           1        4731       5.340   0.000e+00   0.000e+00   2.682e-01   7.075e-02   4.870e-02  0.5000         278  [    0     15         30         70 ]
           1        5146       5.641   0.000e+00   0.000e+00   1.519e-01   7.075e-02   4.870e-02  0.5000         286  [    0     16         30         72 ]
           1        5565       5.940   0.000e+00   0.000e+00   1.526e-01   7.075e-02   4.861e-02  0.5000         292  [    0     17         30         72 ]
           1        6048       6.251   0.000e+00   0.000e+00   1.426e-01   7.075e-02   4.877e-02  0.5000         314  [    1      3         60         73 ]
           1        6471       6.571   0.000e+00   0.000e+00   1.401e-01   7.071e-02   4.878e-02  0.5000         326  [    0     18         30         73 ]
           1        6907       7.019   0.000e+00   0.000e+00   1.880e-01   6.772e-02   4.773e-02  1.0000         339  [    0     19         30         75 ]
           1        7352       7.335   0.000e+00   0.000e+00   1.771e-01   6.772e-02   4.725e-02  1.0000         349  [    0     20         30         76 ]
           1        7801       7.627   0.000e+00   0.000e+00   1.347e-01   6.772e-02   4.644e-02  1.0000         363  [    0     21         30         76 ]
           1        8233       7.930   0.000e+00   0.000e+00   1.385e-01   6.772e-02   4.638e-02  1.0000         372  [    0     22         30         75 ]
           1        8669       8.320   0.000e+00   0.000e+00   1.326e-01   6.772e-02   4.637e-02  1.0000         380  [    0     23         30         76 ]
           1        9124       8.697   0.000e+00   0.000e+00   1.318e-01   6.772e-02   4.228e-02  1.0000         388  [    0     24         30         79 ]
           1        9596       9.094   0.000e+00   0.000e+00   1.379e-01   6.772e-02   4.228e-02  1.0000         394  [    0     25         30         76 ]
           1       10116       9.400   0.000e+00   0.000e+00   2.539e-01   5.310e-02   3.855e-02  1.0000         410  [    1      4         60         77 ]
           1       10596       9.682   0.000e+00   0.000e+00   1.338e-01   5.301e-02   3.463e-02  1.0000         419  [    0     26         30         77 ]
           1       11060      10.086   0.000e+00   0.000e+00   1.413e-01   5.151e-02   3.653e-02  1.0000         426  [    0     27         30         74 ]
           1       11530      10.395   0.000e+00   0.000e+00   1.554e-01   4.768e-02   3.557e-02  1.0000         433  [    0     28         30         72 ]
           1       11987      10.710   0.000e+00   0.000e+00   1.525e-01   4.765e-02   3.313e-02  1.0000         435  [    0     29         30         72 ]
           1       12431      11.140   0.000e+00   0.000e+00   1.512e-01   4.765e-02   3.313e-02  1.0000         447  [    0     30         30         72 ]
           1       12872      11.494   0.000e+00   0.000e+00   1.503e-01   4.765e-02   3.313e-02  1.0000         453  [    0     31         30         72 ]
           1       13328      11.808   0.000e+00   0.000e+00   1.559e-01   4.745e-02   3.210e-02  1.0000         459  [    0     32         30         71 ]
           1       13782      12.168   0.000e+00   0.000e+00   2.771e-01   4.663e-02   3.151e-02  1.0000         472  [    0     33         30         73 ]
           1       14296      12.614   0.000e+00   0.000e+00   1.894e-01   4.410e-02   2.892e-02  1.0000         490  [    1      5         60         72 ]
           1       14748      12.979   0.000e+00   0.000e+00   2.583e-01   4.410e-02   2.892e-02  1.0000         502  [    0     34         30         72 ]
           1       15201      13.374   0.000e+00   0.000e+00   1.960e-01   4.410e-02   2.892e-02  1.0000         512  [    0     35         30         72 ]
           1       15666      13.931   0.000e+00   0.000e+00   1.914e-01   4.410e-02   2.892e-02  1.0000         518  [    0     36         30         72 ]
           1       16128      14.438   0.000e+00   0.000e+00   1.877e-01   4.410e-02   2.892e-02  1.0000         520  [    0     37         30         73 ]
           1       16621      14.875   0.000e+00   0.000e+00   2.977e-01   4.410e-02   2.895e-02  1.0000         524  [    0     38         30         74 ]
           1       17101      15.279   0.000e+00   0.000e+00   2.484e-01   4.113e-02   2.671e-02  1.0000         537  [    0     39         30         74 ]
           1       17577      15.742   0.000e+00   0.000e+00   2.046e-01   4.113e-02   2.671e-02  1.0000         543  [    0     40         30         75 ]
           1       18065      16.332   0.000e+00   0.000e+00   2.505e-01   3.375e-02   2.669e-02  1.0000         547  [    0     41         30         76 ]
           1       18630      16.954   0.000e+00   0.000e+00   2.954e-01   3.350e-02   2.673e-02  1.0000         558  [    1      6         60         79 ]
           1       19134      17.461   0.000e+00   0.000e+00   2.546e-01   3.350e-02   2.642e-02  1.0000         570  [    0     42         30         77 ]
           1       19643      17.970   0.000e+00   0.000e+00   2.502e-01   2.925e-02   2.500e-02  1.0000         574  [    0     43         30         76 ]
           1       20125      18.395   0.000e+00   0.000e+00   2.668e-01   2.925e-02   2.500e-02  1.0000         581  [    0     44         30         78 ]
           1       20614      19.118   0.000e+00   0.000e+00   2.328e-01   2.925e-02   2.500e-02  1.0000         582  [    0     45         30         76 ]
           1       21106      20.089   0.000e+00   0.000e+00   2.331e-01   2.925e-02   2.500e-02  1.0000         584  [    0     46         30         77 ]
           1       21599      20.874   0.000e+00   0.000e+00   2.734e-01   2.925e-02   2.500e-02  1.0000         588  [    0     47         30         78 ]
           1       22093      21.376   0.000e+00   0.000e+00   2.261e-01   2.925e-02   2.500e-02  1.0000         586  [    0     48         30         78 ]
           1       22608      22.174   0.000e+00   0.000e+00   2.725e-01   2.925e-02   2.395e-02  1.0000         588  [    0     49         30         78 ]
           1       23181      22.691   0.000e+00   0.000e+00   2.225e-01   2.753e-02   2.325e-02  1.0000         607  [    1      7         60         80 ]
           1       23679      23.332   0.000e+00   0.000e+00   2.225e-01   2.753e-02   2.277e-02  1.0000         612  [    0     50         30         81 ]
           1       24195      24.057   0.000e+00   0.000e+00   2.174e-01   2.753e-02   2.266e-02  1.0000         620  [    0     51         30         81 ]
           1       24700      24.743   0.000e+00   0.000e+00   2.636e-01   2.766e-02   2.261e-02  1.0000         632  [    0     52         30         81 ]
           1       25212      25.563   0.000e+00   0.000e+00   2.186e-01   2.107e-02   1.929e-02  1.0000         645  [    0     53         30         81 ]
           1       25714      26.409   0.000e+00   0.000e+00   2.165e-01   2.107e-02   1.929e-02  1.0000         654  [    0     54         30         81 ]
           1       26221      27.116   0.000e+00   0.000e+00   2.093e-01   2.107e-02   1.926e-02  1.0000         659  [    0     55         30         81 ]
           1       26721      27.698   0.000e+00   0.000e+00   2.099e-01   2.107e-02   1.830e-02  1.0000         669  [    0     56         30         83 ]
           1       27234      28.190   0.000e+00   0.000e+00   2.576e-01   2.107e-02   1.830e-02  1.0000         675  [    0     57         30         82 ]
           1       27812      28.979   0.000e+00   0.000e+00   2.090e-01   2.107e-02   1.830e-02  1.0000         686  [    1      8         60         86 ]
           1       28336      29.678   0.000e+00   0.000e+00   2.077e-01   2.107e-02   1.830e-02  1.0000         687  [    0     58         30         86 ]
           1       28848      30.339   0.000e+00   0.000e+00   2.050e-01   2.107e-02   1.830e-02  1.0000         699  [    0     59         30         86 ]
           1       29363      31.059   0.000e+00   0.000e+00   2.052e-01   2.107e-02   1.777e-02  1.0000         708  [    0     60         30         87 ]
           1       29887      31.702   0.000e+00   0.000e+00   2.980e-01   2.107e-02   1.777e-02  1.0000         708  [    0     61         30         87 ]
           1       30431      32.315   0.000e+00   0.000e+00   2.454e-01   2.107e-02   1.777e-02  1.0000         717  [    0     62         30         87 ]
           1       30950      32.929   0.000e+00   0.000e+00   1.982e-01   2.107e-02   1.777e-02  1.0000         717  [    0     63         30         87 ]
           1       31479      33.485   0.000e+00   0.000e+00   2.403e-01   2.107e-02   1.786e-02  1.0000         721  [    0     64         30         87 ]
           2       33057      34.134   0.000e+00   0.000e+00   1.843e-01   2.005e-02   1.668e-02  1.0000         749  [    2      1        120         99 ]
           2       33617      34.963   0.000e+00   0.000e+00   1.857e-01   2.005e-02   1.669e-02  1.0000         748  [    0     65         30         96 ]
           2       34233      35.682   0.000e+00   0.000e+00   1.855e-01   1.828e-02   1.680e-02  1.0000         759  [    1      9         60         98 ]
           2       34983      36.231   0.000e+00   0.000e+00   1.810e-01   1.828e-02   1.680e-02  1.0000         795  [    2      2        120         99 ]
           2       35550      36.976   0.000e+00   0.000e+00   2.758e-01   1.824e-02   1.680e-02  1.0000         805  [    0     66         30        100 ]
           2       36137      37.647   0.000e+00   0.000e+00   2.277e-01   1.824e-02   1.642e-02  1.0000         813  [    0     67         30        101 ]
           2       36725      38.892   0.000e+00   0.000e+00   1.823e-01   1.813e-02   1.634e-02  1.0000         817  [    0     68         30        101 ]
           2       37294      39.522   0.000e+00   0.000e+00   1.790e-01   1.813e-02   1.634e-02  1.0000         821  [    0     69         30        100 ]
           2       37871      40.561   0.000e+00   0.000e+00   2.177e-01   1.813e-02   1.634e-02  1.0000         817  [    0     70         30        100 ]
           2       38450      41.223   0.000e+00   0.000e+00   1.702e-01   1.813e-02   1.638e-02  1.0000         829  [    0     71         30        100 ]
           2       39039      42.408   0.000e+00   0.000e+00   1.712e-01   1.813e-02   1.633e-02  1.0000         829  [    0     72         30        100 ]
           2       39635      43.383   0.000e+00   0.000e+00   1.713e-01   1.813e-02   1.633e-02  1.0000         833  [    0     73         30        100 ]
           2       40282      44.071   0.000e+00   0.000e+00   2.668e-01   1.813e-02   1.634e-02  1.0000         841  [    1     10         60         98 ]
           2       40850      44.894   0.000e+00   0.000e+00   2.818e-01   1.801e-02   1.661e-02  1.0000         848  [    0     74         30         98 ]
           2       41413      45.577   0.000e+00   0.000e+00   2.172e-01   1.801e-02   1.661e-02  1.0000         855  [    0     75         30         97 ]
           2       41978      46.348   0.000e+00   0.000e+00   2.792e-01   1.801e-02   1.638e-02  1.0000         861  [    0     76         30         98 ]
           2       42565      47.187   0.000e+00   0.000e+00   1.694e-01   1.801e-02   1.638e-02  1.0000         863  [    0     77         30         98 ]
           2       43137      47.910   0.000e+00   0.000e+00   1.691e-01   1.801e-02   1.596e-02  1.0000         865  [    0     78         30         98 ]
           2       43733      49.022   0.000e+00   0.000e+00   2.601e-01   1.801e-02   1.596e-02  1.0000         866  [    0     79         30         97 ]
           2       44314      50.114   0.000e+00   0.000e+00   2.618e-01   1.801e-02   1.596e-02  1.0000         872  [    0     80         30         96 ]
           2       44888      51.257   0.000e+00   0.000e+00   2.630e-01   1.801e-02   1.596e-02  1.0000         873  [    0     81         30         96 ]
           2       45512      52.025   0.000e+00   0.000e+00   1.686e-01   1.777e-02   1.733e-02  1.0000         876  [    1     11         60         97 ]
           2       46082      52.834   0.000e+00   0.000e+00   1.732e-01   1.740e-02   1.651e-02  1.0000         881  [    0     82         30         95 ]
           2       46666      53.758   0.000e+00   0.000e+00   2.851e-01   1.642e-02   1.552e-02  1.0000         886  [    0     83         30         95 ]
           2       47248      54.622   0.000e+00   0.000e+00   1.744e-01   1.642e-02   1.458e-02  1.0000         888  [    0     84         30         94 ]
           2       47820      55.431   0.000e+00   0.000e+00   2.202e-01   1.642e-02   1.458e-02  1.0000         893  [    0     85         30         95 ]
           2       48401      56.104   0.000e+00   0.000e+00   2.789e-01   1.438e-02   1.417e-02  1.0000         898  [    0     86         30         92 ]
           2       48933      56.783   0.000e+00   0.000e+00   2.616e-01   1.438e-02   1.415e-02  1.0000         909  [    0     87         30         92 ]
           2       49497      57.574   0.000e+00   0.000e+00   1.687e-01   1.438e-02   1.415e-02  1.0000         912  [    0     88         30         92 ]
           2       50047      58.605   0.000e+00   0.000e+00   2.616e-01   1.438e-02   1.410e-02  1.0000         919  [    0     89         30         94 ]
           2       50664      59.861   0.000e+00   0.000e+00   1.755e-01   1.438e-02   1.433e-02  1.0000         932  [    1     12         60         90 ]
           2       51229      60.830   0.000e+00   0.000e+00   2.647e-01   1.438e-02   1.433e-02  1.0000         940  [    0     90         30         91 ]
           2       51794      61.813   0.000e+00   0.000e+00   1.713e-01   1.438e-02   1.427e-02  1.0000         942  [    0     91         30         92 ]
           2       52361      62.626   0.000e+00   0.000e+00   2.152e-01   1.438e-02   1.427e-02  1.0000         948  [    0     92         30         91 ]
           2       52896      63.378   0.000e+00   0.000e+00   1.738e-01   1.424e-02   1.401e-02  1.0000         950  [    0     93         30         89 ]
           2       53422      64.149   0.000e+00   0.000e+00   2.667e-01   1.424e-02   1.401e-02  1.0000         953  [    0     94         30         89 ]
           2       53960      65.262   0.000e+00   0.000e+00   2.838e-01   1.424e-02   1.401e-02  1.0000         960  [    0     95         30         89 ]
           2       54504      66.367   0.000e+00   0.000e+00   2.201e-01   1.422e-02   1.395e-02  1.0000         961  [    0     96         30         90 ]
           2       55039      67.414   0.000e+00   0.000e+00   2.828e-01   1.422e-02   1.395e-02  1.0000         965  [    0     97         30         91 ]
           2       55658      68.162   0.000e+00   0.000e+00   1.748e-01   1.418e-02   1.384e-02  1.0000         979  [    1     13         60         91 ]
           2       56221      68.917   0.000e+00   0.000e+00   1.744e-01   1.418e-02   1.384e-02  1.0000         982  [    0     98         30         90 ]
           2       56754      70.012   0.000e+00   0.000e+00   1.726e-01   1.418e-02   1.384e-02  1.0000         987  [    0     99         30         90 ]
           2       57295      71.010   0.000e+00   0.000e+00   1.726e-01   1.418e-02   1.384e-02  1.0000         995  [    0    100         30         90 ]
           2       57847      72.109   0.000e+00   0.000e+00   1.728e-01   1.418e-02   1.384e-02  1.0000         995  [    0    101         30         90 ]
           2       58397      73.112   0.000e+00   0.000e+00   1.711e-01   1.418e-02   1.374e-02  1.0000        1000  [    0    102         30         91 ]
           2       58939      74.377   0.000e+00   0.000e+00   1.757e-01   1.418e-02   1.374e-02  1.0000        1010  [    0    103         30         91 ]
           2       59499      75.455   0.000e+00   0.000e+00   1.756e-01   1.418e-02   1.374e-02  1.0000        1018  [    0    104         30         92 ]
           2       60070      76.496   0.000e+00   0.000e+00   2.689e-01   1.418e-02   1.374e-02  1.0000        1025  [    0    105         30         91 ]
           2       60686      77.500   0.000e+00   0.000e+00   2.247e-01   1.418e-02   1.372e-02  1.0000        1029  [    1     14         60         90 ]
           2       61226      78.684   0.000e+00   0.000e+00   1.815e-01   1.418e-02   1.372e-02  1.0000        1030  [    0    106         30         87 ]
           2       61759      79.936   0.000e+00   0.000e+00   2.336e-01   1.418e-02   1.372e-02  1.0000        1026  [    0    107         30         84 ]
           2       62283      80.973   0.000e+00   0.000e+00   2.791e-01   1.408e-02   1.334e-02  1.0000        1032  [    0    108         30         85 ]
           2       62804      82.027   0.000e+00   0.000e+00   2.319e-01   1.408e-02   1.334e-02  1.0000        1037  [    0    109         30         85 ]
           2       63345      83.188   0.000e+00   0.000e+00   2.920e-01   1.408e-02   1.334e-02  1.0000        1039  [    0    110         30         85 ]
           2       63872      84.041   0.000e+00   0.000e+00   2.909e-01   1.408e-02   1.334e-02  1.0000        1042  [    0    111         30         85 ]
           2       64397      85.006   0.000e+00   0.000e+00   1.807e-01   1.408e-02   1.334e-02  1.0000        1046  [    0    112         30         85 ]
           2       64929      86.685   0.000e+00   0.000e+00   1.751e-01   1.408e-02   1.334e-02  1.0000        1049  [    0    113         30         85 ]
           2       65507      88.003   0.000e+00   0.000e+00   2.210e-01   1.408e-02   1.334e-02  1.0000        1055  [    1     15         60         87 ]
           2       66063      89.433   0.000e+00   0.000e+00   1.708e-01   1.408e-02   1.334e-02  1.0000        1059  [    0    114         30         86 ]
           2       66615      91.248   0.000e+00   0.000e+00   1.709e-01   1.408e-02   1.334e-02  1.0000        1059  [    0    115         30         86 ]
           2       67175      92.552   0.000e+00   0.000e+00   2.783e-01   1.408e-02   1.334e-02  1.0000        1055  [    0    116         30         86 ]
           2       67719      93.571   0.000e+00   0.000e+00   2.784e-01   1.408e-02   1.334e-02  1.0000        1057  [    0    117         30         86 ]
           2       68244      94.950   0.000e+00   0.000e+00   1.692e-01   1.408e-02   1.334e-02  1.0000        1061  [    0    118         30         85 ]
           2       68782      96.899   0.000e+00   0.000e+00   1.701e-01   1.401e-02   1.277e-02  1.0000        1068  [    0    119         30         85 ]
           2       69303      98.243   0.000e+00   0.000e+00   2.699e-01   1.401e-02   1.280e-02  1.0000        1075  [    0    120         30         85 ]
           2       69824      99.920   0.000e+00   0.000e+00   1.823e-01   1.401e-02   1.280e-02  1.0000        1081  [    0    121         30         84 ]
           2       70413     101.016   0.000e+00   0.000e+00   2.839e-01   1.401e-02   1.280e-02  1.0000        1085  [    1     16         60         83 ]
           2       70940     101.983   0.000e+00   0.000e+00   2.371e-01   1.401e-02   1.280e-02  1.0000        1085  [    0    122         30         84 ]
           2       71460     102.822   0.000e+00   0.000e+00   1.897e-01   1.401e-02   1.280e-02  1.0000        1086  [    0    123         30         84 ]
           2       71990     103.687   0.000e+00   0.000e+00   1.892e-01   1.401e-02   1.280e-02  1.0000        1092  [    0    124         30         85 ]
           2       72522     104.653   0.000e+00   0.000e+00   2.361e-01   1.401e-02   1.280e-02  1.0000        1096  [    0    125         30         85 ]
           2       73059     105.794   0.000e+00   0.000e+00   2.362e-01   1.401e-02   1.280e-02  1.0000        1098  [    0    126         30         85 ]
           2       73612     106.705   0.000e+00   0.000e+00   2.362e-01   1.401e-02   1.283e-02  1.0000        1103  [    0    127         30         84 ]
           2       74148     107.683   0.000e+00   0.000e+00   2.830e-01   1.401e-02   1.272e-02  1.0000        1110  [    0    128         30         84 ]
           2       74666     108.949   0.000e+00   0.000e+00   1.907e-01   1.401e-02   1.272e-02  1.0000        1113  [    0    129         30         84 ]
           2       75241     110.409   0.000e+00   0.000e+00   1.905e-01   1.401e-02   1.272e-02  1.0000        1121  [    1     17         60         84 ]
           2       75964     111.891   0.000e+00   0.000e+00   2.962e-01   1.401e-02   1.274e-02  1.0000        1143  [    2      3        120         83 ]
           2       76487     113.218   0.000e+00   0.000e+00   1.862e-01   1.401e-02   1.265e-02  1.0000        1147  [    0    130         30         84 ]
           2       77005     114.672   0.000e+00   0.000e+00   1.899e-01   1.401e-02   1.265e-02  1.0000        1153  [    0    131         30         84 ]
           2       77552     115.982   0.000e+00   0.000e+00   2.372e-01   1.397e-02   1.266e-02  1.0000        1157  [    0    132         30         84 ]
           2       78095     116.906   0.000e+00   0.000e+00   1.924e-01   1.299e-02   1.270e-02  1.0000        1152  [    0    133         30         85 ]
           2       78626     117.999   0.000e+00   0.000e+00   2.382e-01   1.299e-02   1.269e-02  1.0000        1155  [    0    134         30         84 ]
           2       79157     119.066   0.000e+00   0.000e+00   1.920e-01   1.299e-02   1.269e-02  1.0000        1157  [    0    135         30         85 ]
           2       79689     120.627   0.000e+00   0.000e+00   2.378e-01   1.299e-02   1.269e-02  1.0000        1163  [    0    136         30         86 ]
           2       80236     122.400   0.000e+00   0.000e+00   1.884e-01   1.299e-02   1.269e-02  1.0000        1164  [    0    137         30         88 ]
           2       80845     123.923   0.000e+00   0.000e+00   2.797e-01   1.293e-02   1.272e-02  1.0000        1169  [    1     18         60         88 ]
           2       81389     125.246   0.000e+00   0.000e+00   2.344e-01   1.292e-02   1.268e-02  1.0000        1175  [    0    138         30         88 ]
           2       81928     126.438   0.000e+00   0.000e+00   2.984e-01   1.292e-02   1.268e-02  1.0000        1174  [    0    139         30         87 ]
           2       82467     127.654   0.000e+00   0.000e+00   1.882e-01   1.292e-02   1.268e-02  1.0000        1176  [    0    140         30         87 ]
           2       83015     128.982   0.000e+00   0.000e+00   2.343e-01   1.292e-02   1.268e-02  1.0000        1175  [    0    141         30         86 ]
           2       83544     130.310   0.000e+00   0.000e+00   1.880e-01   1.292e-02   1.268e-02  1.0000        1180  [    0    142         30         86 ]
           2       84087     131.668   0.000e+00   0.000e+00   2.345e-01   1.292e-02   1.268e-02  1.0000        1188  [    0    143         30         87 ]
           2       84637     133.251   0.000e+00   0.000e+00   3.001e-01   1.292e-02   1.267e-02  1.0000        1194  [    0    144         30         87 ]
           2       85184     134.792   0.000e+00   0.000e+00   2.380e-01   1.292e-02   1.267e-02  1.0000        1193  [    0    145         30         87 ]
           2       85805     136.293   0.000e+00   0.000e+00   2.376e-01   1.292e-02   1.266e-02  1.0000        1193  [    1     19         60         86 ]
           2       86375     137.340   0.000e+00   0.000e+00   3.008e-01   1.292e-02   1.241e-02  1.0000        1194  [    0    146         30         85 ]
           2       86910     138.292   0.000e+00   0.000e+00   1.897e-01   1.292e-02   1.241e-02  1.0000        1199  [    0    147         30         86 ]
           2       87446     139.495   0.000e+00   0.000e+00   2.375e-01   1.282e-02   1.226e-02  1.0000        1207  [    0    148         30         86 ]
           2       87994     140.683   0.000e+00   0.000e+00   1.914e-01   1.282e-02   1.226e-02  1.0000        1211  [    0    149         30         87 ]
           2       88538     142.288   0.000e+00   0.000e+00   2.376e-01   1.282e-02   1.226e-02  1.0000        1212  [    0    150         30         87 ]
           2       89080     144.105   0.000e+00   0.000e+00   1.914e-01   1.282e-02   1.226e-02  1.0000        1212  [    0    151         30         87 ]
           2       89629     145.120   0.000e+00   0.000e+00   1.932e-01   1.282e-02   1.195e-02  1.0000        1216  [    0    152         30         87 ]
           2       90184     146.195   0.000e+00   0.000e+00   2.418e-01   1.282e-02   1.195e-02  1.0000        1219  [    0    153         30         87 ]
           2       90769     147.461   0.000e+00   0.000e+00   3.057e-01   1.282e-02   1.195e-02  1.0000        1227  [    1     20         60         88 ]
           2       91332     149.246   0.000e+00   0.000e+00   1.959e-01   1.282e-02   1.195e-02  1.0000        1230  [    0    154         30         88 ]
           2       91869     150.484   0.000e+00   0.000e+00   1.958e-01   1.282e-02   1.195e-02  1.0000        1233  [    0    155         30         88 ]
           2       92415     151.986   0.000e+00   0.000e+00   2.413e-01   1.282e-02   1.195e-02  1.0000        1235  [    0    156         30         88 ]
           2       92965     153.030   0.000e+00   0.000e+00   2.433e-01   1.281e-02   1.186e-02  1.0000        1243  [    0    157         30         88 ]
           2       93517     154.201   0.000e+00   0.000e+00   2.425e-01   1.281e-02   1.186e-02  1.0000        1247  [    0    158         30         89 ]
           2       94056     155.804   0.000e+00   0.000e+00   1.959e-01   1.281e-02   1.186e-02  1.0000        1249  [    0    159         30         89 ]
           2       94619     157.182   0.000e+00   0.000e+00   1.823e-01   1.967e-02   1.580e-02  1.0000         746  [    0    160         30         90 ]
           2       95145     158.086   0.000e+00   0.000e+00   1.838e-01   1.935e-02   1.606e-02  1.0000         734  [    0    161         30         84 ]
           2       95702     158.888   0.000e+00   0.000e+00   2.295e-01   1.935e-02   1.611e-02  1.0000         740  [    1     21         60         82 ]
           2       96213     159.476   0.000e+00   0.000e+00   1.861e-01   1.905e-02   1.592e-02  1.0000         745  [    0    162         30         83 ]
           2       96703     160.222   0.000e+00   0.000e+00   1.880e-01   1.905e-02   1.592e-02  1.0000         747  [    0    163         30         83 ]
           2       97212     161.009   0.000e+00   0.000e+00   1.883e-01   1.905e-02   1.592e-02  1.0000         756  [    0    164         30         84 ]
           2       97703     161.851   0.000e+00   0.000e+00   1.860e-01   1.905e-02   1.592e-02  1.0000         765  [    0    165         30         84 ]
           2       98199     162.542   0.000e+00   0.000e+00   2.805e-01   1.565e-02   1.487e-02  1.0000         772  [    0    166         30         84 ]
           2       98691     163.147   0.000e+00   0.000e+00   1.852e-01   1.565e-02   1.487e-02  1.0000         780  [    0    167         30         85 ]
           2       99186     163.714   0.000e+00   0.000e+00   1.852e-01   1.565e-02   1.487e-02  1.0000         784  [    0    168         30         86 ]
           2       99694     164.449   0.000e+00   0.000e+00   1.929e-01   1.565e-02   1.487e-02  1.0000         785  [    0    169         30         86 ]
           3      100260     165.220   0.000e+00   0.000e+00   2.874e-01   1.565e-02   1.481e-02  1.0000         792  [    2      3        120         83 ]
