# Generation  Evaluations  Time (s)  Best_obj[0]  Best_obj[1]  Hypervol.   IGD         IGDX        SR    Appr.set  [ Pop.index  Subgen.  Pop.size  Subpops ]
           0         116       3.596   6.825e-04   1.095e-01   4.968e-01   5.686e-02   2.349e-01  0.0000          29  [    0      1         30         12 ]
           0         239       3.675   6.825e-04   2.174e-03   6.714e-01   3.821e-02   2.334e-01  0.0000          40  [    0      2         30         12 ]
           0         353       3.740   6.825e-04   2.174e-03   6.726e-01   3.057e-02   2.186e-01  0.0000          61  [    0      3         30         15 ]
           0         491       3.836   6.825e-04   1.164e-04   6.098e-01   2.618e-02   2.123e-01  0.0000          74  [    0      4         30         16 ]
           0         639       3.955   6.825e-04   1.164e-04   7.015e-01   2.478e-02   1.582e-01  0.0000          91  [    0      5         30         18 ]
           0         800       4.090   6.825e-04   1.164e-04   6.799e-01   1.707e-02   1.262e-01  0.0000         112  [    0      6         30         18 ]
           0         970       4.253   6.825e-04   9.690e-05   7.648e-01   1.375e-02   1.163e-01  0.0000         116  [    0      7         30         18 ]
           0        1118       4.427   6.825e-04   9.690e-05   6.651e-01   1.174e-02   1.109e-01  0.0000         124  [    0      8         30         18 ]
           1        1580       4.619   6.825e-04   9.690e-05   6.815e-01   8.247e-03   7.403e-02  0.0000         267  [    1      1         60         34 ]
           1        1824       4.930   6.825e-04   9.690e-05   7.079e-01   7.381e-03   6.824e-02  0.0000         285  [    0      9         30         35 ]
           1        2157       5.275   6.825e-04   9.690e-05   6.896e-01   6.761e-03   6.642e-02  0.0000         336  [    1      2         60         38 ]
           1        2440       5.807   6.825e-04   9.690e-05   5.872e-01   6.392e-03   6.103e-02  0.0000         356  [    0     10         30         40 ]
           1        2748       6.154   6.825e-04   9.690e-05   6.742e-01   6.213e-03   5.540e-02  0.0000         368  [    0     11         30         42 ]
           1        3056       6.634   6.825e-04   9.690e-05   5.673e-01   5.702e-03   5.346e-02  0.0000         381  [    0     12         30         41 ]
           1        3353       7.237   6.825e-04   9.690e-05   6.959e-01   5.362e-03   5.095e-02  0.5000         391  [    0     13         30         40 ]
           1        3644       7.678   6.825e-04   9.690e-05   5.899e-01   5.082e-03   4.917e-02  0.5000         396  [    0     14         30         38 ]
           1        3932       8.178   6.825e-04   9.690e-05   6.986e-01   5.062e-03   4.468e-02  1.0000         412  [    0     15         30         39 ]
           1        4227       8.595   6.825e-04   9.690e-05   5.917e-01   4.907e-03   4.281e-02  1.0000         423  [    0     16         30         41 ]
           1        4544       9.000   6.825e-04   9.690e-05   5.900e-01   4.390e-03   4.085e-02  1.0000         452  [    0     17         30         40 ]
           1        4928       9.489   6.825e-04   9.690e-05   6.340e-01   4.193e-03   3.802e-02  1.0000         488  [    1      3         60         42 ]
           1        5237      10.055   6.825e-04   9.690e-05   6.312e-01   4.062e-03   3.666e-02  1.0000         508  [    0     18         30         41 ]
           1        5553      10.641   5.377e-04   9.690e-05   6.160e-01   3.954e-03   3.604e-02  1.0000         537  [    0     19         30         42 ]
           1        5884      11.573   5.377e-04   9.690e-05   6.048e-01   3.819e-03   3.567e-02  1.0000         554  [    0     20         30         41 ]
           1        6213      12.376   5.377e-04   9.690e-05   6.741e-01   3.783e-03   3.517e-02  1.0000         563  [    0     21         30         41 ]
           1        6541      13.130   5.377e-04   9.690e-05   6.149e-01   3.761e-03   3.509e-02  1.0000         572  [    0     22         30         39 ]
           1        6858      14.029   5.377e-04   9.690e-05   5.938e-01   3.749e-03   3.433e-02  1.0000         588  [    0     23         30         42 ]
           1        7180      14.808   5.377e-04   9.690e-05   5.536e-01   3.737e-03   3.399e-02  1.0000         595  [    0     24         30         41 ]
           1        7513      15.640   5.377e-04   9.690e-05   6.642e-01   3.611e-03   3.374e-02  1.0000         607  [    0     25         30         43 ]
           1        7935      16.117   5.377e-04   9.690e-05   6.558e-01   3.497e-03   3.347e-02  1.0000         625  [    1      4         60         40 ]
           1        8266      16.971   5.377e-04   9.690e-05   6.423e-01   3.427e-03   3.310e-02  1.0000         620  [    0     26         30         39 ]
           1        8587      17.753   5.377e-04   9.690e-05   5.787e-01   3.412e-03   3.320e-02  1.0000         636  [    0     27         30         39 ]
           1        8912      18.571   5.377e-04   9.690e-05   6.500e-01   3.407e-03   3.250e-02  1.0000         644  [    0     28         30         38 ]
           1        9223      19.332   5.377e-04   9.690e-05   5.375e-01   3.406e-03   3.228e-02  1.0000         655  [    0     29         30         39 ]
           1        9537      20.306   5.377e-04   9.690e-05   6.048e-01   3.406e-03   3.152e-02  1.0000         663  [    0     30         30         39 ]
           1        9857      21.237   5.377e-04   9.690e-05   5.301e-01   3.377e-03   3.130e-02  1.0000         675  [    0     31         30         39 ]
           1       10181      21.908   5.377e-04   9.690e-05   5.889e-01   3.329e-03   3.027e-02  1.0000         694  [    0     32         30         39 ]
           1       10502      22.795   5.377e-04   9.690e-05   6.270e-01   3.192e-03   2.982e-02  1.0000         711  [    0     33         30         39 ]
           1       10900      24.046   5.377e-04   9.690e-05   5.136e-01   3.155e-03   2.985e-02  1.0000         737  [    1      5         60         41 ]
           1       11247      25.099   5.377e-04   9.690e-05   6.188e-01   3.151e-03   2.941e-02  1.0000         742  [    0     34         30         41 ]
           1       11592      26.129   5.377e-04   9.690e-05   5.129e-01   3.134e-03   2.940e-02  1.0000         753  [    0     35         30         41 ]
           1       11944      26.927   5.377e-04   9.690e-05   5.864e-01   2.931e-03   2.915e-02  1.0000         764  [    0     36         30         42 ]
           1       12290      27.695   5.377e-04   9.690e-05   6.311e-01   2.909e-03   2.908e-02  1.0000         776  [    0     37         30         40 ]
           1       12623      28.457   5.377e-04   9.690e-05   5.763e-01   2.909e-03   2.895e-02  1.0000         787  [    0     38         30         41 ]
           1       12962      29.763   5.377e-04   9.690e-05   6.290e-01   2.895e-03   2.899e-02  1.0000         777  [    0     39         30         41 ]
           1       13293      30.391   5.377e-04   9.690e-05   5.783e-01   2.892e-03   2.829e-02  1.0000         787  [    0     40         30         40 ]
           1       13623      31.332   5.377e-04   9.690e-05   6.201e-01   2.822e-03   2.797e-02  1.0000         768  [    0     41         30         39 ]
           1       14029      32.418   5.377e-04   9.690e-05   6.240e-01   2.741e-03   2.704e-02  1.0000         775  [    1      6         60         40 ]
           1       14383      33.394   5.377e-04   9.690e-05   5.853e-01   2.697e-03   2.669e-02  1.0000         784  [    0     42         30         40 ]
           1       14724      34.547   5.377e-04   9.690e-05   6.224e-01   2.697e-03   2.666e-02  1.0000         794  [    0     43         30         40 ]
           1       15061      35.227   5.377e-04   9.690e-05   5.761e-01   2.692e-03   2.656e-02  1.0000         809  [    0     44         30         40 ]
           1       15411      36.059   5.377e-04   9.690e-05   6.129e-01   2.691e-03   2.656e-02  1.0000         818  [    0     45         30         40 ]
           1       15760      36.886   1.296e-04   9.690e-05   4.989e-01   2.688e-03   2.634e-02  1.0000         835  [    0     46         30         40 ]
           1       16112      37.666   1.296e-04   9.690e-05   6.062e-01   2.676e-03   2.634e-02  1.0000         839  [    0     47         30         40 ]
           1       16471      38.423   1.296e-04   9.690e-05   6.097e-01   2.667e-03   2.622e-02  1.0000         847  [    0     48         30         40 ]
           1       16830      39.505   1.296e-04   9.690e-05   5.880e-01   2.596e-03   2.616e-02  1.0000         862  [    0     49         30         42 ]
           1       17248      40.454   1.296e-04   9.690e-05   6.014e-01   2.573e-03   2.518e-02  1.0000         871  [    1      7         60         42 ]
           1       17602      41.650   1.296e-04   9.690e-05   6.346e-01   2.561e-03   2.511e-02  1.0000         862  [    0     50         30         41 ]
           1       17949      42.708   1.296e-04   9.690e-05   5.461e-01   2.519e-03   2.505e-02  1.0000         843  [    0     51         30         40 ]
           1       18273      43.518   1.296e-04   9.690e-05   6.456e-01   2.488e-03   2.476e-02  1.0000         849  [    0     52         30         38 ]
           1       18602      44.391   1.296e-04   9.690e-05   5.478e-01   2.485e-03   2.471e-02  1.0000         852  [    0     53         30         39 ]
           1       18943      45.219   1.296e-04   9.690e-05   5.927e-01   2.449e-03   2.491e-02  1.0000         847  [    0     54         30         41 ]
           1       19282      46.242   1.296e-04   9.690e-05   5.403e-01   2.413e-03   2.413e-02  1.0000         864  [    0     55         30         42 ]
           1       19637      47.577   1.296e-04   9.690e-05   5.913e-01   2.375e-03   2.380e-02  1.0000         874  [    0     56         30         38 ]
           1       19983      48.703   1.296e-04   9.690e-05   5.321e-01   2.375e-03   2.380e-02  1.0000         879  [    0     57         30         38 ]
           1       20399      49.647   1.296e-04   9.690e-05   5.483e-01   2.295e-03   2.350e-02  1.0000         885  [    1      8         60         38 ]
           1       20720      51.113   1.296e-04   9.690e-05   5.885e-01   2.264e-03   2.348e-02  1.0000         890  [    0     58         30         38 ]
           1       21062      52.055   1.296e-04   9.690e-05   5.847e-01   2.257e-03   2.338e-02  1.0000         903  [    0     59         30         39 ]
           1       21414      53.585   1.296e-04   9.690e-05   5.384e-01   2.240e-03   2.334e-02  1.0000         891  [    0     60         30         37 ]
           1       21733      54.548   1.296e-04   1.972e-08   5.357e-01   2.239e-03   2.298e-02  1.0000         895  [    0     61         30         39 ]
           1       22064      56.182   1.296e-04   1.972e-08   5.346e-01   2.238e-03   2.279e-02  1.0000         899  [    0     62         30         39 ]
           1       22407      57.293   1.296e-04   1.972e-08   5.336e-01   2.238e-03   2.278e-02  1.0000         903  [    0     63         30         39 ]
           1       22749      58.364   1.296e-04   1.972e-08   6.393e-01   2.221e-03   2.278e-02  1.0000         909  [    0     64         30         39 ]
           2       24622      59.522   5.331e-08   1.972e-08   5.533e-01   2.973e-03   3.205e-02  1.0000         764  [    2      1        120         41 ]
           2       25047      60.421   5.331e-08   1.972e-08   5.793e-01   2.920e-03   3.282e-02  1.0000         653  [    0     65         30         36 ]
           2       25472      61.318   5.331e-08   1.972e-08   5.651e-01   2.727e-03   3.194e-02  1.0000         681  [    1      9         60         36 ]
           2       26023      62.211   5.331e-08   1.972e-08   5.607e-01   2.614e-03   3.045e-02  1.0000         723  [    2      2        120         34 ]
           2       26369      63.264   5.331e-08   1.972e-08   4.825e-01   2.594e-03   3.047e-02  1.0000         713  [    0     66         30         34 ]
           2       26705      64.372   5.331e-08   1.972e-08   5.783e-01   2.581e-03   3.020e-02  1.0000         733  [    0     67         30         34 ]
           2       27037      65.324   5.331e-08   1.972e-08   5.791e-01   2.581e-03   3.005e-02  1.0000         740  [    0     68         30         34 ]
           2       27374      66.426   5.331e-08   1.972e-08   5.806e-01   2.543e-03   2.986e-02  1.0000         747  [    0     69         30         34 ]
           2       27713      67.530   5.331e-08   1.972e-08   5.676e-01   2.527e-03   2.950e-02  1.0000         742  [    0     70         30         33 ]
           2       28056      68.168   5.331e-08   1.972e-08   5.870e-01   2.470e-03   2.849e-02  1.0000         766  [    0     71         30         34 ]
           2       28382      69.182   5.331e-08   1.972e-08   5.782e-01   2.432e-03   2.850e-02  1.0000         769  [    0     72         30         33 ]
           2       28711      69.887   5.331e-08   1.972e-08   4.913e-01   2.432e-03   2.850e-02  1.0000         764  [    0     73         30         34 ]
           2       29111      70.737   5.331e-08   1.972e-08   6.195e-01   2.380e-03   2.794e-02  1.0000         738  [    1     10         60         32 ]
           2       29437      71.499   5.331e-08   1.972e-08   6.207e-01   2.371e-03   2.777e-02  1.0000         742  [    0     74         30         32 ]
           2       29762      72.811   5.331e-08   1.972e-08   6.047e-01   2.362e-03   2.774e-02  1.0000         744  [    0     75         30         33 ]
           2       30098      73.682   5.331e-08   1.972e-08   6.254e-01   2.323e-03   2.727e-02  1.0000         755  [    0     76         30         32 ]
           2       30428      74.474   5.331e-08   1.972e-08   6.304e-01   2.317e-03   2.733e-02  1.0000         749  [    0     77         30         31 ]
           2       30747      75.242   5.331e-08   1.972e-08   6.301e-01   2.310e-03   2.723e-02  1.0000         759  [    0     78         30         31 ]
           2       31062      75.864   5.331e-08   1.972e-08   6.300e-01   2.291e-03   2.704e-02  1.0000         773  [    0     79         30         31 ]
           2       31376      76.466   5.331e-08   1.972e-08   6.317e-01   2.241e-03   2.661e-02  1.0000         774  [    0     80         30         30 ]
           2       31698      77.227   5.331e-08   1.972e-08   6.290e-01   2.252e-03   2.653e-02  1.0000         770  [    0     81         30         29 ]
           2       32067      77.808   5.331e-08   1.972e-08   6.242e-01   2.212e-03   2.617e-02  1.0000         782  [    1     11         60         28 ]
           2       32368      78.402   5.331e-08   1.972e-08   6.242e-01   2.177e-03   2.611e-02  1.0000         787  [    0     82         30         29 ]
           2       32668      79.049   5.331e-08   1.972e-08   6.283e-01   2.173e-03   2.618e-02  1.0000         759  [    0     83         30         29 ]
           2       32971      80.276   5.331e-08   1.972e-08   6.286e-01   2.155e-03   2.593e-02  1.0000         759  [    0     84         30         30 ]
           2       33277      80.844   5.331e-08   1.972e-08   6.312e-01   2.132e-03   2.561e-02  1.0000         763  [    0     85         30         30 ]
           2       33589      81.808   5.331e-08   1.972e-08   6.267e-01   2.132e-03   2.560e-02  1.0000         771  [    0     86         30         31 ]
           2       33908      83.001   5.331e-08   1.972e-08   6.297e-01   2.123e-03   2.538e-02  1.0000         781  [    0     87         30         30 ]
           2       34213      83.816   5.331e-08   1.972e-08   5.669e-01   2.104e-03   2.509e-02  1.0000         786  [    0     88         30         29 ]
           2       34512      85.040   5.331e-08   1.972e-08   6.372e-01   2.104e-03   2.507e-02  1.0000         771  [    0     89         30         27 ]
           2       34885      85.765   5.331e-08   1.972e-08   6.606e-01   2.080e-03   2.454e-02  1.0000         781  [    1     12         60         28 ]
           2       35197      86.433   5.331e-08   1.972e-08   6.501e-01   2.080e-03   2.443e-02  1.0000         789  [    0     90         30         28 ]
           2       35507      87.169   5.331e-08   1.972e-08   5.568e-01   2.075e-03   2.424e-02  1.0000         792  [    0     91         30         29 ]
           2       35824      88.284   5.331e-08   1.972e-08   6.656e-01   2.066e-03   2.413e-02  1.0000         804  [    0     92         30         30 ]
           2       36143      89.337   5.331e-08   1.972e-08   5.545e-01   2.053e-03   2.395e-02  1.0000         809  [    0     93         30         30 ]
           2       36441      90.079   5.331e-08   1.972e-08   6.619e-01   2.053e-03   2.391e-02  1.0000         814  [    0     94         30         30 ]
           2       36768      91.380   5.331e-08   1.972e-08   6.400e-01   2.053e-03   2.389e-02  1.0000         826  [    0     95         30         32 ]
           2       37078      92.151   5.331e-08   1.972e-08   5.419e-01   2.036e-03   2.379e-02  1.0000         845  [    0     96         30         31 ]
           2       37391      92.938   5.331e-08   1.972e-08   6.482e-01   2.019e-03   2.368e-02  1.0000         851  [    0     97         30         32 ]
           2       37787      93.806   5.331e-08   1.972e-08   6.397e-01   1.991e-03   2.336e-02  1.0000         874  [    1     13         60         33 ]
           2       38105      94.663   5.331e-08   1.972e-08   5.283e-01   1.942e-03   2.317e-02  1.0000         897  [    0     98         30         33 ]
           2       38428      95.605   5.331e-08   1.972e-08   5.283e-01   1.942e-03   2.318e-02  1.0000         905  [    0     99         30         33 ]
           2       38741      96.714   5.331e-08   1.972e-08   5.288e-01   1.915e-03   2.288e-02  1.0000         916  [    0    100         30         34 ]
           2       39056      97.820   5.331e-08   1.972e-08   5.283e-01   1.909e-03   2.281e-02  1.0000         928  [    0    101         30         34 ]
           2       39386      99.214   5.331e-08   1.972e-08   6.408e-01   1.843e-03   2.240e-02  1.0000         946  [    0    102         30         35 ]
           2       39701     100.323   5.331e-08   1.972e-08   6.558e-01   1.843e-03   2.240e-02  1.0000         925  [    0    103         30         34 ]
           2       40019     101.570   5.331e-08   1.972e-08   6.536e-01   1.843e-03   2.209e-02  1.0000         930  [    0    104         30         35 ]
           2       40339     102.584   5.331e-08   1.972e-08   6.552e-01   1.810e-03   2.144e-02  1.0000         943  [    0    105         30         36 ]
           2       40725     103.635   5.331e-08   1.972e-08   6.542e-01   1.806e-03   2.137e-02  1.0000         958  [    1     14         60         35 ]
           2       41058     104.877   5.331e-08   1.972e-08   5.445e-01   1.799e-03   2.136e-02  1.0000         962  [    0    106         30         35 ]
           2       41376     106.387   5.331e-08   1.972e-08   6.590e-01   1.794e-03   2.111e-02  1.0000         966  [    0    107         30         35 ]
           2       41710     107.977   5.331e-08   1.972e-08   6.607e-01   1.794e-03   2.109e-02  1.0000         974  [    0    108         30         35 ]
           2       42027     108.746   5.331e-08   1.972e-08   6.615e-01   1.772e-03   2.109e-02  1.0000         977  [    0    109         30         35 ]
           2       42350     109.491   5.331e-08   1.972e-08   6.625e-01   1.764e-03   2.116e-02  1.0000         980  [    0    110         30         34 ]
           2       42669     110.417   5.331e-08   1.972e-08   6.668e-01   1.736e-03   2.049e-02  1.0000         980  [    0    111         30         34 ]
           2       42975     111.743   5.331e-08   1.972e-08   6.677e-01   1.720e-03   2.062e-02  1.0000         985  [    0    112         30         34 ]
           2       43288     112.924   5.331e-08   1.972e-08   6.512e-01   1.720e-03   2.042e-02  1.0000         998  [    0    113         30         34 ]
           2       43680     114.139   5.331e-08   1.972e-08   6.531e-01   1.703e-03   2.007e-02  1.0000        1010  [    1     15         60         35 ]
           2       43987     115.341   5.331e-08   1.972e-08   6.547e-01   1.697e-03   2.004e-02  1.0000        1014  [    0    114         30         35 ]
           2       44308     116.520   5.331e-08   1.972e-08   6.744e-01   1.684e-03   1.982e-02  1.0000        1006  [    0    115         30         34 ]
           2       44616     118.161   5.331e-08   1.972e-08   6.742e-01   1.679e-03   1.980e-02  1.0000        1012  [    0    116         30         34 ]
           2       44912     119.217   5.331e-08   1.972e-08   6.719e-01   1.679e-03   1.972e-02  1.0000        1013  [    0    117         30         35 ]
           2       45223     120.279   5.331e-08   1.972e-08   5.972e-01   1.678e-03   1.964e-02  1.0000        1017  [    0    118         30         35 ]
           2       45530     121.974   5.331e-08   1.972e-08   6.666e-01   1.675e-03   1.955e-02  1.0000        1032  [    0    119         30         36 ]
           2       45862     123.282   5.331e-08   1.972e-08   6.769e-01   1.663e-03   1.930e-02  1.0000        1005  [    0    120         30         36 ]
           2       46179     125.193   5.331e-08   1.972e-08   6.788e-01   1.661e-03   1.922e-02  1.0000         999  [    0    121         30         35 ]
           2       46580     126.252   5.331e-08   1.972e-08   6.770e-01   1.660e-03   1.923e-02  1.0000        1016  [    1     16         60         34 ]
           2       46888     128.008   5.331e-08   1.972e-08   5.855e-01   1.632e-03   1.909e-02  1.0000         992  [    0    122         30         34 ]
           2       47212     129.480   5.331e-08   1.972e-08   6.462e-01   1.621e-03   1.906e-02  1.0000        1001  [    0    123         30         36 ]
           2       47525     130.687   5.331e-08   1.972e-08   5.799e-01   1.610e-03   1.890e-02  1.0000        1008  [    0    124         30         37 ]
           2       47852     131.614   5.331e-08   1.972e-08   6.459e-01   1.569e-03   1.893e-02  1.0000        1010  [    0    125         30         36 ]
           2       48171     132.694   5.331e-08   1.972e-08   6.882e-01   1.555e-03   1.880e-02  1.0000        1020  [    0    126         30         37 ]
           2       48486     133.968   5.331e-08   1.972e-08   6.849e-01   1.553e-03   1.879e-02  1.0000        1030  [    0    127         30         36 ]
           2       48807     135.172   5.331e-08   1.972e-08   6.748e-01   1.550e-03   1.874e-02  1.0000        1040  [    0    128         30         36 ]
           2       49140     136.592   5.331e-08   1.972e-08   6.782e-01   1.541e-03   1.852e-02  1.0000        1043  [    0    129         30         35 ]
           2       49527     137.810   5.331e-08   1.972e-08   6.789e-01   1.523e-03   1.841e-02  1.0000        1047  [    1     17         60         34 ]
           2       50040     139.744   5.331e-08   1.972e-08   6.833e-01   1.502e-03   1.800e-02  1.0000        1092  [    2      3        120         34 ]
           2       50368     140.774   5.331e-08   1.972e-08   6.926e-01   1.491e-03   1.812e-02  1.0000        1061  [    0    130         30         32 ]
           2       50677     141.716   5.331e-08   1.972e-08   6.014e-01   1.490e-03   1.815e-02  1.0000        1063  [    0    131         30         32 ]
           2       50983     142.663   5.331e-08   1.972e-08   6.951e-01   1.487e-03   1.815e-02  1.0000        1045  [    0    132         30         29 ]
           2       51286     143.669   5.331e-08   1.972e-08   6.825e-01   1.470e-03   1.795e-02  1.0000        1054  [    0    133         30         31 ]
           2       51590     145.188   5.331e-08   1.972e-08   7.058e-01   1.452e-03   1.803e-02  1.0000        1033  [    0    134         30         30 ]
           2       51891     146.235   5.331e-08   1.972e-08   6.634e-01   1.452e-03   1.802e-02  1.0000        1026  [    0    135         30         29 ]
           2       52192     147.551   5.331e-08   1.972e-08   6.630e-01   1.444e-03   1.796e-02  1.0000        1035  [    0    136         30         29 ]
           2       52473     148.477   5.331e-08   1.972e-08   7.060e-01   1.443e-03   1.797e-02  1.0000        1045  [    0    137         30         28 ]
           2       52856     149.652   5.331e-08   1.972e-08   7.027e-01   1.432e-03   1.797e-02  1.0000        1057  [    1     18         60         29 ]
           2       53151     150.945   5.331e-08   1.972e-08   6.595e-01   1.424e-03   1.781e-02  1.0000        1068  [    0    138         30         31 ]
           2       53436     152.272   5.331e-08   1.972e-08   7.040e-01   1.421e-03   1.774e-02  1.0000        1081  [    0    139         30         28 ]
           2       53720     153.617   5.331e-08   1.972e-08   6.582e-01   1.416e-03   1.767e-02  1.0000        1082  [    0    140         30         28 ]
           2       54012     155.447   5.331e-08   1.972e-08   6.979e-01   1.414e-03   1.765e-02  1.0000        1095  [    0    141         30         29 ]
           2       54313     156.716   5.331e-08   1.972e-08   7.155e-01   1.403e-03   1.763e-02  1.0000        1089  [    0    142         30         29 ]
           2       54603     157.923   5.331e-08   1.972e-08   7.154e-01   1.403e-03   1.760e-02  1.0000        1101  [    0    143         30         29 ]
           2       54901     159.066   5.331e-08   1.972e-08   7.153e-01   1.402e-03   1.762e-02  1.0000        1095  [    0    144         30         29 ]
           2       55198     160.309   5.331e-08   1.972e-08   7.133e-01   1.402e-03   1.762e-02  1.0000        1099  [    0    145         30         30 ]
           2       55581     161.701   5.331e-08   1.972e-08   6.750e-01   1.379e-03   1.729e-02  1.0000        1106  [    1     19         60         29 ]
           2       55863     163.216   5.331e-08   1.972e-08   7.161e-01   1.379e-03   1.729e-02  1.0000        1112  [    0    146         30         28 ]
           2       56163     164.638   5.331e-08   1.972e-08   7.187e-01   1.374e-03   1.725e-02  1.0000        1118  [    0    147         30         29 ]
           2       56465     166.214   5.331e-08   1.972e-08   7.034e-01   1.361e-03   1.700e-02  1.0000        1127  [    0    148         30         28 ]
           2       56769     168.270   5.331e-08   1.972e-08   7.152e-01   1.359e-03   1.691e-02  1.0000        1129  [    0    149         30         30 ]
           2       57074     170.160   5.331e-08   1.972e-08   7.153e-01   1.359e-03   1.691e-02  1.0000        1125  [    0    150         30         29 ]
           2       57375     171.830   5.331e-08   1.972e-08   6.740e-01   1.352e-03   1.665e-02  1.0000        1134  [    0    151         30         30 ]
           2       57688     173.258   5.331e-08   1.972e-08   6.356e-01   1.348e-03   1.662e-02  1.0000        1138  [    0    152         30         30 ]
           2       57981     174.325   5.331e-08   1.972e-08   6.055e-01   1.344e-03   1.661e-02  1.0000        1149  [    0    153         30         30 ]
           2       58363     175.689   5.331e-08   1.972e-08   7.178e-01   1.341e-03   1.639e-02  1.0000        1153  [    1     20         60         30 ]
           2       58674     176.751   5.331e-08   1.972e-08   6.748e-01   1.335e-03   1.629e-02  1.0000        1159  [    0    154         30         30 ]
           2       58978     177.924   5.331e-08   1.972e-08   6.733e-01   1.332e-03   1.631e-02  1.0000        1163  [    0    155         30         31 ]
           2       59285     179.128   5.331e-08   1.972e-08   6.816e-01   1.332e-03   1.631e-02  1.0000        1164  [    0    156         30         30 ]
           2       59596     180.124   5.331e-08   1.972e-08   7.155e-01   1.332e-03   1.629e-02  1.0000        1172  [    0    157         30         31 ]
           2       59890     181.401   5.331e-08   1.972e-08   7.017e-01   1.316e-03   1.624e-02  1.0000        1179  [    0    158         30         30 ]
           2       60174     183.084   5.331e-08   1.972e-08   6.982e-01   1.315e-03   1.635e-02  1.0000        1180  [    0    159         30         30 ]
           2       60458     184.742   5.331e-08   1.972e-08   7.052e-01   1.315e-03   1.635e-02  1.0000        1189  [    0    160         30         30 ]
           2       60755     186.015   5.331e-08   1.972e-08   7.040e-01   1.314e-03   1.609e-02  1.0000        1180  [    0    161         30         29 ]
           2       61123     187.292   5.331e-08   1.972e-08   6.918e-01   1.302e-03   1.601e-02  1.0000        1162  [    1     21         60         28 ]
           2       61410     188.360   5.331e-08   1.972e-08   7.102e-01   1.292e-03   1.604e-02  1.0000        1142  [    0    162         30         27 ]
           2       61682     189.285   5.331e-08   1.972e-08   7.202e-01   1.284e-03   1.590e-02  1.0000        1148  [    0    163         30         26 ]
           2       61954     190.442   5.331e-08   1.972e-08   7.096e-01   1.282e-03   1.591e-02  1.0000        1124  [    0    164         30         24 ]
           2       62233     191.854   5.331e-08   1.972e-08   7.225e-01   1.282e-03   1.591e-02  1.0000        1128  [    0    165         30         26 ]
           2       62511     193.074   5.331e-08   1.972e-08   6.277e-01   1.272e-03   1.589e-02  1.0000        1134  [    0    166         30         27 ]
           2       62800     194.457   5.331e-08   1.972e-08   7.345e-01   1.272e-03   1.589e-02  1.0000        1139  [    0    167         30         28 ]
           2       63094     195.967   5.331e-08   1.972e-08   7.053e-01   1.271e-03   1.587e-02  1.0000        1154  [    0    168         30         28 ]
           2       63403     197.126   5.331e-08   1.972e-08   6.215e-01   1.271e-03   1.584e-02  1.0000        1157  [    0    169         30         28 ]
           2       63793     198.372   5.331e-08   1.972e-08   7.327e-01   1.270e-03   1.585e-02  1.0000        1159  [    1     22         60         29 ]
           2       64086     200.640   5.331e-08   1.972e-08   7.237e-01   1.260e-03   1.585e-02  1.0000        1153  [    0    170         30         28 ]
           2       64385     201.962   5.331e-08   1.972e-08   7.319e-01   1.260e-03   1.584e-02  1.0000        1156  [    0    171         30         29 ]
           2       64688     203.740   5.331e-08   1.972e-08   7.299e-01   1.255e-03   1.576e-02  1.0000        1171  [    0    172         30         28 ]
           2       64983     204.937   5.331e-08   1.972e-08   7.277e-01   1.255e-03   1.576e-02  1.0000        1169  [    0    173         30         27 ]
           2       65275     206.200   5.331e-08   1.972e-08   7.274e-01   1.250e-03   1.562e-02  1.0000        1179  [    0    174         30         28 ]
           2       65581     208.247   5.331e-08   1.972e-08   7.213e-01   1.245e-03   1.556e-02  1.0000        1163  [    0    175         30         27 ]
           2       65866     210.244   5.331e-08   1.972e-08   7.244e-01   1.244e-03   1.555e-02  1.0000        1137  [    0    176         30         26 ]
           2       66157     212.056   5.331e-08   1.972e-08   6.251e-01   1.244e-03   1.555e-02  1.0000        1142  [    0    177         30         27 ]
           2       66518     213.443   5.331e-08   1.972e-08   7.375e-01   1.228e-03   1.544e-02  1.0000        1152  [    1     23         60         27 ]
           2       66805     214.558   5.331e-08   1.972e-08   7.383e-01   1.220e-03   1.542e-02  1.0000        1167  [    0    178         30         26 ]
           2       67080     216.130   5.331e-08   1.972e-08   7.173e-01   1.218e-03   1.530e-02  1.0000        1179  [    0    179         30         26 ]
           2       67344     217.401   5.331e-08   1.972e-08   7.287e-01   1.218e-03   1.529e-02  1.0000        1192  [    0    180         30         26 ]
           2       67628     219.638   5.331e-08   1.972e-08   7.292e-01   1.215e-03   1.524e-02  1.0000        1192  [    0    181         30         26 ]
           2       67900     220.910   5.331e-08   1.972e-08   6.292e-01   1.215e-03   1.517e-02  1.0000        1182  [    0    182         30         25 ]
           2       68170     222.097   5.331e-08   1.972e-08   7.211e-01   1.209e-03   1.510e-02  1.0000        1192  [    0    183         30         26 ]
           2       68438     223.476   5.331e-08   1.972e-08   6.263e-01   1.208e-03   1.509e-02  1.0000        1197  [    0    184         30         25 ]
           2       68714     225.396   5.331e-08   1.972e-08   6.874e-01   1.199e-03   1.511e-02  1.0000        1199  [    0    185         30         26 ]
           2       69065     227.773   5.331e-08   1.972e-08   7.334e-01   1.188e-03   1.508e-02  1.0000        1211  [    1     24         60         27 ]
           2       69344     229.208   5.331e-08   1.972e-08   7.316e-01   1.186e-03   1.503e-02  1.0000        1199  [    0    186         30         25 ]
           2       69615     230.169   5.331e-08   1.972e-08   7.308e-01   1.186e-03   1.503e-02  1.0000        1202  [    0    187         30         25 ]
           2       69880     231.277   5.331e-08   1.972e-08   6.755e-01   1.174e-03   1.503e-02  1.0000        1195  [    0    188         30         24 ]
           2       70133     232.655   5.331e-08   1.972e-08   6.842e-01   1.169e-03   1.501e-02  1.0000        1196  [    0    189         30         25 ]
           2       70408     234.454   5.331e-08   1.972e-08   6.302e-01   1.169e-03   1.501e-02  1.0000        1198  [    0    190         30         26 ]
           2       70709     236.162   5.331e-08   1.972e-08   6.355e-01   1.169e-03   1.500e-02  1.0000        1193  [    0    191         30         27 ]
           2       71002     237.695   5.331e-08   1.972e-08   7.436e-01   1.168e-03   1.500e-02  1.0000        1199  [    0    192         30         28 ]
           2       71292     238.851   5.331e-08   1.972e-08   6.327e-01   1.168e-03   1.500e-02  1.0000        1210  [    0    193         30         28 ]
           2       71674     240.742   5.331e-08   1.972e-08   7.196e-01   1.161e-03   1.499e-02  1.0000        1217  [    1     25         60         29 ]
           2       72168     242.006   5.331e-08   1.972e-08   6.683e-01   1.754e-03   2.096e-02  1.0000         748  [    2      4        120         29 ]
           2       72466     242.750   5.331e-08   1.972e-08   6.961e-01   1.780e-03   2.107e-02  1.0000         702  [    0    194         30         25 ]
           2       72718     243.583   5.331e-08   1.972e-08   7.003e-01   1.765e-03   2.104e-02  1.0000         707  [    0    195         30         23 ]
           2       72974     244.321   5.331e-08   1.972e-08   6.759e-01   1.751e-03   2.095e-02  1.0000         711  [    0    196         30         22 ]
           2       73220     245.005   5.331e-08   1.972e-08   5.871e-01   1.751e-03   2.081e-02  1.0000         714  [    0    197         30         23 ]
           2       73467     245.786   5.331e-08   1.972e-08   5.879e-01   1.741e-03   2.066e-02  1.0000         727  [    0    198         30         23 ]
           2       73717     246.441   5.331e-08   1.972e-08   5.879e-01   1.731e-03   2.057e-02  1.0000         732  [    0    199         30         23 ]
           2       73965     247.443   5.331e-08   1.972e-08   6.742e-01   1.711e-03   2.046e-02  1.0000         742  [    0    200         30         22 ]
           2       74197     248.380   5.331e-08   1.972e-08   6.715e-01   1.694e-03   2.039e-02  1.0000         753  [    0    201         30         21 ]
           2       74518     249.636   5.331e-08   1.972e-08   6.956e-01   1.672e-03   2.029e-02  1.0000         760  [    1     26         60         23 ]
           2       74758     250.283   5.331e-08   1.972e-08   6.708e-01   1.672e-03   2.029e-02  1.0000         764  [    0    202         30         21 ]
           2       75014     251.187   5.331e-08   1.972e-08   6.134e-01   1.664e-03   2.013e-02  1.0000         771  [    0    203         30         21 ]
           2       75262     252.020   5.331e-08   1.972e-08   6.124e-01   1.639e-03   2.010e-02  1.0000         780  [    0    204         30         21 ]
           2       75506     252.851   5.331e-08   1.972e-08   6.921e-01   1.619e-03   2.003e-02  1.0000         746  [    0    205         30         20 ]
           2       75742     253.746   5.331e-08   1.972e-08   7.124e-01   1.599e-03   1.986e-02  1.0000         762  [    0    206         30         19 ]
           2       75974     254.644   5.331e-08   1.972e-08   7.123e-01   1.592e-03   1.979e-02  1.0000         778  [    0    207         30         21 ]
           2       76216     255.875   5.331e-08   1.972e-08   7.091e-01   1.584e-03   1.978e-02  1.0000         785  [    0    208         30         22 ]
           2       76471     256.836   5.331e-08   1.972e-08   7.090e-01   1.583e-03   1.976e-02  1.0000         789  [    0    209         30         21 ]
           2       76772     257.970   5.331e-08   1.972e-08   6.005e-01   1.577e-03   1.969e-02  1.0000         803  [    1     27         60         19 ]
           2       77004     259.084   5.331e-08   1.972e-08   7.110e-01   1.556e-03   1.959e-02  1.0000         809  [    0    210         30         18 ]
           2       77228     260.056   5.331e-08   1.972e-08   6.371e-01   1.529e-03   1.930e-02  1.0000         790  [    0    211         30         16 ]
           2       77450     260.770   5.331e-08   1.972e-08   6.874e-01   1.515e-03   1.916e-02  1.0000         795  [    0    212         30         16 ]
           2       77658     261.898   5.331e-08   1.972e-08   7.111e-01   1.501e-03   1.907e-02  1.0000         802  [    0    213         30         16 ]
           2       77873     263.011   5.331e-08   1.972e-08   6.046e-01   1.495e-03   1.900e-02  1.0000         806  [    0    214         30         16 ]
           2       78094     263.931   5.331e-08   1.972e-08   7.164e-01   1.486e-03   1.886e-02  1.0000         811  [    0    215         30         16 ]
           2       78303     265.271   5.331e-08   1.972e-08   7.148e-01   1.480e-03   1.881e-02  1.0000         822  [    0    216         30         16 ]
           2       78515     266.359   5.331e-08   1.972e-08   6.616e-01   1.474e-03   1.881e-02  1.0000         829  [    0    217         30         16 ]
           2       78812     267.450   5.331e-08   1.972e-08   7.094e-01   1.469e-03   1.857e-02  1.0000         836  [    1     28         60         18 ]
           2       79025     268.321   5.331e-08   1.972e-08   7.088e-01   1.467e-03   1.855e-02  1.0000         843  [    0    218         30         18 ]
           2       79253     269.351   5.331e-08   1.972e-08   6.589e-01   1.461e-03   1.840e-02  1.0000         854  [    0    219         30         19 ]
           2       79492     270.892   5.331e-08   1.972e-08   7.050e-01   1.457e-03   1.837e-02  1.0000         863  [    0    220         30         19 ]
           2       79721     271.855   5.331e-08   1.972e-08   7.153e-01   1.448e-03   1.831e-02  1.0000         850  [    0    221         30         17 ]
           2       79939     272.719   5.331e-08   1.972e-08   7.156e-01   1.443e-03   1.829e-02  1.0000         859  [    0    222         30         17 ]
           2       80177     273.627   5.331e-08   1.972e-08   7.158e-01   1.440e-03   1.829e-02  1.0000         867  [    0    223         30         19 ]
           2       80430     274.452   5.331e-08   1.972e-08   7.293e-01   1.440e-03   1.829e-02  1.0000         840  [    0    224         30         17 ]
           2       80654     275.898   5.331e-08   1.972e-08   7.290e-01   1.440e-03   1.829e-02  1.0000         842  [    0    225         30         16 ]
           2       80948     276.616   5.331e-08   1.972e-08   7.274e-01   1.435e-03   1.823e-02  1.0000         864  [    1     29         60         17 ]
           2       81170     277.789   5.331e-08   1.972e-08   6.169e-01   1.432e-03   1.823e-02  1.0000         867  [    0    226         30         18 ]
           2       81395     278.887   5.331e-08   1.972e-08   6.185e-01   1.432e-03   1.823e-02  1.0000         866  [    0    227         30         17 ]
           2       81620     279.792   5.331e-08   1.972e-08   7.286e-01   1.431e-03   1.823e-02  1.0000         872  [    0    228         30         18 ]
           2       81845     280.682   5.331e-08   1.972e-08   6.902e-01   1.420e-03   1.828e-02  1.0000         880  [    0    229         30         18 ]
           2       82069     281.399   5.331e-08   1.972e-08   6.192e-01   1.417e-03   1.827e-02  1.0000         879  [    0    230         30         17 ]
           2       82293     282.931   5.331e-08   1.972e-08   6.189e-01   1.417e-03   1.826e-02  1.0000         882  [    0    231         30         17 ]
           2       82520     283.733   5.331e-08   1.972e-08   7.285e-01   1.417e-03   1.826e-02  1.0000         889  [    0    232         30         19 ]
           2       82769     284.427   5.331e-08   1.972e-08   7.171e-01   1.417e-03   1.824e-02  1.0000         875  [    0    233         30         18 ]
           2       83082     285.444   5.331e-08   1.972e-08   7.273e-01   1.404e-03   1.810e-02  1.0000         904  [    1     30         60         18 ]
           2       83326     286.366   5.331e-08   1.972e-08   6.713e-01   1.404e-03   1.809e-02  1.0000         903  [    0    234         30         18 ]
           2       83564     287.353   5.331e-08   1.972e-08   7.055e-01   1.404e-03   1.808e-02  1.0000         905  [    0    235         30         17 ]
           2       83794     289.040   5.331e-08   1.972e-08   6.982e-01   1.397e-03   1.807e-02  1.0000         913  [    0    236         30         17 ]
           2       84019     290.102   5.331e-08   1.972e-08   7.122e-01   1.397e-03   1.807e-02  1.0000         918  [    0    237         30         16 ]
           2       84250     291.244   5.331e-08   1.972e-08   6.308e-01   1.392e-03   1.794e-02  1.0000         928  [    0    238         30         17 ]
           2       84489     292.799   5.331e-08   1.972e-08   7.142e-01   1.380e-03   1.789e-02  1.0000         934  [    0    239         30         18 ]
           2       84732     293.895   5.331e-08   1.972e-08   6.073e-01   1.368e-03   1.778e-02  1.0000         935  [    0    240         30         16 ]
           2       84960     295.367   5.331e-08   1.972e-08   6.093e-01   1.360e-03   1.777e-02  1.0000         942  [    0    241         30         17 ]
           2       85280     296.350   5.331e-08   1.972e-08   6.926e-01   1.347e-03   1.771e-02  1.0000         952  [    1     31         60         19 ]
           2       85530     297.360   5.331e-08   1.972e-08   5.938e-01   1.346e-03   1.771e-02  1.0000         964  [    0    242         30         19 ]
           2       85784     298.807   5.331e-08   1.972e-08   5.933e-01   1.334e-03   1.757e-02  1.0000         971  [    0    243         30         18 ]
           2       86034     300.504   5.331e-08   1.972e-08   6.837e-01   1.323e-03   1.757e-02  1.0000         982  [    0    244         30         19 ]
           2       86265     301.242   5.331e-08   1.972e-08   7.068e-01   1.323e-03   1.757e-02  1.0000         979  [    0    245         30         17 ]
           2       86515     302.688   5.331e-08   1.972e-08   6.893e-01   1.322e-03   1.740e-02  1.0000         985  [    0    246         30         19 ]
           2       86746     303.624   5.331e-08   1.972e-08   7.025e-01   1.321e-03   1.736e-02  1.0000         996  [    0    247         30         20 ]
           2       87000     304.563   5.331e-08   1.972e-08   7.010e-01   1.310e-03   1.724e-02  1.0000         997  [    0    248         30         17 ]
           2       87255     305.424   5.331e-08   1.972e-08   7.060e-01   1.310e-03   1.724e-02  1.0000         989  [    0    249         30         18 ]
           2       87589     306.534   5.331e-08   1.972e-08   6.868e-01   1.302e-03   1.710e-02  1.0000         999  [    1     32         60         17 ]
           2       87830     307.554   5.331e-08   1.972e-08   7.011e-01   1.301e-03   1.708e-02  1.0000        1005  [    0    250         30         19 ]
           2       88084     308.660   5.331e-08   1.972e-08   7.029e-01   1.295e-03   1.707e-02  1.0000        1012  [    0    251         30         20 ]
           2       88334     309.653   5.331e-08   1.972e-08   5.849e-01   1.295e-03   1.707e-02  1.0000        1021  [    0    252         30         21 ]
           2       88570     310.859   5.331e-08   1.972e-08   5.888e-01   1.295e-03   1.707e-02  1.0000        1027  [    0    253         30         20 ]
           2       88818     312.852   5.331e-08   1.972e-08   5.900e-01   1.295e-03   1.726e-02  1.0000        1023  [    0    254         30         19 ]
           2       89064     313.987   5.331e-08   1.972e-08   6.994e-01   1.286e-03   1.724e-02  1.0000        1030  [    0    255         30         19 ]
           2       89308     314.984   5.331e-08   1.972e-08   6.156e-01   1.286e-03   1.724e-02  1.0000         994  [    0    256         30         18 ]
           2       89548     316.290   5.331e-08   1.972e-08   6.177e-01   1.270e-03   1.682e-02  1.0000        1002  [    0    257         30         18 ]
           2       89881     317.183   5.331e-08   1.972e-08   6.111e-01   1.255e-03   1.638e-02  1.0000        1022  [    1     33         60         20 ]
           2       90371     318.669   5.331e-08   1.972e-08   7.230e-01   1.238e-03   1.610e-02  1.0000        1035  [    2      5        120         20 ]
           2       90629     319.667   5.331e-08   1.972e-08   7.250e-01   1.238e-03   1.610e-02  1.0000        1033  [    0    258         30         21 ]
           2       90883     320.854   5.331e-08   1.972e-08   7.189e-01   1.238e-03   1.610e-02  1.0000        1040  [    0    259         30         20 ]
           2       91111     321.778   5.331e-08   1.972e-08   6.243e-01   1.233e-03   1.607e-02  1.0000        1042  [    0    260         30         20 ]
           2       91345     322.943   5.331e-08   1.972e-08   7.243e-01   1.232e-03   1.607e-02  1.0000        1044  [    0    261         30         19 ]
           2       91578     323.784   5.331e-08   1.972e-08   7.037e-01   1.220e-03   1.597e-02  1.0000        1047  [    0    262         30         19 ]
           2       91811     324.746   5.331e-08   1.972e-08   7.039e-01   1.218e-03   1.588e-02  1.0000        1054  [    0    263         30         19 ]
           2       92046     325.867   5.331e-08   1.972e-08   7.233e-01   1.217e-03   1.588e-02  1.0000        1042  [    0    264         30         18 ]
           2       92291     326.904   5.331e-08   1.972e-08   7.039e-01   1.216e-03   1.588e-02  1.0000        1050  [    0    265         30         20 ]
           2       92625     328.013   5.331e-08   1.972e-08   6.174e-01   1.214e-03   1.588e-02  1.0000        1047  [    1     34         60         19 ]
           2       92859     329.095   5.331e-08   1.972e-08   7.271e-01   1.213e-03   1.588e-02  1.0000        1049  [    0    266         30         20 ]
           2       93107     330.600   5.331e-08   1.972e-08   6.169e-01   1.212e-03   1.580e-02  1.0000        1056  [    0    267         30         21 ]
           2       93362     332.594   5.331e-08   1.972e-08   7.128e-01   1.212e-03   1.567e-02  1.0000        1064  [    0    268         30         20 ]
           2       93630     333.738   5.331e-08   1.972e-08   6.114e-01   1.211e-03   1.563e-02  1.0000        1069  [    0    269         30         21 ]
           2       93882     334.867   5.331e-08   1.972e-08   6.369e-01   1.211e-03   1.561e-02  1.0000        1079  [    0    270         30         21 ]
           2       94141     336.382   5.331e-08   1.972e-08   6.398e-01   1.204e-03   1.562e-02  1.0000        1085  [    0    271         30         21 ]
           2       94406     337.913   5.331e-08   1.972e-08   6.930e-01   1.203e-03   1.562e-02  1.0000        1093  [    0    272         30         21 ]
           2       94644     339.457   5.331e-08   1.972e-08   7.074e-01   1.203e-03   1.557e-02  1.0000        1095  [    0    273         30         20 ]
           2       94971     340.935   5.331e-08   1.972e-08   6.882e-01   1.191e-03   1.546e-02  1.0000        1105  [    1     35         60         21 ]
           2       95216     342.413   5.331e-08   1.972e-08   5.960e-01   1.188e-03   1.546e-02  1.0000        1108  [    0    274         30         20 ]
           2       95463     343.982   5.331e-08   1.972e-08   7.263e-01   1.179e-03   1.540e-02  1.0000        1071  [    0    275         30         21 ]
           2       95709     345.076   5.331e-08   1.972e-08   6.473e-01   1.179e-03   1.539e-02  1.0000        1073  [    0    276         30         22 ]
           2       95948     346.031   5.331e-08   1.972e-08   7.252e-01   1.168e-03   1.521e-02  1.0000        1088  [    0    277         30         23 ]
           2       96195     347.757   5.331e-08   1.972e-08   6.171e-01   1.165e-03   1.515e-02  1.0000        1097  [    0    278         30         24 ]
           2       96433     348.703   5.331e-08   1.972e-08   7.241e-01   1.165e-03   1.512e-02  1.0000        1104  [    0    279         30         24 ]
           2       96685     350.078   5.331e-08   1.972e-08   6.498e-01   1.158e-03   1.509e-02  1.0000        1108  [    0    280         30         23 ]
           2       96924     351.112   5.331e-08   1.972e-08   7.120e-01   1.147e-03   1.502e-02  1.0000        1110  [    0    281         30         23 ]
           2       97255     352.839   5.331e-08   1.972e-08   7.371e-01   1.138e-03   1.484e-02  1.0000        1117  [    1     36         60         22 ]
           2       97506     353.712   5.331e-08   1.972e-08   6.994e-01   1.136e-03   1.484e-02  1.0000        1124  [    0    282         30         24 ]
           2       97750     354.668   5.331e-08   1.972e-08   7.341e-01   1.132e-03   1.485e-02  1.0000        1139  [    0    283         30         25 ]
           2       98002     355.577   5.331e-08   1.972e-08   7.138e-01   1.132e-03   1.485e-02  1.0000        1143  [    0    284         30         26 ]
           2       98254     356.525   5.331e-08   1.972e-08   6.280e-01   1.131e-03   1.476e-02  1.0000        1135  [    0    285         30         25 ]
           2       98488     357.450   5.331e-08   1.972e-08   6.263e-01   1.131e-03   1.476e-02  1.0000        1141  [    0    286         30         25 ]
           2       98726     358.440   5.331e-08   1.972e-08   6.217e-01   1.131e-03   1.476e-02  1.0000        1149  [    0    287         30         25 ]
           2       98972     359.428   5.331e-08   1.972e-08   7.351e-01   1.130e-03   1.474e-02  1.0000        1145  [    0    288         30         24 ]
           2       99220     360.783   5.331e-08   1.972e-08   7.366e-01   1.126e-03   1.463e-02  1.0000        1151  [    0    289         30         24 ]
           2       99573     362.604   5.331e-08   1.972e-08   6.205e-01   1.113e-03   1.458e-02  1.0000        1172  [    1     37         60         26 ]
           2       99826     363.896   5.331e-08   1.972e-08   6.330e-01   1.111e-03   1.458e-02  1.0000        1177  [    0    290         30         26 ]
           3      100096     365.864   5.331e-08   1.972e-08   7.385e-01   1.110e-03   1.447e-02  1.0000        1169  [    2      5        120         20 ]
