# Generation  Evaluations  Time (s)  Best_obj[0]  Best_obj[1]  Hypervol.   IGD         IGDX        SR    Appr.set  [ Pop.index  Subgen.  Pop.size  Subpops ]
           0         112       3.995   1.100e-01   2.829e-01   2.536e-01   2.118e-01   1.464e-01  0.0000          14  [    0      1         30          7 ]
           0         206       4.035   0.000e+00   0.000e+00   4.551e-01   1.330e-01   1.301e-01  0.0000          22  [    0      2         30          9 ]
           0         301       4.072   0.000e+00   0.000e+00   2.667e-01   1.238e-01   1.124e-01  0.0000          33  [    0      3         30         15 ]
           0         431       4.128   0.000e+00   0.000e+00   1.716e-01   9.137e-02   9.290e-02  0.0000          52  [    0      4         30         20 ]
           0         596       4.208   0.000e+00   0.000e+00   1.469e-01   8.987e-02   9.214e-02  0.0000          60  [    0      5         30         23 ]
           0         775       4.307   0.000e+00   0.000e+00   2.738e-01   8.455e-02   7.905e-02  0.0000          66  [    0      6         30         32 ]
           0         978       4.417   0.000e+00   0.000e+00   2.474e-01   8.121e-02   6.627e-02  0.0000          82  [    0      7         30         32 ]
           0        1191       4.553   0.000e+00   0.000e+00   2.006e-01   7.548e-02   6.557e-02  0.0000          92  [    0      8         30         35 ]
           1        1641       4.697   0.000e+00   0.000e+00   1.199e-01   5.955e-02   5.324e-02  0.5000         166  [    1      1         60         53 ]
           1        1979       4.965   0.000e+00   0.000e+00   1.519e-01   5.955e-02   4.977e-02  0.5000         175  [    0      9         30         56 ]
           1        2373       5.234   0.000e+00   0.000e+00   1.073e-01   5.712e-02   4.709e-02  1.0000         195  [    1      2         60         60 ]
           1        2731       5.557   0.000e+00   0.000e+00   1.098e-01   5.024e-02   4.684e-02  1.0000         202  [    0     10         30         65 ]
           1        3119       5.894   0.000e+00   0.000e+00   1.478e-01   5.024e-02   4.585e-02  1.0000         204  [    0     11         30         66 ]
           1        3498       6.209   0.000e+00   0.000e+00   2.178e-01   5.009e-02   4.585e-02  1.0000         213  [    0     12         30         65 ]
           1        3889       6.548   0.000e+00   0.000e+00   8.503e-02   5.009e-02   4.579e-02  1.0000         233  [    0     13         30         69 ]
           1        4299       6.923   0.000e+00   0.000e+00   9.557e-02   5.009e-02   4.583e-02  1.0000         243  [    0     14         30         72 ]
           1        4718       7.314   0.000e+00   0.000e+00   1.031e-01   5.009e-02   4.544e-02  1.0000         250  [    0     15         30         72 ]
           1        5136       7.698   0.000e+00   0.000e+00   1.140e-01   5.009e-02   4.303e-02  1.0000         266  [    0     16         30         72 ]
           1        5562       8.109   0.000e+00   0.000e+00   1.193e-01   5.009e-02   4.338e-02  1.0000         268  [    0     17         30         73 ]
           1        6045       8.509   0.000e+00   0.000e+00   1.171e-01   4.904e-02   4.055e-02  1.0000         289  [    1      3         60         80 ]
           1        6508       8.974   0.000e+00   0.000e+00   1.172e-01   4.904e-02   3.947e-02  1.0000         297  [    0     18         30         82 ]
           1        6978       9.313   0.000e+00   0.000e+00   1.167e-01   4.904e-02   3.947e-02  1.0000         304  [    0     19         30         83 ]
           1        7456       9.802   0.000e+00   0.000e+00   1.437e-01   4.565e-02   3.607e-02  1.0000         314  [    0     20         30         84 ]
           1        7928      10.227   0.000e+00   0.000e+00   1.544e-01   4.565e-02   3.636e-02  1.0000         329  [    0     21         30         83 ]
           1        8400      10.776   0.000e+00   0.000e+00   1.506e-01   4.565e-02   3.373e-02  1.0000         344  [    0     22         30         85 ]
           1        8883      11.282   0.000e+00   0.000e+00   1.493e-01   4.548e-02   3.373e-02  1.0000         355  [    0     23         30         85 ]
           1        9379      11.845   0.000e+00   0.000e+00   1.587e-01   4.548e-02   3.349e-02  1.0000         358  [    0     24         30         84 ]
           1        9871      12.321   0.000e+00   0.000e+00   1.600e-01   4.539e-02   3.227e-02  1.0000         369  [    0     25         30         86 ]
           1       10422      12.929   0.000e+00   0.000e+00   1.640e-01   4.013e-02   3.030e-02  1.0000         381  [    1      4         60         87 ]
           1       10921      13.552   0.000e+00   0.000e+00   2.764e-01   4.013e-02   3.030e-02  1.0000         385  [    0     26         30         86 ]
           1       11418      14.194   0.000e+00   0.000e+00   1.656e-01   4.013e-02   2.977e-02  1.0000         390  [    0     27         30         89 ]
           1       11914      14.824   0.000e+00   0.000e+00   1.662e-01   4.009e-02   2.984e-02  1.0000         395  [    0     28         30         89 ]
           1       12427      15.412   0.000e+00   0.000e+00   1.781e-01   4.009e-02   2.938e-02  1.0000         403  [    0     29         30         91 ]
           1       12949      16.055   0.000e+00   0.000e+00   1.730e-01   4.009e-02   2.938e-02  1.0000         406  [    0     30         30         92 ]
           1       13468      16.686   0.000e+00   0.000e+00   1.658e-01   4.009e-02   2.858e-02  1.0000         422  [    0     31         30         93 ]
           1       13992      17.255   0.000e+00   0.000e+00   2.700e-01   4.009e-02   2.954e-02  1.0000         422  [    0     32         30         93 ]
           1       14523      17.706   0.000e+00   0.000e+00   2.752e-01   3.991e-02   2.933e-02  1.0000         428  [    0     33         30         95 ]
           1       15121      18.182   0.000e+00   0.000e+00   1.639e-01   3.972e-02   3.023e-02  1.0000         449  [    1      5         60         96 ]
           1       15663      18.758   0.000e+00   0.000e+00   1.551e-01   3.972e-02   3.027e-02  1.0000         448  [    0     34         30         96 ]
           1       16211      19.436   0.000e+00   0.000e+00   2.642e-01   3.972e-02   2.952e-02  1.0000         460  [    0     35         30         95 ]
           1       16766      20.028   0.000e+00   0.000e+00   1.988e-01   3.972e-02   2.952e-02  1.0000         466  [    0     36         30         94 ]
           1       17297      20.515   0.000e+00   0.000e+00   1.561e-01   3.972e-02   2.950e-02  1.0000         477  [    0     37         30         95 ]
           1       17847      21.250   0.000e+00   0.000e+00   1.533e-01   3.970e-02   2.772e-02  1.0000         488  [    0     38         30         95 ]
           1       18399      22.074   0.000e+00   0.000e+00   1.466e-01   3.970e-02   2.772e-02  1.0000         498  [    0     39         30         95 ]
           1       18946      22.812   0.000e+00   0.000e+00   2.526e-01   3.970e-02   2.772e-02  1.0000         507  [    0     40         30         95 ]
           1       19499      23.656   0.000e+00   0.000e+00   1.405e-01   3.970e-02   2.676e-02  1.0000         517  [    0     41         30         97 ]
           1       20133      24.546   0.000e+00   0.000e+00   1.275e-01   3.419e-02   2.680e-02  1.0000         545  [    1      6         60         96 ]
           1       20691      25.394   0.000e+00   0.000e+00   2.425e-01   3.232e-02   2.691e-02  1.0000         549  [    0     42         30         94 ]
           1       21253      26.211   0.000e+00   0.000e+00   2.451e-01   3.232e-02   2.691e-02  1.0000         551  [    0     43         30         93 ]
           1       21809      26.915   0.000e+00   0.000e+00   1.358e-01   3.232e-02   2.691e-02  1.0000         554  [    0     44         30         96 ]
           1       22367      27.777   0.000e+00   0.000e+00   1.357e-01   3.232e-02   2.691e-02  1.0000         557  [    0     45         30         95 ]
           1       22932      28.457   0.000e+00   0.000e+00   1.432e-01   3.079e-02   2.578e-02  1.0000         560  [    0     46         30         94 ]
           1       23467      29.299   0.000e+00   0.000e+00   1.472e-01   3.078e-02   2.587e-02  1.0000         566  [    0     47         30         93 ]
           1       24013      30.308   0.000e+00   0.000e+00   1.500e-01   3.078e-02   2.587e-02  1.0000         568  [    0     48         30         94 ]
           1       24565      31.299   0.000e+00   0.000e+00   1.981e-01   2.976e-02   2.272e-02  1.0000         577  [    0     49         30         94 ]
           1       25159      32.179   0.000e+00   0.000e+00   2.444e-01   2.976e-02   2.269e-02  1.0000         583  [    1      7         60         93 ]
           1       25723      33.252   0.000e+00   0.000e+00   1.457e-01   2.976e-02   2.256e-02  1.0000         590  [    0     50         30         92 ]
           1       26261      34.298   0.000e+00   0.000e+00   1.492e-01   2.976e-02   2.256e-02  1.0000         594  [    0     51         30         91 ]
           1       26800      35.306   0.000e+00   0.000e+00   1.472e-01   2.976e-02   2.256e-02  1.0000         605  [    0     52         30         92 ]
           1       27343      36.223   0.000e+00   0.000e+00   1.488e-01   2.976e-02   2.226e-02  1.0000         608  [    0     53         30         93 ]
           1       27898      37.053   0.000e+00   0.000e+00   2.753e-01   2.645e-02   2.011e-02  1.0000         624  [    0     54         30         93 ]
           1       28462      38.184   0.000e+00   0.000e+00   1.645e-01   2.645e-02   2.011e-02  1.0000         627  [    0     55         30         92 ]
           1       29022      39.304   0.000e+00   0.000e+00   1.628e-01   2.645e-02   2.043e-02  1.0000         632  [    0     56         30         91 ]
           1       29562      40.141   0.000e+00   0.000e+00   1.654e-01   2.645e-02   1.969e-02  1.0000         642  [    0     57         30         91 ]
           1       30174      41.411   0.000e+00   0.000e+00   2.063e-01   2.645e-02   2.044e-02  1.0000         662  [    1      8         60         90 ]
           1       30712      42.483   0.000e+00   0.000e+00   1.590e-01   2.645e-02   2.044e-02  1.0000         663  [    0     58         30         90 ]
           1       31252      43.650   0.000e+00   0.000e+00   1.556e-01   2.645e-02   2.044e-02  1.0000         677  [    0     59         30         88 ]
           1       31781      44.776   0.000e+00   0.000e+00   1.565e-01   2.645e-02   2.044e-02  1.0000         677  [    0     60         30         87 ]
           1       32307      45.854   0.000e+00   0.000e+00   2.414e-01   2.645e-02   2.044e-02  1.0000         681  [    0     61         30         87 ]
           1       32832      46.942   0.000e+00   0.000e+00   1.474e-01   2.645e-02   2.044e-02  1.0000         682  [    0     62         30         87 ]
           1       33366      48.113   0.000e+00   0.000e+00   1.480e-01   2.645e-02   2.112e-02  1.0000         682  [    0     63         30         87 ]
           1       33886      49.392   0.000e+00   0.000e+00   1.509e-01   2.645e-02   2.082e-02  1.0000         685  [    0     64         30         88 ]
           2       35466      50.324   0.000e+00   0.000e+00   1.854e-01   2.189e-02   1.715e-02  1.0000        1207  [    2      1        120        100 ]
           2       36131      52.200   0.000e+00   0.000e+00   2.936e-01   2.189e-02   1.715e-02  1.0000        1225  [    1      9         60        100 ]
           2       36914      54.377   0.000e+00   0.000e+00   2.355e-01   2.187e-02   1.594e-02  1.0000        1219  [    2      2        120        101 ]
           2       37601      56.207   0.000e+00   0.000e+00   1.893e-01   2.162e-02   1.590e-02  1.0000        1211  [    1     10         60         99 ]
           2       38273      58.526   0.000e+00   0.000e+00   2.866e-01   2.162e-02   1.530e-02  1.0000        1208  [    1     11         60         99 ]
           2       38970      60.702   0.000e+00   0.000e+00   3.011e-01   2.162e-02   1.532e-02  1.0000        1211  [    1     12         60        100 ]
           2       39649      63.085   0.000e+00   0.000e+00   1.914e-01   2.146e-02   1.527e-02  1.0000        1197  [    1     13         60        101 ]
           2       40336      65.186   0.000e+00   0.000e+00   3.001e-01   2.146e-02   1.527e-02  1.0000        1212  [    1     14         60        100 ]
           2       41027      67.656   0.000e+00   0.000e+00   1.927e-01   2.146e-02   1.593e-02  1.0000        1229  [    1     15         60        102 ]
           2       41719      70.097   0.000e+00   0.000e+00   3.031e-01   2.146e-02   1.593e-02  1.0000        1241  [    1     16         60        106 ]
           2       42443      72.486   0.000e+00   0.000e+00   2.063e-01   2.629e-02   1.830e-02  1.0000         750  [    1     17         60        107 ]
           2       43273      73.661   0.000e+00   0.000e+00   1.635e-01   2.174e-02   1.761e-02  1.0000         731  [    2      3        120        104 ]
           2       43934      74.834   0.000e+00   0.000e+00   2.099e-01   2.170e-02   1.761e-02  1.0000         746  [    1     18         60        104 ]
           2       44602      76.094   0.000e+00   0.000e+00   2.113e-01   2.169e-02   1.768e-02  1.0000         750  [    1     19         60        102 ]
           2       45254      77.261   0.000e+00   0.000e+00   2.171e-01   2.169e-02   1.768e-02  1.0000         753  [    1     20         60        102 ]
           2       45905      78.617   0.000e+00   0.000e+00   2.876e-01   2.169e-02   1.760e-02  1.0000         750  [    1     21         60        100 ]
           2       46530      79.723   0.000e+00   0.000e+00   1.724e-01   2.124e-02   1.709e-02  1.0000         758  [    1     22         60         98 ]
           2       47186      81.163   0.000e+00   0.000e+00   2.853e-01   1.896e-02   1.706e-02  1.0000         768  [    1     23         60         99 ]
           2       47822      82.408   0.000e+00   0.000e+00   2.226e-01   1.896e-02   1.706e-02  1.0000         772  [    1     24         60         99 ]
           2       48458      83.628   0.000e+00   0.000e+00   2.228e-01   1.896e-02   1.702e-02  1.0000         786  [    1     25         60         99 ]
           2       49242      84.905   0.000e+00   0.000e+00   1.839e-01   1.893e-02   1.574e-02  1.0000         805  [    2      4        120         98 ]
           2       49892      86.418   0.000e+00   0.000e+00   1.828e-01   1.893e-02   1.574e-02  1.0000         807  [    1     26         60         97 ]
           2       50525      87.811   0.000e+00   0.000e+00   1.800e-01   1.893e-02   1.574e-02  1.0000         831  [    1     27         60         98 ]
           2       51178      89.454   0.000e+00   0.000e+00   1.889e-01   1.870e-02   1.542e-02  1.0000         840  [    1     28         60         98 ]
           2       51816      91.015   0.000e+00   0.000e+00   2.379e-01   1.870e-02   1.494e-02  1.0000         842  [    1     29         60         95 ]
           2       52456      92.533   0.000e+00   0.000e+00   1.898e-01   1.870e-02   1.434e-02  1.0000         851  [    1     30         60         95 ]
           2       53069      94.069   0.000e+00   0.000e+00   2.822e-01   1.870e-02   1.434e-02  1.0000         854  [    1     31         60         96 ]
           2       53704      95.671   0.000e+00   0.000e+00   1.912e-01   1.686e-02   1.292e-02  1.0000         855  [    1     32         60         96 ]
           2       54327      97.303   0.000e+00   0.000e+00   1.888e-01   1.663e-02   1.346e-02  1.0000         862  [    1     33         60         95 ]
           2       55056      98.938   0.000e+00   0.000e+00   2.813e-01   1.627e-02   1.409e-02  1.0000         868  [    2      5        120         96 ]
           2       55676     100.584   0.000e+00   0.000e+00   2.434e-01   1.588e-02   1.344e-02  1.0000         869  [    1     34         60         94 ]
           2       56307     101.981   0.000e+00   0.000e+00   3.122e-01   1.264e-02   1.326e-02  1.0000         872  [    1     35         60         91 ]
           2       56904     103.461   0.000e+00   0.000e+00   2.491e-01   1.264e-02   1.324e-02  1.0000         874  [    1     36         60         91 ]
           2       57504     104.976   0.000e+00   0.000e+00   2.488e-01   1.264e-02   1.322e-02  1.0000         882  [    1     37         60         92 ]
           2       58109     106.388   0.000e+00   0.000e+00   2.890e-01   1.264e-02   1.322e-02  1.0000         884  [    1     38         60         93 ]
           2       58709     107.797   0.000e+00   0.000e+00   1.982e-01   1.264e-02   1.241e-02  1.0000         889  [    1     39         60         92 ]
           2       59317     109.505   0.000e+00   0.000e+00   1.964e-01   1.264e-02   1.254e-02  1.0000         905  [    1     40         60         94 ]
           2       59930     111.023   0.000e+00   0.000e+00   2.442e-01   1.261e-02   1.231e-02  1.0000         922  [    1     41         60         93 ]
           2       60659     112.800   0.000e+00   0.000e+00   2.944e-01   1.261e-02   1.220e-02  1.0000         928  [    2      6        120         94 ]
           2       61282     114.697   0.000e+00   0.000e+00   1.982e-01   1.261e-02   1.218e-02  1.0000         938  [    1     42         60         93 ]
           2       61897     116.577   0.000e+00   0.000e+00   2.895e-01   1.261e-02   1.218e-02  1.0000         949  [    1     43         60         92 ]
           2       62521     118.138   0.000e+00   0.000e+00   2.401e-01   1.261e-02   1.216e-02  1.0000         957  [    1     44         60         92 ]
           2       63151     119.972   0.000e+00   0.000e+00   2.857e-01   1.261e-02   1.216e-02  1.0000         964  [    1     45         60         92 ]
           2       63770     121.482   0.000e+00   0.000e+00   2.871e-01   1.261e-02   1.224e-02  1.0000         968  [    1     46         60         91 ]
           2       64386     123.392   0.000e+00   0.000e+00   3.020e-01   1.261e-02   1.224e-02  1.0000         991  [    1     47         60         91 ]
           2       65001     125.039   0.000e+00   0.000e+00   1.904e-01   1.206e-02   1.187e-02  1.0000        1000  [    1     48         60         91 ]
           2       65601     126.540   0.000e+00   0.000e+00   2.327e-01   1.206e-02   1.187e-02  1.0000        1015  [    1     49         60         91 ]
           2       66318     128.426   0.000e+00   0.000e+00   2.803e-01   1.206e-02   1.196e-02  1.0000        1032  [    2      7        120         92 ]
           2       66930     130.222   0.000e+00   0.000e+00   2.333e-01   1.206e-02   1.175e-02  1.0000        1038  [    1     50         60         92 ]
           2       67550     132.343   0.000e+00   0.000e+00   2.833e-01   1.202e-02   1.170e-02  1.0000        1053  [    1     51         60         91 ]
           2       68160     134.303   0.000e+00   0.000e+00   1.893e-01   1.192e-02   1.170e-02  1.0000        1059  [    1     52         60         90 ]
           2       68761     136.239   0.000e+00   0.000e+00   1.859e-01   1.192e-02   1.155e-02  1.0000        1072  [    1     53         60         91 ]
           2       69381     138.406   0.000e+00   0.000e+00   1.872e-01   1.176e-02   1.144e-02  1.0000        1082  [    1     54         60         91 ]
           2       70006     140.451   0.000e+00   0.000e+00   1.885e-01   1.176e-02   1.144e-02  1.0000        1083  [    1     55         60         89 ]
           2       70599     142.600   0.000e+00   0.000e+00   1.906e-01   1.176e-02   1.144e-02  1.0000        1080  [    1     56         60         87 ]
           2       71194     144.628   0.000e+00   0.000e+00   2.387e-01   1.176e-02   1.144e-02  1.0000        1090  [    1     57         60         87 ]
           2       71909     146.797   0.000e+00   0.000e+00   1.914e-01   1.176e-02   1.161e-02  1.0000        1106  [    2      8        120         89 ]
           2       72531     148.796   0.000e+00   0.000e+00   2.371e-01   1.169e-02   1.157e-02  1.0000        1120  [    1     58         60         91 ]
           2       73170     150.919   0.000e+00   0.000e+00   2.900e-01   1.169e-02   1.120e-02  1.0000        1129  [    1     59         60         91 ]
           2       73783     152.923   0.000e+00   0.000e+00   2.430e-01   1.169e-02   1.120e-02  1.0000        1139  [    1     60         60         88 ]
           2       74381     154.940   0.000e+00   0.000e+00   2.458e-01   1.169e-02   1.092e-02  1.0000        1147  [    1     61         60         85 ]
           2       74975     156.943   0.000e+00   0.000e+00   2.007e-01   1.169e-02   1.092e-02  1.0000        1150  [    1     62         60         85 ]
           2       75569     159.284   0.000e+00   0.000e+00   2.008e-01   1.159e-02   1.050e-02  1.0000        1158  [    1     63         60         85 ]
           2       76169     161.610   0.000e+00   0.000e+00   2.997e-01   1.140e-02   1.025e-02  1.0000        1159  [    1     64         60         83 ]
           3       78669     163.826   0.000e+00   0.000e+00   2.157e-01   1.641e-02   1.568e-02  1.0000         762  [    3      1        240         97 ]
           3       79289     165.304   0.000e+00   0.000e+00   2.865e-01   1.641e-02   1.568e-02  1.0000         721  [    1     65         60         88 ]
           3       79994     166.506   0.000e+00   0.000e+00   2.017e-01   1.621e-02   1.520e-02  1.0000         739  [    2      9        120         86 ]
           3       80954     167.944   0.000e+00   0.000e+00   1.995e-01   1.547e-02   1.487e-02  1.0000         822  [    3      2        240         92 ]
           3       81572     169.669   0.000e+00   0.000e+00   2.950e-01   1.547e-02   1.487e-02  1.0000         832  [    1     66         60         92 ]
           3       82175     171.133   0.000e+00   0.000e+00   2.040e-01   1.547e-02   1.487e-02  1.0000         843  [    1     67         60         92 ]
           3       82784     172.742   0.000e+00   0.000e+00   2.010e-01   1.547e-02   1.487e-02  1.0000         846  [    1     68         60         92 ]
           3       83416     174.145   0.000e+00   0.000e+00   1.977e-01   1.547e-02   1.484e-02  1.0000         854  [    1     69         60         91 ]
           3       84031     175.814   0.000e+00   0.000e+00   2.412e-01   1.547e-02   1.484e-02  1.0000         870  [    1     70         60         91 ]
           3       84627     177.309   0.000e+00   0.000e+00   2.410e-01   1.547e-02   1.481e-02  1.0000         872  [    1     71         60         91 ]
           3       85251     178.788   0.000e+00   0.000e+00   3.044e-01   1.547e-02   1.480e-02  1.0000         871  [    1     72         60         90 ]
           3       85847     180.381   0.000e+00   0.000e+00   1.929e-01   1.546e-02   1.480e-02  1.0000         891  [    1     73         60         90 ]
           3       86578     181.911   0.000e+00   0.000e+00   2.390e-01   1.546e-02   1.480e-02  1.0000         906  [    2     10        120         91 ]
           3       87195     183.109   0.000e+00   0.000e+00   1.931e-01   1.546e-02   1.467e-02  1.0000         910  [    1     74         60         90 ]
           3       87802     184.588   0.000e+00   0.000e+00   1.966e-01   1.546e-02   1.451e-02  1.0000         914  [    1     75         60         92 ]
           3       88431     185.960   0.000e+00   0.000e+00   1.988e-01   1.521e-02   1.415e-02  1.0000         920  [    1     76         60         91 ]
           3       89026     187.125   0.000e+00   0.000e+00   1.988e-01   1.521e-02   1.415e-02  1.0000         925  [    1     77         60         91 ]
           3       89634     188.936   0.000e+00   0.000e+00   2.912e-01   1.521e-02   1.414e-02  1.0000         936  [    1     78         60         91 ]
           3       90233     190.775   0.000e+00   0.000e+00   3.143e-01   1.504e-02   1.406e-02  1.0000         940  [    1     79         60         92 ]
           3       90822     192.431   0.000e+00   0.000e+00   2.464e-01   1.504e-02   1.406e-02  1.0000         947  [    1     80         60         92 ]
           3       91423     193.943   0.000e+00   0.000e+00   2.902e-01   1.504e-02   1.406e-02  1.0000         959  [    1     81         60         92 ]
           3       92150     195.867   0.000e+00   0.000e+00   1.991e-01   1.503e-02   1.402e-02  1.0000         967  [    2     11        120         93 ]
           3       92749     197.204   0.000e+00   0.000e+00   2.924e-01   1.503e-02   1.402e-02  1.0000         966  [    1     82         60         92 ]
           3       93358     199.067   0.000e+00   0.000e+00   1.994e-01   1.503e-02   1.402e-02  1.0000         971  [    1     83         60         91 ]
           3       93949     200.613   0.000e+00   0.000e+00   2.901e-01   1.503e-02   1.402e-02  1.0000         974  [    1     84         60         91 ]
           3       94545     202.167   0.000e+00   0.000e+00   1.954e-01   1.503e-02   1.402e-02  1.0000         981  [    1     85         60         90 ]
           3       95144     203.963   0.000e+00   0.000e+00   1.927e-01   1.503e-02   1.390e-02  1.0000         984  [    1     86         60         90 ]
           3       95744     205.795   0.000e+00   0.000e+00   2.390e-01   1.503e-02   1.386e-02  1.0000         997  [    1     87         60         91 ]
           3       96352     207.408   0.000e+00   0.000e+00   2.369e-01   1.503e-02   1.386e-02  1.0000        1008  [    1     88         60         90 ]
           3       96947     209.171   0.000e+00   0.000e+00   2.900e-01   1.487e-02   1.368e-02  1.0000        1017  [    1     89         60         90 ]
           3       97650     210.955   0.000e+00   0.000e+00   2.920e-01   1.487e-02   1.336e-02  1.0000        1038  [    2     12        120         90 ]
           3       98251     212.394   0.000e+00   0.000e+00   3.071e-01   1.487e-02   1.336e-02  1.0000        1040  [    1     90         60         90 ]
           3       98850     214.370   0.000e+00   0.000e+00   1.965e-01   1.487e-02   1.336e-02  1.0000        1042  [    1     91         60         90 ]
           3       99453     216.289   0.000e+00   0.000e+00   2.398e-01   1.409e-02   1.277e-02  1.0000        1052  [    1     92         60         89 ]
           4      100057     217.672   0.000e+00   0.000e+00   1.938e-01   1.409e-02   1.276e-02  1.0000        1057  [    3      2        240         92 ]
