# Generation  Evaluations  Time (s)  Best_obj[0]  Best_obj[1]  Hypervol.   IGD         IGDX        SR    Appr.set  [ Pop.index  Subgen.  Pop.size  Subpops ]
           0         120       4.044   1.479e-03   5.974e-02   4.827e-01   6.445e-02   2.314e-01  0.0000          26  [    0      1         30         10 ]
           0         247       4.114   1.479e-03   4.303e-03   7.006e-01   4.852e-02   1.853e-01  0.0000          42  [    0      2         30         14 ]
           0         379       4.181   1.479e-03   4.303e-03   6.362e-01   3.495e-02   1.574e-01  0.0000          58  [    0      3         30         15 ]
           0         527       4.271   1.479e-03   4.303e-03   5.356e-01   2.569e-02   1.402e-01  0.0000          72  [    0      4         30         16 ]
           0         700       4.336   1.479e-03   8.648e-04   5.791e-01   2.279e-02   1.251e-01  0.0000          87  [    0      5         30         18 ]
           0         852       4.472   1.479e-03   8.648e-04   5.520e-01   1.703e-02   1.057e-01  0.0000         100  [    0      6         30         21 ]
           0        1020       4.634   1.479e-03   8.648e-04   6.142e-01   1.557e-02   9.717e-02  0.0000         115  [    0      7         30         22 ]
           0        1204       4.820   1.479e-03   8.648e-04   6.409e-01   1.427e-02   9.516e-02  0.0000         123  [    0      8         30         25 ]
           1        1661       5.008   7.893e-04   8.648e-04   6.324e-01   1.120e-02   8.440e-02  0.0000         226  [    1      1         60         40 ]
           1        1917       5.354   7.893e-04   8.648e-04   6.356e-01   1.003e-02   7.619e-02  0.0000         244  [    0      9         30         40 ]
           1        2249       5.749   7.893e-04   8.648e-04   6.503e-01   9.802e-03   7.092e-02  0.0000         281  [    1      2         60         40 ]
           1        2537       6.185   3.494e-04   8.648e-04   6.450e-01   9.586e-03   7.030e-02  0.0000         280  [    0     10         30         41 ]
           1        2830       6.615   3.494e-04   8.648e-04   6.267e-01   9.504e-03   6.840e-02  0.0000         292  [    0     11         30         43 ]
           1        3128       6.968   3.494e-04   8.648e-04   6.098e-01   9.458e-03   6.805e-02  0.0000         314  [    0     12         30         43 ]
           1        3429       7.486   3.494e-04   8.648e-04   6.377e-01   9.149e-03   6.625e-02  0.0000         322  [    0     13         30         42 ]
           1        3726       8.008   3.494e-04   8.648e-04   6.193e-01   9.133e-03   6.406e-02  0.0000         341  [    0     14         30         43 ]
           1        4031       8.514   3.494e-04   8.648e-04   6.322e-01   8.587e-03   5.874e-02  0.0000         366  [    0     15         30         43 ]
           1        4325       9.114   3.494e-04   8.648e-04   6.411e-01   8.034e-03   5.582e-02  0.0000         390  [    0     16         30         44 ]
           1        4620       9.759   3.494e-04   8.648e-04   6.368e-01   7.809e-03   5.406e-02  0.0000         404  [    0     17         30         44 ]
           1        4997      10.404   3.494e-04   8.648e-04   5.825e-01   6.855e-03   5.288e-02  0.0000         426  [    1      3         60         45 ]
           1        5295      11.082   3.494e-04   1.904e-07   6.261e-01   6.457e-03   5.366e-02  0.0000         436  [    0     18         30         44 ]
           1        5598      11.812   3.494e-04   1.904e-07   6.051e-01   6.456e-03   5.301e-02  0.0000         448  [    0     19         30         44 ]
           1        5906      12.591   3.494e-04   1.904e-07   5.096e-01   6.126e-03   5.162e-02  0.5000         462  [    0     20         30         44 ]
           1        6228      13.194   3.494e-04   1.904e-07   6.061e-01   5.787e-03   5.012e-02  0.5000         469  [    0     21         30         45 ]
           1        6554      14.000   3.494e-04   1.904e-07   5.718e-01   5.626e-03   4.878e-02  0.5000         490  [    0     22         30         44 ]
           1        6881      14.770   3.494e-04   1.904e-07   6.165e-01   5.573e-03   4.773e-02  1.0000         493  [    0     23         30         44 ]
           1        7205      15.594   3.494e-04   1.904e-07   5.714e-01   5.511e-03   4.714e-02  1.0000         510  [    0     24         30         46 ]
           1        7532      16.248   3.494e-04   1.904e-07   5.773e-01   5.369e-03   4.511e-02  1.0000         515  [    0     25         30         47 ]
           1        7940      16.962   4.230e-06   1.904e-07   6.294e-01   4.773e-03   4.913e-02  0.5000         522  [    1      4         60         45 ]
           1        8251      17.824   4.230e-06   1.904e-07   5.085e-01   4.766e-03   4.892e-02  0.5000         533  [    0     26         30         46 ]
           1        8566      18.740   4.230e-06   1.904e-07   5.074e-01   4.725e-03   4.669e-02  1.0000         538  [    0     27         30         47 ]
           1        8897      19.669   4.230e-06   1.904e-07   6.232e-01   4.381e-03   4.469e-02  1.0000         545  [    0     28         30         43 ]
           1        9221      20.684   4.230e-06   1.904e-07   5.839e-01   4.246e-03   4.368e-02  1.0000         559  [    0     29         30         41 ]
           1        9537      21.628   4.230e-06   1.904e-07   6.194e-01   4.152e-03   4.301e-02  1.0000         575  [    0     30         30         42 ]
           1        9855      22.608   4.230e-06   1.904e-07   5.737e-01   4.125e-03   4.278e-02  1.0000         553  [    0     31         30         39 ]
           1       10153      23.497   4.230e-06   1.904e-07   6.574e-01   3.989e-03   4.198e-02  1.0000         564  [    0     32         30         39 ]
           1       10464      24.455   4.230e-06   1.904e-07   6.655e-01   3.942e-03   4.244e-02  1.0000         575  [    0     33         30         38 ]
           1       10839      25.267   4.230e-06   1.904e-07   5.576e-01   3.749e-03   4.117e-02  1.0000         602  [    1      5         60         40 ]
           1       11140      26.378   4.230e-06   1.904e-07   6.003e-01   3.734e-03   4.104e-02  1.0000         611  [    0     34         30         39 ]
           1       11444      27.263   4.230e-06   1.904e-07   6.007e-01   3.734e-03   4.082e-02  1.0000         623  [    0     35         30         40 ]
           1       11762      28.327   4.230e-06   1.904e-07   6.661e-01   3.731e-03   4.035e-02  1.0000         625  [    0     36         30         41 ]
           1       12081      29.353   4.230e-06   1.904e-07   6.668e-01   3.708e-03   3.988e-02  1.0000         634  [    0     37         30         39 ]
           1       12403      30.399   4.230e-06   1.904e-07   5.898e-01   3.708e-03   3.960e-02  1.0000         656  [    0     38         30         39 ]
           1       12728      31.520   4.230e-06   1.904e-07   6.275e-01   3.707e-03   3.544e-02  1.0000         678  [    0     39         30         40 ]
           1       13064      32.517   4.230e-06   1.904e-07   5.798e-01   3.689e-03   3.378e-02  1.0000         693  [    0     40         30         40 ]
           1       13402      33.474   4.230e-06   1.904e-07   5.822e-01   3.666e-03   3.267e-02  1.0000         712  [    0     41         30         41 ]
           1       13811      34.607   4.230e-06   1.904e-07   5.289e-01   3.588e-03   3.166e-02  1.0000         730  [    1      6         60         43 ]
           1       14151      35.924   4.230e-06   1.904e-07   6.406e-01   3.578e-03   3.130e-02  1.0000         736  [    0     42         30         43 ]
           1       14499      37.259   4.230e-06   1.904e-07   6.131e-01   3.537e-03   3.091e-02  1.0000         754  [    0     43         30         42 ]
           1       14846      38.494   4.230e-06   1.904e-07   5.668e-01   3.442e-03   2.965e-02  1.0000         770  [    0     44         30         42 ]
           1       15197      39.806   4.230e-06   1.904e-07   6.318e-01   3.436e-03   2.891e-02  1.0000         775  [    0     45         30         43 ]
           1       15545      41.193   4.230e-06   1.904e-07   5.686e-01   3.411e-03   2.846e-02  1.0000         785  [    0     46         30         41 ]
           1       15899      42.650   4.230e-06   1.904e-07   6.316e-01   3.384e-03   2.806e-02  1.0000         795  [    0     47         30         44 ]
           1       16266      44.137   4.230e-06   1.904e-07   5.126e-01   3.345e-03   2.759e-02  1.0000         811  [    0     48         30         46 ]
           1       16654      45.612   4.230e-06   1.904e-07   5.333e-01   3.333e-03   2.741e-02  1.0000         797  [    0     49         30         45 ]
           1       17100      46.794   4.230e-06   1.904e-07   5.615e-01   3.102e-03   2.716e-02  1.0000         805  [    1      7         60         42 ]
           1       17463      48.146   4.230e-06   1.904e-07   5.563e-01   3.019e-03   2.753e-02  1.0000         807  [    0     50         30         41 ]
           1       17803      49.690   4.230e-06   1.904e-07   6.378e-01   3.019e-03   2.753e-02  1.0000         807  [    0     51         30         40 ]
           1       18151      51.109   4.230e-06   1.904e-07   6.362e-01   2.940e-03   2.747e-02  1.0000         816  [    0     52         30         43 ]
           1       18524      52.563   4.230e-06   1.904e-07   6.347e-01   2.936e-03   2.756e-02  1.0000         820  [    0     53         30         42 ]
           1       18881      53.755   4.230e-06   1.904e-07   5.958e-01   2.936e-03   2.740e-02  1.0000         828  [    0     54         30         43 ]
           1       19240      55.049   4.230e-06   1.904e-07   6.340e-01   2.930e-03   2.722e-02  1.0000         827  [    0     55         30         43 ]
           1       19601      56.412   4.230e-06   1.904e-07   6.343e-01   2.851e-03   2.695e-02  1.0000         840  [    0     56         30         43 ]
           1       19967      57.888   4.230e-06   1.904e-07   6.042e-01   2.741e-03   2.621e-02  1.0000         850  [    0     57         30         46 ]
           1       20414      59.330   4.230e-06   1.904e-07   6.369e-01   2.716e-03   2.619e-02  1.0000         858  [    1      8         60         45 ]
           1       20781      60.901   4.230e-06   1.904e-07   5.973e-01   2.716e-03   2.617e-02  1.0000         871  [    0     58         30         45 ]
           1       21157      62.594   4.230e-06   1.904e-07   6.304e-01   2.676e-03   2.560e-02  1.0000         883  [    0     59         30         46 ]
           1       21537      64.270   4.230e-06   1.904e-07   5.984e-01   2.590e-03   2.575e-02  1.0000         894  [    0     60         30         48 ]
           1       21936      65.843   4.230e-06   1.904e-07   5.411e-01   2.587e-03   2.570e-02  1.0000         901  [    0     61         30         49 ]
           1       22335      67.633   4.230e-06   1.904e-07   6.243e-01   2.570e-03   2.546e-02  1.0000         913  [    0     62         30         49 ]
           1       22745      69.319   4.230e-06   1.904e-07   5.391e-01   2.563e-03   2.492e-02  1.0000         912  [    0     63         30         48 ]
           1       23149      70.868   4.230e-06   1.904e-07   6.212e-01   2.541e-03   2.490e-02  1.0000         919  [    0     64         30         48 ]
           2       25085      72.514   4.230e-06   1.904e-07   4.656e-01   3.654e-03   3.714e-02  1.0000         751  [    2      1        120         55 ]
           2       25589      73.714   4.230e-06   1.904e-07   3.863e-01   3.688e-03   3.814e-02  1.0000         626  [    0     65         30         45 ]
           2       26049      74.508   4.230e-06   1.904e-07   3.957e-01   3.594e-03   3.721e-02  1.0000         641  [    1      9         60         46 ]
           2       26708      75.504   4.230e-06   1.904e-07   4.435e-01   2.995e-03   3.399e-02  1.0000         765  [    2      2        120         48 ]
           2       27129      76.650   4.230e-06   1.904e-07   5.333e-01   2.846e-03   3.301e-02  1.0000         750  [    0     66         30         48 ]
           2       27522      77.816   4.230e-06   1.904e-07   5.327e-01   2.834e-03   3.266e-02  1.0000         764  [    0     67         30         48 ]
           2       27912      78.748   4.230e-06   1.904e-07   5.379e-01   2.834e-03   3.262e-02  1.0000         763  [    0     68         30         48 ]
           2       28286      79.791   4.230e-06   1.904e-07   5.404e-01   2.815e-03   3.267e-02  1.0000         771  [    0     69         30         48 ]
           2       28689      81.089   4.230e-06   1.904e-07   4.361e-01   2.771e-03   3.234e-02  1.0000         762  [    0     70         30         48 ]
           2       29085      82.553   4.230e-06   1.904e-07   5.124e-01   2.753e-03   3.233e-02  1.0000         769  [    0     71         30         48 ]
           2       29486      83.933   4.230e-06   1.904e-07   5.184e-01   2.663e-03   3.224e-02  1.0000         779  [    0     72         30         47 ]
           2       29890      85.222   4.230e-06   1.904e-07   4.411e-01   2.542e-03   3.128e-02  1.0000         785  [    0     73         30         47 ]
           2       30362      86.615   4.230e-06   1.904e-07   5.424e-01   2.506e-03   3.070e-02  1.0000         799  [    1     10         60         51 ]
           2       30759      88.039   4.230e-06   1.904e-07   4.427e-01   2.435e-03   2.993e-02  1.0000         803  [    0     74         30         49 ]
           2       31144      89.297   4.230e-06   1.904e-07   5.237e-01   2.423e-03   2.975e-02  1.0000         821  [    0     75         30         50 ]
           2       31543      90.726   4.230e-06   1.904e-07   5.221e-01   2.395e-03   2.955e-02  1.0000         836  [    0     76         30         50 ]
           2       31944      92.306   4.230e-06   1.904e-07   5.218e-01   2.392e-03   2.940e-02  1.0000         854  [    0     77         30         52 ]
           2       32344      93.872   4.230e-06   1.904e-07   5.221e-01   2.389e-03   2.939e-02  1.0000         857  [    0     78         30         50 ]
           2       32728      95.500   4.230e-06   1.904e-07   4.447e-01   2.350e-03   2.914e-02  1.0000         866  [    0     79         30         49 ]
           2       33109      97.013   4.230e-06   1.904e-07   5.625e-01   2.319e-03   2.840e-02  1.0000         872  [    0     80         30         49 ]
           2       33499      98.508   4.230e-06   1.904e-07   5.407e-01   2.315e-03   2.819e-02  1.0000         884  [    0     81         30         47 ]
           2       33976     100.079   4.230e-06   1.904e-07   4.505e-01   2.295e-03   2.766e-02  1.0000         894  [    1     11         60         46 ]
           2       34351     101.715   4.230e-06   1.904e-07   5.397e-01   2.295e-03   2.752e-02  1.0000         899  [    0     82         30         47 ]
           2       34717     103.321   4.230e-06   1.904e-07   5.703e-01   2.255e-03   2.742e-02  1.0000         915  [    0     83         30         48 ]
           2       35095     105.069   4.230e-06   1.904e-07   4.577e-01   2.251e-03   2.722e-02  1.0000         928  [    0     84         30         48 ]
           2       35484     106.808   4.230e-06   1.904e-07   5.541e-01   2.251e-03   2.713e-02  1.0000         929  [    0     85         30         48 ]
           2       35886     108.447   4.230e-06   1.904e-07   5.701e-01   2.215e-03   2.657e-02  1.0000         941  [    0     86         30         50 ]
           2       36284     110.112   4.230e-06   1.904e-07   4.714e-01   2.132e-03   2.602e-02  1.0000         934  [    0     87         30         48 ]
           2       36699     111.877   4.230e-06   1.904e-07   4.675e-01   2.129e-03   2.557e-02  1.0000         933  [    0     88         30         48 ]
           2       37071     113.683   4.230e-06   1.904e-07   5.997e-01   2.125e-03   2.557e-02  1.0000         902  [    0     89         30         47 ]
           2       37511     115.063   4.230e-06   1.904e-07   6.059e-01   2.083e-03   2.501e-02  1.0000         907  [    1     12         60         48 ]
           2       37894     116.717   4.230e-06   1.904e-07   4.911e-01   2.065e-03   2.494e-02  1.0000         917  [    0     90         30         49 ]
           2       38292     118.385   4.230e-06   1.904e-07   6.007e-01   2.065e-03   2.493e-02  1.0000         912  [    0     91         30         48 ]
           2       38664     120.120   4.230e-06   1.904e-07   4.857e-01   2.065e-03   2.489e-02  1.0000         921  [    0     92         30         48 ]
           2       39043     121.473   4.230e-06   1.904e-07   5.706e-01   2.035e-03   2.485e-02  1.0000         940  [    0     93         30         48 ]
           2       39433     123.012   4.230e-06   1.904e-07   4.797e-01   2.031e-03   2.469e-02  1.0000         951  [    0     94         30         48 ]
           2       39809     124.808   4.230e-06   1.904e-07   5.641e-01   2.031e-03   2.447e-02  1.0000         957  [    0     95         30         49 ]
           2       40193     126.571   4.230e-06   1.904e-07   4.794e-01   2.020e-03   2.409e-02  1.0000         971  [    0     96         30         49 ]
           2       40569     128.421   4.230e-06   1.904e-07   5.897e-01   2.020e-03   2.401e-02  1.0000         976  [    0     97         30         50 ]
           2       41015     130.336   4.230e-06   1.904e-07   5.990e-01   1.956e-03   2.376e-02  1.0000         987  [    1     13         60         48 ]
           2       41395     132.245   4.230e-06   1.904e-07   4.999e-01   1.939e-03   2.392e-02  1.0000         979  [    0     98         30         47 ]
           2       41775     134.125   4.230e-06   1.904e-07   4.977e-01   1.939e-03   2.373e-02  1.0000         993  [    0     99         30         49 ]
           2       42157     136.032   4.230e-06   1.904e-07   4.971e-01   1.927e-03   2.346e-02  1.0000         993  [    0    100         30         47 ]
           2       42547     137.929   4.230e-06   1.904e-07   5.692e-01   1.927e-03   2.313e-02  1.0000         995  [    0    101         30         47 ]
           2       42919     139.710   4.230e-06   1.904e-07   4.982e-01   1.927e-03   2.308e-02  1.0000         994  [    0    102         30         46 ]
           2       43293     141.544   4.230e-06   1.904e-07   6.212e-01   1.898e-03   2.279e-02  1.0000         967  [    0    103         30         45 ]
           2       43648     143.075   4.230e-06   1.904e-07   6.188e-01   1.866e-03   2.278e-02  1.0000         985  [    0    104         30         44 ]
           2       43990     144.973   4.230e-06   1.904e-07   6.182e-01   1.842e-03   2.298e-02  1.0000         990  [    0    105         30         42 ]
           2       44414     146.567   4.230e-06   1.904e-07   5.174e-01   1.804e-03   2.252e-02  1.0000         996  [    1     14         60         42 ]
           2       44760     148.353   4.230e-06   1.904e-07   5.172e-01   1.785e-03   2.243e-02  1.0000        1010  [    0    106         30         42 ]
           2       45111     150.400   4.230e-06   1.904e-07   5.178e-01   1.775e-03   2.240e-02  1.0000        1016  [    0    107         30         40 ]
           2       45455     152.130   4.230e-06   1.904e-07   5.980e-01   1.764e-03   2.206e-02  1.0000        1024  [    0    108         30         40 ]
           2       45795     153.859   4.230e-06   1.904e-07   6.289e-01   1.757e-03   2.191e-02  1.0000        1036  [    0    109         30         40 ]
           2       46143     155.885   4.230e-06   1.904e-07   5.205e-01   1.722e-03   2.205e-02  1.0000        1034  [    0    110         30         40 ]
           2       46470     157.885   4.230e-06   1.904e-07   5.172e-01   1.715e-03   2.200e-02  1.0000        1041  [    0    111         30         39 ]
           2       46805     159.917   4.230e-06   1.904e-07   5.180e-01   1.698e-03   2.191e-02  1.0000        1049  [    0    112         30         38 ]
           2       47132     162.040   4.230e-06   1.904e-07   6.038e-01   1.696e-03   2.180e-02  1.0000        1055  [    0    113         30         38 ]
           2       47541     164.163   4.230e-06   1.904e-07   6.196e-01   1.695e-03   2.164e-02  1.0000        1073  [    1     15         60         38 ]
           2       47885     166.235   4.230e-06   1.904e-07   5.129e-01   1.682e-03   2.146e-02  1.0000        1075  [    0    114         30         38 ]
           2       48229     168.293   4.230e-06   1.904e-07   5.130e-01   1.681e-03   2.110e-02  1.0000        1079  [    0    115         30         39 ]
           2       48579     170.424   4.230e-06   1.904e-07   5.813e-01   1.636e-03   2.089e-02  1.0000        1089  [    0    116         30         39 ]
           2       48921     172.541   4.230e-06   1.904e-07   6.209e-01   1.619e-03   2.073e-02  1.0000        1087  [    0    117         30         39 ]
           2       49266     174.649   4.230e-06   1.904e-07   5.823e-01   1.605e-03   2.045e-02  1.0000        1074  [    0    118         30         38 ]
           2       49594     176.854   4.230e-06   1.904e-07   5.148e-01   1.599e-03   2.044e-02  1.0000        1085  [    0    119         30         37 ]
           2       49933     178.837   4.230e-06   1.904e-07   6.221e-01   1.599e-03   2.028e-02  1.0000        1096  [    0    120         30         38 ]
           2       50255     180.984   4.230e-06   1.904e-07   6.153e-01   1.599e-03   2.028e-02  1.0000        1106  [    0    121         30         38 ]
           2       50655     183.086   4.230e-06   1.904e-07   5.006e-01   1.591e-03   2.022e-02  1.0000        1110  [    1     16         60         39 ]
           2       50987     185.176   4.230e-06   1.904e-07   4.999e-01   1.557e-03   2.017e-02  1.0000        1094  [    0    122         30         38 ]
           2       51324     187.136   4.230e-06   1.904e-07   5.928e-01   1.557e-03   2.017e-02  1.0000        1096  [    0    123         30         39 ]
           2       51677     189.228   4.230e-06   1.904e-07   5.945e-01   1.557e-03   2.005e-02  1.0000        1108  [    0    124         30         41 ]
           2       52026     191.314   4.230e-06   1.904e-07   6.047e-01   1.557e-03   2.000e-02  1.0000        1111  [    0    125         30         43 ]
           2       52376     193.449   4.230e-06   1.904e-07   5.903e-01   1.546e-03   1.993e-02  1.0000        1120  [    0    126         30         42 ]
           2       52735     195.534   4.230e-06   1.904e-07   6.027e-01   1.541e-03   1.996e-02  1.0000        1121  [    0    127         30         42 ]
           2       53084     197.746   4.230e-06   1.904e-07   5.335e-01   1.541e-03   1.996e-02  1.0000        1124  [    0    128         30         42 ]
           2       53423     199.699   4.230e-06   1.904e-07   5.962e-01   1.518e-03   1.963e-02  1.0000        1114  [    0    129         30         39 ]
           2       53808     201.859   4.230e-06   1.904e-07   6.255e-01   1.511e-03   1.956e-02  1.0000        1120  [    1     17         60         36 ]
           2       54378     204.003   4.230e-06   1.904e-07   6.206e-01   1.502e-03   1.955e-02  1.0000        1111  [    2      3        120         39 ]
           2       54704     206.135   4.230e-06   1.904e-07   5.082e-01   1.502e-03   1.946e-02  1.0000        1119  [    0    130         30         39 ]
           2       55019     208.182   4.230e-06   1.904e-07   6.148e-01   1.500e-03   1.944e-02  1.0000        1134  [    0    131         30         39 ]
           2       55364     210.435   4.230e-06   1.904e-07   6.132e-01   1.492e-03   1.940e-02  1.0000        1138  [    0    132         30         40 ]
           2       55690     212.336   4.230e-06   1.904e-07   6.133e-01   1.490e-03   1.928e-02  1.0000        1145  [    0    133         30         38 ]
           2       56020     214.386   4.230e-06   1.904e-07   6.045e-01   1.472e-03   1.928e-02  1.0000        1152  [    0    134         30         38 ]
           2       56330     216.591   4.230e-06   1.904e-07   6.122e-01   1.472e-03   1.927e-02  1.0000        1155  [    0    135         30         37 ]
           2       56665     218.075   4.230e-06   1.904e-07   6.120e-01   1.470e-03   1.923e-02  1.0000        1168  [    0    136         30         39 ]
           2       56991     220.466   4.230e-06   1.904e-07   5.477e-01   1.448e-03   1.898e-02  1.0000        1164  [    0    137         30         39 ]
           2       57396     222.554   4.230e-06   1.904e-07   6.247e-01   1.448e-03   1.895e-02  1.0000        1160  [    1     18         60         40 ]
           2       57725     224.748   4.230e-06   1.904e-07   5.621e-01   1.448e-03   1.895e-02  1.0000        1166  [    0    138         30         39 ]
           2       58046     227.040   4.230e-06   1.904e-07   5.504e-01   1.427e-03   1.867e-02  1.0000        1181  [    0    139         30         39 ]
           2       58374     229.402   4.230e-06   1.904e-07   5.728e-01   1.392e-03   1.860e-02  1.0000        1193  [    0    140         30         38 ]
           2       58704     231.563   4.230e-06   1.904e-07   6.327e-01   1.384e-03   1.845e-02  1.0000        1199  [    0    141         30         36 ]
           2       59018     233.929   4.230e-06   1.904e-07   5.719e-01   1.367e-03   1.845e-02  1.0000        1213  [    0    142         30         38 ]
           2       59349     236.296   4.230e-06   1.904e-07   5.544e-01   1.360e-03   1.848e-02  1.0000        1212  [    0    143         30         37 ]
           2       59682     238.671   4.230e-06   1.904e-07   5.780e-01   1.347e-03   1.840e-02  1.0000        1207  [    0    144         30         36 ]
           2       60012     241.062   4.230e-06   1.904e-07   5.554e-01   1.346e-03   1.839e-02  1.0000        1214  [    0    145         30         36 ]
           2       60420     242.920   4.230e-06   1.904e-07   6.269e-01   1.337e-03   1.809e-02  1.0000        1221  [    1     19         60         36 ]
           2       60738     245.303   4.230e-06   1.904e-07   6.297e-01   1.332e-03   1.803e-02  1.0000        1227  [    0    146         30         37 ]
           2       61079     247.581   4.230e-06   1.904e-07   6.299e-01   1.332e-03   1.788e-02  1.0000        1233  [    0    147         30         38 ]
           2       61427     250.003   4.230e-06   1.904e-07   6.322e-01   1.328e-03   1.803e-02  1.0000        1232  [    0    148         30         36 ]
           2       61751     252.362   4.230e-06   1.904e-07   5.235e-01   1.328e-03   1.790e-02  1.0000        1228  [    0    149         30         36 ]
           2       62083     254.347   4.230e-06   1.904e-07   6.190e-01   1.328e-03   1.790e-02  1.0000        1216  [    0    150         30         35 ]
           2       62401     256.285   4.230e-06   1.904e-07   6.234e-01   1.328e-03   1.805e-02  1.0000        1218  [    0    151         30         34 ]
           2       62719     258.436   4.230e-06   1.904e-07   6.374e-01   1.328e-03   1.797e-02  1.0000        1224  [    0    152         30         35 ]
           2       63024     260.588   4.230e-06   1.904e-07   6.418e-01   1.327e-03   1.795e-02  1.0000        1230  [    0    153         30         33 ]
           2       63424     262.460   4.230e-06   1.904e-07   6.360e-01   1.323e-03   1.795e-02  1.0000        1244  [    1     20         60         34 ]
           2       63741     264.530   4.230e-06   1.904e-07   5.371e-01   2.432e-03   2.906e-02  1.0000         747  [    0    154         30         35 ]
           2       64104     265.884   4.230e-06   1.904e-07   6.212e-01   2.416e-03   2.974e-02  1.0000         572  [    0    155         30         28 ]
           2       64387     266.810   4.230e-06   1.904e-07   5.869e-01   2.316e-03   2.931e-02  1.0000         592  [    0    156         30         25 ]
           2       64657     267.758   4.230e-06   1.904e-07   5.318e-01   2.273e-03   2.907e-02  1.0000         577  [    0    157         30         24 ]
           2       64912     268.447   4.230e-06   1.904e-07   6.446e-01   2.241e-03   2.890e-02  1.0000         584  [    0    158         30         23 ]
           2       65163     269.482   4.230e-06   1.904e-07   6.657e-01   2.228e-03   2.868e-02  1.0000         551  [    0    159         30         21 ]
           2       65390     270.415   4.230e-06   1.904e-07   6.644e-01   2.210e-03   2.871e-02  1.0000         553  [    0    160         30         20 ]
           2       65615     271.423   4.230e-06   1.904e-07   6.642e-01   2.210e-03   2.871e-02  1.0000         555  [    0    161         30         20 ]
           2       65911     272.210   4.230e-06   1.904e-07   6.622e-01   2.168e-03   2.835e-02  1.0000         577  [    1     21         60         21 ]
           2       66156     273.053   4.230e-06   1.904e-07   6.618e-01   2.161e-03   2.831e-02  1.0000         584  [    0    162         30         23 ]
           2       66401     274.078   4.230e-06   1.904e-07   6.608e-01   2.161e-03   2.831e-02  1.0000         587  [    0    163         30         26 ]
           2       66642     275.068   4.230e-06   1.904e-07   6.608e-01   2.158e-03   2.831e-02  1.0000         591  [    0    164         30         24 ]
           2       66880     276.056   4.230e-06   1.904e-07   6.689e-01   2.125e-03   2.813e-02  1.0000         604  [    0    165         30         24 ]
           2       67119     277.122   4.230e-06   1.904e-07   6.859e-01   2.093e-03   2.779e-02  1.0000         575  [    0    166         30         22 ]
           2       67352     277.774   4.230e-06   1.904e-07   6.829e-01   2.060e-03   2.746e-02  1.0000         583  [    0    167         30         22 ]
           2       67586     278.502   4.230e-06   1.904e-07   6.861e-01   2.053e-03   2.747e-02  1.0000         594  [    0    168         30         22 ]
           2       67814     279.583   4.230e-06   1.904e-07   6.861e-01   2.048e-03   2.747e-02  1.0000         602  [    0    169         30         22 ]
           2       68129     280.691   4.230e-06   1.904e-07   6.840e-01   2.039e-03   2.730e-02  1.0000         620  [    1     22         60         23 ]
           2       68375     281.660   4.230e-06   1.904e-07   6.851e-01   2.030e-03   2.730e-02  1.0000         624  [    0    170         30         22 ]
           2       68611     282.743   4.230e-06   1.904e-07   5.858e-01   2.013e-03   2.711e-02  1.0000         597  [    0    171         30         22 ]
           2       68830     283.712   4.230e-06   1.904e-07   6.968e-01   2.013e-03   2.706e-02  1.0000         602  [    0    172         30         21 ]
           2       69054     284.678   4.230e-06   1.904e-07   6.921e-01   2.010e-03   2.706e-02  1.0000         613  [    0    173         30         21 ]
           2       69287     285.744   4.230e-06   1.904e-07   6.900e-01   2.010e-03   2.702e-02  1.0000         621  [    0    174         30         22 ]
           2       69518     286.808   4.230e-06   1.904e-07   6.955e-01   1.999e-03   2.675e-02  1.0000         626  [    0    175         30         21 ]
           2       69747     287.565   4.230e-06   1.904e-07   5.844e-01   1.999e-03   2.675e-02  1.0000         629  [    0    176         30         21 ]
           2       69987     288.594   4.230e-06   1.904e-07   6.959e-01   1.986e-03   2.664e-02  1.0000         635  [    0    177         30         21 ]
           2       70292     289.720   4.230e-06   1.904e-07   5.887e-01   1.973e-03   2.665e-02  1.0000         626  [    1     23         60         20 ]
           2       70527     290.689   4.230e-06   1.904e-07   6.276e-01   1.955e-03   2.645e-02  1.0000         632  [    0    178         30         21 ]
           2       70763     291.707   4.230e-06   1.904e-07   6.991e-01   1.933e-03   2.636e-02  1.0000         633  [    0    179         30         20 ]
           2       71002     292.801   4.230e-06   1.904e-07   6.282e-01   1.933e-03   2.625e-02  1.0000         636  [    0    180         30         21 ]
           2       71251     294.036   4.230e-06   1.904e-07   6.959e-01   1.921e-03   2.634e-02  1.0000         640  [    0    181         30         21 ]
           2       71507     295.017   4.230e-06   1.904e-07   6.959e-01   1.921e-03   2.634e-02  1.0000         640  [    0    182         30         21 ]
           2       71757     296.106   4.230e-06   1.904e-07   6.393e-01   1.883e-03   2.579e-02  1.0000         640  [    0    183         30         21 ]
           2       71988     297.251   4.230e-06   1.904e-07   7.078e-01   1.875e-03   2.550e-02  1.0000         641  [    0    184         30         20 ]
           2       72220     298.468   4.230e-06   1.904e-07   5.981e-01   1.871e-03   2.529e-02  1.0000         650  [    0    185         30         21 ]
           2       72538     299.627   4.230e-06   1.904e-07   7.237e-01   1.854e-03   2.483e-02  1.0000         648  [    1     24         60         19 ]
           2       72767     300.811   4.230e-06   1.904e-07   6.099e-01   1.851e-03   2.483e-02  1.0000         652  [    0    186         30         19 ]
           2       72994     302.063   4.230e-06   1.904e-07   6.668e-01   1.834e-03   2.444e-02  1.0000         662  [    0    187         30         18 ]
           2       73211     303.087   4.230e-06   1.904e-07   6.682e-01   1.834e-03   2.444e-02  1.0000         661  [    0    188         30         17 ]
           2       73425     304.269   4.230e-06   1.904e-07   7.137e-01   1.833e-03   2.443e-02  1.0000         671  [    0    189         30         17 ]
           2       73641     305.290   4.230e-06   1.904e-07   7.121e-01   1.827e-03   2.434e-02  1.0000         676  [    0    190         30         18 ]
           2       73867     306.228   4.230e-06   1.904e-07   7.121e-01   1.827e-03   2.434e-02  1.0000         677  [    0    191         30         18 ]
           2       74089     307.434   4.230e-06   1.904e-07   7.121e-01   1.822e-03   2.433e-02  1.0000         687  [    0    192         30         18 ]
           2       74313     308.695   4.230e-06   1.904e-07   7.268e-01   1.822e-03   2.437e-02  1.0000         675  [    0    193         30         19 ]
           2       74605     309.930   4.230e-06   1.904e-07   7.230e-01   1.820e-03   2.426e-02  1.0000         679  [    1     25         60         19 ]
           2       75075     311.228   4.230e-06   1.904e-07   6.723e-01   1.775e-03   2.338e-02  1.0000         688  [    2      4        120         20 ]
           2       75296     312.494   4.230e-06   1.904e-07   7.389e-01   1.743e-03   2.319e-02  1.0000         682  [    0    194         30         17 ]
           2       75499     313.502   4.230e-06   1.904e-07   7.012e-01   1.743e-03   2.319e-02  1.0000         684  [    0    195         30         16 ]
           2       75706     314.692   4.230e-06   1.904e-07   7.357e-01   1.743e-03   2.313e-02  1.0000         687  [    0    196         30         17 ]
           2       75903     315.736   4.230e-06   1.904e-07   7.326e-01   1.743e-03   2.313e-02  1.0000         690  [    0    197         30         18 ]
           2       76111     316.993   4.230e-06   1.904e-07   7.324e-01   1.743e-03   2.305e-02  1.0000         693  [    0    198         30         17 ]
           2       76307     318.092   4.230e-06   1.904e-07   7.342e-01   1.742e-03   2.293e-02  1.0000         690  [    0    199         30         16 ]
           2       76507     319.324   4.230e-06   1.904e-07   7.357e-01   1.727e-03   2.291e-02  1.0000         695  [    0    200         30         16 ]
           2       76692     320.529   4.230e-06   1.904e-07   6.810e-01   1.723e-03   2.283e-02  1.0000         696  [    0    201         30         15 ]
           2       76955     321.769   4.230e-06   1.904e-07   6.269e-01   1.723e-03   2.278e-02  1.0000         699  [    1     26         60         16 ]
           2       77146     322.865   4.230e-06   1.904e-07   6.155e-01   1.714e-03   2.276e-02  1.0000         710  [    0    202         30         17 ]
           2       77354     324.083   4.230e-06   1.904e-07   6.883e-01   1.711e-03   2.242e-02  1.0000         719  [    0    203         30         16 ]
           2       77548     325.396   4.230e-06   1.904e-07   6.935e-01   1.689e-03   2.228e-02  1.0000         717  [    0    204         30         16 ]
           2       77731     326.592   4.230e-06   1.904e-07   7.317e-01   1.686e-03   2.228e-02  1.0000         722  [    0    205         30         15 ]
           2       77918     327.916   4.230e-06   1.904e-07   6.204e-01   1.686e-03   2.223e-02  1.0000         725  [    0    206         30         15 ]
           2       78103     329.225   4.230e-06   1.904e-07   7.245e-01   1.686e-03   2.223e-02  1.0000         729  [    0    207         30         15 ]
           2       78286     330.379   4.230e-06   1.904e-07   6.873e-01   1.686e-03   2.223e-02  1.0000         731  [    0    208         30         16 ]
           2       78474     331.706   4.230e-06   1.904e-07   6.145e-01   1.686e-03   2.222e-02  1.0000         732  [    0    209         30         16 ]
           2       78763     332.989   4.230e-06   1.904e-07   6.873e-01   1.667e-03   2.215e-02  1.0000         751  [    1     27         60         17 ]
           2       78965     334.342   4.230e-06   1.904e-07   7.245e-01   1.665e-03   2.207e-02  1.0000         756  [    0    210         30         16 ]
           2       79173     335.696   4.230e-06   1.904e-07   6.767e-01   1.658e-03   2.195e-02  1.0000         765  [    0    211         30         17 ]
           2       79373     337.130   4.230e-06   1.904e-07   7.204e-01   1.646e-03   2.180e-02  1.0000         777  [    0    212         30         18 ]
           2       79565     338.405   4.230e-06   1.904e-07   6.119e-01   1.632e-03   2.142e-02  1.0000         784  [    0    213         30         18 ]
           2       79769     339.694   4.230e-06   1.904e-07   6.770e-01   1.631e-03   2.142e-02  1.0000         785  [    0    214         30         16 ]
           2       79968     341.107   4.230e-06   1.904e-07   7.215e-01   1.631e-03   2.141e-02  1.0000         787  [    0    215         30         18 ]
           2       80176     342.609   4.230e-06   1.904e-07   7.053e-01   1.630e-03   2.141e-02  1.0000         785  [    0    216         30         17 ]
           2       80385     343.924   4.230e-06   1.904e-07   6.096e-01   1.630e-03   2.127e-02  1.0000         790  [    0    217         30         17 ]
           2       80665     345.386   4.230e-06   1.904e-07   6.928e-01   1.629e-03   2.124e-02  1.0000         796  [    1     28         60         18 ]
           2       80863     346.867   4.230e-06   1.904e-07   7.203e-01   1.620e-03   2.115e-02  1.0000         802  [    0    218         30         18 ]
           2       81081     348.120   4.230e-06   1.904e-07   7.225e-01   1.614e-03   2.115e-02  1.0000         810  [    0    219         30         17 ]
           2       81297     349.701   4.230e-06   1.904e-07   6.118e-01   1.614e-03   2.098e-02  1.0000         814  [    0    220         30         18 ]
           2       81499     351.270   4.230e-06   1.904e-07   7.240e-01   1.614e-03   2.098e-02  1.0000         819  [    0    221         30         17 ]
           2       81717     352.821   4.230e-06   1.904e-07   7.078e-01   1.605e-03   2.082e-02  1.0000         824  [    0    222         30         18 ]
           2       81919     354.143   4.230e-06   1.904e-07   7.076e-01   1.605e-03   2.082e-02  1.0000         828  [    0    223         30         18 ]
           2       82137     355.561   4.230e-06   1.904e-07   7.291e-01   1.605e-03   2.077e-02  1.0000         810  [    0    224         30         17 ]
           2       82349     357.109   4.230e-06   1.904e-07   6.695e-01   1.581e-03   2.076e-02  1.0000         815  [    0    225         30         17 ]
           2       82639     358.612   4.230e-06   1.904e-07   7.229e-01   1.570e-03   2.070e-02  1.0000         817  [    1     29         60         18 ]
           2       82856     360.247   4.230e-06   1.904e-07   7.287e-01   1.560e-03   2.065e-02  1.0000         812  [    0    226         30         17 ]
           2       83077     361.749   4.230e-06   1.904e-07   6.751e-01   1.557e-03   2.063e-02  1.0000         819  [    0    227         30         17 ]
           2       83282     363.139   4.230e-06   1.904e-07   7.279e-01   1.557e-03   2.062e-02  1.0000         826  [    0    228         30         17 ]
           2       83485     364.419   4.230e-06   1.904e-07   6.741e-01   1.530e-03   2.040e-02  1.0000         833  [    0    229         30         17 ]
           2       83688     365.986   4.230e-06   1.904e-07   6.176e-01   1.530e-03   2.040e-02  1.0000         834  [    0    230         30         18 ]
           2       83897     367.417   4.230e-06   1.904e-07   6.219e-01   1.528e-03   2.039e-02  1.0000         837  [    0    231         30         18 ]
           2       84113     368.962   4.230e-06   1.904e-07   7.216e-01   1.527e-03   2.039e-02  1.0000         841  [    0    232         30         21 ]
           2       84337     370.529   4.230e-06   1.904e-07   7.321e-01   1.489e-03   2.029e-02  1.0000         850  [    0    233         30         22 ]
           2       84666     371.905   4.230e-06   1.904e-07   7.388e-01   1.474e-03   2.015e-02  1.0000         849  [    1     30         60         18 ]
           2       84882     373.268   4.230e-06   1.904e-07   7.257e-01   1.472e-03   2.015e-02  1.0000         857  [    0    234         30         18 ]
           2       85094     374.846   4.230e-06   1.904e-07   7.313e-01   1.472e-03   2.015e-02  1.0000         854  [    0    235         30         19 ]
           2       85305     376.450   4.230e-06   1.904e-07   7.373e-01   1.467e-03   1.995e-02  1.0000         859  [    0    236         30         18 ]
           2       85509     377.907   4.230e-06   1.904e-07   6.476e-01   1.465e-03   1.992e-02  1.0000         863  [    0    237         30         18 ]
           2       85728     379.601   4.230e-06   1.904e-07   6.941e-01   1.444e-03   1.973e-02  1.0000         877  [    0    238         30         19 ]
           2       85963     381.325   4.230e-06   1.904e-07   6.950e-01   1.418e-03   1.940e-02  1.0000         892  [    0    239         30         20 ]
           2       86176     383.011   4.230e-06   1.904e-07   7.453e-01   1.417e-03   1.938e-02  1.0000         898  [    0    240         30         18 ]
           2       86387     384.679   4.230e-06   1.904e-07   7.340e-01   1.409e-03   1.936e-02  1.0000         907  [    0    241         30         18 ]
           2       86662     386.453   4.230e-06   1.904e-07   6.603e-01   1.406e-03   1.938e-02  1.0000         918  [    1     31         60         18 ]
           2       86872     388.271   4.230e-06   1.904e-07   6.225e-01   1.406e-03   1.938e-02  1.0000         920  [    0    242         30         18 ]
           2       87079     389.883   4.230e-06   1.904e-07   6.916e-01   1.406e-03   1.938e-02  1.0000         918  [    0    243         30         18 ]
           2       87301     391.556   4.230e-06   1.904e-07   7.569e-01   1.406e-03   1.936e-02  1.0000         884  [    0    244         30         16 ]
           2       87495     393.260   4.230e-06   1.904e-07   7.133e-01   1.402e-03   1.936e-02  1.0000         883  [    0    245         30         16 ]
           2       87704     395.007   4.230e-06   1.904e-07   7.577e-01   1.398e-03   1.936e-02  1.0000         884  [    0    246         30         16 ]
           2       87904     396.754   4.230e-06   1.904e-07   7.502e-01   1.394e-03   1.929e-02  1.0000         889  [    0    247         30         16 ]
           2       88104     398.424   4.230e-06   1.904e-07   7.497e-01   1.393e-03   1.929e-02  1.0000         894  [    0    248         30         16 ]
           2       88310     400.193   4.230e-06   1.904e-07   7.314e-01   1.392e-03   1.917e-02  1.0000         871  [    0    249         30         15 ]
           2       88574     401.602   4.230e-06   1.904e-07   7.782e-01   1.383e-03   1.905e-02  1.0000         877  [    1     32         60         13 ]
           2       88760     403.247   4.230e-06   1.904e-07   7.782e-01   1.373e-03   1.905e-02  1.0000         876  [    0    250         30         13 ]
           2       88958     404.864   4.230e-06   1.904e-07   7.775e-01   1.368e-03   1.904e-02  1.0000         882  [    0    251         30         14 ]
           2       89145     406.055   4.230e-06   1.904e-07   7.781e-01   1.332e-03   1.881e-02  1.0000         888  [    0    252         30         12 ]
           2       89331     407.727   4.230e-06   1.904e-07   7.762e-01   1.321e-03   1.845e-02  1.0000         889  [    0    253         30         11 ]
           2       89499     409.414   4.230e-06   1.904e-07   7.694e-01   1.316e-03   1.848e-02  1.0000         890  [    0    254         30         12 ]
           2       89669     410.958   4.230e-06   1.904e-07   8.092e-01   1.314e-03   1.848e-02  1.0000         878  [    0    255         30         11 ]
           2       89843     412.421   4.230e-06   1.904e-07   8.075e-01   1.314e-03   1.848e-02  1.0000         876  [    0    256         30         12 ]
           2       90015     414.036   4.230e-06   1.904e-07   8.056e-01   1.313e-03   1.848e-02  1.0000         877  [    0    257         30         12 ]
           2       90257     415.388   4.230e-06   1.904e-07   8.055e-01   1.302e-03   1.839e-02  1.0000         891  [    1     33         60         13 ]
           2       90642     416.766   4.230e-06   1.904e-07   7.961e-01   1.285e-03   1.779e-02  1.0000         915  [    2      5        120         14 ]
           2       90832     418.433   4.230e-06   1.904e-07   7.953e-01   1.275e-03   1.776e-02  1.0000         922  [    0    258         30         15 ]
           2       91020     420.013   4.230e-06   1.904e-07   7.918e-01   1.269e-03   1.756e-02  1.0000         935  [    0    259         30         15 ]
           2       91231     421.584   4.230e-06   1.904e-07   6.685e-01   1.269e-03   1.756e-02  1.0000         948  [    0    260         30         16 ]
           2       91436     422.901   4.230e-06   1.904e-07   7.338e-01   1.266e-03   1.742e-02  1.0000         953  [    0    261         30         17 ]
           2       91630     424.667   4.230e-06   1.904e-07   7.940e-01   1.245e-03   1.722e-02  1.0000         922  [    0    262         30         14 ]
           2       91810     425.957   4.230e-06   1.904e-07   7.604e-01   1.229e-03   1.716e-02  1.0000         929  [    0    263         30         14 ]
           2       91983     427.715   4.230e-06   1.904e-07   7.885e-01   1.228e-03   1.713e-02  1.0000         938  [    0    264         30         14 ]
           2       92180     429.473   4.230e-06   1.904e-07   6.748e-01   1.221e-03   1.713e-02  1.0000         954  [    0    265         30         14 ]
           2       92426     431.068   4.230e-06   1.904e-07   7.868e-01   1.220e-03   1.711e-02  1.0000         953  [    1     34         60         14 ]
           2       92592     432.786   4.230e-06   1.904e-07   7.675e-01   1.219e-03   1.701e-02  1.0000         953  [    0    266         30         14 ]
           2       92782     434.615   4.230e-06   1.904e-07   7.724e-01   1.217e-03   1.696e-02  1.0000         960  [    0    267         30         14 ]
           2       92966     436.225   4.230e-06   1.904e-07   7.695e-01   1.217e-03   1.696e-02  1.0000         964  [    0    268         30         15 ]
           2       93156     437.879   4.230e-06   1.904e-07   7.842e-01   1.217e-03   1.696e-02  1.0000         966  [    0    269         30         15 ]
           2       93345     439.653   4.230e-06   1.904e-07   6.725e-01   1.214e-03   1.694e-02  1.0000         970  [    0    270         30         15 ]
           2       93542     441.456   4.230e-06   1.904e-07   6.827e-01   1.214e-03   1.694e-02  1.0000         973  [    0    271         30         16 ]
           2       93732     443.367   4.230e-06   1.904e-07   7.921e-01   1.202e-03   1.694e-02  1.0000         959  [    0    272         30         15 ]
           2       93920     445.149   4.230e-06   1.904e-07   7.739e-01   1.200e-03   1.693e-02  1.0000         965  [    0    273         30         15 ]
           2       94159     447.022   4.230e-06   1.904e-07   8.138e-01   1.190e-03   1.692e-02  1.0000         954  [    1     35         60         15 ]
           2       94334     448.736   4.230e-06   1.904e-07   8.024e-01   1.188e-03   1.691e-02  1.0000         965  [    0    274         30         16 ]
           2       94523     450.517   4.230e-06   1.904e-07   7.826e-01   1.188e-03   1.690e-02  1.0000         973  [    0    275         30         13 ]
           2       94701     451.829   4.230e-06   1.904e-07   6.955e-01   1.188e-03   1.674e-02  1.0000         982  [    0    276         30         15 ]
           2       94898     453.277   4.230e-06   1.904e-07   6.732e-01   1.186e-03   1.670e-02  1.0000         987  [    0    277         30         16 ]
           2       95078     455.047   4.230e-06   1.904e-07   6.921e-01   1.182e-03   1.652e-02  1.0000         997  [    0    278         30         15 ]
           2       95243     456.917   4.230e-06   1.904e-07   6.904e-01   1.182e-03   1.645e-02  1.0000        1008  [    0    279         30         15 ]
           2       95421     458.591   4.230e-06   1.904e-07   7.724e-01   1.181e-03   1.645e-02  1.0000        1015  [    0    280         30         16 ]
           2       95601     460.075   4.230e-06   1.904e-07   7.011e-01   1.180e-03   1.645e-02  1.0000        1000  [    0    281         30         15 ]
           2       95858     461.842   4.230e-06   1.904e-07   7.524e-01   1.180e-03   1.643e-02  1.0000        1008  [    1     36         60         16 ]
           2       96051     463.707   4.230e-06   1.904e-07   7.840e-01   1.180e-03   1.643e-02  1.0000        1009  [    0    282         30         16 ]
           2       96230     465.590   4.230e-06   1.904e-07   7.781e-01   1.180e-03   1.643e-02  1.0000        1017  [    0    283         30         18 ]
           2       96424     467.575   4.230e-06   1.904e-07   7.439e-01   1.180e-03   1.627e-02  1.0000        1017  [    0    284         30         19 ]
           2       96623     469.431   4.230e-06   1.904e-07   6.795e-01   1.177e-03   1.621e-02  1.0000        1024  [    0    285         30         19 ]
           2       96831     470.739   4.230e-06   1.904e-07   6.978e-01   1.176e-03   1.621e-02  1.0000        1004  [    0    286         30         19 ]
           2       97037     472.067   4.230e-06   1.904e-07   7.121e-01   1.176e-03   1.621e-02  1.0000        1001  [    0    287         30         19 ]
           2       97231     473.403   4.230e-06   1.904e-07   7.117e-01   1.173e-03   1.614e-02  1.0000        1007  [    0    288         30         19 ]
           2       97441     474.682   4.230e-06   1.904e-07   7.986e-01   1.142e-03   1.597e-02  1.0000        1008  [    0    289         30         17 ]
           2       97710     476.646   4.230e-06   1.904e-07   7.956e-01   1.142e-03   1.595e-02  1.0000        1011  [    1     37         60         16 ]
           2       97908     478.549   4.230e-06   1.904e-07   7.816e-01   1.142e-03   1.595e-02  1.0000        1013  [    0    290         30         16 ]
           2       98104     480.524   4.230e-06   1.904e-07   7.961e-01   1.137e-03   1.588e-02  1.0000        1015  [    0    291         30         15 ]
           2       98295     482.401   4.230e-06   1.904e-07   7.393e-01   1.137e-03   1.580e-02  1.0000        1019  [    0    292         30         15 ]
           2       98488     484.338   4.230e-06   1.904e-07   7.818e-01   1.118e-03   1.570e-02  1.0000        1038  [    0    293         30         17 ]
           2       98685     486.348   4.230e-06   1.904e-07   7.465e-01   1.118e-03   1.570e-02  1.0000        1042  [    0    294         30         17 ]
           2       98886     488.450   4.230e-06   1.904e-07   6.653e-01   1.118e-03   1.570e-02  1.0000        1045  [    0    295         30         18 ]
           2       99094     490.477   4.230e-06   1.904e-07   6.658e-01   1.108e-03   1.562e-02  1.0000        1052  [    0    296         30         18 ]
           2       99313     492.282   4.230e-06   1.904e-07   7.758e-01   1.108e-03   1.561e-02  1.0000        1055  [    0    297         30         18 ]
           2       99599     494.069   4.230e-06   1.904e-07   7.443e-01   1.099e-03   1.556e-02  1.0000        1059  [    1     38         60         18 ]
           2       99804     495.786   4.230e-06   1.904e-07   7.847e-01   1.099e-03   1.558e-02  1.0000        1042  [    0    298         30         19 ]
           3      100007     497.868   4.230e-06   1.904e-07   6.746e-01   1.099e-03   1.558e-02  1.0000        1047  [    2      5        120         14 ]
