# Generation  Evaluations  Time (s)  Best_obj[0]  Best_obj[1]  Hypervol.   IGD         IGDX        SR    Appr.set  [ Pop.index  Subgen.  Pop.size  Subpops ]
           0         114       2.467   5.382e-03   3.002e-02   5.424e-01   8.289e-02   2.537e-01  0.0000          34  [    0      1         30         11 ]
           0         224       2.548   4.254e-03   3.002e-02   5.844e-01   5.629e-02   2.369e-01  0.0000          53  [    0      2         30         13 ]
           0         355       2.632   4.254e-03   2.493e-04   6.005e-01   4.861e-02   2.041e-01  0.0000          77  [    0      3         30         17 ]
           0         515       2.683   2.790e-04   2.493e-04   6.023e-01   4.450e-02   1.981e-01  0.0000          92  [    0      4         30         20 ]
           0         689       2.746   2.790e-04   1.286e-04   3.646e-01   3.298e-02   1.799e-01  0.0000         107  [    0      5         30         21 ]
           0         871       2.914   2.790e-04   1.286e-04   3.840e-01   2.974e-02   1.542e-01  0.0000         132  [    0      6         30         22 ]
           0        1061       3.120   2.790e-04   1.286e-04   4.599e-01   1.934e-02   1.211e-01  0.0000         156  [    0      7         30         26 ]
           0        1280       3.222   2.790e-04   1.286e-04   5.241e-01   1.709e-02   1.042e-01  0.0000         183  [    0      8         30         27 ]
           1        1838       3.346   2.790e-04   1.286e-04   5.892e-01   1.166e-02   7.890e-02  0.0000         338  [    1      1         60         33 ]
           1        2117       3.622   2.790e-04   1.286e-04   4.805e-01   1.071e-02   7.492e-02  0.0000         350  [    0      9         30         36 ]
           1        2461       4.033   2.790e-04   1.286e-04   4.479e-01   9.831e-03   7.217e-02  0.0000         407  [    1      2         60         39 ]
           1        2748       4.526   2.790e-04   1.286e-04   5.768e-01   7.831e-03   6.834e-02  0.5000         416  [    0     10         30         36 ]
           1        3022       4.965   2.790e-04   1.286e-04   5.890e-01   6.922e-03   6.747e-02  0.5000         427  [    0     11         30         38 ]
           1        3307       5.320   2.790e-04   1.286e-04   4.890e-01   6.518e-03   6.618e-02  0.5000         418  [    0     12         30         38 ]
           1        3596       5.773   2.790e-04   1.286e-04   5.862e-01   6.184e-03   6.375e-02  0.5000         431  [    0     13         30         39 ]
           1        3893       6.068   2.790e-04   1.286e-04   4.752e-01   5.956e-03   6.390e-02  0.5000         444  [    0     14         30         40 ]
           1        4198       6.457   2.790e-04   1.286e-04   4.786e-01   5.724e-03   5.880e-02  0.5000         454  [    0     15         30         42 ]
           1        4522       6.903   2.790e-04   1.286e-04   5.463e-01   5.708e-03   5.158e-02  0.5000         471  [    0     16         30         43 ]
           1        4847       7.471   2.790e-04   1.286e-04   4.691e-01   5.573e-03   5.022e-02  0.5000         489  [    0     17         30         43 ]
           1        5244       7.937   2.790e-04   1.286e-04   5.473e-01   5.427e-03   4.847e-02  0.5000         518  [    1      3         60         44 ]
           1        5583       8.355   2.790e-04   1.286e-04   5.464e-01   5.425e-03   4.823e-02  0.5000         535  [    0     18         30         45 ]
           1        5923       8.845   2.790e-04   1.286e-04   5.571e-01   4.871e-03   4.615e-02  0.5000         547  [    0     19         30         42 ]
           1        6268       9.397   2.790e-04   1.286e-04   5.884e-01   4.812e-03   4.551e-02  0.5000         563  [    0     20         30         44 ]
           1        6614       9.912   2.790e-04   1.286e-04   5.588e-01   4.672e-03   4.446e-02  0.5000         576  [    0     21         30         48 ]
           1        6969      10.343   2.790e-04   1.286e-04   5.608e-01   4.142e-03   4.366e-02  0.5000         579  [    0     22         30         45 ]
           1        7307      10.806   2.790e-04   5.999e-06   6.063e-01   4.077e-03   4.282e-02  0.5000         597  [    0     23         30         46 ]
           1        7659      11.273   2.790e-04   5.999e-06   6.024e-01   4.070e-03   4.233e-02  0.5000         610  [    0     24         30         47 ]
           1        8000      11.703   2.790e-04   5.999e-06   6.095e-01   4.037e-03   4.189e-02  0.5000         624  [    0     25         30         48 ]
           1        8426      12.595   1.196e-04   5.999e-06   5.906e-01   3.945e-03   3.810e-02  1.0000         632  [    1      4         60         48 ]
           1        8791      13.229   1.196e-04   5.999e-06   6.096e-01   3.805e-03   3.754e-02  1.0000         643  [    0     26         30         49 ]
           1        9159      13.930   1.196e-04   5.999e-06   6.247e-01   3.609e-03   3.645e-02  1.0000         661  [    0     27         30         47 ]
           1        9510      14.486   1.196e-04   5.999e-06   5.264e-01   3.564e-03   3.593e-02  1.0000         686  [    0     28         30         49 ]
           1        9871      15.133   1.196e-04   5.999e-06   6.005e-01   3.472e-03   3.458e-02  1.0000         703  [    0     29         30         50 ]
           1       10253      15.801   1.196e-04   5.999e-06   6.052e-01   3.236e-03   3.444e-02  1.0000         711  [    0     30         30         49 ]
           1       10629      16.593   1.196e-04   5.999e-06   6.248e-01   3.058e-03   3.442e-02  1.0000         698  [    0     31         30         48 ]
           1       10983      17.262   1.196e-04   5.999e-06   6.666e-01   3.010e-03   3.380e-02  1.0000         694  [    0     32         30         46 ]
           1       11327      17.890   1.196e-04   5.999e-06   6.692e-01   2.937e-03   3.364e-02  1.0000         707  [    0     33         30         46 ]
           1       11767      18.741   1.196e-04   5.999e-06   6.691e-01   2.753e-03   3.222e-02  1.0000         743  [    1      5         60         53 ]
           1       12154      19.310   1.196e-04   5.999e-06   6.832e-01   2.685e-03   3.035e-02  1.0000         735  [    0     34         30         52 ]
           1       12551      19.957   1.196e-04   5.999e-06   6.027e-01   2.608e-03   3.015e-02  1.0000         738  [    0     35         30         51 ]
           1       12925      20.681   1.196e-04   5.999e-06   6.862e-01   2.567e-03   2.951e-02  1.0000         739  [    0     36         30         50 ]
           1       13295      21.422   1.196e-04   5.999e-06   5.787e-01   2.565e-03   2.917e-02  1.0000         747  [    0     37         30         49 ]
           1       13669      22.019   1.196e-04   5.999e-06   6.824e-01   2.489e-03   2.864e-02  1.0000         765  [    0     38         30         49 ]
           1       14046      22.641   1.196e-04   5.999e-06   5.975e-01   2.489e-03   2.871e-02  1.0000         754  [    0     39         30         48 ]
           1       14410      23.341   1.196e-04   5.999e-06   6.879e-01   2.333e-03   2.861e-02  1.0000         756  [    0     40         30         48 ]
           1       14764      23.965   1.196e-04   5.999e-06   5.987e-01   2.299e-03   2.848e-02  1.0000         765  [    0     41         30         47 ]
           1       15185      24.573   1.196e-04   5.999e-06   6.060e-01   2.297e-03   2.833e-02  1.0000         762  [    1      6         60         46 ]
           1       15513      25.192   1.196e-04   5.999e-06   6.093e-01   2.297e-03   2.807e-02  1.0000         765  [    0     42         30         45 ]
           1       15868      25.745   1.196e-04   5.999e-06   5.998e-01   2.290e-03   2.816e-02  1.0000         760  [    0     43         30         46 ]
           1       16236      26.287   1.196e-04   5.999e-06   6.886e-01   2.269e-03   2.798e-02  1.0000         758  [    0     44         30         47 ]
           1       16585      26.865   1.196e-04   5.999e-06   6.883e-01   2.257e-03   2.782e-02  1.0000         758  [    0     45         30         46 ]
           1       16939      27.490   1.196e-04   5.999e-06   5.826e-01   2.195e-03   2.746e-02  1.0000         763  [    0     46         30         44 ]
           1       17280      28.146   1.196e-04   5.999e-06   6.946e-01   2.185e-03   2.732e-02  1.0000         770  [    0     47         30         42 ]
           1       17607      28.872   1.196e-04   5.999e-06   6.475e-01   2.181e-03   2.726e-02  1.0000         782  [    0     48         30         42 ]
           1       17942      29.491   1.196e-04   5.999e-06   6.472e-01   2.136e-03   2.701e-02  1.0000         792  [    0     49         30         42 ]
           1       18336      30.273   1.196e-04   5.999e-06   6.265e-01   2.035e-03   2.652e-02  1.0000         778  [    1      7         60         44 ]
           1       18685      30.870   1.196e-04   5.999e-06   6.160e-01   2.033e-03   2.626e-02  1.0000         784  [    0     50         30         45 ]
           1       19036      31.484   1.196e-04   5.999e-06   6.677e-01   2.022e-03   2.580e-02  1.0000         779  [    0     51         30         46 ]
           1       19392      32.212   1.196e-04   5.999e-06   6.910e-01   2.016e-03   2.585e-02  1.0000         781  [    0     52         30         45 ]
           1       19740      32.863   8.310e-05   5.999e-06   6.712e-01   2.003e-03   2.568e-02  1.0000         794  [    0     53         30         44 ]
           1       20086      33.678   8.310e-05   5.999e-06   6.229e-01   1.987e-03   2.567e-02  1.0000         797  [    0     54         30         44 ]
           1       20422      34.345   8.310e-05   5.999e-06   6.342e-01   1.980e-03   2.548e-02  1.0000         809  [    0     55         30         44 ]
           1       20757      35.181   8.310e-05   5.999e-06   7.121e-01   1.966e-03   2.552e-02  1.0000         792  [    0     56         30         43 ]
           1       21098      35.844   8.310e-05   5.999e-06   7.107e-01   1.966e-03   2.545e-02  1.0000         800  [    0     57         30         42 ]
           1       21492      36.857   8.310e-05   5.999e-06   6.961e-01   1.941e-03   2.528e-02  1.0000         826  [    1      8         60         44 ]
           1       21837      37.492   8.310e-05   5.999e-06   7.008e-01   1.890e-03   2.340e-02  1.0000         799  [    0     58         30         42 ]
           1       22174      38.241   8.310e-05   5.999e-06   7.281e-01   1.854e-03   2.367e-02  1.0000         801  [    0     59         30         39 ]
           1       22490      39.035   8.310e-05   5.999e-06   7.269e-01   1.847e-03   2.353e-02  1.0000         811  [    0     60         30         38 ]
           1       22803      39.906   8.310e-05   5.999e-06   7.074e-01   1.837e-03   2.333e-02  1.0000         818  [    0     61         30         41 ]
           1       23124      40.778   8.310e-05   5.999e-06   7.229e-01   1.837e-03   2.308e-02  1.0000         826  [    0     62         30         42 ]
           1       23441      41.473   8.310e-05   5.999e-06   7.052e-01   1.772e-03   2.264e-02  1.0000         834  [    0     63         30         41 ]
           1       23780      42.165   8.310e-05   5.999e-06   7.198e-01   1.754e-03   2.238e-02  1.0000         826  [    0     64         30         37 ]
           2       25540      43.143   4.364e-05   5.999e-06   6.314e-01   2.099e-03   2.747e-02  1.0000         744  [    2      1        120         42 ]
           2       25929      43.712   4.364e-05   5.999e-06   5.228e-01   2.110e-03   2.749e-02  1.0000         729  [    0     65         30         43 ]
           2       26375      44.238   4.364e-05   5.999e-06   6.426e-01   2.072e-03   2.650e-02  1.0000         737  [    1      9         60         44 ]
           2       26938      44.812   4.364e-05   5.999e-06   6.165e-01   1.925e-03   2.576e-02  1.0000         826  [    2      2        120         44 ]
           2       27299      45.451   4.364e-05   5.999e-06   6.232e-01   1.923e-03   2.594e-02  1.0000         832  [    0     66         30         43 ]
           2       27667      46.341   4.364e-05   5.999e-06   5.136e-01   1.900e-03   2.589e-02  1.0000         841  [    0     67         30         43 ]
           2       28037      47.116   4.364e-05   5.999e-06   5.853e-01   1.889e-03   2.576e-02  1.0000         865  [    0     68         30         44 ]
           2       28432      47.916   4.364e-05   5.999e-06   5.270e-01   1.862e-03   2.444e-02  1.0000         893  [    0     69         30         45 ]
           2       28823      48.718   4.364e-05   5.999e-06   6.012e-01   1.845e-03   2.433e-02  1.0000         909  [    0     70         30         43 ]
           2       29198      49.401   4.364e-05   5.999e-06   5.306e-01   1.843e-03   2.394e-02  1.0000         927  [    0     71         30         43 ]
           2       29574      50.196   4.364e-05   5.999e-06   5.201e-01   1.843e-03   2.383e-02  1.0000         947  [    0     72         30         43 ]
           2       29960      50.938   4.364e-05   5.999e-06   5.951e-01   1.825e-03   2.311e-02  1.0000         957  [    0     73         30         43 ]
           2       30424      51.663   4.364e-05   5.999e-06   5.854e-01   1.813e-03   2.269e-02  1.0000         988  [    1     10         60         44 ]
           2       30811      52.434   4.364e-05   5.999e-06   5.908e-01   1.799e-03   2.266e-02  1.0000         995  [    0     74         30         43 ]
           2       31191      53.330   4.364e-05   5.999e-06   5.856e-01   1.792e-03   2.224e-02  1.0000        1000  [    0     75         30         43 ]
           2       31597      54.750   4.364e-05   5.999e-06   6.284e-01   1.778e-03   2.204e-02  1.0000         962  [    0     76         30         43 ]
           2       31989      55.578   4.364e-05   5.999e-06   5.337e-01   1.778e-03   2.178e-02  1.0000         969  [    0     77         30         44 ]
           2       32368      56.450   4.364e-05   5.999e-06   6.085e-01   1.767e-03   2.162e-02  1.0000         971  [    0     78         30         41 ]
           2       32732      57.383   4.364e-05   5.999e-06   6.205e-01   1.760e-03   2.156e-02  1.0000         970  [    0     79         30         41 ]
           2       33096      58.241   4.364e-05   5.999e-06   5.453e-01   1.740e-03   2.145e-02  1.0000         972  [    0     80         30         41 ]
           2       33470      59.083   4.364e-05   5.999e-06   5.231e-01   1.733e-03   2.144e-02  1.0000         962  [    0     81         30         40 ]
           2       33916      60.141   4.364e-05   5.999e-06   6.150e-01   1.732e-03   2.137e-02  1.0000         963  [    1     11         60         44 ]
           2       34300      60.888   4.364e-05   5.999e-06   6.284e-01   1.726e-03   2.133e-02  1.0000         976  [    0     82         30         44 ]
           2       34679      61.626   4.364e-05   5.999e-06   6.304e-01   1.713e-03   2.124e-02  1.0000         990  [    0     83         30         45 ]
           2       35058      62.429   4.364e-05   5.999e-06   6.359e-01   1.687e-03   2.114e-02  1.0000         991  [    0     84         30         44 ]
           2       35428      63.253   4.364e-05   5.999e-06   6.371e-01   1.683e-03   2.114e-02  1.0000        1001  [    0     85         30         44 ]
           2       35795      64.173   4.364e-05   5.999e-06   5.544e-01   1.676e-03   2.104e-02  1.0000        1006  [    0     86         30         44 ]
           2       36169      64.948   4.364e-05   5.999e-06   6.536e-01   1.659e-03   2.089e-02  1.0000         998  [    0     87         30         42 ]
           2       36529      65.779   4.364e-05   5.999e-06   5.566e-01   1.659e-03   2.089e-02  1.0000        1007  [    0     88         30         42 ]
           2       36903      66.615   4.364e-05   5.999e-06   6.626e-01   1.656e-03   2.085e-02  1.0000        1002  [    0     89         30         41 ]
           2       37317      67.390   4.364e-05   5.999e-06   6.574e-01   1.635e-03   2.055e-02  1.0000        1018  [    1     12         60         39 ]
           2       37670      68.252   4.364e-05   5.999e-06   6.451e-01   1.634e-03   2.044e-02  1.0000        1029  [    0     90         30         41 ]
           2       38021      69.657   4.364e-05   5.999e-06   6.393e-01   1.625e-03   2.034e-02  1.0000        1035  [    0     91         30         41 ]
           2       38376      70.653   4.364e-05   5.999e-06   5.306e-01   1.624e-03   2.030e-02  1.0000        1034  [    0     92         30         41 ]
           2       38725      72.025   4.364e-05   5.999e-06   5.305e-01   1.624e-03   2.017e-02  1.0000        1041  [    0     93         30         40 ]
           2       39065      73.112   4.364e-05   5.999e-06   6.459e-01   1.623e-03   1.987e-02  1.0000        1047  [    0     94         30         41 ]
           2       39422      74.208   4.364e-05   5.999e-06   5.349e-01   1.623e-03   1.985e-02  1.0000        1051  [    0     95         30         41 ]
           2       39765      75.105   4.364e-05   5.999e-06   6.281e-01   1.620e-03   1.981e-02  1.0000        1061  [    0     96         30         41 ]
           2       40128      75.909   4.364e-05   5.999e-06   6.513e-01   1.597e-03   1.973e-02  1.0000        1064  [    0     97         30         40 ]
           2       40525      76.886   4.364e-05   5.999e-06   5.403e-01   1.593e-03   1.953e-02  1.0000        1080  [    1     13         60         43 ]
           2       40881      77.751   4.364e-05   5.999e-06   6.108e-01   1.588e-03   1.931e-02  1.0000        1066  [    0     98         30         41 ]
           2       41232      78.900   4.364e-05   5.999e-06   6.095e-01   1.585e-03   1.918e-02  1.0000        1076  [    0     99         30         41 ]
           2       41597      79.816   4.364e-05   5.999e-06   5.341e-01   1.583e-03   1.914e-02  1.0000        1082  [    0    100         30         41 ]
           2       41959      81.068   4.364e-05   5.999e-06   6.427e-01   1.583e-03   1.920e-02  1.0000        1090  [    0    101         30         41 ]
           2       42326      82.403   4.364e-05   5.999e-06   6.376e-01   1.570e-03   1.933e-02  1.0000        1102  [    0    102         30         41 ]
           2       42679      83.699   4.364e-05   5.999e-06   6.357e-01   1.566e-03   1.935e-02  1.0000        1116  [    0    103         30         41 ]
           2       43038      84.877   4.364e-05   5.999e-06   6.143e-01   1.559e-03   1.935e-02  1.0000        1132  [    0    104         30         41 ]
           2       43401      85.889   4.364e-05   5.999e-06   5.247e-01   1.559e-03   1.935e-02  1.0000        1127  [    0    105         30         40 ]
           2       43827      86.788   4.364e-05   5.999e-06   6.293e-01   1.553e-03   1.907e-02  1.0000        1145  [    1     14         60         41 ]
           2       44189      87.724   4.364e-05   5.999e-06   6.223e-01   1.551e-03   1.900e-02  1.0000        1160  [    0    106         30         41 ]
           2       44537      88.636   4.364e-05   5.999e-06   6.330e-01   1.551e-03   1.900e-02  1.0000        1169  [    0    107         30         41 ]
           2       44887      89.688   4.364e-05   5.999e-06   5.566e-01   1.551e-03   1.900e-02  1.0000        1172  [    0    108         30         41 ]
           2       45250      90.756   4.364e-05   5.999e-06   5.557e-01   1.551e-03   1.898e-02  1.0000        1178  [    0    109         30         40 ]
           2       45609      91.902   4.364e-05   5.999e-06   6.070e-01   1.551e-03   1.895e-02  1.0000        1185  [    0    110         30         41 ]
           2       45961      92.970   4.364e-05   5.999e-06   5.505e-01   1.550e-03   1.894e-02  1.0000        1195  [    0    111         30         41 ]
           2       46311      94.266   4.364e-05   5.999e-06   5.510e-01   1.550e-03   1.894e-02  1.0000        1196  [    0    112         30         40 ]
           2       46680      95.347   4.364e-05   5.999e-06   5.496e-01   1.550e-03   1.894e-02  1.0000        1203  [    0    113         30         40 ]
           2       47119      96.633   4.364e-05   5.999e-06   5.516e-01   1.533e-03   1.880e-02  1.0000        1241  [    1     15         60         39 ]
           2       47476      97.644   4.364e-05   5.999e-06   6.105e-01   1.518e-03   1.886e-02  1.0000        1243  [    0    114         30         37 ]
           2       47826      98.709   4.364e-05   5.999e-06   5.148e-01   2.998e-03   3.245e-02  1.0000         744  [    0    115         30         37 ]
           2       48258      99.400   4.364e-05   5.999e-06   6.315e-01   3.045e-03   3.395e-02  1.0000         487  [    0    116         30         28 ]
           2       48567      99.857   4.364e-05   5.999e-06   5.499e-01   2.963e-03   3.350e-02  1.0000         461  [    0    117         30         27 ]
           2       48836     100.236   4.364e-05   5.999e-06   6.571e-01   2.936e-03   3.294e-02  1.0000         468  [    0    118         30         26 ]
           2       49094     100.653   4.364e-05   5.999e-06   6.530e-01   2.907e-03   3.243e-02  1.0000         486  [    0    119         30         27 ]
           2       49359     101.035   4.364e-05   5.999e-06   6.123e-01   2.902e-03   3.226e-02  1.0000         494  [    0    120         30         30 ]
           2       49650     101.522   4.364e-05   5.999e-06   5.417e-01   2.862e-03   3.157e-02  1.0000         500  [    0    121         30         29 ]
           2       49990     102.011   4.364e-05   5.999e-06   6.419e-01   2.824e-03   3.106e-02  1.0000         522  [    1     16         60         29 ]
           2       50265     102.419   4.364e-05   5.999e-06   5.319e-01   2.813e-03   3.091e-02  1.0000         528  [    0    122         30         30 ]
           2       50544     102.862   4.364e-05   5.999e-06   6.351e-01   2.810e-03   3.074e-02  1.0000         542  [    0    123         30         31 ]
           2       50829     103.317   4.364e-05   5.999e-06   5.365e-01   2.804e-03   3.059e-02  1.0000         548  [    0    124         30         33 ]
           2       51127     103.738   4.364e-05   5.999e-06   6.352e-01   2.802e-03   3.028e-02  1.0000         566  [    0    125         30         33 ]
           2       51437     104.259   4.364e-05   5.999e-06   5.253e-01   2.760e-03   2.991e-02  1.0000         570  [    0    126         30         34 ]
           2       51745     105.058   4.364e-05   5.999e-06   6.133e-01   2.745e-03   2.941e-02  1.0000         569  [    0    127         30         32 ]
           2       52041     105.602   4.364e-05   5.999e-06   5.384e-01   2.712e-03   2.934e-02  1.0000         566  [    0    128         30         31 ]
           2       52312     106.144   4.364e-05   5.999e-06   6.487e-01   2.712e-03   2.934e-02  1.0000         568  [    0    129         30         31 ]
           2       52668     106.612   4.364e-05   5.999e-06   5.525e-01   2.665e-03   2.905e-02  1.0000         579  [    1     17         60         32 ]
           2       53166     107.070   4.364e-05   5.999e-06   6.428e-01   2.471e-03   2.743e-02  1.0000         640  [    2      3        120         32 ]
           2       53471     107.580   4.364e-05   5.999e-06   6.443e-01   2.416e-03   2.749e-02  1.0000         626  [    0    130         30         31 ]
           2       53773     108.161   4.364e-05   5.999e-06   5.642e-01   2.351e-03   2.686e-02  1.0000         642  [    0    131         30         30 ]
           2       54061     108.717   4.364e-05   5.999e-06   6.601e-01   2.326e-03   2.665e-02  1.0000         649  [    0    132         30         30 ]
           2       54356     109.387   4.364e-05   5.999e-06   5.489e-01   2.326e-03   2.665e-02  1.0000         650  [    0    133         30         31 ]
           2       54648     109.891   4.364e-05   5.999e-06   5.564e-01   2.303e-03   2.646e-02  1.0000         658  [    0    134         30         31 ]
           2       54919     110.520   4.364e-05   5.999e-06   6.468e-01   2.302e-03   2.645e-02  1.0000         660  [    0    135         30         30 ]
           2       55199     111.134   4.364e-05   5.999e-06   6.576e-01   2.292e-03   2.647e-02  1.0000         665  [    0    136         30         29 ]
           2       55487     111.648   4.364e-05   5.999e-06   5.573e-01   2.275e-03   2.648e-02  1.0000         674  [    0    137         30         31 ]
           2       55841     112.285   4.364e-05   5.999e-06   5.654e-01   2.232e-03   2.585e-02  1.0000         703  [    1     18         60         32 ]
           2       56136     113.030   4.364e-05   5.999e-06   6.337e-01   2.213e-03   2.581e-02  1.0000         702  [    0    138         30         34 ]
           2       56442     113.598   4.364e-05   5.999e-06   5.683e-01   2.210e-03   2.586e-02  1.0000         702  [    0    139         30         35 ]
           2       56735     114.170   4.364e-05   5.999e-06   6.389e-01   2.208e-03   2.585e-02  1.0000         697  [    0    140         30         35 ]
           2       57044     114.713   4.364e-05   5.999e-06   6.662e-01   2.177e-03   2.600e-02  1.0000         690  [    0    141         30         32 ]
           2       57357     115.395   4.364e-05   5.999e-06   5.864e-01   2.140e-03   2.512e-02  1.0000         703  [    0    142         30         30 ]
           2       57642     116.016   4.364e-05   5.999e-06   5.799e-01   2.140e-03   2.510e-02  1.0000         709  [    0    143         30         31 ]
           2       57925     116.671   4.364e-05   5.999e-06   5.783e-01   2.139e-03   2.508e-02  1.0000         715  [    0    144         30         32 ]
           2       58215     117.253   4.364e-05   5.999e-06   6.594e-01   2.139e-03   2.506e-02  1.0000         723  [    0    145         30         33 ]
           2       58571     117.974   4.364e-05   5.999e-06   6.591e-01   2.125e-03   2.474e-02  1.0000         733  [    1     19         60         32 ]
           2       58858     118.939   4.364e-05   5.999e-06   6.597e-01   2.125e-03   2.473e-02  1.0000         734  [    0    146         30         32 ]
           2       59149     119.603   4.364e-05   5.999e-06   5.603e-01   2.125e-03   2.473e-02  1.0000         737  [    0    147         30         33 ]
           2       59442     120.158   4.364e-05   5.999e-06   6.541e-01   2.120e-03   2.436e-02  1.0000         745  [    0    148         30         32 ]
           2       59749     120.749   4.364e-05   5.999e-06   6.643e-01   2.114e-03   2.430e-02  1.0000         753  [    0    149         30         33 ]
           2       60050     121.336   4.364e-05   5.999e-06   6.517e-01   2.076e-03   2.356e-02  1.0000         768  [    0    150         30         32 ]
           2       60345     121.966   4.364e-05   5.999e-06   6.705e-01   2.076e-03   2.356e-02  1.0000         780  [    0    151         30         31 ]
           2       60621     122.598   4.364e-05   5.999e-06   6.684e-01   2.065e-03   2.342e-02  1.0000         793  [    0    152         30         29 ]
           2       60883     123.347   4.364e-05   5.999e-06   6.667e-01   2.043e-03   2.331e-02  1.0000         803  [    0    153         30         28 ]
           2       61251     124.114   4.364e-05   5.999e-06   6.371e-01   1.888e-03   2.274e-02  1.0000         804  [    1     20         60         28 ]
           2       61523     125.182   4.364e-05   5.999e-06   6.779e-01   1.878e-03   2.266e-02  1.0000         808  [    0    154         30         28 ]
           2       61806     125.846   4.364e-05   5.999e-06   6.578e-01   1.845e-03   2.233e-02  1.0000         822  [    0    155         30         27 ]
           2       62095     126.486   4.364e-05   5.999e-06   6.886e-01   1.841e-03   2.235e-02  1.0000         799  [    0    156         30         26 ]
           2       62373     127.095   4.364e-05   5.999e-06   5.735e-01   1.839e-03   2.230e-02  1.0000         808  [    0    157         30         27 ]
           2       62646     127.901   4.364e-05   5.999e-06   6.116e-01   1.814e-03   2.197e-02  1.0000         830  [    0    158         30         29 ]
           2       62932     128.881   4.364e-05   5.999e-06   6.795e-01   1.781e-03   2.160e-02  1.0000         816  [    0    159         30         29 ]
           2       63201     129.645   4.364e-05   5.999e-06   7.004e-01   1.781e-03   2.158e-02  1.0000         811  [    0    160         30         28 ]
           2       63479     130.438   4.364e-05   5.999e-06   6.771e-01   1.777e-03   2.151e-02  1.0000         823  [    0    161         30         28 ]
           2       63842     131.200   4.364e-05   5.999e-06   6.771e-01   1.777e-03   2.128e-02  1.0000         834  [    1     21         60         27 ]
           2       64118     131.964   4.364e-05   5.999e-06   5.866e-01   1.777e-03   2.128e-02  1.0000         840  [    0    162         30         28 ]
           2       64405     132.636   4.364e-05   5.999e-06   5.904e-01   1.777e-03   2.122e-02  1.0000         828  [    0    163         30         27 ]
           2       64682     133.298   4.364e-05   5.999e-06   7.042e-01   1.777e-03   2.122e-02  1.0000         829  [    0    164         30         26 ]
           2       64969     134.172   4.364e-05   5.999e-06   6.833e-01   1.767e-03   2.103e-02  1.0000         837  [    0    165         30         26 ]
           2       65251     134.878   4.364e-05   5.999e-06   5.925e-01   1.756e-03   2.102e-02  1.0000         849  [    0    166         30         26 ]
           2       65517     135.540   4.364e-05   5.999e-06   6.801e-01   1.754e-03   2.102e-02  1.0000         854  [    0    167         30         26 ]
           2       65800     136.206   4.364e-05   5.999e-06   7.031e-01   1.754e-03   2.096e-02  1.0000         855  [    0    168         30         26 ]
           2       66080     137.009   4.364e-05   5.999e-06   7.034e-01   1.749e-03   2.079e-02  1.0000         859  [    0    169         30         26 ]
           2       66423     138.245   4.364e-05   5.999e-06   6.818e-01   1.703e-03   2.037e-02  1.0000         855  [    1     22         60         26 ]
           2       66713     138.939   4.364e-05   5.999e-06   7.073e-01   1.689e-03   2.026e-02  1.0000         838  [    0    170         30         22 ]
           2       66963     139.770   4.364e-05   5.999e-06   7.040e-01   1.665e-03   2.024e-02  1.0000         850  [    0    171         30         22 ]
           2       67213     140.577   4.364e-05   5.999e-06   6.777e-01   1.665e-03   2.015e-02  1.0000         851  [    0    172         30         22 ]
           2       67473     141.308   4.364e-05   5.999e-06   6.752e-01   1.663e-03   2.008e-02  1.0000         853  [    0    173         30         22 ]
           2       67735     142.106   4.364e-05   5.999e-06   7.107e-01   1.655e-03   1.999e-02  1.0000         847  [    0    174         30         22 ]
           2       67985     142.744   4.364e-05   5.999e-06   7.090e-01   1.651e-03   1.999e-02  1.0000         845  [    0    175         30         23 ]
           2       68260     143.361   4.364e-05   5.999e-06   7.112e-01   1.637e-03   1.987e-02  1.0000         849  [    0    176         30         24 ]
           2       68537     144.074   4.364e-05   5.999e-06   7.124e-01   1.631e-03   1.974e-02  1.0000         856  [    0    177         30         24 ]
           2       68867     144.878   4.364e-05   5.999e-06   7.014e-01   1.612e-03   1.956e-02  1.0000         862  [    1     23         60         23 ]
           2       69131     145.721   4.364e-05   5.999e-06   7.083e-01   1.590e-03   1.933e-02  1.0000         859  [    0    178         30         24 ]
           2       69396     146.398   4.364e-05   5.999e-06   6.745e-01   1.585e-03   1.931e-02  1.0000         867  [    0    179         30         25 ]
           2       69670     147.200   4.364e-05   5.999e-06   7.331e-01   1.540e-03   1.899e-02  1.0000         869  [    0    180         30         24 ]
           2       69946     147.963   4.364e-05   5.999e-06   6.807e-01   1.531e-03   1.887e-02  1.0000         879  [    0    181         30         25 ]
           2       70227     148.659   4.364e-05   5.999e-06   6.387e-01   1.520e-03   1.860e-02  1.0000         890  [    0    182         30         25 ]
           2       70491     149.568   4.364e-05   5.999e-06   6.167e-01   1.520e-03   1.857e-02  1.0000         895  [    0    183         30         25 ]
           2       70771     150.413   4.364e-05   5.999e-06   7.302e-01   1.519e-03   1.847e-02  1.0000         893  [    0    184         30         24 ]
           2       71028     151.077   4.364e-05   5.999e-06   6.399e-01   1.519e-03   1.847e-02  1.0000         893  [    0    185         30         23 ]
           2       71356     151.946   4.364e-05   5.999e-06   7.371e-01   1.498e-03   1.832e-02  1.0000         893  [    1     24         60         23 ]
           2       71623     152.643   4.364e-05   5.999e-06   6.427e-01   1.487e-03   1.814e-02  1.0000         871  [    0    186         30         20 ]
           2       71875     153.338   4.364e-05   5.999e-06   6.719e-01   1.487e-03   1.814e-02  1.0000         875  [    0    187         30         22 ]
           2       72120     154.044   4.364e-05   5.999e-06   7.559e-01   1.470e-03   1.805e-02  1.0000         888  [    0    188         30         22 ]
           2       72362     154.743   4.364e-05   5.999e-06   7.507e-01   1.467e-03   1.788e-02  1.0000         897  [    0    189         30         21 ]
           2       72600     155.502   4.364e-05   5.999e-06   6.384e-01   1.467e-03   1.779e-02  1.0000         903  [    0    190         30         21 ]
           2       72831     156.411   4.364e-05   5.612e-08   7.501e-01   1.458e-03   1.778e-02  1.0000         915  [    0    191         30         21 ]
           2       73072     157.495   4.364e-05   5.612e-08   7.485e-01   1.435e-03   1.762e-02  1.0000         925  [    0    192         30         21 ]
           2       73315     158.259   4.364e-05   5.612e-08   6.311e-01   1.429e-03   1.758e-02  1.0000         933  [    0    193         30         23 ]
           2       73654     159.066   4.364e-05   5.612e-08   7.376e-01   1.424e-03   1.752e-02  1.0000         947  [    1     25         60         25 ]
           2       74139     159.810   4.364e-05   5.612e-08   6.115e-01   1.403e-03   1.733e-02  1.0000        1009  [    2      4        120         27 ]
           2       74428     160.659   4.364e-05   5.612e-08   7.233e-01   1.401e-03   1.737e-02  1.0000        1005  [    0    194         30         27 ]
           2       74692     161.448   4.364e-05   5.612e-08   7.238e-01   1.400e-03   1.723e-02  1.0000        1010  [    0    195         30         26 ]
           2       74961     162.235   4.364e-05   5.612e-08   7.334e-01   1.382e-03   1.698e-02  1.0000        1001  [    0    196         30         25 ]
           2       75202     163.459   4.364e-05   5.612e-08   6.091e-01   1.382e-03   1.698e-02  1.0000        1009  [    0    197         30         25 ]
           2       75455     164.354   4.364e-05   5.612e-08   7.159e-01   1.379e-03   1.697e-02  1.0000        1018  [    0    198         30         25 ]
           2       75707     165.164   4.364e-05   5.612e-08   7.151e-01   1.379e-03   1.697e-02  1.0000        1020  [    0    199         30         25 ]
           2       75967     166.611   4.364e-05   5.612e-08   6.020e-01   1.377e-03   1.695e-02  1.0000        1030  [    0    200         30         27 ]
           2       76229     167.597   4.364e-05   5.612e-08   6.409e-01   1.376e-03   1.685e-02  1.0000        1039  [    0    201         30         28 ]
           2       76565     168.410   4.364e-05   5.612e-08   7.185e-01   1.367e-03   1.682e-02  1.0000        1030  [    1     26         60         28 ]
           2       76831     169.193   4.364e-05   5.612e-08   7.170e-01   1.365e-03   1.673e-02  1.0000        1042  [    0    202         30         27 ]
           2       77091     170.090   4.364e-05   5.612e-08   7.156e-01   1.365e-03   1.671e-02  1.0000        1045  [    0    203         30         26 ]
           2       77359     170.934   4.364e-05   5.612e-08   7.194e-01   1.353e-03   1.664e-02  1.0000        1056  [    0    204         30         24 ]
           2       77624     171.824   4.364e-05   5.612e-08   6.287e-01   1.352e-03   1.662e-02  1.0000        1065  [    0    205         30         23 ]
           2       77868     172.738   4.364e-05   5.612e-08   6.972e-01   1.347e-03   1.661e-02  1.0000        1077  [    0    206         30         23 ]
           2       78106     173.653   4.364e-05   5.612e-08   6.958e-01   1.335e-03   1.658e-02  1.0000        1086  [    0    207         30         22 ]
           2       78341     174.580   4.364e-05   5.612e-08   6.277e-01   1.331e-03   1.652e-02  1.0000        1092  [    0    208         30         22 ]
           2       78588     175.437   4.364e-05   5.612e-08   6.300e-01   1.291e-03   1.638e-02  1.0000        1089  [    0    209         30         21 ]
           2       78920     176.317   4.364e-05   5.612e-08   7.166e-01   1.286e-03   1.628e-02  1.0000        1092  [    1     27         60         21 ]
           2       79160     177.252   4.364e-05   5.612e-08   6.976e-01   1.284e-03   1.627e-02  1.0000        1102  [    0    210         30         23 ]
           2       79414     178.410   4.364e-05   5.612e-08   7.185e-01   1.284e-03   1.627e-02  1.0000        1098  [    0    211         30         21 ]
           2       79650     179.703   4.364e-05   5.612e-08   7.062e-01   1.284e-03   1.623e-02  1.0000        1103  [    0    212         30         20 ]
           2       79904     180.751   4.364e-05   5.612e-08   7.224e-01   1.284e-03   1.622e-02  1.0000        1106  [    0    213         30         21 ]
           2       80149     181.734   4.364e-05   5.612e-08   6.322e-01   1.283e-03   1.622e-02  1.0000        1099  [    0    214         30         20 ]
           2       80391     182.982   4.364e-05   5.612e-08   7.270e-01   1.283e-03   1.622e-02  1.0000        1101  [    0    215         30         20 ]
           2       80634     184.329   4.364e-05   5.612e-08   6.710e-01   1.283e-03   1.623e-02  1.0000        1116  [    0    216         30         21 ]
           2       80878     185.369   4.364e-05   5.612e-08   7.114e-01   1.283e-03   1.623e-02  1.0000        1119  [    0    217         30         22 ]
           2       81210     186.718   4.364e-05   5.612e-08   6.746e-01   1.283e-03   1.623e-02  1.0000        1118  [    1     28         60         25 ]
           2       81486     187.695   4.364e-05   5.612e-08   6.078e-01   1.283e-03   1.621e-02  1.0000        1110  [    0    218         30         25 ]
           2       81745     188.864   4.364e-05   5.612e-08   6.075e-01   1.283e-03   1.609e-02  1.0000        1114  [    0    219         30         25 ]
           2       81992     189.875   4.364e-05   5.612e-08   7.010e-01   1.277e-03   1.608e-02  1.0000        1116  [    0    220         30         24 ]
           2       82248     190.797   4.364e-05   5.612e-08   7.247e-01   1.277e-03   1.604e-02  1.0000        1121  [    0    221         30         24 ]
           2       82490     191.750   4.364e-05   5.612e-08   6.603e-01   1.276e-03   1.604e-02  1.0000        1125  [    0    222         30         24 ]
           2       82734     192.727   4.364e-05   5.612e-08   7.040e-01   1.276e-03   1.603e-02  1.0000        1127  [    0    223         30         24 ]
           2       82993     194.117   4.364e-05   5.612e-08   6.232e-01   1.276e-03   1.603e-02  1.0000        1118  [    0    224         30         24 ]
           2       83234     195.007   4.364e-05   5.612e-08   6.458e-01   1.276e-03   1.603e-02  1.0000        1101  [    0    225         30         23 ]
           2       83545     196.071   4.364e-05   5.612e-08   7.457e-01   1.274e-03   1.602e-02  1.0000        1121  [    1     29         60         24 ]
           2       83781     197.082   4.364e-05   5.612e-08   7.308e-01   1.274e-03   1.601e-02  1.0000        1130  [    0    226         30         25 ]
           2       84038     198.192   4.364e-05   5.612e-08   6.286e-01   1.267e-03   1.594e-02  1.0000        1137  [    0    227         30         25 ]
           2       84294     199.114   4.364e-05   5.612e-08   7.315e-01   1.254e-03   1.579e-02  1.0000        1155  [    0    228         30         26 ]
           2       84551     200.617   4.364e-05   5.612e-08   6.947e-01   1.252e-03   1.579e-02  1.0000        1157  [    0    229         30         26 ]
           2       84800     201.562   4.364e-05   5.612e-08   6.172e-01   1.252e-03   1.578e-02  1.0000        1164  [    0    230         30         26 ]
           2       85052     202.805   4.364e-05   5.612e-08   7.020e-01   1.252e-03   1.578e-02  1.0000        1173  [    0    231         30         26 ]
           2       85312     203.806   4.364e-05   5.612e-08   7.229e-01   1.239e-03   1.575e-02  1.0000        1182  [    0    232         30         25 ]
           2       85561     204.832   4.364e-05   5.612e-08   7.194e-01   1.236e-03   1.564e-02  1.0000        1195  [    0    233         30         25 ]
           2       85892     205.784   4.364e-05   5.612e-08   6.935e-01   1.224e-03   1.555e-02  1.0000        1204  [    1     30         60         25 ]
           2       86144     207.002   4.364e-05   5.612e-08   6.075e-01   1.223e-03   1.555e-02  1.0000        1207  [    0    234         30         26 ]
           2       86417     208.163   4.364e-05   5.612e-08   7.170e-01   1.193e-03   1.518e-02  1.0000        1220  [    0    235         30         26 ]
           2       86667     209.534   4.364e-05   5.612e-08   6.106e-01   1.159e-03   1.488e-02  1.0000        1231  [    0    236         30         25 ]
           2       86925     210.630   4.364e-05   5.612e-08   7.210e-01   1.159e-03   1.488e-02  1.0000        1230  [    0    237         30         25 ]
           2       87184     211.727   4.364e-05   5.612e-08   6.190e-01   1.159e-03   1.486e-02  1.0000        1214  [    0    238         30         24 ]
           2       87436     212.761   4.364e-05   5.612e-08   6.198e-01   1.155e-03   1.486e-02  1.0000        1221  [    0    239         30         23 ]
           2       87692     213.763   4.364e-05   5.612e-08   6.206e-01   1.152e-03   1.481e-02  1.0000        1225  [    0    240         30         24 ]
           2       87965     214.959   4.364e-05   5.612e-08   6.704e-01   1.151e-03   1.481e-02  1.0000        1226  [    0    241         30         24 ]
           2       88305     216.122   4.364e-05   5.612e-08   7.362e-01   1.149e-03   1.476e-02  1.0000        1229  [    1     31         60         24 ]
           2       88565     217.488   4.364e-05   5.612e-08   6.713e-01   1.147e-03   1.488e-02  1.0000        1228  [    0    242         30         25 ]
           2       88837     218.469   4.364e-05   5.612e-08   7.206e-01   1.135e-03   1.485e-02  1.0000        1209  [    0    243         30         25 ]
           2       89095     219.407   4.364e-05   5.612e-08   6.194e-01   1.134e-03   1.483e-02  1.0000        1212  [    0    244         30         24 ]
           2       89342     220.537   4.364e-05   5.612e-08   7.068e-01   1.132e-03   1.482e-02  1.0000        1216  [    0    245         30         24 ]
           2       89601     221.713   4.364e-05   5.612e-08   6.979e-01   1.132e-03   1.482e-02  1.0000        1219  [    0    246         30         23 ]
           2       89846     222.860   1.827e-05   5.612e-08   6.111e-01   1.132e-03   1.482e-02  1.0000        1221  [    0    247         30         23 ]
           2       90098     223.907   1.827e-05   5.612e-08   7.230e-01   1.128e-03   1.482e-02  1.0000        1234  [    0    248         30         24 ]
           2       90365     225.532   1.827e-05   5.612e-08   7.077e-01   1.119e-03   1.466e-02  1.0000        1241  [    0    249         30         22 ]
           2       90701     226.721   1.827e-05   5.612e-08   7.231e-01   1.118e-03   1.465e-02  1.0000        1241  [    1     32         60         21 ]
           2       90954     227.839   1.827e-05   5.612e-08   6.132e-01   1.097e-03   1.458e-02  1.0000        1217  [    0    250         30         21 ]
           2       91203     228.978   1.827e-05   5.612e-08   7.229e-01   1.097e-03   1.458e-02  1.0000        1199  [    0    251         30         20 ]
           2       91457     230.011   1.827e-05   5.612e-08   6.213e-01   1.067e-03   1.444e-02  1.0000        1209  [    0    252         30         21 ]
           2       91713     231.011   1.827e-05   5.612e-08   6.536e-01   1.067e-03   1.441e-02  1.0000        1215  [    0    253         30         21 ]
           2       91957     231.954   1.827e-05   5.612e-08   7.058e-01   1.066e-03   1.444e-02  1.0000        1206  [    0    254         30         21 ]
           2       92217     233.925   1.827e-05   5.612e-08   7.279e-01   1.061e-03   1.442e-02  1.0000        1214  [    0    255         30         22 ]
           2       92469     235.386   1.827e-05   5.612e-08   6.179e-01   1.061e-03   1.442e-02  1.0000        1214  [    0    256         30         22 ]
           2       92729     236.487   1.827e-05   5.612e-08   7.278e-01   1.061e-03   1.442e-02  1.0000        1215  [    0    257         30         23 ]
           2       93063     237.914   1.827e-05   5.612e-08   6.791e-01   1.059e-03   1.437e-02  1.0000        1217  [    1     33         60         25 ]
           2       93541     239.021   1.827e-05   5.612e-08   6.917e-01   1.047e-03   1.421e-02  1.0000        1246  [    2      5        120         25 ]
           2       93801     240.096   1.827e-05   5.612e-08   7.294e-01   1.047e-03   1.416e-02  1.0000        1245  [    0    258         30         25 ]
           2       94081     241.201   1.827e-05   5.612e-08   7.305e-01   1.047e-03   1.416e-02  1.0000        1240  [    0    259         30         24 ]
           2       94356     242.717   1.827e-05   5.612e-08   6.902e-01   1.047e-03   1.416e-02  1.0000        1242  [    0    260         30         25 ]
           2       94628     243.720   1.827e-05   5.612e-08   7.062e-01   1.047e-03   1.416e-02  1.0000        1226  [    0    261         30         24 ]
           2       94900     244.783   1.827e-05   5.612e-08   7.522e-01   1.046e-03   1.413e-02  1.0000        1233  [    0    262         30         23 ]
           2       95160     245.935   1.827e-05   5.612e-08   7.577e-01   1.043e-03   1.408e-02  1.0000        1220  [    0    263         30         22 ]
           2       95414     247.115   1.827e-05   5.612e-08   7.609e-01   1.043e-03   1.408e-02  1.0000        1215  [    0    264         30         22 ]
           2       95684     248.125   1.827e-05   5.612e-08   7.587e-01   1.043e-03   1.406e-02  1.0000        1228  [    0    265         30         22 ]
           2       96017     249.384   1.827e-05   5.612e-08   6.505e-01   1.043e-03   1.405e-02  1.0000        1237  [    1     34         60         23 ]
           2       96291     250.729   1.827e-05   5.612e-08   7.513e-01   1.037e-03   1.401e-02  1.0000        1242  [    0    266         30         23 ]
           2       96553     251.888   1.827e-05   5.612e-08   7.222e-01   1.037e-03   1.401e-02  1.0000        1237  [    0    267         30         20 ]
           2       96811     253.053   1.827e-05   5.612e-08   7.595e-01   1.037e-03   1.401e-02  1.0000        1241  [    0    268         30         21 ]
           2       97079     254.210   1.827e-05   5.612e-08   7.204e-01   1.037e-03   1.401e-02  1.0000        1246  [    0    269         30         22 ]
           2       97344     255.461   1.827e-05   5.612e-08   7.093e-01   1.476e-03   1.928e-02  1.0000         748  [    0    270         30         21 ]
           2       97590     256.046   1.827e-05   5.612e-08   7.086e-01   1.500e-03   1.931e-02  1.0000         747  [    0    271         30         21 ]
           2       97814     256.681   1.827e-05   5.612e-08   5.999e-01   1.488e-03   1.930e-02  1.0000         754  [    0    272         30         23 ]
           2       98044     257.460   1.827e-05   5.612e-08   5.981e-01   1.488e-03   1.930e-02  1.0000         756  [    0    273         30         23 ]
           2       98349     258.158   1.827e-05   5.612e-08   7.095e-01   1.481e-03   1.923e-02  1.0000         768  [    1     35         60         21 ]
           2       98587     258.779   1.827e-05   5.612e-08   7.109e-01   1.475e-03   1.921e-02  1.0000         773  [    0    274         30         22 ]
           2       98822     259.330   1.827e-05   5.612e-08   7.090e-01   1.470e-03   1.921e-02  1.0000         781  [    0    275         30         22 ]
           2       99060     259.947   1.827e-05   5.612e-08   6.851e-01   1.468e-03   1.920e-02  1.0000         785  [    0    276         30         22 ]
           2       99305     260.645   1.827e-05   5.612e-08   6.870e-01   1.466e-03   1.914e-02  1.0000         788  [    0    277         30         22 ]
           2       99541     261.405   1.827e-05   5.612e-08   6.834e-01   1.448e-03   1.892e-02  1.0000         802  [    0    278         30         22 ]
           2       99764     262.175   1.827e-05   5.612e-08   6.980e-01   1.442e-03   1.881e-02  1.0000         810  [    0    279         30         23 ]
           2       99999     263.020   1.827e-05   5.612e-08   6.858e-01   1.440e-03   1.887e-02  1.0000         812  [    0    280         30         24 ]
           3      100231     264.221   1.827e-05   5.612e-08   5.903e-01   1.440e-03   1.887e-02  1.0000         815  [    2      5        120         25 ]
