# Generation  Evaluations  Time (s)  Best_obj[0]  Best_obj[1]  Hypervol.   IGD         IGDX        SR    Appr.set  [ Pop.index  Subgen.  Pop.size  Subpops ]
           0         119       2.765   8.946e-04   2.085e-01   5.262e-01   9.848e-02   2.355e-01  0.0000          32  [    0      1         30         11 ]
           0         234       2.854   8.946e-04   7.937e-02   6.276e-01   4.485e-02   2.084e-01  0.0000          56  [    0      2         30         14 ]
           0         380       2.942   8.946e-04   1.645e-03   6.693e-01   2.604e-02   1.652e-01  0.0000          72  [    0      3         30         17 ]
           0         527       3.057   8.946e-04   1.645e-03   5.656e-01   2.486e-02   1.443e-01  0.0000          94  [    0      4         30         20 ]
           0         696       3.194   8.946e-04   1.645e-03   5.662e-01   2.431e-02   1.222e-01  0.0000         108  [    0      5         30         25 ]
           0         875       3.361   8.946e-04   1.645e-03   5.465e-01   2.132e-02   1.019e-01  0.0000         122  [    0      6         30         28 ]
           0        1080       3.524   8.946e-04   1.645e-03   5.474e-01   1.907e-02   9.079e-02  0.0000         141  [    0      7         30         29 ]
           0        1280       3.703   8.946e-04   1.645e-03   4.466e-01   1.760e-02   8.322e-02  0.0000         169  [    0      8         30         28 ]
           1        1812       3.860   8.946e-04   1.645e-03   5.995e-01   9.898e-03   6.962e-02  0.0000         314  [    1      1         60         37 ]
           1        2085       4.162   8.873e-05   1.645e-03   4.916e-01   9.541e-03   6.553e-02  0.0000         326  [    0      9         30         39 ]
           1        2436       4.417   8.873e-05   1.645e-03   5.874e-01   8.528e-03   5.959e-02  0.0000         359  [    1      2         60         38 ]
           1        2732       4.747   8.873e-05   1.645e-03   5.904e-01   7.221e-03   5.037e-02  0.5000         374  [    0     10         30         36 ]
           1        3018       5.096   8.873e-05   1.645e-03   5.285e-01   6.446e-03   4.940e-02  0.5000         378  [    0     11         30         35 ]
           1        3287       5.694   8.873e-05   1.645e-03   5.852e-01   6.328e-03   4.915e-02  1.0000         385  [    0     12         30         33 ]
           1        3549       6.242   8.873e-05   1.645e-03   6.356e-01   6.328e-03   4.829e-02  1.0000         394  [    0     13         30         36 ]
           1        3808       6.596   8.873e-05   1.645e-03   5.695e-01   5.813e-03   4.510e-02  1.0000         409  [    0     14         30         35 ]
           1        4082       6.961   8.873e-05   4.736e-04   5.685e-01   5.602e-03   4.408e-02  1.0000         421  [    0     15         30         38 ]
           1        4352       7.314   8.873e-05   4.736e-04   5.749e-01   5.602e-03   4.344e-02  1.0000         434  [    0     16         30         39 ]
           1        4639       7.852   8.873e-05   4.736e-04   5.693e-01   5.554e-03   4.358e-02  1.0000         440  [    0     17         30         37 ]
           1        5008       8.405   8.873e-05   4.736e-04   6.242e-01   5.174e-03   4.148e-02  1.0000         484  [    1      3         60         42 ]
           1        5313       9.164   8.873e-05   4.736e-04   5.282e-01   5.153e-03   4.155e-02  1.0000         495  [    0     18         30         41 ]
           1        5621       9.650   8.873e-05   3.042e-05   5.264e-01   5.136e-03   4.103e-02  1.0000         510  [    0     19         30         41 ]
           1        5936      10.195   8.873e-05   3.042e-05   6.252e-01   5.017e-03   3.988e-02  1.0000         532  [    0     20         30         41 ]
           1        6253      10.740   8.873e-05   3.042e-05   6.316e-01   4.808e-03   3.950e-02  1.0000         527  [    0     21         30         43 ]
           1        6572      11.238   8.873e-05   3.042e-05   6.392e-01   4.683e-03   3.885e-02  1.0000         540  [    0     22         30         42 ]
           1        6873      11.809   8.873e-05   3.042e-05   5.411e-01   4.521e-03   3.848e-02  1.0000         542  [    0     23         30         40 ]
           1        7168      12.324   8.873e-05   3.042e-05   5.442e-01   4.481e-03   3.777e-02  1.0000         543  [    0     24         30         42 ]
           1        7472      12.971   8.873e-05   3.042e-05   6.025e-01   4.445e-03   3.724e-02  1.0000         552  [    0     25         30         42 ]
           1        7843      13.374   8.873e-05   3.042e-05   5.460e-01   4.427e-03   3.651e-02  1.0000         583  [    1      4         60         42 ]
           1        8159      14.038   8.873e-05   3.042e-05   6.522e-01   4.398e-03   3.633e-02  1.0000         599  [    0     26         30         44 ]
           1        8477      14.802   8.873e-05   3.042e-05   6.208e-01   4.315e-03   3.570e-02  1.0000         622  [    0     27         30         43 ]
           1        8788      15.421   8.873e-05   3.042e-05   5.353e-01   4.229e-03   3.546e-02  1.0000         626  [    0     28         30         42 ]
           1        9118      16.175   8.873e-05   3.042e-05   5.396e-01   4.198e-03   3.542e-02  1.0000         624  [    0     29         30         41 ]
           1        9421      16.800   8.873e-05   3.042e-05   6.433e-01   4.196e-03   3.522e-02  1.0000         634  [    0     30         30         40 ]
           1        9731      17.857   8.873e-05   3.042e-05   5.941e-01   4.124e-03   3.462e-02  1.0000         640  [    0     31         30         41 ]
           1       10037      18.450   8.873e-05   3.042e-05   6.155e-01   4.003e-03   3.306e-02  1.0000         651  [    0     32         30         41 ]
           1       10348      19.132   8.873e-05   3.042e-05   6.094e-01   3.860e-03   3.266e-02  1.0000         619  [    0     33         30         39 ]
           1       10738      19.844   8.873e-05   3.042e-05   6.430e-01   3.734e-03   3.192e-02  1.0000         637  [    1      5         60         43 ]
           1       11063      20.499   8.873e-05   3.042e-05   6.259e-01   3.728e-03   3.062e-02  1.0000         621  [    0     34         30         41 ]
           1       11375      21.079   8.873e-05   3.042e-05   6.632e-01   3.590e-03   3.047e-02  1.0000         624  [    0     35         30         42 ]
           1       11702      21.686   8.873e-05   3.042e-05   6.790e-01   3.521e-03   3.032e-02  1.0000         630  [    0     36         30         42 ]
           1       12029      22.400   8.873e-05   3.042e-05   6.637e-01   3.256e-03   2.887e-02  1.0000         650  [    0     37         30         43 ]
           1       12354      23.300   8.873e-05   3.042e-05   5.780e-01   3.163e-03   2.858e-02  1.0000         665  [    0     38         30         41 ]
           1       12681      24.023   8.873e-05   3.042e-05   6.386e-01   3.138e-03   2.850e-02  1.0000         673  [    0     39         30         40 ]
           1       13012      24.803   8.873e-05   3.042e-05   6.758e-01   3.087e-03   2.733e-02  1.0000         688  [    0     40         30         41 ]
           1       13335      25.552   8.873e-05   3.042e-05   5.789e-01   3.081e-03   2.707e-02  1.0000         707  [    0     41         30         41 ]
           1       13738      26.385   8.873e-05   3.042e-05   5.803e-01   2.988e-03   2.648e-02  1.0000         719  [    1      6         60         41 ]
           1       14074      27.583   8.873e-05   3.042e-05   6.161e-01   2.976e-03   2.614e-02  1.0000         721  [    0     42         30         40 ]
           1       14415      28.812   8.873e-05   3.042e-05   6.976e-01   2.859e-03   2.601e-02  1.0000         713  [    0     43         30         39 ]
           1       14747      29.804   8.873e-05   3.042e-05   6.816e-01   2.858e-03   2.613e-02  1.0000         710  [    0     44         30         38 ]
           1       15053      30.543   8.873e-05   3.042e-05   6.932e-01   2.843e-03   2.600e-02  1.0000         718  [    0     45         30         38 ]
           1       15351      31.156   8.873e-05   3.042e-05   6.668e-01   2.830e-03   2.566e-02  1.0000         732  [    0     46         30         37 ]
           1       15671      31.835   8.873e-05   3.042e-05   5.800e-01   2.801e-03   2.538e-02  1.0000         742  [    0     47         30         38 ]
           1       15988      32.408   8.873e-05   3.042e-05   6.740e-01   2.797e-03   2.525e-02  1.0000         751  [    0     48         30         39 ]
           1       16304      33.471   8.873e-05   3.042e-05   6.739e-01   2.796e-03   2.524e-02  1.0000         766  [    0     49         30         39 ]
           1       16700      34.386   8.873e-05   3.042e-05   6.715e-01   2.792e-03   2.462e-02  1.0000         776  [    1      7         60         42 ]
           1       17023      35.097   8.873e-05   3.042e-05   6.881e-01   2.773e-03   2.436e-02  1.0000         787  [    0     50         30         42 ]
           1       17350      36.348   8.873e-05   3.042e-05   6.865e-01   2.771e-03   2.427e-02  1.0000         799  [    0     51         30         42 ]
           1       17688      37.296   8.873e-05   3.042e-05   6.865e-01   2.493e-03   2.373e-02  1.0000         799  [    0     52         30         41 ]
           1       18023      37.985   8.873e-05   3.042e-05   6.038e-01   2.467e-03   2.362e-02  1.0000         805  [    0     53         30         40 ]
           1       18350      38.811   8.873e-05   3.042e-05   5.771e-01   2.412e-03   2.349e-02  1.0000         820  [    0     54         30         41 ]
           1       18689      39.615   8.873e-05   3.042e-05   6.406e-01   2.394e-03   2.327e-02  1.0000         822  [    0     55         30         40 ]
           1       19027      40.434   8.873e-05   3.042e-05   6.918e-01   2.338e-03   2.292e-02  1.0000         835  [    0     56         30         42 ]
           1       19365      41.536   8.873e-05   3.042e-05   6.925e-01   2.323e-03   2.308e-02  1.0000         843  [    0     57         30         42 ]
           1       19784      42.857   8.873e-05   3.042e-05   7.024e-01   2.286e-03   2.283e-02  1.0000         844  [    1      8         60         41 ]
           1       20104      44.029   8.873e-05   3.042e-05   7.022e-01   2.214e-03   2.322e-02  1.0000         850  [    0     58         30         40 ]
           1       20425      45.118   8.873e-05   3.042e-05   6.191e-01   2.205e-03   2.300e-02  1.0000         857  [    0     59         30         41 ]
           1       20758      46.161   8.873e-05   3.042e-05   6.728e-01   2.185e-03   2.250e-02  1.0000         858  [    0     60         30         41 ]
           1       21081      47.625   8.873e-05   3.042e-05   6.744e-01   2.113e-03   2.220e-02  1.0000         864  [    0     61         30         42 ]
           1       21410      48.753   8.873e-05   3.042e-05   6.534e-01   2.112e-03   2.201e-02  1.0000         868  [    0     62         30         41 ]
           1       21739      49.735   8.873e-05   3.042e-05   5.946e-01   2.105e-03   2.202e-02  1.0000         877  [    0     63         30         42 ]
           1       22056      50.852   8.873e-05   3.042e-05   6.766e-01   2.113e-03   2.163e-02  1.0000         885  [    0     64         30         43 ]
           2       23895      52.086   8.873e-05   3.042e-05   5.551e-01   2.979e-03   3.153e-02  1.0000         757  [    2      1        120         51 ]
           2       24438      52.897   1.450e-05   3.042e-05   5.845e-01   2.907e-03   3.287e-02  1.0000         606  [    1      9         60         39 ]
           2       25029      53.802   1.450e-05   3.042e-05   5.142e-01   2.654e-03   3.112e-02  1.0000         690  [    2      2        120         39 ]
           2       25458      54.833   1.450e-05   3.042e-05   5.710e-01   2.517e-03   2.964e-02  1.0000         710  [    1     10         60         37 ]
           2       25880      55.739   1.450e-05   3.042e-05   5.608e-01   2.464e-03   2.921e-02  1.0000         734  [    1     11         60         36 ]
           2       26318      56.570   1.450e-05   3.042e-05   5.675e-01   2.429e-03   2.855e-02  1.0000         726  [    1     12         60         35 ]
           2       26724      57.568   1.450e-05   3.042e-05   5.639e-01   2.377e-03   2.817e-02  1.0000         759  [    1     13         60         37 ]
           2       27138      58.302   1.450e-05   3.042e-05   5.730e-01   2.344e-03   2.746e-02  1.0000         763  [    1     14         60         34 ]
           2       27564      59.224   1.450e-05   3.042e-05   5.768e-01   2.269e-03   2.716e-02  1.0000         790  [    1     15         60         37 ]
           2       28007      60.138   1.450e-05   3.042e-05   5.887e-01   2.212e-03   2.666e-02  1.0000         792  [    1     16         60         38 ]
           2       28435      60.946   1.450e-05   3.042e-05   5.866e-01   2.177e-03   2.624e-02  1.0000         807  [    1     17         60         38 ]
           2       29007      61.797   1.450e-05   3.042e-05   4.771e-01   2.105e-03   2.599e-02  1.0000         787  [    2      3        120         36 ]
           2       29398      63.114   1.450e-05   3.042e-05   5.063e-01   2.046e-03   2.398e-02  1.0000         803  [    1     18         60         30 ]
           2       29771      64.287   1.450e-05   3.042e-05   5.179e-01   1.997e-03   2.349e-02  1.0000         780  [    1     19         60         28 ]
           2       30157      65.043   1.450e-05   3.042e-05   5.382e-01   1.982e-03   2.324e-02  1.0000         784  [    1     20         60         28 ]
           2       30538      66.058   1.450e-05   3.042e-05   5.409e-01   1.948e-03   2.296e-02  1.0000         794  [    1     21         60         30 ]
           2       30924      67.308   1.450e-05   3.042e-05   5.205e-01   1.919e-03   2.251e-02  1.0000         811  [    1     22         60         31 ]
           2       31308      68.187   1.450e-05   3.042e-05   6.084e-01   1.910e-03   2.218e-02  1.0000         829  [    1     23         60         31 ]
           2       31707      69.117   1.450e-05   3.042e-05   5.361e-01   1.872e-03   2.185e-02  1.0000         823  [    1     24         60         31 ]
           2       32080      70.218   1.450e-05   3.042e-05   5.615e-01   1.859e-03   2.171e-02  1.0000         818  [    1     25         60         27 ]
           2       32565      71.167   5.808e-07   3.042e-05   5.499e-01   1.817e-03   2.151e-02  1.0000         833  [    2      4        120         26 ]
           2       32914      72.332   5.808e-07   3.042e-05   6.218e-01   1.805e-03   2.155e-02  1.0000         844  [    1     26         60         25 ]
           2       33253      73.249   5.808e-07   3.042e-05   6.604e-01   1.793e-03   2.139e-02  1.0000         849  [    1     27         60         25 ]
           2       33588      74.193   5.808e-07   3.042e-05   6.578e-01   1.776e-03   2.119e-02  1.0000         860  [    1     28         60         25 ]
           2       33937      74.944   5.808e-07   3.042e-05   5.646e-01   1.749e-03   2.085e-02  1.0000         850  [    1     29         60         25 ]
           2       34309      75.880   5.808e-07   3.042e-05   6.533e-01   1.706e-03   2.056e-02  1.0000         854  [    1     30         60         25 ]
           2       34655      76.805   5.808e-07   3.042e-05   5.673e-01   1.687e-03   2.053e-02  1.0000         856  [    1     31         60         25 ]
           2       35015      77.476   5.808e-07   3.042e-05   6.677e-01   1.643e-03   2.021e-02  1.0000         869  [    1     32         60         27 ]
           2       35374      78.441   5.808e-07   3.042e-05   6.399e-01   1.625e-03   2.022e-02  1.0000         845  [    1     33         60         27 ]
           2       35858      79.822   5.808e-07   3.042e-05   6.354e-01   1.578e-03   1.982e-02  1.0000         861  [    2      5        120         25 ]
           2       36193      80.992   5.808e-07   3.042e-05   6.511e-01   1.547e-03   1.957e-02  1.0000         843  [    1     34         60         23 ]
           2       36520      82.213   5.808e-07   3.042e-05   7.360e-01   1.544e-03   1.944e-02  1.0000         845  [    1     35         60         22 ]
           2       36841      83.006   5.808e-07   3.042e-05   6.740e-01   1.533e-03   1.934e-02  1.0000         855  [    1     36         60         22 ]
           2       37163      83.889   5.808e-07   3.042e-05   6.752e-01   1.513e-03   1.920e-02  1.0000         869  [    1     37         60         23 ]
           2       37501      84.691   5.808e-07   3.042e-05   6.920e-01   1.504e-03   1.907e-02  1.0000         878  [    1     38         60         24 ]
           2       37821      85.761   5.808e-07   3.042e-05   7.331e-01   1.504e-03   1.904e-02  1.0000         882  [    1     39         60         25 ]
           2       38155      86.841   5.808e-07   3.042e-05   6.979e-01   1.491e-03   1.888e-02  1.0000         884  [    1     40         60         24 ]
           2       38480      88.114   5.808e-07   3.042e-05   6.975e-01   1.486e-03   1.869e-02  1.0000         897  [    1     41         60         23 ]
           2       38981      89.138   5.808e-07   3.042e-05   6.953e-01   1.457e-03   1.838e-02  1.0000         920  [    2      6        120         26 ]
           2       39329      90.072   5.808e-07   3.042e-05   7.355e-01   1.431e-03   1.819e-02  1.0000         943  [    1     42         60         28 ]
           2       39684      91.041   5.808e-07   3.042e-05   7.074e-01   1.399e-03   1.811e-02  1.0000         961  [    1     43         60         30 ]
           2       40045      92.080   5.808e-07   3.042e-05   6.981e-01   1.396e-03   1.780e-02  1.0000         955  [    1     44         60         33 ]
           2       40402      92.915   5.808e-07   3.042e-05   6.256e-01   1.392e-03   1.769e-02  1.0000         974  [    1     45         60         34 ]
           2       40772      94.000   5.808e-07   3.042e-05   6.206e-01   1.391e-03   1.767e-02  1.0000         992  [    1     46         60         31 ]
           2       41147      94.849   5.808e-07   3.042e-05   7.462e-01   1.390e-03   1.762e-02  1.0000         973  [    1     47         60         31 ]
           2       41492      96.048   5.808e-07   3.042e-05   7.468e-01   1.375e-03   1.764e-02  1.0000         980  [    1     48         60         30 ]
           2       41834      97.143   5.808e-07   3.042e-05   6.308e-01   1.374e-03   1.762e-02  1.0000         990  [    1     49         60         31 ]
           2       42331      98.748   5.808e-07   3.042e-05   7.706e-01   1.329e-03   1.737e-02  1.0000         982  [    2      7        120         28 ]
           2       42686     100.572   5.808e-07   3.042e-05   6.738e-01   1.320e-03   1.739e-02  1.0000         962  [    1     50         60         27 ]
           2       42997     102.042   5.808e-07   3.042e-05   6.828e-01   1.301e-03   1.757e-02  1.0000         959  [    1     51         60         27 ]
           2       43337     103.436   5.808e-07   3.042e-05   7.951e-01   1.283e-03   1.711e-02  1.0000         941  [    1     52         60         25 ]
           2       43641     104.915   5.808e-07   3.042e-05   6.785e-01   1.278e-03   1.710e-02  1.0000         951  [    1     53         60         25 ]
           2       43954     105.895   5.808e-07   3.042e-05   6.802e-01   1.267e-03   1.701e-02  1.0000         952  [    1     54         60         26 ]
           2       44276     106.634   5.808e-07   3.042e-05   7.491e-01   1.266e-03   1.697e-02  1.0000         954  [    1     55         60         25 ]
           2       44578     107.799   5.808e-07   3.042e-05   7.505e-01   1.244e-03   1.690e-02  1.0000         963  [    1     56         60         22 ]
           2       44888     108.818   5.808e-07   3.042e-05   7.891e-01   1.236e-03   1.691e-02  1.0000         973  [    1     57         60         21 ]
           2       45338     109.768   5.808e-07   3.042e-05   7.904e-01   1.214e-03   1.687e-02  1.0000        1016  [    2      8        120         25 ]
           2       45672     111.035   5.808e-07   3.042e-05   7.640e-01   1.212e-03   1.699e-02  1.0000        1022  [    1     58         60         24 ]
           2       46011     111.923   5.808e-07   3.042e-05   7.476e-01   1.211e-03   1.696e-02  1.0000        1046  [    1     59         60         23 ]
           2       46332     113.067   5.808e-07   3.042e-05   7.555e-01   1.206e-03   1.690e-02  1.0000        1036  [    1     60         60         22 ]
           2       46664     114.296   5.808e-07   3.042e-05   7.041e-01   1.205e-03   1.685e-02  1.0000        1009  [    1     61         60         19 ]
           2       46951     115.212   5.808e-07   3.042e-05   8.131e-01   1.203e-03   1.685e-02  1.0000        1019  [    1     62         60         20 ]
           2       47242     116.251   5.808e-07   3.042e-05   8.128e-01   1.203e-03   1.682e-02  1.0000        1027  [    1     63         60         19 ]
           2       47541     117.294   5.808e-07   3.042e-05   7.000e-01   1.199e-03   1.673e-02  1.0000        1041  [    1     64         60         19 ]
           3       49933     118.624   1.823e-06   3.042e-05   7.617e-01   1.403e-03   1.750e-02  1.0000         754  [    3      1        240         34 ]
           3       50434     119.663   1.658e-06   3.042e-05   6.534e-01   1.425e-03   1.756e-02  1.0000         750  [    2      9        120         24 ]
           3       51148     120.492   1.758e-06   3.042e-05   7.547e-01   1.386e-03   1.752e-02  1.0000         782  [    3      2        240         22 ]
           3       51598     121.239   6.850e-07   3.042e-05   7.252e-01   1.398e-03   1.730e-02  1.0000         730  [    2     10        120         20 ]
           3       52033     122.056   6.850e-07   3.042e-05   7.232e-01   1.355e-03   1.719e-02  1.0000         764  [    2     11        120         20 ]
           3       52478     123.002   6.850e-07   3.042e-05   7.458e-01   1.319e-03   1.705e-02  1.0000         781  [    2     12        120         20 ]
           3       52920     124.405   6.850e-07   3.042e-05   7.354e-01   1.294e-03   1.691e-02  1.0000         809  [    2     13        120         20 ]
           3       53386     125.785   6.850e-07   3.042e-05   7.548e-01   1.270e-03   1.684e-02  1.0000         801  [    2     14        120         20 ]
           3       53829     126.427   6.850e-07   3.042e-05   6.354e-01   1.245e-03   1.650e-02  1.0000         849  [    2     15        120         22 ]
           3       54264     127.332   6.850e-07   3.042e-05   6.363e-01   1.238e-03   1.640e-02  1.0000         886  [    2     16        120         23 ]
           3       54740     128.227   6.850e-07   3.042e-05   7.175e-01   1.206e-03   1.632e-02  1.0000         874  [    2     17        120         19 ]
           3       55468     129.539   6.850e-07   3.042e-05   7.180e-01   1.166e-03   1.587e-02  1.0000         951  [    3      3        240         23 ]
           3       55933     130.659   6.850e-07   3.042e-05   6.318e-01   1.145e-03   1.572e-02  1.0000         945  [    2     18        120         26 ]
           3       56400     131.654   6.850e-07   3.042e-05   7.224e-01   1.138e-03   1.562e-02  1.0000         934  [    2     19        120         23 ]
           3       56872     132.604   6.850e-07   3.042e-05   7.503e-01   1.129e-03   1.559e-02  1.0000         951  [    2     20        120         25 ]
           3       57343     133.528   6.850e-07   3.042e-05   6.478e-01   1.129e-03   1.559e-02  1.0000         938  [    2     21        120         23 ]
           3       57830     134.820   6.850e-07   3.042e-05   7.589e-01   1.125e-03   1.529e-02  1.0000         953  [    2     22        120         24 ]
           3       58278     136.212   6.850e-07   3.042e-05   7.590e-01   1.118e-03   1.518e-02  1.0000         949  [    2     23        120         22 ]
           3       58751     137.084   6.850e-07   3.042e-05   7.903e-01   1.110e-03   1.517e-02  1.0000         912  [    2     24        120         19 ]
           3       59199     138.044   6.850e-07   3.042e-05   7.908e-01   1.104e-03   1.511e-02  1.0000         918  [    2     25        120         19 ]
           3       59928     138.941   6.850e-07   3.042e-05   7.621e-01   1.072e-03   1.467e-02  1.0000        1039  [    3      4        240         24 ]
           3       60391     139.850   2.229e-07   3.042e-05   6.612e-01   1.055e-03   1.446e-02  1.0000        1035  [    2     26        120         24 ]
           3       60840     140.779   2.229e-07   3.042e-05   7.772e-01   1.051e-03   1.444e-02  1.0000        1038  [    2     27        120         20 ]
           3       61285     142.116   2.229e-07   3.042e-05   6.604e-01   1.049e-03   1.432e-02  1.0000        1048  [    2     28        120         24 ]
           3       61764     143.143   2.229e-07   3.042e-05   7.717e-01   1.037e-03   1.419e-02  1.0000        1063  [    2     29        120         23 ]
           3       62253     144.203   2.229e-07   3.042e-05   6.607e-01   1.033e-03   1.417e-02  1.0000        1076  [    2     30        120         23 ]
           3       62742     145.600   2.229e-07   3.042e-05   6.634e-01   1.018e-03   1.410e-02  1.0000        1067  [    2     31        120         23 ]
           3       63208     146.850   1.734e-07   3.042e-05   6.538e-01   1.002e-03   1.401e-02  1.0000        1082  [    2     32        120         24 ]
           3       63697     148.031   1.734e-07   3.042e-05   7.454e-01   9.967e-04   1.392e-02  1.0000        1092  [    2     33        120         24 ]
           3       64417     149.109   1.734e-07   3.042e-05   7.310e-01   9.914e-04   1.387e-02  1.0000        1172  [    3      5        240         22 ]
           3       64865     150.297   1.734e-07   3.042e-05   7.296e-01   9.841e-04   1.378e-02  1.0000        1199  [    2     34        120         22 ]
           3       65339     151.763   1.734e-07   3.042e-05   7.623e-01   9.824e-04   1.378e-02  1.0000        1181  [    2     35        120         19 ]
           3       65820     153.103   1.734e-07   3.042e-05   7.741e-01   9.735e-04   1.380e-02  1.0000        1178  [    2     36        120         21 ]
           3       66289     154.320   1.734e-07   3.042e-05   7.301e-01   9.581e-04   1.375e-02  1.0000        1204  [    2     37        120         20 ]
           3       66742     155.887   1.734e-07   3.042e-05   7.784e-01   9.558e-04   1.373e-02  1.0000        1188  [    2     38        120         17 ]
           3       67183     157.163   1.734e-07   3.042e-05   7.845e-01   9.480e-04   1.372e-02  1.0000        1198  [    2     39        120         19 ]
           3       67645     158.318   1.734e-07   3.042e-05   7.811e-01   9.399e-04   1.358e-02  1.0000        1218  [    2     40        120         20 ]
           3       68087     159.767   1.734e-07   3.042e-05   7.649e-01   9.310e-04   1.356e-02  1.0000        1233  [    2     41        120         17 ]
           3       68829     161.328   1.734e-07   3.042e-05   6.041e-01   1.260e-03   1.742e-02  1.0000         753  [    3      6        240         26 ]
           3       69288     162.256   1.734e-07   3.042e-05   6.197e-01   1.262e-03   1.752e-02  1.0000         697  [    2     42        120         17 ]
           3       69687     162.996   1.734e-07   3.042e-05   7.465e-01   1.239e-03   1.732e-02  1.0000         696  [    2     43        120         18 ]
           3       70082     163.894   1.734e-07   3.042e-05   7.166e-01   1.227e-03   1.703e-02  1.0000         695  [    2     44        120         17 ]
           3       70482     164.605   1.734e-07   3.042e-05   7.861e-01   1.209e-03   1.674e-02  1.0000         672  [    2     45        120         16 ]
           3       70860     165.258   1.734e-07   3.042e-05   7.654e-01   1.200e-03   1.650e-02  1.0000         716  [    2     46        120         17 ]
           3       71260     166.174   1.734e-07   3.042e-05   6.595e-01   1.193e-03   1.649e-02  1.0000         695  [    2     47        120         15 ]
           3       71656     167.004   1.734e-07   3.042e-05   7.537e-01   1.152e-03   1.625e-02  1.0000         727  [    2     48        120         16 ]
           3       72027     167.735   1.734e-07   3.042e-05   7.760e-01   1.141e-03   1.615e-02  1.0000         724  [    2     49        120         14 ]
           3       72689     168.625   1.734e-07   3.042e-05   7.809e-01   1.108e-03   1.571e-02  1.0000         782  [    3      7        240         16 ]
           3       73081     169.381   1.734e-07   3.042e-05   6.787e-01   1.093e-03   1.568e-02  1.0000         776  [    2     50        120         17 ]
           3       73449     170.093   1.734e-07   3.042e-05   7.708e-01   1.093e-03   1.564e-02  1.0000         804  [    2     51        120         17 ]
           3       73837     170.879   1.734e-07   3.042e-05   6.877e-01   1.090e-03   1.562e-02  1.0000         801  [    2     52        120         16 ]
           3       74204     171.988   1.734e-07   3.042e-05   7.742e-01   1.072e-03   1.540e-02  1.0000         825  [    2     53        120         15 ]
           3       74587     173.137   1.734e-07   3.042e-05   7.923e-01   1.054e-03   1.524e-02  1.0000         829  [    2     54        120         14 ]
           3       74976     173.930   1.734e-07   3.042e-05   7.897e-01   1.039e-03   1.514e-02  1.0000         855  [    2     55        120         16 ]
           3       75388     175.174   1.734e-07   3.042e-05   6.907e-01   1.027e-03   1.496e-02  1.0000         819  [    2     56        120         15 ]
           3       75767     176.048   1.734e-07   3.042e-05   7.993e-01   1.016e-03   1.483e-02  1.0000         855  [    2     57        120         16 ]
           3       76383     177.007   1.734e-07   3.042e-05   7.442e-01   1.002e-03   1.466e-02  1.0000         864  [    3      8        240         14 ]
           3       76752     177.857   1.734e-07   3.042e-05   8.049e-01   1.002e-03   1.466e-02  1.0000         878  [    2     58        120         15 ]
           3       77111     178.763   1.734e-07   3.042e-05   6.879e-01   9.862e-04   1.445e-02  1.0000         895  [    2     59        120         16 ]
           3       77490     179.920   1.734e-07   3.042e-05   7.995e-01   9.647e-04   1.435e-02  1.0000         921  [    2     60        120         16 ]
           3       77876     181.039   1.734e-07   3.042e-05   8.036e-01   9.635e-04   1.435e-02  1.0000         931  [    2     61        120         17 ]
           3       78256     182.110   1.734e-07   3.042e-05   7.856e-01   9.592e-04   1.426e-02  1.0000         936  [    2     62        120         17 ]
           3       78627     182.903   1.734e-07   3.042e-05   7.645e-01   9.578e-04   1.417e-02  1.0000         963  [    2     63        120         17 ]
           3       79010     184.165   1.734e-07   3.042e-05   7.406e-01   9.489e-04   1.409e-02  1.0000         977  [    2     64        120         17 ]
           4       81989     185.910   1.734e-07   3.042e-05   7.125e-01   1.128e-03   1.590e-02  1.0000         750  [    4      1        480         27 ]
           4       82410     186.877   1.734e-07   3.042e-05   7.882e-01   1.136e-03   1.602e-02  1.0000         675  [    2     65        120         16 ]
           4       83019     187.638   1.734e-07   3.042e-05   7.729e-01   1.115e-03   1.569e-02  1.0000         718  [    3      9        240         15 ]
           4       84152     188.372   1.734e-07   3.042e-05   7.594e-01   1.033e-03   1.493e-02  1.0000         891  [    4      2        480         20 ]
           4       84575     189.639   1.734e-07   3.042e-05   7.218e-01   1.014e-03   1.466e-02  1.0000         889  [    2     66        120         21 ]
           4       84980     190.729   1.734e-07   3.042e-05   8.026e-01   1.008e-03   1.464e-02  1.0000         874  [    2     67        120         18 ]
           4       85359     191.574   1.734e-07   3.042e-05   7.630e-01   1.000e-03   1.451e-02  1.0000         899  [    2     68        120         19 ]
           4       85742     192.334   1.734e-07   1.850e-06   8.053e-01   9.819e-04   1.447e-02  1.0000         916  [    2     69        120         19 ]
           4       86128     193.061   1.734e-07   1.850e-06   8.035e-01   9.775e-04   1.440e-02  1.0000         930  [    2     70        120         17 ]
           4       86539     193.897   1.734e-07   1.850e-06   8.126e-01   9.723e-04   1.433e-02  1.0000         929  [    2     71        120         15 ]
           4       86906     194.753   1.734e-07   1.850e-06   6.917e-01   9.673e-04   1.432e-02  1.0000         971  [    2     72        120         19 ]
           4       87299     195.707   1.734e-07   1.850e-06   7.928e-01   9.521e-04   1.411e-02  1.0000         998  [    2     73        120         17 ]
           4       87951     196.978   1.734e-07   1.850e-06   7.790e-01   9.474e-04   1.403e-02  1.0000        1036  [    3     10        240         19 ]
           4       88358     198.137   1.734e-07   1.850e-06   6.733e-01   9.422e-04   1.401e-02  1.0000        1036  [    2     74        120         21 ]
           4       88754     199.285   1.734e-07   1.850e-06   7.803e-01   9.396e-04   1.398e-02  1.0000        1050  [    2     75        120         21 ]
           4       89160     200.331   1.734e-07   1.850e-06   7.995e-01   9.355e-04   1.398e-02  1.0000        1042  [    2     76        120         19 ]
           4       89539     201.279   1.734e-07   1.850e-06   7.409e-01   9.315e-04   1.396e-02  1.0000        1065  [    2     77        120         21 ]
           4       89969     202.605   1.734e-07   1.850e-06   6.923e-01   9.279e-04   1.394e-02  1.0000        1093  [    2     78        120         22 ]
           4       90381     204.324   1.734e-07   1.850e-06   7.082e-01   9.252e-04   1.391e-02  1.0000        1085  [    2     79        120         22 ]
           4       90751     206.230   1.734e-07   1.850e-06   7.282e-01   9.206e-04   1.387e-02  1.0000        1110  [    2     80        120         23 ]
           4       91167     207.541   1.734e-07   1.850e-06   7.242e-01   9.134e-04   1.382e-02  1.0000        1135  [    2     81        120         22 ]
           4       91840     209.150   1.734e-07   1.850e-06   7.702e-01   8.975e-04   1.347e-02  1.0000        1112  [    3     11        240         20 ]
           4       92265     210.378   1.734e-07   1.850e-06   6.723e-01   8.959e-04   1.340e-02  1.0000        1130  [    2     82        120         23 ]
           4       92696     211.673   1.734e-07   1.850e-06   7.982e-01   8.866e-04   1.326e-02  1.0000        1124  [    2     83        120         20 ]
           4       93104     213.010   1.734e-07   1.850e-06   8.043e-01   8.816e-04   1.325e-02  1.0000        1122  [    2     84        120         18 ]
           4       93504     214.068   1.734e-07   1.850e-06   6.928e-01   8.775e-04   1.322e-02  1.0000        1139  [    2     85        120         20 ]
           4       93902     215.307   1.734e-07   1.850e-06   7.811e-01   8.763e-04   1.322e-02  1.0000        1150  [    2     86        120         18 ]
           4       94282     216.603   1.734e-07   1.850e-06   6.914e-01   8.705e-04   1.322e-02  1.0000        1174  [    2     87        120         17 ]
           4       94694     218.503   1.734e-07   1.850e-06   7.873e-01   8.679e-04   1.316e-02  1.0000        1200  [    2     88        120         19 ]
           4       95094     220.579   1.734e-07   1.850e-06   7.932e-01   8.620e-04   1.311e-02  1.0000        1195  [    2     89        120         20 ]
           4       95763     222.061   1.734e-07   1.850e-06   7.892e-01   8.368e-04   1.293e-02  1.0000        1235  [    3     12        240         18 ]
           4       96197     223.422   1.734e-07   1.850e-06   7.537e-01   8.367e-04   1.290e-02  1.0000        1235  [    2     90        120         18 ]
           4       96615     224.639   1.734e-07   1.850e-06   7.684e-01   1.103e-03   1.597e-02  1.0000         742  [    2     91        120         19 ]
           4       96996     225.293   2.295e-08   1.850e-06   7.737e-01   1.108e-03   1.605e-02  1.0000         675  [    2     92        120         10 ]
           4       97345     226.093   2.295e-08   1.850e-06   7.747e-01   1.099e-03   1.599e-02  1.0000         681  [    2     93        120         14 ]
           4       97701     226.702   2.295e-08   1.850e-06   7.147e-01   1.077e-03   1.572e-02  1.0000         714  [    2     94        120         14 ]
           4       98048     227.399   2.295e-08   1.850e-06   7.745e-01   1.063e-03   1.562e-02  1.0000         731  [    2     95        120         14 ]
           4       98406     228.135   2.295e-08   1.850e-06   7.789e-01   1.058e-03   1.562e-02  1.0000         739  [    2     96        120         14 ]
           4       98776     229.047   2.295e-08   1.850e-06   6.699e-01   1.046e-03   1.553e-02  1.0000         756  [    2     97        120         15 ]
           4       99433     230.513   2.295e-08   1.850e-06   7.176e-01   1.029e-03   1.542e-02  1.0000         811  [    3     13        240         15 ]
           4       99816     231.558   2.295e-08   1.850e-06   6.771e-01   1.022e-03   1.525e-02  1.0000         773  [    2     98        120         15 ]
           5      100179     232.658   2.295e-08   1.850e-06   6.785e-01   1.016e-03   1.521e-02  1.0000         785  [    4      2        480         20 ]
