# Generation  Evaluations  Time (s)  Best_obj[0]  Best_obj[1]  Hypervol.   IGD         IGDX        SR    Appr.set  [ Pop.index  Subgen.  Pop.size  Subpops ]
           0         104       3.598   4.739e-03   7.472e-02   5.577e-01   6.640e-02   2.497e-01  0.0000          23  [    0      1         30         10 ]
           0         207       3.664   2.381e-03   4.774e-02   6.109e-01   6.318e-02   2.077e-01  0.0000          42  [    0      2         30         10 ]
           0         323       3.731   5.062e-05   4.774e-02   6.076e-01   5.283e-02   1.931e-01  0.0000          60  [    0      3         30         11 ]
           0         433       3.851   5.062e-05   4.774e-02   6.207e-01   4.110e-02   1.899e-01  0.0000          75  [    0      4         30         13 ]
           0         562       3.969   5.062e-05   4.774e-02   6.080e-01   3.294e-02   1.647e-01  0.0000          92  [    0      5         30         16 ]
           0         713       4.095   5.062e-05   5.649e-03   6.246e-01   2.897e-02   1.512e-01  0.0000         103  [    0      6         30         19 ]
           0         872       4.255   5.062e-05   5.649e-03   6.056e-01   2.397e-02   1.342e-01  0.0000         113  [    0      7         30         18 ]
           0        1039       4.426   5.062e-05   5.911e-04   5.081e-01   2.371e-02   1.259e-01  0.0000         129  [    0      8         30         20 ]
           1        1528       4.624   5.062e-05   5.911e-04   5.871e-01   1.466e-02   1.079e-01  0.0000         235  [    1      1         60         37 ]
           1        1775       4.950   5.062e-05   5.911e-04   6.267e-01   1.317e-02   9.797e-02  0.0000         259  [    0      9         30         35 ]
           1        2108       5.274   5.062e-05   5.911e-04   5.082e-01   1.207e-02   7.552e-02  0.0000         305  [    1      2         60         42 ]
           1        2388       5.776   5.062e-05   5.911e-04   5.017e-01   1.121e-02   7.325e-02  0.0000         312  [    0     10         30         42 ]
           1        2673       6.236   5.062e-05   5.911e-04   5.201e-01   1.077e-02   7.284e-02  0.0000         327  [    0     11         30         45 ]
           1        2974       6.749   5.062e-05   5.911e-04   4.668e-01   1.077e-02   7.143e-02  0.0000         340  [    0     12         30         46 ]
           1        3300       7.292   5.062e-05   5.911e-04   5.640e-01   1.023e-02   6.847e-02  0.0000         351  [    0     13         30         47 ]
           1        3623       7.879   5.062e-05   5.911e-04   4.762e-01   9.239e-03   6.608e-02  0.0000         358  [    0     14         30         46 ]
           1        3943       8.429   5.062e-05   5.911e-04   5.705e-01   9.226e-03   6.508e-02  0.0000         356  [    0     15         30         45 ]
           1        4261       9.004   5.062e-05   5.911e-04   5.548e-01   9.169e-03   6.352e-02  0.0000         381  [    0     16         30         47 ]
           1        4610       9.517   5.062e-05   5.911e-04   5.196e-01   8.906e-03   6.219e-02  0.0000         411  [    0     17         30         49 ]
           1        5029      10.181   5.062e-05   5.911e-04   4.490e-01   8.031e-03   5.769e-02  0.5000         456  [    1      3         60         47 ]
           1        5380      10.915   5.062e-05   5.911e-04   4.509e-01   8.036e-03   5.761e-02  0.5000         463  [    0     18         30         46 ]
           1        5716      11.698   5.062e-05   5.911e-04   4.998e-01   8.033e-03   5.738e-02  0.5000         470  [    0     19         30         45 ]
           1        6057      12.479   5.062e-05   5.911e-04   5.211e-01   8.005e-03   6.121e-02  0.0000         483  [    0     20         30         45 ]
           1        6413      13.079   5.062e-05   5.911e-04   4.139e-01   6.288e-03   5.046e-02  0.5000         496  [    0     21         30         47 ]
           1        6764      13.716   5.062e-05   5.911e-04   4.228e-01   6.015e-03   4.902e-02  0.5000         505  [    0     22         30         48 ]
           1        7102      14.544   5.062e-05   5.911e-04   5.307e-01   5.891e-03   4.816e-02  0.5000         520  [    0     23         30         50 ]
           1        7475      15.364   5.062e-05   5.911e-04   5.393e-01   5.784e-03   4.686e-02  0.5000         523  [    0     24         30         49 ]
           1        7824      16.217   5.062e-05   5.911e-04   4.326e-01   5.698e-03   4.702e-02  0.5000         513  [    0     25         30         47 ]
           1        8226      17.032   5.062e-05   5.911e-04   4.439e-01   5.320e-03   4.534e-02  0.5000         523  [    1      4         60         45 ]
           1        8560      17.935   2.352e-05   5.911e-04   4.436e-01   5.275e-03   4.383e-02  1.0000         539  [    0     26         30         46 ]
           1        8901      18.867   2.352e-05   5.911e-04   4.664e-01   5.056e-03   4.251e-02  1.0000         534  [    0     27         30         44 ]
           1        9215      19.805   2.352e-05   5.911e-04   4.669e-01   4.892e-03   4.179e-02  1.0000         540  [    0     28         30         43 ]
           1        9541      20.605   2.352e-05   2.888e-04   5.704e-01   4.587e-03   4.007e-02  1.0000         552  [    0     29         30         44 ]
           1        9867      21.279   2.352e-05   2.888e-04   4.566e-01   4.581e-03   4.262e-02  1.0000         566  [    0     30         30         43 ]
           1       10184      22.240   2.352e-05   2.888e-04   5.500e-01   4.463e-03   4.195e-02  1.0000         574  [    0     31         30         43 ]
           1       10505      23.203   2.352e-05   2.888e-04   5.776e-01   4.403e-03   4.105e-02  1.0000         585  [    0     32         30         42 ]
           1       10826      24.251   2.352e-05   2.888e-04   5.671e-01   4.368e-03   4.064e-02  1.0000         596  [    0     33         30         43 ]
           1       11235      25.277   2.352e-05   2.888e-04   5.487e-01   3.992e-03   3.234e-02  1.0000         609  [    1      5         60         44 ]
           1       11578      26.375   2.352e-05   2.888e-04   4.668e-01   3.947e-03   3.195e-02  1.0000         626  [    0     34         30         42 ]
           1       11904      27.467   2.352e-05   2.888e-04   4.800e-01   3.791e-03   3.155e-02  1.0000         639  [    0     35         30         42 ]
           1       12237      28.447   2.352e-05   2.888e-04   5.997e-01   3.742e-03   3.135e-02  1.0000         643  [    0     36         30         42 ]
           1       12571      29.275   2.352e-05   1.978e-05   5.942e-01   3.742e-03   3.066e-02  1.0000         650  [    0     37         30         42 ]
           1       12889      29.975   2.352e-05   1.978e-05   5.960e-01   3.735e-03   3.086e-02  1.0000         653  [    0     38         30         41 ]
           1       13225      30.860   2.352e-05   1.978e-05   6.011e-01   3.476e-03   3.065e-02  1.0000         642  [    0     39         30         41 ]
           1       13548      31.955   2.352e-05   1.978e-05   6.225e-01   3.476e-03   3.054e-02  1.0000         648  [    0     40         30         40 ]
           1       13872      33.113   2.352e-05   1.978e-05   6.211e-01   3.346e-03   3.064e-02  1.0000         661  [    0     41         30         40 ]
           1       14277      34.274   2.352e-05   1.978e-05   5.625e-01   3.230e-03   2.958e-02  1.0000         689  [    1      6         60         38 ]
           1       14596      35.563   2.352e-05   1.978e-05   5.998e-01   3.123e-03   2.897e-02  1.0000         700  [    0     42         30         38 ]
           1       14930      36.866   2.352e-05   1.978e-05   5.658e-01   3.120e-03   2.898e-02  1.0000         706  [    0     43         30         38 ]
           1       15259      38.068   2.352e-05   1.768e-06   6.066e-01   3.089e-03   2.870e-02  1.0000         708  [    0     44         30         40 ]
           1       15596      39.165   2.352e-05   1.768e-06   5.775e-01   3.062e-03   2.799e-02  1.0000         706  [    0     45         30         40 ]
           1       15924      40.455   2.352e-05   1.768e-06   6.066e-01   3.047e-03   2.782e-02  1.0000         719  [    0     46         30         39 ]
           1       16247      41.806   2.352e-05   1.768e-06   5.654e-01   2.804e-03   2.643e-02  1.0000         732  [    0     47         30         40 ]
           1       16567      43.183   2.352e-05   1.768e-06   6.181e-01   2.747e-03   2.481e-02  1.0000         734  [    0     48         30         39 ]
           1       16891      44.442   2.352e-05   1.768e-06   5.845e-01   2.724e-03   2.479e-02  1.0000         734  [    0     49         30         38 ]
           1       17281      45.759   2.352e-05   1.768e-06   5.915e-01   2.716e-03   2.483e-02  1.0000         754  [    1      7         60         40 ]
           1       17609      46.967   2.352e-05   1.768e-06   6.254e-01   2.591e-03   2.418e-02  1.0000         765  [    0     50         30         40 ]
           1       17939      48.111   2.352e-05   1.768e-06   5.161e-01   2.555e-03   2.375e-02  1.0000         779  [    0     51         30         38 ]
           1       18261      49.542   2.352e-05   1.768e-06   6.356e-01   2.554e-03   2.368e-02  1.0000         781  [    0     52         30         37 ]
           1       18579      50.953   2.352e-05   1.768e-06   6.353e-01   2.537e-03   2.376e-02  1.0000         781  [    0     53         30         37 ]
           1       18899      52.054   2.352e-05   1.768e-06   5.541e-01   2.537e-03   2.375e-02  1.0000         784  [    0     54         30         35 ]
           1       19209      53.443   2.352e-05   1.768e-06   5.829e-01   2.492e-03   2.353e-02  1.0000         794  [    0     55         30         35 ]
           1       19529      54.852   2.352e-05   1.768e-06   6.381e-01   2.434e-03   2.315e-02  1.0000         809  [    0     56         30         36 ]
           1       19861      56.332   2.352e-05   1.768e-06   5.672e-01   2.407e-03   2.282e-02  1.0000         827  [    0     57         30         40 ]
           1       20271      57.785   2.352e-05   1.768e-06   5.148e-01   2.342e-03   2.253e-02  1.0000         842  [    1      8         60         40 ]
           1       20606      59.322   2.352e-05   1.768e-06   5.125e-01   2.332e-03   2.243e-02  1.0000         849  [    0     58         30         38 ]
           1       20927      60.536   2.352e-05   1.768e-06   5.690e-01   2.277e-03   2.214e-02  1.0000         855  [    0     59         30         35 ]
           1       21225      61.862   2.352e-05   1.768e-06   5.704e-01   2.277e-03   2.205e-02  1.0000         863  [    0     60         30         34 ]
           1       21520      63.542   2.352e-05   1.768e-06   5.157e-01   2.251e-03   2.196e-02  1.0000         869  [    0     61         30         34 ]
           1       21834      64.971   2.352e-05   1.768e-06   5.730e-01   2.227e-03   2.238e-02  1.0000         856  [    0     62         30         34 ]
           1       22127      66.492   2.352e-05   1.768e-06   6.077e-01   2.209e-03   2.236e-02  1.0000         876  [    0     63         30         34 ]
           1       22424      68.162   2.352e-05   1.768e-06   5.901e-01   2.174e-03   2.224e-02  1.0000         873  [    0     64         30         32 ]
           2       24179      69.533   4.223e-06   1.768e-06   4.861e-01   2.985e-03   3.188e-02  1.0000         754  [    2      1        120         44 ]
           2       24570      70.947   4.223e-06   1.768e-06   4.434e-01   2.923e-03   3.234e-02  1.0000         673  [    0     65         30         38 ]
           2       25007      72.087   4.223e-06   1.768e-06   5.328e-01   2.700e-03   3.039e-02  1.0000         673  [    1      9         60         37 ]
           2       25544      73.229   4.223e-06   1.768e-06   4.748e-01   2.536e-03   2.897e-02  1.0000         761  [    2      2        120         37 ]
           2       25880      74.445   4.223e-06   1.768e-06   5.354e-01   2.525e-03   2.868e-02  1.0000         758  [    0     66         30         36 ]
           2       26189      75.866   4.223e-06   1.768e-06   5.637e-01   2.499e-03   2.862e-02  1.0000         771  [    0     67         30         35 ]
           2       26501      77.072   4.223e-06   1.768e-06   5.695e-01   2.485e-03   2.862e-02  1.0000         774  [    0     68         30         34 ]
           2       26804      78.488   4.223e-06   1.768e-06   5.267e-01   2.473e-03   2.859e-02  1.0000         773  [    0     69         30         33 ]
           2       27121      79.776   4.223e-06   1.768e-06   5.278e-01   2.445e-03   2.830e-02  1.0000         781  [    0     70         30         34 ]
           2       27448      81.231   4.223e-06   1.768e-06   5.742e-01   2.437e-03   2.793e-02  1.0000         777  [    0     71         30         33 ]
           2       27778      82.454   4.223e-06   1.768e-06   5.749e-01   2.420e-03   2.784e-02  1.0000         781  [    0     72         30         33 ]
           2       28085      83.591   4.223e-06   1.768e-06   5.773e-01   2.415e-03   2.778e-02  1.0000         780  [    0     73         30         33 ]
           2       28481      84.978   4.223e-06   1.768e-06   5.906e-01   2.381e-03   2.758e-02  1.0000         784  [    1     10         60         34 ]
           2       28804      85.976   4.223e-06   1.768e-06   6.011e-01   2.381e-03   2.758e-02  1.0000         796  [    0     74         30         34 ]
           2       29113      87.490   4.223e-06   1.768e-06   5.476e-01   2.364e-03   2.752e-02  1.0000         799  [    0     75         30         33 ]
           2       29432      88.492   4.223e-06   1.768e-06   5.640e-01   2.334e-03   2.719e-02  1.0000         793  [    0     76         30         33 ]
           2       29757      89.868   4.223e-06   1.768e-06   6.031e-01   2.334e-03   2.717e-02  1.0000         803  [    0     77         30         36 ]
           2       30078      90.986   4.223e-06   1.768e-06   6.183e-01   2.330e-03   2.711e-02  1.0000         815  [    0     78         30         36 ]
           2       30414      92.251   4.223e-06   1.768e-06   6.140e-01   2.286e-03   2.687e-02  1.0000         828  [    0     79         30         37 ]
           2       30739      93.810   4.223e-06   1.768e-06   4.975e-01   2.282e-03   2.671e-02  1.0000         824  [    0     80         30         38 ]
           2       31073      95.165   4.223e-06   1.768e-06   5.542e-01   2.260e-03   2.645e-02  1.0000         838  [    0     81         30         37 ]
           2       31476      96.753   4.223e-06   1.768e-06   5.007e-01   2.213e-03   2.646e-02  1.0000         812  [    1     11         60         33 ]
           2       31785      98.098   4.223e-06   1.768e-06   5.543e-01   2.213e-03   2.640e-02  1.0000         813  [    0     82         30         33 ]
           2       32097      99.427   4.223e-06   1.768e-06   5.042e-01   2.194e-03   2.599e-02  1.0000         820  [    0     83         30         33 ]
           2       32427     100.993   4.223e-06   1.768e-06   6.115e-01   2.182e-03   2.593e-02  1.0000         837  [    0     84         30         35 ]
           2       32736     102.288   4.223e-06   1.768e-06   5.029e-01   2.161e-03   2.586e-02  1.0000         845  [    0     85         30         35 ]
           2       33063     103.709   4.223e-06   1.768e-06   5.004e-01   2.139e-03   2.574e-02  1.0000         846  [    0     86         30         34 ]
           2       33373     105.124   4.223e-06   1.768e-06   5.026e-01   2.119e-03   2.594e-02  1.0000         859  [    0     87         30         34 ]
           2       33705     106.292   4.223e-06   1.768e-06   6.024e-01   2.093e-03   2.574e-02  1.0000         853  [    0     88         30         33 ]
           2       34024     107.920   4.223e-06   1.768e-06   6.200e-01   2.056e-03   2.567e-02  1.0000         854  [    0     89         30         32 ]
           2       34410     109.518   4.223e-06   1.768e-06   5.094e-01   2.039e-03   2.546e-02  1.0000         874  [    1     12         60         34 ]
           2       34736     111.104   4.223e-06   1.768e-06   5.068e-01   2.039e-03   2.536e-02  1.0000         882  [    0     90         30         33 ]
           2       35051     112.848   4.223e-06   1.768e-06   5.074e-01   2.032e-03   2.532e-02  1.0000         888  [    0     91         30         34 ]
           2       35363     114.612   4.223e-06   1.768e-06   5.891e-01   1.996e-03   2.511e-02  1.0000         891  [    0     92         30         32 ]
           2       35683     116.044   4.223e-06   1.768e-06   5.137e-01   1.996e-03   2.484e-02  1.0000         904  [    0     93         30         35 ]
           2       36000     117.733   4.223e-06   1.768e-06   5.080e-01   1.994e-03   2.478e-02  1.0000         918  [    0     94         30         35 ]
           2       36327     119.388   4.223e-06   1.768e-06   5.768e-01   1.982e-03   2.457e-02  1.0000         939  [    0     95         30         35 ]
           2       36650     121.056   4.223e-06   1.768e-06   5.053e-01   1.961e-03   2.436e-02  1.0000         949  [    0     96         30         35 ]
           2       36985     122.997   4.223e-06   1.768e-06   5.131e-01   1.917e-03   2.409e-02  1.0000         947  [    0     97         30         36 ]
           2       37394     124.647   4.223e-06   1.768e-06   6.016e-01   1.893e-03   2.368e-02  1.0000         899  [    1     13         60         33 ]
           2       37698     126.388   4.223e-06   1.768e-06   5.327e-01   1.882e-03   2.360e-02  1.0000         894  [    0     98         30         31 ]
           2       38018     128.001   4.223e-06   1.768e-06   5.974e-01   1.878e-03   2.358e-02  1.0000         901  [    0     99         30         31 ]
           2       38353     129.377   4.223e-06   1.768e-06   5.611e-01   1.867e-03   2.371e-02  1.0000         902  [    0    100         30         32 ]
           2       38689     131.077   4.223e-06   1.768e-06   5.271e-01   1.867e-03   2.371e-02  1.0000         900  [    0    101         30         30 ]
           2       39003     132.478   4.223e-06   1.768e-06   5.886e-01   1.867e-03   2.371e-02  1.0000         914  [    0    102         30         31 ]
           2       39324     134.047   4.223e-06   1.768e-06   6.537e-01   1.867e-03   2.369e-02  1.0000         904  [    0    103         30         30 ]
           2       39627     135.564   4.223e-06   1.768e-06   6.148e-01   1.859e-03   2.356e-02  1.0000         912  [    0    104         30         30 ]
           2       39948     136.926   4.223e-06   1.768e-06   6.665e-01   1.812e-03   2.340e-02  1.0000         916  [    0    105         30         30 ]
           2       40335     138.747   4.223e-06   1.768e-06   5.546e-01   1.785e-03   2.326e-02  1.0000         934  [    1     14         60         33 ]
           2       40667     140.487   4.223e-06   1.768e-06   6.119e-01   1.749e-03   2.310e-02  1.0000         935  [    0    106         30         33 ]
           2       40993     142.292   4.223e-06   1.768e-06   5.548e-01   1.749e-03   2.287e-02  1.0000         935  [    0    107         30         33 ]
           2       41310     143.706   4.223e-06   1.768e-06   5.493e-01   1.733e-03   2.250e-02  1.0000         950  [    0    108         30         33 ]
           2       41635     145.268   4.223e-06   1.768e-06   5.480e-01   1.721e-03   2.246e-02  1.0000         960  [    0    109         30         34 ]
           2       41979     146.991   4.223e-06   1.768e-06   6.566e-01   1.717e-03   2.241e-02  1.0000         968  [    0    110         30         34 ]
           2       42319     148.824   4.223e-06   1.768e-06   6.223e-01   1.682e-03   2.237e-02  1.0000         970  [    0    111         30         34 ]
           2       42665     150.653   4.223e-06   1.768e-06   6.575e-01   1.653e-03   2.204e-02  1.0000         982  [    0    112         30         33 ]
           2       42988     152.558   4.223e-06   1.768e-06   6.599e-01   1.651e-03   2.199e-02  1.0000         983  [    0    113         30         34 ]
           2       43375     154.469   4.223e-06   1.768e-06   6.566e-01   1.631e-03   2.172e-02  1.0000        1006  [    1     15         60         33 ]
           2       43701     156.270   4.223e-06   1.768e-06   6.537e-01   1.631e-03   2.174e-02  1.0000        1015  [    0    114         30         32 ]
           2       44021     157.953   4.223e-06   1.768e-06   5.385e-01   1.631e-03   2.171e-02  1.0000        1019  [    0    115         30         32 ]
           2       44338     159.871   4.223e-06   1.768e-06   5.374e-01   1.622e-03   2.160e-02  1.0000        1024  [    0    116         30         32 ]
           2       44662     161.860   4.223e-06   1.768e-06   6.478e-01   1.620e-03   2.157e-02  1.0000        1030  [    0    117         30         33 ]
           2       44991     163.793   4.223e-06   1.768e-06   6.108e-01   1.616e-03   2.156e-02  1.0000        1039  [    0    118         30         33 ]
           2       45317     165.643   4.223e-06   1.768e-06   6.122e-01   1.601e-03   2.147e-02  1.0000        1043  [    0    119         30         33 ]
           2       45643     167.651   4.223e-06   1.768e-06   6.485e-01   1.590e-03   2.149e-02  1.0000        1057  [    0    120         30         34 ]
           2       45972     169.651   4.223e-06   1.768e-06   5.340e-01   1.590e-03   2.148e-02  1.0000        1060  [    0    121         30         34 ]
           2       46390     171.544   4.223e-06   1.768e-06   6.576e-01   1.533e-03   2.113e-02  1.0000        1046  [    1     16         60         36 ]
           2       46723     173.411   4.223e-06   1.768e-06   6.641e-01   1.457e-03   2.027e-02  1.0000        1014  [    0    122         30         31 ]
           2       47036     175.404   4.223e-06   1.768e-06   6.454e-01   1.451e-03   2.029e-02  1.0000         995  [    0    123         30         28 ]
           2       47329     177.125   4.223e-06   1.768e-06   6.752e-01   1.431e-03   2.023e-02  1.0000        1000  [    0    124         30         29 ]
           2       47621     178.895   4.223e-06   1.768e-06   6.410e-01   1.431e-03   2.023e-02  1.0000        1010  [    0    125         30         29 ]
           2       47925     180.745   4.223e-06   1.768e-06   6.429e-01   1.420e-03   2.025e-02  1.0000        1015  [    0    126         30         29 ]
           2       48220     182.260   4.223e-06   1.768e-06   6.719e-01   1.403e-03   2.020e-02  1.0000        1021  [    0    127         30         29 ]
           2       48522     183.935   4.223e-06   1.768e-06   6.672e-01   1.403e-03   2.019e-02  1.0000        1030  [    0    128         30         30 ]
           2       48824     185.867   4.223e-06   1.768e-06   6.690e-01   1.403e-03   2.009e-02  1.0000        1039  [    0    129         30         30 ]
           2       49200     187.813   4.223e-06   1.768e-06   6.388e-01   1.400e-03   1.987e-02  1.0000        1048  [    1     17         60         29 ]
           2       49734     189.922   4.223e-06   1.768e-06   6.415e-01   1.358e-03   1.978e-02  1.0000        1056  [    2      3        120         30 ]
           2       50064     191.859   4.223e-06   1.768e-06   6.363e-01   1.350e-03   1.966e-02  1.0000        1063  [    0    130         30         31 ]
           2       50376     193.962   4.223e-06   1.768e-06   5.571e-01   1.338e-03   1.934e-02  1.0000        1066  [    0    131         30         30 ]
           2       50700     195.842   4.223e-06   1.768e-06   6.671e-01   1.333e-03   1.930e-02  1.0000        1077  [    0    132         30         30 ]
           2       51015     197.420   4.223e-06   1.768e-06   6.434e-01   1.332e-03   1.919e-02  1.0000        1087  [    0    133         30         30 ]
           2       51320     199.260   4.223e-06   1.768e-06   6.687e-01   1.324e-03   1.918e-02  1.0000        1088  [    0    134         30         30 ]
           2       51617     201.096   4.223e-06   1.768e-06   6.415e-01   1.317e-03   1.918e-02  1.0000        1092  [    0    135         30         30 ]
           2       51916     203.143   4.223e-06   1.768e-06   5.773e-01   1.317e-03   1.905e-02  1.0000        1103  [    0    136         30         30 ]
           2       52211     204.792   4.223e-06   1.768e-06   6.291e-01   1.317e-03   1.904e-02  1.0000        1111  [    0    137         30         29 ]
           2       52586     206.809   4.223e-06   1.768e-06   5.651e-01   1.310e-03   1.898e-02  1.0000        1107  [    1     18         60         29 ]
           2       52864     208.837   4.223e-06   1.768e-06   6.735e-01   1.308e-03   1.899e-02  1.0000        1111  [    0    138         30         29 ]
           2       53157     210.516   4.223e-06   1.768e-06   7.138e-01   1.293e-03   1.892e-02  1.0000        1068  [    0    139         30         27 ]
           2       53426     212.432   4.223e-06   1.768e-06   5.963e-01   1.285e-03   1.868e-02  1.0000        1072  [    0    140         30         26 ]
           2       53685     214.423   4.223e-06   1.768e-06   7.074e-01   1.285e-03   1.868e-02  1.0000        1066  [    0    141         30         26 ]
           2       53935     216.052   4.052e-06   1.768e-06   6.769e-01   1.285e-03   1.867e-02  1.0000        1074  [    0    142         30         27 ]
           2       54188     218.001   4.052e-06   1.768e-06   7.047e-01   1.282e-03   1.859e-02  1.0000        1092  [    0    143         30         27 ]
           2       54448     219.965   4.052e-06   1.768e-06   7.077e-01   1.261e-03   1.824e-02  1.0000        1099  [    0    144         30         26 ]
           2       54716     221.572   4.052e-06   1.768e-06   6.766e-01   1.260e-03   1.823e-02  1.0000        1111  [    0    145         30         26 ]
           2       55061     223.378   4.052e-06   1.768e-06   5.971e-01   1.255e-03   1.825e-02  1.0000        1119  [    1     19         60         26 ]
           2       55331     225.498   4.052e-06   1.768e-06   7.076e-01   1.255e-03   1.824e-02  1.0000        1121  [    0    146         30         26 ]
           2       55589     227.487   4.052e-06   1.768e-06   5.919e-01   1.253e-03   1.822e-02  1.0000        1132  [    0    147         30         27 ]
           2       55862     229.400   4.052e-06   1.768e-06   6.198e-01   1.253e-03   1.819e-02  1.0000        1137  [    0    148         30         27 ]
           2       56141     231.273   4.052e-06   1.768e-06   6.173e-01   1.243e-03   1.809e-02  1.0000        1147  [    0    149         30         26 ]
           2       56416     233.490   4.052e-06   1.768e-06   5.896e-01   1.241e-03   1.803e-02  1.0000        1152  [    0    150         30         26 ]
           2       56667     235.757   4.052e-06   1.768e-06   6.711e-01   1.240e-03   1.798e-02  1.0000        1146  [    0    151         30         25 ]
           2       56958     237.759   4.052e-06   1.768e-06   6.775e-01   1.236e-03   1.773e-02  1.0000        1145  [    0    152         30         25 ]
           2       57229     239.871   4.052e-06   1.768e-06   6.772e-01   1.228e-03   1.763e-02  1.0000        1154  [    0    153         30         27 ]
           2       57583     242.025   4.052e-06   1.768e-06   7.216e-01   1.216e-03   1.731e-02  1.0000        1141  [    1     20         60         27 ]
           2       57863     243.759   4.052e-06   1.768e-06   7.300e-01   1.215e-03   1.732e-02  1.0000        1108  [    0    154         30         26 ]
           2       58136     245.765   4.052e-06   1.768e-06   6.182e-01   1.215e-03   1.732e-02  1.0000        1105  [    0    155         30         25 ]
           2       58403     247.382   4.052e-06   1.768e-06   6.127e-01   1.203e-03   1.716e-02  1.0000        1121  [    0    156         30         26 ]
           2       58652     249.131   4.052e-06   1.768e-06   7.043e-01   1.203e-03   1.712e-02  1.0000        1119  [    0    157         30         25 ]
           2       58910     250.835   4.052e-06   1.768e-06   7.263e-01   1.203e-03   1.712e-02  1.0000        1130  [    0    158         30         25 ]
           2       59175     252.723   4.052e-06   1.768e-06   6.164e-01   1.202e-03   1.710e-02  1.0000        1130  [    0    159         30         27 ]
           2       59453     254.602   4.052e-06   1.768e-06   6.161e-01   1.194e-03   1.692e-02  1.0000        1133  [    0    160         30         25 ]
           2       59694     256.345   4.052e-06   1.768e-06   7.262e-01   1.194e-03   1.685e-02  1.0000        1134  [    0    161         30         24 ]
           2       60030     258.557   4.052e-06   1.768e-06   6.211e-01   1.184e-03   1.684e-02  1.0000        1112  [    1     21         60         22 ]
           2       60263     260.730   4.052e-06   1.768e-06   6.212e-01   1.184e-03   1.682e-02  1.0000        1117  [    0    162         30         22 ]
           2       60501     262.848   4.052e-06   1.768e-06   7.305e-01   1.184e-03   1.682e-02  1.0000        1117  [    0    163         30         23 ]
           2       60753     264.894   4.052e-06   1.768e-06   6.210e-01   1.184e-03   1.682e-02  1.0000        1125  [    0    164         30         23 ]
           2       61006     266.979   4.052e-06   1.768e-06   7.293e-01   1.184e-03   1.679e-02  1.0000        1134  [    0    165         30         24 ]
           2       61262     268.941   4.052e-06   1.768e-06   6.854e-01   1.182e-03   1.672e-02  1.0000        1146  [    0    166         30         24 ]
           2       61520     271.208   4.052e-06   1.768e-06   6.170e-01   1.180e-03   1.672e-02  1.0000        1151  [    0    167         30         25 ]
           2       61775     273.407   4.052e-06   1.768e-06   7.299e-01   1.180e-03   1.672e-02  1.0000        1154  [    0    168         30         26 ]
           2       62034     275.559   4.052e-06   1.768e-06   6.201e-01   1.178e-03   1.671e-02  1.0000        1161  [    0    169         30         26 ]
           2       62363     277.857   4.052e-06   1.768e-06   6.889e-01   1.163e-03   1.647e-02  1.0000        1181  [    1     22         60         26 ]
           2       62632     279.485   4.052e-06   1.768e-06   7.086e-01   1.160e-03   1.641e-02  1.0000        1182  [    0    170         30         25 ]
           2       62912     281.719   4.052e-06   1.768e-06   7.086e-01   1.160e-03   1.640e-02  1.0000        1192  [    0    171         30         27 ]
           2       63190     283.898   4.052e-06   1.768e-06   7.316e-01   1.158e-03   1.642e-02  1.0000        1205  [    0    172         30         27 ]
           2       63476     286.156   4.052e-06   1.768e-06   7.332e-01   1.155e-03   1.627e-02  1.0000        1218  [    0    173         30         28 ]
           2       63755     288.320   4.052e-06   1.768e-06   7.438e-01   1.143e-03   1.624e-02  1.0000        1169  [    0    174         30         27 ]
           2       64037     290.054   4.052e-06   1.768e-06   6.331e-01   1.143e-03   1.623e-02  1.0000        1163  [    0    175         30         26 ]
           2       64321     292.209   4.052e-06   1.768e-06   6.297e-01   1.141e-03   1.615e-02  1.0000        1168  [    0    176         30         26 ]
           2       64591     294.460   4.052e-06   1.768e-06   7.261e-01   1.141e-03   1.611e-02  1.0000        1169  [    0    177         30         25 ]
           2       64929     296.475   4.052e-06   1.768e-06   7.379e-01   1.129e-03   1.611e-02  1.0000        1179  [    1     23         60         23 ]
           2       65207     298.703   4.052e-06   1.768e-06   6.256e-01   1.129e-03   1.611e-02  1.0000        1186  [    0    178         30         23 ]
           2       65465     301.020   4.052e-06   1.768e-06   7.363e-01   1.129e-03   1.610e-02  1.0000        1181  [    0    179         30         22 ]
           2       65707     303.242   4.052e-06   1.768e-06   7.341e-01   1.127e-03   1.609e-02  1.0000        1189  [    0    180         30         22 ]
           2       65957     305.576   4.052e-06   1.768e-06   7.340e-01   1.127e-03   1.609e-02  1.0000        1196  [    0    181         30         23 ]
           2       66231     307.861   4.052e-06   1.768e-06   7.341e-01   1.124e-03   1.610e-02  1.0000        1203  [    0    182         30         24 ]
           2       66481     310.132   4.052e-06   1.768e-06   7.332e-01   1.124e-03   1.610e-02  1.0000        1208  [    0    183         30         24 ]
           2       66755     312.327   4.052e-06   1.768e-06   6.202e-01   1.122e-03   1.609e-02  1.0000        1207  [    0    184         30         25 ]
           2       67027     314.415   4.052e-06   1.768e-06   6.219e-01   1.121e-03   1.608e-02  1.0000        1204  [    0    185         30         24 ]
           2       67365     316.850   4.052e-06   1.768e-06   6.993e-01   1.114e-03   1.596e-02  1.0000        1219  [    1     24         60         25 ]
           2       67633     319.254   4.052e-06   1.768e-06   7.260e-01   1.110e-03   1.596e-02  1.0000        1229  [    0    186         30         26 ]
           2       67888     321.392   4.052e-06   1.768e-06   6.204e-01   1.106e-03   1.590e-02  1.0000        1203  [    0    187         30         25 ]
           2       68153     323.864   4.052e-06   1.768e-06   7.003e-01   1.104e-03   1.585e-02  1.0000        1198  [    0    188         30         23 ]
           2       68425     326.053   4.052e-06   1.768e-06   7.067e-01   1.102e-03   1.582e-02  1.0000        1195  [    0    189         30         23 ]
           2       68687     328.437   4.052e-06   1.768e-06   7.226e-01   1.102e-03   1.582e-02  1.0000        1205  [    0    190         30         24 ]
           2       68951     330.807   4.052e-06   1.768e-06   7.383e-01   1.099e-03   1.583e-02  1.0000        1191  [    0    191         30         23 ]
           2       69211     332.796   4.052e-06   1.768e-06   7.196e-01   1.098e-03   1.582e-02  1.0000        1192  [    0    192         30         22 ]
           2       69464     334.875   4.052e-06   1.768e-06   7.194e-01   1.098e-03   1.580e-02  1.0000        1198  [    0    193         30         22 ]
           2       69788     337.261   4.052e-06   1.768e-06   6.312e-01   1.088e-03   1.576e-02  1.0000        1190  [    1     25         60         21 ]
           2       70240     339.410   4.052e-06   1.768e-06   6.723e-01   1.076e-03   1.559e-02  1.0000        1201  [    2      4        120         22 ]
           2       70500     341.698   4.052e-06   1.768e-06   6.342e-01   1.075e-03   1.559e-02  1.0000        1212  [    0    194         30         23 ]
           2       70738     343.807   4.052e-06   1.768e-06   6.774e-01   1.075e-03   1.554e-02  1.0000        1205  [    0    195         30         24 ]
           2       70980     345.878   4.052e-06   1.768e-06   7.412e-01   1.075e-03   1.554e-02  1.0000        1184  [    0    196         30         23 ]
           2       71211     348.211   4.052e-06   1.768e-06   7.156e-01   1.072e-03   1.552e-02  1.0000        1190  [    0    197         30         24 ]
           2       71453     350.586   4.052e-06   1.768e-06   6.521e-01   1.070e-03   1.552e-02  1.0000        1204  [    0    198         30         25 ]
           2       71718     352.900   4.052e-06   1.768e-06   7.551e-01   1.067e-03   1.550e-02  1.0000        1162  [    0    199         30         23 ]
           2       71944     354.988   4.052e-06   1.768e-06   7.560e-01   1.059e-03   1.547e-02  1.0000        1160  [    0    200         30         19 ]
           2       72194     357.031   4.052e-06   1.768e-06   7.666e-01   1.058e-03   1.545e-02  1.0000        1145  [    0    201         30         16 ]
           2       72478     359.333   4.052e-06   1.768e-06   7.644e-01   1.056e-03   1.545e-02  1.0000        1163  [    1     26         60         19 ]
           2       72691     361.558   4.052e-06   1.768e-06   7.250e-01   1.051e-03   1.541e-02  1.0000        1164  [    0    202         30         18 ]
           2       72916     363.703   4.052e-06   1.768e-06   7.631e-01   1.051e-03   1.541e-02  1.0000        1164  [    0    203         30         21 ]
           2       73163     365.995   4.052e-06   1.768e-06   6.556e-01   1.051e-03   1.541e-02  1.0000        1162  [    0    204         30         21 ]
           2       73395     368.261   4.052e-06   1.768e-06   7.228e-01   1.043e-03   1.538e-02  1.0000        1173  [    0    205         30         21 ]
           2       73652     370.469   4.052e-06   1.768e-06   7.643e-01   1.042e-03   1.535e-02  1.0000        1175  [    0    206         30         21 ]
           2       73884     372.771   4.052e-06   1.768e-06   7.681e-01   1.042e-03   1.535e-02  1.0000        1172  [    0    207         30         19 ]
           2       74097     374.767   4.052e-06   1.768e-06   7.164e-01   1.042e-03   1.535e-02  1.0000        1170  [    0    208         30         18 ]
           2       74340     376.967   4.052e-06   1.768e-06   7.714e-01   1.041e-03   1.533e-02  1.0000        1162  [    0    209         30         18 ]
           2       74632     379.240   4.052e-06   1.768e-06   7.694e-01   1.036e-03   1.530e-02  1.0000        1170  [    1     27         60         19 ]
           2       74854     381.440   4.052e-06   1.768e-06   6.547e-01   1.036e-03   1.529e-02  1.0000        1174  [    0    210         30         19 ]
           2       75081     383.409   4.052e-06   1.768e-06   6.538e-01   1.032e-03   1.519e-02  1.0000        1176  [    0    211         30         18 ]
           2       75304     385.385   4.052e-06   1.768e-06   7.445e-01   1.032e-03   1.519e-02  1.0000        1172  [    0    212         30         18 ]
           2       75534     387.586   4.052e-06   1.768e-06   7.454e-01   1.030e-03   1.518e-02  1.0000        1174  [    0    213         30         20 ]
           2       75755     389.852   4.052e-06   1.768e-06   7.711e-01   1.030e-03   1.518e-02  1.0000        1179  [    0    214         30         19 ]
           2       75999     392.122   4.052e-06   1.768e-06   7.718e-01   1.024e-03   1.508e-02  1.0000        1173  [    0    215         30         20 ]
           2       76233     394.350   4.052e-06   1.768e-06   6.630e-01   1.024e-03   1.508e-02  1.0000        1167  [    0    216         30         18 ]
           2       76465     396.650   4.052e-06   1.768e-06   7.713e-01   1.024e-03   1.508e-02  1.0000        1168  [    0    217         30         17 ]
           2       76762     398.692   4.052e-06   1.768e-06   7.471e-01   1.019e-03   1.497e-02  1.0000        1177  [    1     28         60         17 ]
           2       76989     400.697   4.052e-06   1.768e-06   6.622e-01   1.017e-03   1.498e-02  1.0000        1186  [    0    218         30         18 ]
           2       77211     402.807   4.052e-06   1.768e-06   7.706e-01   1.017e-03   1.497e-02  1.0000        1196  [    0    219         30         18 ]
           2       77452     405.058   4.052e-06   1.768e-06   7.376e-01   1.016e-03   1.495e-02  1.0000        1206  [    0    220         30         18 ]
           2       77686     407.300   4.052e-06   1.768e-06   7.388e-01   1.016e-03   1.495e-02  1.0000        1209  [    0    221         30         18 ]
           2       77914     409.614   4.052e-06   1.768e-06   7.653e-01   1.016e-03   1.495e-02  1.0000        1207  [    0    222         30         17 ]
           2       78150     411.830   4.052e-06   1.768e-06   7.488e-01   1.016e-03   1.495e-02  1.0000        1203  [    0    223         30         17 ]
           2       78369     413.874   4.052e-06   1.768e-06   7.713e-01   1.016e-03   1.495e-02  1.0000        1207  [    0    224         30         19 ]
           2       78596     416.303   4.052e-06   1.768e-06   7.715e-01   1.010e-03   1.487e-02  1.0000        1214  [    0    225         30         17 ]
           2       78923     418.705   4.052e-06   1.768e-06   7.777e-01   1.007e-03   1.485e-02  1.0000        1214  [    1     29         60         17 ]
           2       79154     420.831   4.052e-06   1.768e-06   7.739e-01   1.006e-03   1.480e-02  1.0000        1223  [    0    226         30         18 ]
           2       79391     423.102   4.052e-06   1.768e-06   7.805e-01   1.006e-03   1.480e-02  1.0000        1215  [    0    227         30         17 ]
           2       79619     425.457   4.052e-06   1.768e-06   7.810e-01   1.000e-03   1.472e-02  1.0000        1224  [    0    228         30         19 ]
           2       79854     427.959   4.052e-06   1.768e-06   7.474e-01   1.000e-03   1.468e-02  1.0000        1232  [    0    229         30         20 ]
           2       80100     430.373   4.052e-06   1.768e-06   7.475e-01   9.976e-04   1.467e-02  1.0000        1238  [    0    230         30         18 ]
           2       80318     432.674   4.052e-06   1.768e-06   7.773e-01   9.976e-04   1.467e-02  1.0000        1240  [    0    231         30         18 ]
           2       80539     434.689   4.052e-06   1.768e-06   7.527e-01   9.976e-04   1.467e-02  1.0000        1247  [    0    232         30         17 ]
           2       80771     437.220   4.052e-06   1.768e-06   7.528e-01   9.966e-04   1.468e-02  1.0000        1248  [    0    233         30         17 ]
           2       81061     439.123   4.052e-06   1.768e-06   7.810e-01   9.966e-04   1.468e-02  1.0000        1237  [    1     30         60         15 ]
           2       81275     440.703   4.052e-06   1.768e-06   7.800e-01   9.953e-04   1.464e-02  1.0000        1248  [    0    234         30         17 ]
           2       81484     443.052   4.052e-06   1.768e-06   7.618e-01   9.953e-04   1.464e-02  1.0000        1249  [    0    235         30         17 ]
           2       81696     445.424   4.052e-06   1.768e-06   7.362e-01   1.342e-03   1.867e-02  1.0000         762  [    0    236         30         17 ]
           2       81885     446.810   4.052e-06   1.768e-06   7.492e-01   1.343e-03   1.870e-02  1.0000         759  [    0    237         30         14 ]
           2       82065     448.044   4.052e-06   1.768e-06   7.518e-01   1.340e-03   1.869e-02  1.0000         739  [    0    238         30         13 ]
           2       82246     449.428   4.052e-06   1.768e-06   7.078e-01   1.340e-03   1.869e-02  1.0000         739  [    0    239         30         13 ]
           2       82431     450.612   4.052e-06   1.768e-06   7.518e-01   1.331e-03   1.864e-02  1.0000         748  [    0    240         30         13 ]
           2       82610     451.932   4.052e-06   1.768e-06   7.495e-01   1.329e-03   1.860e-02  1.0000         749  [    0    241         30         13 ]
           2       82865     453.366   4.052e-06   1.768e-06   7.491e-01   1.328e-03   1.847e-02  1.0000         755  [    1     31         60         15 ]
           2       83060     454.837   4.052e-06   1.768e-06   7.052e-01   1.328e-03   1.844e-02  1.0000         758  [    0    242         30         15 ]
           2       83259     456.236   4.052e-06   1.768e-06   7.475e-01   1.311e-03   1.834e-02  1.0000         764  [    0    243         30         14 ]
           2       83456     457.409   4.052e-06   3.504e-07   6.901e-01   1.303e-03   1.816e-02  1.0000         774  [    0    244         30         14 ]
           2       83635     458.770   4.052e-06   3.504e-07   7.481e-01   1.300e-03   1.816e-02  1.0000         776  [    0    245         30         14 ]
           2       83813     460.195   4.052e-06   3.504e-07   7.490e-01   1.297e-03   1.808e-02  1.0000         778  [    0    246         30         15 ]
           2       84006     461.641   4.052e-06   3.504e-07   6.894e-01   1.296e-03   1.808e-02  1.0000         781  [    0    247         30         16 ]
           2       84198     463.061   4.052e-06   3.504e-07   7.406e-01   1.296e-03   1.805e-02  1.0000         788  [    0    248         30         16 ]
           2       84389     464.460   4.052e-06   3.504e-07   7.360e-01   1.291e-03   1.805e-02  1.0000         798  [    0    249         30         16 ]
           2       84650     465.859   4.052e-06   3.504e-07   7.367e-01   1.262e-03   1.754e-02  1.0000         816  [    1     32         60         17 ]
           2       84840     467.267   4.052e-06   3.504e-07   6.829e-01   1.262e-03   1.754e-02  1.0000         815  [    0    250         30         15 ]
           2       85034     468.596   4.052e-06   3.504e-07   6.932e-01   1.262e-03   1.747e-02  1.0000         809  [    0    251         30         14 ]
           2       85221     470.123   4.052e-06   3.504e-07   7.425e-01   1.261e-03   1.742e-02  1.0000         814  [    0    252         30         15 ]
           2       85413     471.549   4.052e-06   3.504e-07   7.410e-01   1.253e-03   1.732e-02  1.0000         823  [    0    253         30         15 ]
           2       85596     473.058   4.052e-06   3.504e-07   6.918e-01   1.253e-03   1.732e-02  1.0000         824  [    0    254         30         16 ]
           2       85785     474.578   4.052e-06   3.504e-07   7.301e-01   1.252e-03   1.727e-02  1.0000         825  [    0    255         30         16 ]
           2       85976     475.910   4.052e-06   3.504e-07   6.316e-01   1.249e-03   1.727e-02  1.0000         831  [    0    256         30         17 ]
           2       86184     477.343   4.052e-06   3.504e-07   7.381e-01   1.245e-03   1.724e-02  1.0000         833  [    0    257         30         17 ]
           2       86478     478.887   4.052e-06   3.504e-07   7.436e-01   1.240e-03   1.721e-02  1.0000         836  [    1     33         60         18 ]
           2       86894     480.105   4.052e-06   3.504e-07   6.492e-01   1.226e-03   1.689e-02  1.0000         845  [    2      5        120         16 ]
           2       87089     481.734   4.052e-06   3.504e-07   7.594e-01   1.226e-03   1.689e-02  1.0000         846  [    0    258         30         17 ]
           2       87294     483.108   4.052e-06   3.504e-07   7.581e-01   1.226e-03   1.689e-02  1.0000         848  [    0    259         30         17 ]
           2       87501     484.002   4.052e-06   3.504e-07   7.099e-01   1.226e-03   1.689e-02  1.0000         855  [    0    260         30         16 ]
           2       87699     485.670   4.052e-06   3.504e-07   7.557e-01   1.222e-03   1.680e-02  1.0000         851  [    0    261         30         16 ]
           2       87894     487.005   4.052e-06   3.504e-07   7.375e-01   1.222e-03   1.680e-02  1.0000         856  [    0    262         30         17 ]
           2       88104     488.414   4.052e-06   3.504e-07   7.565e-01   1.220e-03   1.676e-02  1.0000         859  [    0    263         30         17 ]
           2       88302     489.967   4.052e-06   3.504e-07   7.074e-01   1.220e-03   1.676e-02  1.0000         860  [    0    264         30         16 ]
           2       88501     491.380   4.052e-06   3.504e-07   6.377e-01   1.215e-03   1.675e-02  1.0000         870  [    0    265         30         16 ]
           2       88774     492.916   4.052e-06   3.504e-07   6.435e-01   1.205e-03   1.674e-02  1.0000         879  [    1     34         60         17 ]
           2       88993     494.159   4.052e-06   3.504e-07   7.310e-01   1.198e-03   1.662e-02  1.0000         888  [    0    266         30         20 ]
           2       89212     495.675   4.052e-06   3.504e-07   7.291e-01   1.198e-03   1.662e-02  1.0000         895  [    0    267         30         22 ]
           2       89426     497.219   4.052e-06   3.504e-07   6.348e-01   1.175e-03   1.654e-02  1.0000         901  [    0    268         30         21 ]
           2       89642     498.840   4.052e-06   3.504e-07   6.345e-01   1.174e-03   1.653e-02  1.0000         909  [    0    269         30         20 ]
           2       89871     500.620   4.052e-06   3.504e-07   6.411e-01   1.173e-03   1.652e-02  1.0000         901  [    0    270         30         18 ]
           2       90071     502.346   4.052e-06   3.504e-07   6.406e-01   1.173e-03   1.652e-02  1.0000         902  [    0    271         30         18 ]
           2       90270     504.027   4.052e-06   3.504e-07   6.400e-01   1.171e-03   1.647e-02  1.0000         899  [    0    272         30         17 ]
           2       90476     505.589   4.052e-06   3.504e-07   7.565e-01   1.165e-03   1.645e-02  1.0000         856  [    0    273         30         17 ]
           2       90723     506.984   4.052e-06   3.504e-07   7.571e-01   1.159e-03   1.623e-02  1.0000         862  [    1     35         60         14 ]
           2       90904     508.624   4.052e-06   3.504e-07   6.409e-01   1.156e-03   1.621e-02  1.0000         871  [    0    274         30         16 ]
           2       91092     510.366   4.052e-06   3.504e-07   6.416e-01   1.153e-03   1.616e-02  1.0000         874  [    0    275         30         16 ]
           2       91274     511.636   4.052e-06   3.504e-07   7.527e-01   1.150e-03   1.605e-02  1.0000         889  [    0    276         30         16 ]
           2       91481     513.309   4.052e-06   3.504e-07   6.480e-01   1.150e-03   1.605e-02  1.0000         875  [    0    277         30         16 ]
           2       91671     514.799   4.052e-06   3.504e-07   6.458e-01   1.150e-03   1.605e-02  1.0000         883  [    0    278         30         18 ]
           2       91885     516.292   4.052e-06   3.504e-07   7.377e-01   1.148e-03   1.602e-02  1.0000         887  [    0    279         30         19 ]
           2       92093     517.901   4.052e-06   3.504e-07   7.524e-01   1.148e-03   1.606e-02  1.0000         890  [    0    280         30         18 ]
           2       92312     519.574   4.052e-06   3.504e-07   7.577e-01   1.148e-03   1.606e-02  1.0000         883  [    0    281         30         17 ]
           2       92607     521.191   4.052e-06   3.504e-07   7.325e-01   1.137e-03   1.592e-02  1.0000         907  [    1     36         60         19 ]
           2       92827     522.778   4.052e-06   3.504e-07   7.482e-01   1.135e-03   1.595e-02  1.0000         912  [    0    282         30         20 ]
           2       93053     524.406   4.052e-06   3.504e-07   6.508e-01   1.135e-03   1.595e-02  1.0000         900  [    0    283         30         19 ]
           2       93263     526.128   4.052e-06   3.504e-07   6.978e-01   1.133e-03   1.595e-02  1.0000         904  [    0    284         30         19 ]
           2       93479     527.601   4.052e-06   3.504e-07   7.588e-01   1.133e-03   1.595e-02  1.0000         909  [    0    285         30         20 ]
           2       93701     529.362   4.052e-06   3.504e-07   6.833e-01   1.133e-03   1.595e-02  1.0000         908  [    0    286         30         19 ]
           2       93922     531.066   4.052e-06   3.504e-07   7.411e-01   1.132e-03   1.593e-02  1.0000         913  [    0    287         30         19 ]
           2       94148     532.817   4.052e-06   3.504e-07   7.485e-01   1.129e-03   1.583e-02  1.0000         915  [    0    288         30         21 ]
           2       94369     534.594   4.052e-06   3.504e-07   7.518e-01   1.126e-03   1.583e-02  1.0000         918  [    0    289         30         19 ]
           2       94668     536.213   4.052e-06   3.504e-07   6.928e-01   1.114e-03   1.578e-02  1.0000         928  [    1     37         60         19 ]
           2       94894     537.915   4.052e-06   3.504e-07   6.617e-01   1.114e-03   1.578e-02  1.0000         916  [    0    290         30         17 ]
           2       95099     539.385   4.052e-06   3.504e-07   7.803e-01   1.114e-03   1.578e-02  1.0000         908  [    0    291         30         16 ]
           2       95310     541.145   4.052e-06   3.504e-07   6.661e-01   1.112e-03   1.577e-02  1.0000         914  [    0    292         30         18 ]
           2       95523     542.812   4.052e-06   3.504e-07   7.401e-01   1.112e-03   1.577e-02  1.0000         911  [    0    293         30         17 ]
           2       95753     544.335   4.052e-06   3.504e-07   7.755e-01   1.111e-03   1.576e-02  1.0000         911  [    0    294         30         17 ]
           2       95954     545.957   4.052e-06   3.504e-07   6.638e-01   1.108e-03   1.576e-02  1.0000         918  [    0    295         30         17 ]
           2       96173     547.629   4.052e-06   3.504e-07   6.892e-01   1.108e-03   1.572e-02  1.0000         926  [    0    296         30         17 ]
           2       96380     549.319   4.052e-06   3.504e-07   7.681e-01   1.105e-03   1.572e-02  1.0000         933  [    0    297         30         18 ]
           2       96673     550.913   4.052e-06   3.504e-07   7.695e-01   1.102e-03   1.569e-02  1.0000         932  [    1     38         60         18 ]
           2       96893     552.649   4.052e-06   3.504e-07   7.700e-01   1.086e-03   1.555e-02  1.0000         942  [    0    298         30         18 ]
           2       97110     554.376   4.052e-06   3.504e-07   7.551e-01   1.083e-03   1.548e-02  1.0000         956  [    0    299         30         18 ]
           2       97318     556.221   4.052e-06   3.504e-07   6.440e-01   1.083e-03   1.548e-02  1.0000         962  [    0    300         30         19 ]
           2       97538     557.783   4.052e-06   3.504e-07   6.776e-01   1.083e-03   1.548e-02  1.0000         970  [    0    301         30         19 ]
           2       97760     559.624   4.052e-06   3.504e-07   7.426e-01   1.083e-03   1.548e-02  1.0000         984  [    0    302         30         19 ]
           2       97974     561.483   4.052e-06   3.504e-07   7.227e-01   1.079e-03   1.544e-02  1.0000         991  [    0    303         30         20 ]
           2       98191     563.266   4.052e-06   3.504e-07   7.437e-01   1.079e-03   1.544e-02  1.0000         979  [    0    304         30         20 ]
           2       98426     565.097   4.052e-06   3.504e-07   7.404e-01   1.073e-03   1.522e-02  1.0000         995  [    0    305         30         21 ]
           2       98718     566.870   4.052e-06   3.504e-07   7.354e-01   1.073e-03   1.522e-02  1.0000         978  [    1     39         60         18 ]
           2       98923     568.792   4.052e-06   3.504e-07   6.454e-01   1.073e-03   1.522e-02  1.0000         971  [    0    306         30         18 ]
           2       99139     570.210   4.052e-06   3.504e-07   6.466e-01   1.072e-03   1.521e-02  1.0000         975  [    0    307         30         18 ]
           2       99378     571.915   4.052e-06   3.504e-07   6.467e-01   1.068e-03   1.510e-02  1.0000         983  [    0    308         30         19 ]
           2       99607     573.604   4.052e-06   3.504e-07   6.471e-01   1.065e-03   1.509e-02  1.0000         987  [    0    309         30         19 ]
           2       99836     575.516   4.052e-06   3.504e-07   6.472e-01   1.062e-03   1.507e-02  1.0000         987  [    0    310         30         19 ]
           3      100062     577.354   4.052e-06   3.504e-07   7.593e-01   1.061e-03   1.507e-02  1.0000         980  [    2      5        120         16 ]
