# Generation  Evaluations  Time (s)  Best_obj[0]  Best_obj[1]  Hypervol.   IGD         IGDX        SR    Appr.set  [ Pop.index  Subgen.  Pop.size  Subpops ]
           0         101       3.700   4.004e-02   2.174e-02   4.778e-01   4.949e-02   3.102e-01  0.0000          25  [    0      1         30          8 ]
           0         201       3.777   1.057e-02   2.174e-02   4.951e-01   3.750e-02   2.256e-01  0.0000          46  [    0      2         30         11 ]
           0         318       3.856   5.640e-03   1.698e-02   5.996e-01   3.458e-02   2.299e-01  0.0000          62  [    0      3         30         11 ]
           0         436       3.967   5.640e-03   3.311e-03   5.708e-01   3.367e-02   2.220e-01  0.0000          78  [    0      4         30         12 ]
           0         574       4.107   5.640e-03   3.311e-03   5.656e-01   2.709e-02   1.794e-01  0.0000          92  [    0      5         30         16 ]
           0         727       4.272   5.640e-03   3.311e-03   6.329e-01   2.311e-02   1.552e-01  0.0000         109  [    0      6         30         18 ]
           0         893       4.475   5.640e-03   3.311e-03   5.511e-01   1.831e-02   1.257e-01  0.0000         136  [    0      7         30         18 ]
           0        1073       4.733   5.640e-03   3.311e-03   5.359e-01   1.754e-02   1.140e-01  0.0000         149  [    0      8         30         21 ]
           1        1590       4.974   5.243e-03   3.311e-03   4.612e-01   1.210e-02   8.859e-02  0.0000         309  [    1      1         60         34 ]
           1        1848       5.445   5.243e-03   3.311e-03   5.690e-01   1.065e-02   8.230e-02  0.0000         315  [    0      9         30         32 ]
           1        2182       6.040   5.243e-03   3.311e-03   4.924e-01   9.847e-03   7.135e-02  0.0000         358  [    1      2         60         35 ]
           1        2477       6.705   5.243e-03   3.311e-03   5.229e-01   8.508e-03   6.271e-02  0.0000         374  [    0     10         30         38 ]
           1        2765       7.330   4.789e-03   3.311e-03   6.171e-01   8.416e-03   5.867e-02  0.0000         370  [    0     11         30         39 ]
           1        3080       7.902   4.789e-03   3.311e-03   6.247e-01   7.716e-03   5.220e-02  0.0000         392  [    0     12         30         40 ]
           1        3368       8.640   2.513e-03   3.311e-03   6.287e-01   7.209e-03   5.026e-02  0.5000         410  [    0     13         30         39 ]
           1        3665       9.412   1.351e-03   3.311e-03   6.455e-01   6.886e-03   4.946e-02  0.5000         435  [    0     14         30         39 ]
           1        3940      10.246   1.351e-03   3.311e-03   6.549e-01   6.556e-03   4.859e-02  0.5000         435  [    0     15         30         38 ]
           1        4219      11.029   1.934e-04   2.216e-03   5.588e-01   6.141e-03   4.619e-02  1.0000         448  [    0     16         30         38 ]
           1        4502      11.852   1.934e-04   2.216e-03   6.369e-01   5.413e-03   4.429e-02  1.0000         458  [    0     17         30         41 ]
           1        4886      12.687   1.934e-04   2.216e-03   5.331e-01   5.323e-03   4.294e-02  1.0000         484  [    1      3         60         41 ]
           1        5183      13.518   1.934e-04   1.290e-08   6.292e-01   5.266e-03   4.225e-02  1.0000         495  [    0     18         30         42 ]
           1        5492      14.250   1.934e-04   1.290e-08   5.983e-01   5.200e-03   4.168e-02  1.0000         504  [    0     19         30         43 ]
           1        5809      15.127   1.934e-04   1.290e-08   6.002e-01   4.790e-03   4.136e-02  1.0000         525  [    0     20         30         43 ]
           1        6125      16.128   1.934e-04   1.290e-08   6.374e-01   4.742e-03   4.012e-02  1.0000         545  [    0     21         30         41 ]
           1        6426      16.978   1.934e-04   1.290e-08   5.973e-01   4.742e-03   3.876e-02  1.0000         570  [    0     22         30         42 ]
           1        6730      17.883   1.934e-04   1.290e-08   6.147e-01   4.617e-03   3.816e-02  1.0000         592  [    0     23         30         42 ]
           1        7046      18.782   8.586e-05   1.290e-08   5.130e-01   4.494e-03   3.638e-02  1.0000         608  [    0     24         30         41 ]
           1        7358      19.722   8.586e-05   1.290e-08   5.179e-01   4.466e-03   3.580e-02  1.0000         615  [    0     25         30         43 ]
           1        7764      20.816   8.586e-05   1.290e-08   6.173e-01   4.406e-03   3.481e-02  1.0000         628  [    1      4         60         46 ]
           1        8096      21.698   8.586e-05   1.290e-08   5.199e-01   4.282e-03   3.429e-02  1.0000         639  [    0     26         30         45 ]
           1        8433      22.921   8.586e-05   1.290e-08   5.249e-01   3.882e-03   3.326e-02  1.0000         653  [    0     27         30         46 ]
           1        8789      24.132   8.586e-05   1.290e-08   6.274e-01   3.775e-03   3.267e-02  1.0000         668  [    0     28         30         47 ]
           1        9141      25.390   8.586e-05   1.290e-08   6.423e-01   3.371e-03   3.164e-02  1.0000         677  [    0     29         30         45 ]
           1        9485      26.732   8.586e-05   1.290e-08   6.161e-01   3.327e-03   3.123e-02  1.0000         689  [    0     30         30         43 ]
           1        9820      28.077   8.586e-05   1.290e-08   5.701e-01   3.191e-03   3.116e-02  1.0000         704  [    0     31         30         45 ]
           1       10166      29.408   8.586e-05   1.290e-08   6.335e-01   3.181e-03   3.113e-02  1.0000         703  [    0     32         30         44 ]
           1       10515      30.337   8.586e-05   1.290e-08   6.364e-01   3.111e-03   3.063e-02  1.0000         721  [    0     33         30         43 ]
           1       10944      31.400   8.586e-05   1.290e-08   6.493e-01   3.039e-03   3.154e-02  1.0000         702  [    1      5         60         39 ]
           1       11259      32.394   8.586e-05   1.290e-08   5.505e-01   2.875e-03   3.161e-02  1.0000         693  [    0     34         30         38 ]
           1       11574      33.646   8.586e-05   1.290e-08   5.548e-01   2.829e-03   3.118e-02  1.0000         703  [    0     35         30         39 ]
           1       11877      34.762   8.586e-05   1.290e-08   5.518e-01   2.742e-03   3.071e-02  1.0000         709  [    0     36         30         39 ]
           1       12183      36.182   8.586e-05   1.290e-08   6.611e-01   2.742e-03   3.074e-02  1.0000         708  [    0     37         30         38 ]
           1       12478      37.284   8.586e-05   1.290e-08   6.491e-01   2.733e-03   3.066e-02  1.0000         716  [    0     38         30         39 ]
           1       12790      38.395   8.586e-05   1.290e-08   6.511e-01   2.728e-03   3.008e-02  1.0000         725  [    0     39         30         41 ]
           1       13125      39.376   8.586e-05   1.290e-08   5.960e-01   2.660e-03   2.995e-02  1.0000         734  [    0     40         30         39 ]
           1       13446      40.624   8.586e-05   1.290e-08   6.637e-01   2.604e-03   2.970e-02  1.0000         735  [    0     41         30         37 ]
           1       13851      42.100   8.586e-05   1.290e-08   6.013e-01   2.440e-03   2.876e-02  1.0000         749  [    1      6         60         36 ]
           1       14176      43.434   8.586e-05   1.290e-08   6.733e-01   2.350e-03   2.680e-02  1.0000         768  [    0     42         30         36 ]
           1       14491      44.946   8.586e-05   1.290e-08   6.612e-01   2.345e-03   2.676e-02  1.0000         780  [    0     43         30         34 ]
           1       14794      46.342   8.586e-05   1.290e-08   6.573e-01   2.328e-03   2.665e-02  1.0000         791  [    0     44         30         35 ]
           1       15087      47.692   8.586e-05   1.290e-08   6.539e-01   2.314e-03   2.658e-02  1.0000         797  [    0     45         30         34 ]
           1       15397      48.798   8.586e-05   1.290e-08   6.505e-01   2.287e-03   2.565e-02  1.0000         805  [    0     46         30         36 ]
           1       15705      50.146   8.586e-05   1.290e-08   6.270e-01   2.282e-03   2.547e-02  1.0000         807  [    0     47         30         35 ]
           1       16007      51.882   8.586e-05   1.290e-08   6.269e-01   2.273e-03   2.533e-02  1.0000         820  [    0     48         30         35 ]
           1       16324      53.447   1.927e-05   1.290e-08   6.512e-01   2.254e-03   2.420e-02  1.0000         834  [    0     49         30         35 ]
           1       16687      54.981   1.927e-05   1.290e-08   6.509e-01   2.180e-03   2.389e-02  1.0000         839  [    1      7         60         37 ]
           1       17003      56.143   1.927e-05   1.290e-08   6.512e-01   2.180e-03   2.389e-02  1.0000         834  [    0     50         30         38 ]
           1       17327      57.665   1.927e-05   1.290e-08   6.315e-01   2.179e-03   2.383e-02  1.0000         837  [    0     51         30         38 ]
           1       17650      58.969   1.927e-05   1.290e-08   6.503e-01   2.172e-03   2.370e-02  1.0000         832  [    0     52         30         37 ]
           1       17952      60.574   1.927e-05   1.290e-08   6.473e-01   2.171e-03   2.351e-02  1.0000         837  [    0     53         30         36 ]
           1       18256      61.730   1.927e-05   1.290e-08   6.252e-01   2.170e-03   2.351e-02  1.0000         843  [    0     54         30         35 ]
           1       18562      63.021   1.927e-05   1.290e-08   5.420e-01   2.161e-03   2.351e-02  1.0000         845  [    0     55         30         35 ]
           1       18862      64.210   1.927e-05   1.290e-08   6.483e-01   2.149e-03   2.354e-02  1.0000         853  [    0     56         30         35 ]
           1       19165      65.386   1.927e-05   1.290e-08   6.516e-01   2.131e-03   2.318e-02  1.0000         867  [    0     57         30         35 ]
           1       19544      66.850   1.927e-05   1.290e-08   5.416e-01   2.107e-03   2.295e-02  1.0000         883  [    1      8         60         40 ]
           1       19880      68.426   1.927e-05   1.290e-08   6.503e-01   2.069e-03   2.273e-02  1.0000         892  [    0     58         30         41 ]
           1       20205      69.771   1.927e-05   1.290e-08   6.613e-01   2.047e-03   2.244e-02  1.0000         870  [    0     59         30         40 ]
           1       20514      71.300   1.927e-05   1.290e-08   6.668e-01   2.018e-03   2.226e-02  1.0000         874  [    0     60         30         39 ]
           1       20828      72.610   1.927e-05   1.290e-08   6.671e-01   1.992e-03   2.221e-02  1.0000         880  [    0     61         30         38 ]
           1       21141      73.912   1.927e-05   1.290e-08   6.683e-01   1.978e-03   2.193e-02  1.0000         883  [    0     62         30         37 ]
           1       21436      75.627   1.927e-05   1.290e-08   6.685e-01   1.927e-03   2.153e-02  1.0000         887  [    0     63         30         36 ]
           1       21732      77.124   1.927e-05   1.290e-08   6.526e-01   1.911e-03   2.136e-02  1.0000         887  [    0     64         30         35 ]
           2       23623      79.057   1.927e-05   1.290e-08   5.461e-01   3.060e-03   3.078e-02  1.0000         757  [    2      1        120         51 ]
           2       24091      80.369   1.927e-05   1.290e-08   5.424e-01   3.103e-03   3.194e-02  1.0000         517  [    0     65         30         43 ]
           2       24508      81.256   1.927e-05   1.290e-08   6.624e-01   2.962e-03   3.022e-02  1.0000         534  [    1      9         60         40 ]
           2       25068      81.984   1.927e-05   1.290e-08   6.724e-01   2.674e-03   2.860e-02  1.0000         620  [    2      2        120         39 ]
           2       25402      83.019   1.927e-05   1.290e-08   6.785e-01   2.652e-03   2.850e-02  1.0000         607  [    0     66         30         39 ]
           2       25742      84.214   1.927e-05   1.290e-08   6.838e-01   2.540e-03   2.755e-02  1.0000         626  [    0     67         30         38 ]
           2       26073      85.455   1.927e-05   1.290e-08   6.822e-01   2.457e-03   2.708e-02  1.0000         641  [    0     68         30         38 ]
           2       26409      86.499   1.927e-05   1.290e-08   6.796e-01   2.457e-03   2.701e-02  1.0000         633  [    0     69         30         39 ]
           2       26747      87.497   1.927e-05   1.290e-08   6.827e-01   2.441e-03   2.694e-02  1.0000         639  [    0     70         30         40 ]
           2       27085      88.709   1.927e-05   1.290e-08   6.873e-01   2.434e-03   2.698e-02  1.0000         613  [    0     71         30         39 ]
           2       27408      89.787   1.927e-05   1.290e-08   5.832e-01   2.424e-03   2.675e-02  1.0000         621  [    0     72         30         36 ]
           2       27721      90.629   1.927e-05   1.290e-08   6.473e-01   2.424e-03   2.675e-02  1.0000         634  [    0     73         30         36 ]
           2       28113      91.437   1.927e-05   1.290e-08   6.952e-01   2.347e-03   2.592e-02  1.0000         662  [    1     10         60         35 ]
           2       28438      92.450   1.927e-05   1.290e-08   5.829e-01   2.310e-03   2.555e-02  1.0000         667  [    0     74         30         34 ]
           2       28747      93.328   1.927e-05   1.290e-08   5.811e-01   2.309e-03   2.549e-02  1.0000         675  [    0     75         30         34 ]
           2       29059      94.337   1.927e-05   1.290e-08   6.889e-01   2.294e-03   2.523e-02  1.0000         692  [    0     76         30         34 ]
           2       29371      95.323   1.927e-05   1.290e-08   6.900e-01   2.294e-03   2.500e-02  1.0000         703  [    0     77         30         33 ]
           2       29682      96.230   1.927e-05   1.290e-08   5.795e-01   2.281e-03   2.502e-02  1.0000         710  [    0     78         30         32 ]
           2       29978      97.373   7.149e-06   1.290e-08   6.461e-01   2.268e-03   2.482e-02  1.0000         719  [    0     79         30         33 ]
           2       30281      98.804   7.149e-06   1.290e-08   5.840e-01   2.252e-03   2.480e-02  1.0000         722  [    0     80         30         33 ]
           2       30586      99.942   7.149e-06   1.290e-08   6.407e-01   2.229e-03   2.463e-02  1.0000         729  [    0     81         30         33 ]
           2       30992     101.075   7.149e-06   1.290e-08   6.841e-01   2.226e-03   2.442e-02  1.0000         743  [    1     11         60         35 ]
           2       31309     102.228   7.149e-06   1.290e-08   5.808e-01   2.207e-03   2.437e-02  1.0000         731  [    0     82         30         32 ]
           2       31613     103.730   7.149e-06   1.290e-08   5.765e-01   2.189e-03   2.430e-02  1.0000         741  [    0     83         30         34 ]
           2       31940     105.205   7.149e-06   1.290e-08   5.758e-01   2.172e-03   2.430e-02  1.0000         748  [    0     84         30         34 ]
           2       32245     106.579   7.149e-06   1.290e-08   6.856e-01   2.170e-03   2.444e-02  1.0000         741  [    0     85         30         32 ]
           2       32553     107.640   7.149e-06   1.290e-08   6.312e-01   2.136e-03   2.421e-02  1.0000         756  [    0     86         30         34 ]
           2       32856     108.752   7.149e-06   1.290e-08   6.322e-01   2.132e-03   2.415e-02  1.0000         755  [    0     87         30         33 ]
           2       33168     110.270   7.149e-06   1.290e-08   5.647e-01   2.110e-03   2.402e-02  1.0000         773  [    0     88         30         35 ]
           2       33484     111.668   7.149e-06   1.290e-08   5.659e-01   2.110e-03   2.395e-02  1.0000         776  [    0     89         30         35 ]
           2       33861     112.999   7.149e-06   1.290e-08   6.604e-01   2.109e-03   2.387e-02  1.0000         783  [    1     12         60         33 ]
           2       34163     114.548   7.149e-06   1.290e-08   6.712e-01   2.103e-03   2.352e-02  1.0000         797  [    0     90         30         35 ]
           2       34469     116.182   7.149e-06   1.290e-08   6.334e-01   2.086e-03   2.343e-02  1.0000         807  [    0     91         30         35 ]
           2       34782     117.725   7.149e-06   1.290e-08   6.763e-01   2.063e-03   2.339e-02  1.0000         806  [    0     92         30         33 ]
           2       35077     118.862   7.149e-06   1.290e-08   5.668e-01   2.054e-03   2.318e-02  1.0000         810  [    0     93         30         33 ]
           2       35388     119.987   7.149e-06   1.290e-08   6.735e-01   2.023e-03   2.308e-02  1.0000         821  [    0     94         30         34 ]
           2       35680     121.515   7.149e-06   1.290e-08   6.741e-01   2.005e-03   2.300e-02  1.0000         827  [    0     95         30         34 ]
           2       35967     122.811   7.149e-06   1.290e-08   6.623e-01   1.999e-03   2.288e-02  1.0000         824  [    0     96         30         31 ]
           2       36254     124.232   7.149e-06   1.290e-08   6.495e-01   1.997e-03   2.285e-02  1.0000         820  [    0     97         30         31 ]
           2       36619     125.555   7.149e-06   1.290e-08   6.792e-01   1.951e-03   2.244e-02  1.0000         837  [    1     13         60         30 ]
           2       36906     126.749   7.149e-06   1.290e-08   6.741e-01   1.951e-03   2.244e-02  1.0000         841  [    0     98         30         29 ]
           2       37190     128.057   7.149e-06   1.290e-08   6.668e-01   1.951e-03   2.240e-02  1.0000         841  [    0     99         30         30 ]
           2       37482     129.725   7.149e-06   1.290e-08   6.389e-01   1.935e-03   2.197e-02  1.0000         838  [    0    100         30         30 ]
           2       37765     131.099   7.149e-06   1.290e-08   6.692e-01   1.898e-03   2.187e-02  1.0000         841  [    0    101         30         30 ]
           2       38045     132.683   7.149e-06   1.290e-08   6.446e-01   1.898e-03   2.179e-02  1.0000         849  [    0    102         30         29 ]
           2       38322     134.016   7.149e-06   1.290e-08   6.433e-01   1.891e-03   2.191e-02  1.0000         853  [    0    103         30         29 ]
           2       38597     135.094   7.149e-06   1.290e-08   6.426e-01   1.887e-03   2.181e-02  1.0000         858  [    0    104         30         29 ]
           2       38875     136.614   7.149e-06   1.290e-08   6.350e-01   1.887e-03   2.167e-02  1.0000         876  [    0    105         30         30 ]
           2       39224     137.557   7.149e-06   1.290e-08   6.337e-01   1.835e-03   2.159e-02  1.0000         887  [    1     14         60         30 ]
           2       39497     139.196   7.149e-06   1.290e-08   6.640e-01   1.835e-03   2.157e-02  1.0000         891  [    0    106         30         32 ]
           2       39799     140.590   7.149e-06   1.290e-08   6.208e-01   1.835e-03   2.150e-02  1.0000         896  [    0    107         30         32 ]
           2       40081     142.158   7.149e-06   1.290e-08   6.633e-01   1.828e-03   2.148e-02  1.0000         900  [    0    108         30         32 ]
           2       40378     143.746   7.149e-06   1.290e-08   5.619e-01   1.805e-03   2.124e-02  1.0000         905  [    0    109         30         31 ]
           2       40662     144.966   7.149e-06   1.290e-08   6.282e-01   1.805e-03   2.120e-02  1.0000         903  [    0    110         30         30 ]
           2       40953     146.493   7.149e-06   1.290e-08   6.298e-01   1.802e-03   2.104e-02  1.0000         920  [    0    111         30         30 ]
           2       41238     148.101   7.149e-06   1.290e-08   6.407e-01   1.790e-03   2.099e-02  1.0000         929  [    0    112         30         29 ]
           2       41522     149.469   7.149e-06   1.290e-08   6.796e-01   1.787e-03   2.080e-02  1.0000         921  [    0    113         30         29 ]
           2       41873     151.123   7.149e-06   1.290e-08   5.709e-01   1.754e-03   2.062e-02  1.0000         931  [    1     15         60         28 ]
           2       42160     153.045   7.149e-06   1.290e-08   5.930e-01   1.746e-03   2.066e-02  1.0000         922  [    0    114         30         27 ]
           2       42416     154.846   7.149e-06   1.290e-08   7.012e-01   1.745e-03   2.062e-02  1.0000         935  [    0    115         30         28 ]
           2       42686     156.200   7.149e-06   1.290e-08   5.887e-01   1.711e-03   2.049e-02  1.0000         942  [    0    116         30         28 ]
           2       42964     157.477   7.149e-06   1.290e-08   6.046e-01   1.686e-03   2.038e-02  1.0000         908  [    0    117         30         28 ]
           2       43222     158.939   7.149e-06   1.290e-08   7.215e-01   1.669e-03   1.994e-02  1.0000         908  [    0    118         30         28 ]
           2       43471     160.339   7.149e-06   1.290e-08   6.969e-01   1.650e-03   1.989e-02  1.0000         910  [    0    119         30         28 ]
           2       43725     161.951   7.149e-06   1.290e-08   7.210e-01   1.649e-03   1.989e-02  1.0000         915  [    0    120         30         27 ]
           2       43981     163.794   7.149e-06   1.290e-08   7.104e-01   1.646e-03   1.984e-02  1.0000         925  [    0    121         30         28 ]
           2       44327     165.391   7.149e-06   1.290e-08   7.265e-01   1.628e-03   1.973e-02  1.0000         921  [    1     16         60         27 ]
           2       44579     167.209   7.149e-06   1.290e-08   7.310e-01   1.622e-03   1.968e-02  1.0000         920  [    0    122         30         27 ]
           2       44837     168.784   7.149e-06   1.290e-08   6.086e-01   1.616e-03   1.956e-02  1.0000         931  [    0    123         30         27 ]
           2       45085     170.156   7.149e-06   1.290e-08   7.201e-01   1.616e-03   1.956e-02  1.0000         937  [    0    124         30         26 ]
           2       45340     171.628   7.149e-06   1.290e-08   7.264e-01   1.601e-03   1.955e-02  1.0000         939  [    0    125         30         26 ]
           2       45589     173.104   7.149e-06   1.290e-08   6.161e-01   1.601e-03   1.955e-02  1.0000         941  [    0    126         30         26 ]
           2       45854     174.247   7.149e-06   1.290e-08   7.270e-01   1.592e-03   1.926e-02  1.0000         951  [    0    127         30         27 ]
           2       46104     175.957   7.149e-06   1.290e-08   7.267e-01   1.583e-03   1.911e-02  1.0000         963  [    0    128         30         28 ]
           2       46369     177.843   7.149e-06   1.290e-08   7.223e-01   1.583e-03   1.911e-02  1.0000         973  [    0    129         30         30 ]
           2       46731     179.898   7.149e-06   1.290e-08   6.153e-01   1.574e-03   1.901e-02  1.0000         979  [    1     17         60         30 ]
           2       47212     181.614   7.149e-06   1.290e-08   7.312e-01   1.520e-03   1.866e-02  1.0000        1016  [    2      3        120         31 ]
           2       47491     182.939   7.149e-06   1.290e-08   6.209e-01   1.515e-03   1.854e-02  1.0000        1018  [    0    130         30         31 ]
           2       47766     184.812   7.149e-06   1.290e-08   6.974e-01   1.505e-03   1.847e-02  1.0000        1022  [    0    131         30         31 ]
           2       48044     186.748   7.149e-06   1.290e-08   6.168e-01   1.504e-03   1.844e-02  1.0000        1030  [    0    132         30         31 ]
           2       48318     188.853   7.149e-06   1.290e-08   6.925e-01   1.504e-03   1.843e-02  1.0000        1044  [    0    133         30         31 ]
           2       48574     190.596   7.149e-06   1.290e-08   6.928e-01   1.503e-03   1.843e-02  1.0000        1052  [    0    134         30         29 ]
           2       48853     192.342   7.149e-06   1.290e-08   6.146e-01   1.501e-03   1.839e-02  1.0000        1057  [    0    135         30         30 ]
           2       49134     194.031   7.149e-06   1.290e-08   6.921e-01   1.500e-03   1.840e-02  1.0000        1064  [    0    136         30         30 ]
           2       49408     195.496   7.149e-06   1.290e-08   6.932e-01   1.500e-03   1.834e-02  1.0000        1066  [    0    137         30         29 ]
           2       49740     197.430   2.972e-06   1.290e-08   6.980e-01   1.489e-03   1.827e-02  1.0000        1063  [    1     18         60         26 ]
           2       50005     199.009   2.972e-06   1.290e-08   6.978e-01   1.489e-03   1.827e-02  1.0000        1066  [    0    138         30         25 ]
           2       50256     200.749   2.972e-06   1.290e-08   6.926e-01   1.488e-03   1.819e-02  1.0000        1071  [    0    139         30         25 ]
           2       50511     202.383   2.972e-06   1.290e-08   6.957e-01   1.485e-03   1.819e-02  1.0000        1079  [    0    140         30         25 ]
           2       50762     204.054   2.972e-06   1.290e-08   6.959e-01   1.477e-03   1.814e-02  1.0000        1093  [    0    141         30         25 ]
           2       51027     206.293   2.972e-06   1.290e-08   6.899e-01   1.477e-03   1.806e-02  1.0000        1106  [    0    142         30         28 ]
           2       51311     208.128   2.972e-06   1.290e-08   6.888e-01   1.430e-03   1.772e-02  1.0000        1127  [    0    143         30         27 ]
           2       51593     209.654   2.972e-06   1.290e-08   6.977e-01   1.429e-03   1.771e-02  1.0000        1131  [    0    144         30         25 ]
           2       51846     211.330   2.972e-06   1.290e-08   6.845e-01   1.426e-03   1.771e-02  1.0000        1137  [    0    145         30         26 ]
           2       52194     212.978   2.972e-06   1.290e-08   6.843e-01   1.425e-03   1.770e-02  1.0000        1144  [    1     19         60         25 ]
           2       52444     214.861   2.972e-06   1.290e-08   7.165e-01   1.425e-03   1.762e-02  1.0000        1140  [    0    146         30         26 ]
           2       52702     216.684   2.972e-06   1.290e-08   6.807e-01   1.424e-03   1.760e-02  1.0000        1147  [    0    147         30         28 ]
           2       52969     218.466   2.972e-06   1.290e-08   6.815e-01   1.424e-03   1.760e-02  1.0000        1148  [    0    148         30         27 ]
           2       53235     220.660   2.972e-06   1.290e-08   7.157e-01   1.415e-03   1.710e-02  1.0000        1148  [    0    149         30         25 ]
           2       53475     223.081   2.972e-06   1.290e-08   7.146e-01   1.415e-03   1.709e-02  1.0000        1151  [    0    150         30         25 ]
           2       53725     224.817   2.972e-06   1.290e-08   7.162e-01   1.412e-03   1.700e-02  1.0000        1142  [    0    151         30         24 ]
           2       53956     226.619   2.972e-06   1.290e-08   7.164e-01   1.404e-03   1.690e-02  1.0000        1144  [    0    152         30         24 ]
           2       54190     228.995   2.972e-06   1.290e-08   7.132e-01   1.397e-03   1.676e-02  1.0000        1139  [    0    153         30         23 ]
           2       54503     230.758   2.972e-06   1.290e-08   7.283e-01   1.389e-03   1.676e-02  1.0000        1153  [    1     20         60         24 ]
           2       54745     232.813   2.972e-06   1.290e-08   6.957e-01   1.387e-03   1.665e-02  1.0000        1156  [    0    154         30         26 ]
           2       54990     234.984   2.972e-06   1.290e-08   7.349e-01   1.387e-03   1.675e-02  1.0000        1145  [    0    155         30         26 ]
           2       55245     236.828   2.972e-06   1.290e-08   7.408e-01   1.383e-03   1.653e-02  1.0000        1131  [    0    156         30         25 ]
           2       55494     238.881   2.972e-06   1.290e-08   7.232e-01   1.383e-03   1.656e-02  1.0000        1110  [    0    157         30         22 ]
           2       55714     240.495   2.972e-06   1.290e-08   7.498e-01   1.383e-03   1.656e-02  1.0000        1113  [    0    158         30         23 ]
           2       55943     242.535   2.972e-06   1.290e-08   7.601e-01   1.366e-03   1.642e-02  1.0000        1082  [    0    159         30         22 ]
           2       56161     244.497   2.972e-06   1.290e-08   7.418e-01   1.366e-03   1.640e-02  1.0000        1083  [    0    160         30         21 ]
           2       56393     246.482   2.972e-06   1.290e-08   7.584e-01   1.360e-03   1.635e-02  1.0000        1091  [    0    161         30         20 ]
           2       56676     248.348   2.972e-06   1.290e-08   6.457e-01   1.357e-03   1.628e-02  1.0000        1101  [    1     21         60         20 ]
           2       56889     249.911   2.972e-06   1.290e-08   7.562e-01   1.357e-03   1.627e-02  1.0000        1107  [    0    162         30         21 ]
           2       57108     251.747   2.972e-06   1.290e-08   7.542e-01   1.354e-03   1.630e-02  1.0000        1118  [    0    163         30         21 ]
           2       57334     253.557   2.972e-06   1.290e-08   7.373e-01   1.354e-03   1.630e-02  1.0000        1119  [    0    164         30         22 ]
           2       57554     255.298   2.972e-06   1.290e-08   7.393e-01   1.340e-03   1.628e-02  1.0000        1131  [    0    165         30         22 ]
           2       57800     257.071   2.972e-06   1.290e-08   6.659e-01   1.340e-03   1.618e-02  1.0000        1121  [    0    166         30         20 ]
           2       58035     258.628   2.972e-06   1.290e-08   6.410e-01   1.329e-03   1.618e-02  1.0000        1140  [    0    167         30         21 ]
           2       58281     260.304   2.972e-06   1.290e-08   6.523e-01   1.328e-03   1.609e-02  1.0000        1096  [    0    168         30         19 ]
           2       58484     261.835   2.972e-06   1.290e-08   7.589e-01   1.317e-03   1.611e-02  1.0000        1102  [    0    169         30         20 ]
           2       58766     264.056   2.972e-06   1.290e-08   7.572e-01   1.306e-03   1.612e-02  1.0000        1108  [    1     22         60         19 ]
           2       58965     266.213   2.972e-06   1.290e-08   7.510e-01   1.305e-03   1.611e-02  1.0000        1124  [    0    170         30         20 ]
           2       59178     268.469   2.972e-06   1.290e-08   7.507e-01   1.300e-03   1.612e-02  1.0000        1127  [    0    171         30         21 ]
           2       59398     270.886   2.972e-06   1.290e-08   6.466e-01   1.300e-03   1.611e-02  1.0000        1128  [    0    172         30         21 ]
           2       59620     273.003   2.972e-06   1.290e-08   7.565e-01   1.290e-03   1.604e-02  1.0000        1139  [    0    173         30         20 ]
           2       59843     274.762   2.972e-06   1.290e-08   6.462e-01   1.290e-03   1.604e-02  1.0000        1144  [    0    174         30         20 ]
           2       60059     276.397   2.972e-06   1.290e-08   6.469e-01   1.266e-03   1.582e-02  1.0000        1149  [    0    175         30         20 ]
           2       60292     278.241   2.972e-06   1.290e-08   7.193e-01   1.263e-03   1.569e-02  1.0000        1160  [    0    176         30         20 ]
           2       60503     280.678   2.972e-06   1.290e-08   7.253e-01   1.258e-03   1.559e-02  1.0000        1145  [    0    177         30         19 ]
           2       60801     282.997   2.972e-06   1.290e-08   7.497e-01   1.251e-03   1.572e-02  1.0000        1165  [    1     23         60         19 ]
           2       61037     284.986   2.972e-06   1.290e-08   6.934e-01   1.250e-03   1.560e-02  1.0000        1175  [    0    178         30         19 ]
           2       61245     287.223   2.972e-06   1.290e-08   7.400e-01   1.249e-03   1.548e-02  1.0000        1195  [    0    179         30         19 ]
           2       61461     289.514   2.972e-06   1.290e-08   6.274e-01   1.245e-03   1.546e-02  1.0000        1205  [    0    180         30         19 ]
           2       61669     291.584   2.972e-06   1.290e-08   7.269e-01   1.240e-03   1.546e-02  1.0000        1202  [    0    181         30         18 ]
           2       61898     293.225   2.972e-06   1.290e-08   7.333e-01   1.235e-03   1.545e-02  1.0000        1179  [    0    182         30         17 ]
           2       62108     294.953   2.972e-06   1.290e-08   7.553e-01   1.235e-03   1.542e-02  1.0000        1175  [    0    183         30         18 ]
           2       62329     296.956   2.972e-06   1.290e-08   7.520e-01   1.234e-03   1.540e-02  1.0000        1179  [    0    184         30         18 ]
           2       62548     299.457   2.972e-06   1.290e-08   6.980e-01   1.234e-03   1.537e-02  1.0000        1183  [    0    185         30         18 ]
           2       62837     301.772   2.972e-06   1.290e-08   7.304e-01   1.202e-03   1.541e-02  1.0000        1197  [    1     24         60         18 ]
           2       63054     304.094   2.972e-06   1.290e-08   6.310e-01   1.202e-03   1.541e-02  1.0000        1205  [    0    186         30         18 ]
           2       63273     306.435   2.972e-06   1.290e-08   7.469e-01   1.200e-03   1.540e-02  1.0000        1196  [    0    187         30         17 ]
           2       63483     308.944   2.972e-06   1.290e-08   7.469e-01   1.200e-03   1.540e-02  1.0000        1196  [    0    188         30         18 ]
           2       63720     311.313   2.972e-06   1.290e-08   7.541e-01   1.198e-03   1.530e-02  1.0000        1201  [    0    189         30         21 ]
           2       63945     313.688   2.972e-06   1.290e-08   7.542e-01   1.183e-03   1.524e-02  1.0000        1208  [    0    190         30         20 ]
           2       64177     315.704   2.972e-06   1.290e-08   7.071e-01   1.177e-03   1.523e-02  1.0000        1217  [    0    191         30         20 ]
           2       64405     317.470   2.972e-06   1.290e-08   7.081e-01   1.177e-03   1.526e-02  1.0000        1211  [    0    192         30         21 ]
           2       64633     319.670   2.972e-06   1.290e-08   6.481e-01   1.176e-03   1.525e-02  1.0000        1220  [    0    193         30         21 ]
           2       64943     322.085   2.972e-06   1.290e-08   7.352e-01   1.174e-03   1.521e-02  1.0000        1232  [    1     25         60         22 ]
           2       65402     324.545   2.972e-06   1.290e-08   7.030e-01   1.634e-03   1.990e-02  1.0000         752  [    2      4        120         22 ]
           2       65648     325.954   2.972e-06   1.290e-08   6.243e-01   1.639e-03   1.982e-02  1.0000         696  [    0    194         30         17 ]
           2       65826     326.962   2.972e-06   1.290e-08   7.020e-01   1.639e-03   1.982e-02  1.0000         691  [    0    195         30         15 ]
           2       66015     327.976   2.972e-06   1.290e-08   7.149e-01   1.632e-03   1.976e-02  1.0000         699  [    0    196         30         18 ]
           2       66211     329.036   2.972e-06   1.290e-08   7.330e-01   1.618e-03   1.968e-02  1.0000         711  [    0    197         30         17 ]
           2       66403     330.208   2.972e-06   1.290e-08   7.107e-01   1.608e-03   1.964e-02  1.0000         702  [    0    198         30         16 ]
           2       66606     331.327   2.972e-06   1.290e-08   7.197e-01   1.599e-03   1.945e-02  1.0000         706  [    0    199         30         17 ]
           2       66793     332.647   2.972e-06   1.290e-08   7.541e-01   1.594e-03   1.936e-02  1.0000         712  [    0    200         30         17 ]
           2       66980     333.626   2.972e-06   1.290e-08   6.411e-01   1.591e-03   1.936e-02  1.0000         720  [    0    201         30         17 ]
           2       67228     334.733   2.972e-06   1.290e-08   6.343e-01   1.578e-03   1.921e-02  1.0000         734  [    1     26         60         17 ]
           2       67420     335.730   2.972e-06   1.290e-08   7.109e-01   1.575e-03   1.916e-02  1.0000         740  [    0    202         30         16 ]
           2       67597     336.892   2.972e-06   1.290e-08   7.094e-01   1.574e-03   1.913e-02  1.0000         744  [    0    203         30         17 ]
           2       67799     338.348   2.972e-06   1.290e-08   7.467e-01   1.572e-03   1.913e-02  1.0000         745  [    0    204         30         16 ]
           2       67987     339.802   2.972e-06   1.290e-08   7.465e-01   1.565e-03   1.912e-02  1.0000         751  [    0    205         30         17 ]
           2       68181     341.291   2.972e-06   1.290e-08   7.305e-01   1.565e-03   1.911e-02  1.0000         756  [    0    206         30         17 ]
           2       68367     342.720   2.972e-06   1.290e-08   7.305e-01   1.561e-03   1.911e-02  1.0000         759  [    0    207         30         17 ]
           2       68556     344.216   2.972e-06   1.290e-08   6.541e-01   1.559e-03   1.900e-02  1.0000         733  [    0    208         30         16 ]
           2       68752     345.679   2.972e-06   1.290e-08   7.471e-01   1.539e-03   1.895e-02  1.0000         744  [    0    209         30         16 ]
           2       69004     347.133   2.972e-06   1.290e-08   7.551e-01   1.517e-03   1.884e-02  1.0000         735  [    1     27         60         16 ]
           2       69211     348.578   2.972e-06   1.290e-08   7.701e-01   1.499e-03   1.881e-02  1.0000         740  [    0    210         30         17 ]
           2       69422     349.918   2.972e-06   1.290e-08   7.542e-01   1.497e-03   1.880e-02  1.0000         743  [    0    211         30         18 ]
           2       69628     351.024   2.972e-06   1.290e-08   6.684e-01   1.491e-03   1.877e-02  1.0000         740  [    0    212         30         17 ]
           2       69828     352.157   2.972e-06   1.290e-08   7.780e-01   1.475e-03   1.856e-02  1.0000         742  [    0    213         30         14 ]
           2       69986     353.332   2.972e-06   1.290e-08   7.883e-01   1.466e-03   1.846e-02  1.0000         719  [    0    214         30         13 ]
           2       70141     354.535   2.972e-06   1.290e-08   6.929e-01   1.466e-03   1.843e-02  1.0000         721  [    0    215         30         13 ]
           2       70312     355.667   2.972e-06   1.290e-08   7.882e-01   1.463e-03   1.843e-02  1.0000         721  [    0    216         30         14 ]
           2       70481     356.786   2.972e-06   1.290e-08   7.875e-01   1.458e-03   1.839e-02  1.0000         731  [    0    217         30         15 ]
           2       70724     357.962   2.972e-06   1.290e-08   7.799e-01   1.456e-03   1.837e-02  1.0000         743  [    1     28         60         16 ]
           2       70909     359.156   2.972e-06   1.290e-08   7.785e-01   1.455e-03   1.836e-02  1.0000         750  [    0    218         30         16 ]
           2       71097     360.258   2.972e-06   1.290e-08   7.783e-01   1.443e-03   1.805e-02  1.0000         757  [    0    219         30         16 ]
           2       71300     361.451   2.972e-06   1.290e-08   7.024e-01   1.418e-03   1.788e-02  1.0000         773  [    0    220         30         15 ]
           2       71483     362.997   2.972e-06   1.290e-08   8.124e-01   1.409e-03   1.785e-02  1.0000         747  [    0    221         30         12 ]
           2       71638     364.203   2.972e-06   1.290e-08   7.036e-01   1.409e-03   1.785e-02  1.0000         749  [    0    222         30         12 ]
           2       71808     365.678   2.972e-06   1.290e-08   7.976e-01   1.396e-03   1.780e-02  1.0000         756  [    0    223         30         14 ]
           2       72000     366.986   2.972e-06   1.290e-08   8.112e-01   1.396e-03   1.778e-02  1.0000         760  [    0    224         30         13 ]
           2       72173     368.145   2.972e-06   1.290e-08   7.980e-01   1.380e-03   1.775e-02  1.0000         769  [    0    225         30         15 ]
           2       72420     369.232   2.972e-06   1.290e-08   7.109e-01   1.374e-03   1.775e-02  1.0000         761  [    1     29         60         14 ]
           2       72601     370.443   2.972e-06   1.290e-08   7.112e-01   1.361e-03   1.771e-02  1.0000         770  [    0    226         30         15 ]
           2       72797     371.978   2.972e-06   1.290e-08   7.143e-01   1.354e-03   1.767e-02  1.0000         766  [    0    227         30         14 ]
           2       72979     373.186   2.972e-06   1.290e-08   7.113e-01   1.341e-03   1.745e-02  1.0000         761  [    0    228         30         14 ]
           2       73159     374.318   2.972e-06   1.290e-08   8.219e-01   1.341e-03   1.745e-02  1.0000         759  [    0    229         30         12 ]
           2       73335     375.919   2.972e-06   1.290e-08   7.733e-01   1.335e-03   1.727e-02  1.0000         754  [    0    230         30         12 ]
           2       73504     377.051   2.972e-06   1.290e-08   8.059e-01   1.325e-03   1.722e-02  1.0000         765  [    0    231         30         12 ]
           2       73668     378.326   2.972e-06   1.290e-08   8.155e-01   1.318e-03   1.714e-02  1.0000         778  [    0    232         30         12 ]
           2       73835     379.782   7.665e-07   1.290e-08   8.005e-01   1.307e-03   1.706e-02  1.0000         743  [    0    233         30         11 ]
           2       74075     381.080   7.665e-07   1.290e-08   7.564e-01   1.299e-03   1.703e-02  1.0000         751  [    1     30         60         13 ]
           2       74255     382.539   7.665e-07   1.290e-08   8.017e-01   1.292e-03   1.690e-02  1.0000         757  [    0    234         30         14 ]
           2       74438     383.931   7.665e-07   1.290e-08   7.969e-01   1.292e-03   1.689e-02  1.0000         769  [    0    235         30         16 ]
           2       74642     385.077   7.665e-07   1.290e-08   7.985e-01   1.285e-03   1.685e-02  1.0000         776  [    0    236         30         14 ]
           2       74822     386.508   7.665e-07   1.290e-08   8.166e-01   1.282e-03   1.685e-02  1.0000         778  [    0    237         30         15 ]
           2       75009     387.780   7.665e-07   1.290e-08   7.921e-01   1.282e-03   1.681e-02  1.0000         782  [    0    238         30         14 ]
           2       75195     389.014   7.665e-07   1.290e-08   8.031e-01   1.281e-03   1.675e-02  1.0000         791  [    0    239         30         14 ]
           2       75377     390.345   7.665e-07   1.290e-08   7.970e-01   1.265e-03   1.651e-02  1.0000         811  [    0    240         30         16 ]
           2       75577     391.497   7.665e-07   1.290e-08   6.962e-01   1.265e-03   1.651e-02  1.0000         814  [    0    241         30         17 ]
           2       75836     392.576   7.665e-07   1.290e-08   7.566e-01   1.263e-03   1.649e-02  1.0000         824  [    1     31         60         17 ]
           2       76022     394.073   7.665e-07   1.290e-08   7.747e-01   1.263e-03   1.649e-02  1.0000         828  [    0    242         30         17 ]
           2       76217     395.481   7.665e-07   1.290e-08   7.906e-01   1.244e-03   1.629e-02  1.0000         837  [    0    243         30         17 ]
           2       76429     396.963   7.665e-07   1.290e-08   7.906e-01   1.242e-03   1.623e-02  1.0000         844  [    0    244         30         17 ]
           2       76614     398.697   7.665e-07   1.290e-08   7.747e-01   1.242e-03   1.618e-02  1.0000         850  [    0    245         30         17 ]
           2       76822     400.427   7.665e-07   1.290e-08   6.831e-01   1.241e-03   1.618e-02  1.0000         852  [    0    246         30         17 ]
           2       77020     402.215   7.665e-07   1.290e-08   7.744e-01   1.235e-03   1.617e-02  1.0000         855  [    0    247         30         18 ]
           2       77219     403.793   7.665e-07   1.290e-08   7.917e-01   1.230e-03   1.609e-02  1.0000         864  [    0    248         30         18 ]
           2       77423     405.429   7.665e-07   1.290e-08   7.718e-01   1.229e-03   1.609e-02  1.0000         857  [    0    249         30         16 ]
           2       77680     407.051   7.665e-07   1.290e-08   8.345e-01   1.229e-03   1.609e-02  1.0000         828  [    1     32         60         15 ]
           2       77866     408.406   7.665e-07   1.290e-08   8.331e-01   1.219e-03   1.605e-02  1.0000         835  [    0    250         30         17 ]
           2       78058     409.943   7.665e-07   1.290e-08   8.343e-01   1.214e-03   1.600e-02  1.0000         837  [    0    251         30         16 ]
           2       78249     411.421   7.665e-07   1.290e-08   8.349e-01   1.213e-03   1.600e-02  1.0000         841  [    0    252         30         16 ]
           2       78427     412.672   7.665e-07   1.290e-08   7.338e-01   1.212e-03   1.599e-02  1.0000         839  [    0    253         30         15 ]
           2       78612     413.736   7.665e-07   1.290e-08   7.984e-01   1.197e-03   1.589e-02  1.0000         856  [    0    254         30         15 ]
           2       78780     415.211   7.665e-07   1.290e-08   7.159e-01   1.187e-03   1.583e-02  1.0000         866  [    0    255         30         14 ]
           2       78953     416.755   7.665e-07   1.290e-08   7.977e-01   1.186e-03   1.579e-02  1.0000         869  [    0    256         30         15 ]
           2       79118     418.147   7.665e-07   1.290e-08   8.253e-01   1.186e-03   1.577e-02  1.0000         871  [    0    257         30         15 ]
           2       79367     419.941   7.665e-07   1.290e-08   7.939e-01   1.182e-03   1.575e-02  1.0000         880  [    1     33         60         17 ]
           2       79783     421.887   7.665e-07   1.290e-08   8.069e-01   1.166e-03   1.566e-02  1.0000         911  [    2      5        120         17 ]
           2       79984     423.558   7.665e-07   1.290e-08   7.786e-01   1.160e-03   1.563e-02  1.0000         914  [    0    258         30         18 ]
           2       80170     425.124   7.665e-07   1.290e-08   8.065e-01   1.160e-03   1.563e-02  1.0000         916  [    0    259         30         18 ]
           2       80368     426.755   7.665e-07   1.290e-08   6.919e-01   1.160e-03   1.563e-02  1.0000         918  [    0    260         30         17 ]
           2       80555     428.494   7.665e-07   1.290e-08   6.863e-01   1.160e-03   1.563e-02  1.0000         925  [    0    261         30         17 ]
           2       80745     430.399   7.665e-07   1.290e-08   6.833e-01   1.160e-03   1.563e-02  1.0000         935  [    0    262         30         18 ]
           2       80939     432.222   7.665e-07   1.290e-08   7.993e-01   1.159e-03   1.561e-02  1.0000         933  [    0    263         30         17 ]
           2       81142     433.528   7.665e-07   1.290e-08   7.993e-01   1.159e-03   1.561e-02  1.0000         936  [    0    264         30         18 ]
           2       81342     434.963   7.665e-07   1.290e-08   6.873e-01   1.159e-03   1.561e-02  1.0000         945  [    0    265         30         17 ]
           2       81627     436.429   7.665e-07   1.290e-08   7.686e-01   1.153e-03   1.558e-02  1.0000         946  [    1     34         60         17 ]
           2       81830     438.102   7.665e-07   1.290e-08   7.789e-01   1.143e-03   1.549e-02  1.0000         953  [    0    266         30         17 ]
           2       82044     440.049   7.665e-07   1.290e-08   8.064e-01   1.143e-03   1.549e-02  1.0000         949  [    0    267         30         16 ]
           2       82245     441.961   7.665e-07   1.290e-08   6.960e-01   1.141e-03   1.544e-02  1.0000         952  [    0    268         30         17 ]
           2       82454     443.776   7.665e-07   1.290e-08   8.021e-01   1.136e-03   1.540e-02  1.0000         962  [    0    269         30         18 ]
           2       82651     445.121   7.665e-07   1.290e-08   8.014e-01   1.134e-03   1.539e-02  1.0000         966  [    0    270         30         16 ]
           2       82852     446.600   7.665e-07   1.290e-08   8.018e-01   1.134e-03   1.539e-02  1.0000         964  [    0    271         30         16 ]
           2       83060     448.080   7.665e-07   1.290e-08   7.857e-01   1.133e-03   1.539e-02  1.0000         963  [    0    272         30         17 ]
           2       83258     450.058   7.665e-07   1.290e-08   7.391e-01   1.127e-03   1.531e-02  1.0000         957  [    0    273         30         17 ]
           2       83537     451.811   7.665e-07   1.290e-08   7.000e-01   1.125e-03   1.527e-02  1.0000         961  [    1     35         60         16 ]
           2       83729     453.171   7.665e-07   1.290e-08   7.413e-01   1.120e-03   1.527e-02  1.0000         966  [    0    274         30         14 ]
           2       83933     454.554   7.665e-07   1.290e-08   8.109e-01   1.120e-03   1.527e-02  1.0000         973  [    0    275         30         14 ]
           2       84117     456.566   7.665e-07   1.290e-08   7.397e-01   1.120e-03   1.527e-02  1.0000         978  [    0    276         30         14 ]
           2       84308     458.650   7.665e-07   1.290e-08   8.095e-01   1.116e-03   1.524e-02  1.0000         988  [    0    277         30         15 ]
           2       84516     460.503   7.665e-07   1.290e-08   8.198e-01   1.116e-03   1.524e-02  1.0000         978  [    0    278         30         16 ]
           2       84715     462.495   7.665e-07   1.290e-08   8.091e-01   1.115e-03   1.523e-02  1.0000         993  [    0    279         30         16 ]
           2       84914     463.956   7.665e-07   1.290e-08   7.416e-01   1.108e-03   1.520e-02  1.0000         999  [    0    280         30         17 ]
           2       85099     465.783   7.665e-07   1.290e-08   6.962e-01   1.101e-03   1.516e-02  1.0000        1005  [    0    281         30         17 ]
           2       85392     467.800   7.665e-07   1.290e-08   6.885e-01   1.095e-03   1.515e-02  1.0000        1020  [    1     36         60         18 ]
           2       85610     469.799   7.665e-07   1.290e-08   7.973e-01   1.084e-03   1.516e-02  1.0000        1027  [    0    282         30         18 ]
           2       85837     471.802   7.665e-07   1.290e-08   7.354e-01   1.077e-03   1.506e-02  1.0000        1017  [    0    283         30         18 ]
           2       86062     473.918   7.665e-07   1.290e-08   7.021e-01   1.077e-03   1.506e-02  1.0000        1020  [    0    284         30         18 ]
           2       86306     476.063   7.665e-07   1.290e-08   8.007e-01   1.077e-03   1.497e-02  1.0000        1010  [    0    285         30         18 ]
           2       86532     478.077   7.665e-07   1.290e-08   8.016e-01   1.077e-03   1.497e-02  1.0000        1009  [    0    286         30         18 ]
           2       86744     480.146   7.665e-07   1.290e-08   8.073e-01   1.076e-03   1.493e-02  1.0000        1003  [    0    287         30         16 ]
           2       86943     482.261   7.665e-07   1.290e-08   8.057e-01   1.076e-03   1.506e-02  1.0000        1005  [    0    288         30         15 ]
           2       87142     484.208   7.665e-07   1.290e-08   8.057e-01   1.070e-03   1.496e-02  1.0000        1013  [    0    289         30         15 ]
           2       87418     486.255   7.665e-07   1.290e-08   8.075e-01   1.059e-03   1.489e-02  1.0000        1011  [    1     37         60         13 ]
           2       87630     487.970   7.665e-07   1.290e-08   7.965e-01   1.058e-03   1.488e-02  1.0000        1016  [    0    290         30         13 ]
           2       87821     489.494   7.665e-07   1.290e-08   7.874e-01   1.049e-03   1.488e-02  1.0000        1026  [    0    291         30         15 ]
           2       88014     491.125   7.665e-07   1.290e-08   7.826e-01   1.048e-03   1.487e-02  1.0000        1033  [    0    292         30         15 ]
           2       88213     493.220   7.665e-07   1.290e-08   7.857e-01   1.046e-03   1.488e-02  1.0000        1037  [    0    293         30         15 ]
           2       88405     495.478   7.665e-07   1.290e-08   6.863e-01   1.046e-03   1.488e-02  1.0000        1042  [    0    294         30         15 ]
           2       88611     497.541   7.665e-07   1.290e-08   8.024e-01   1.044e-03   1.487e-02  1.0000        1045  [    0    295         30         16 ]
           2       88815     499.260   7.665e-07   1.290e-08   7.042e-01   1.043e-03   1.494e-02  1.0000        1034  [    0    296         30         15 ]
           2       89025     501.350   7.665e-07   1.290e-08   8.073e-01   1.042e-03   1.488e-02  1.0000        1044  [    0    297         30         15 ]
           2       89298     503.306   7.665e-07   1.290e-08   6.999e-01   1.041e-03   1.488e-02  1.0000        1038  [    1     38         60         15 ]
           2       89507     505.352   7.665e-07   1.290e-08   7.621e-01   1.041e-03   1.488e-02  1.0000        1038  [    0    298         30         14 ]
           2       89707     507.286   7.665e-07   1.290e-08   8.101e-01   1.040e-03   1.487e-02  1.0000        1045  [    0    299         30         14 ]
           2       89901     509.301   7.665e-07   1.290e-08   6.994e-01   1.040e-03   1.487e-02  1.0000        1048  [    0    300         30         15 ]
           2       90113     511.078   7.665e-07   1.290e-08   7.010e-01   1.038e-03   1.487e-02  1.0000        1051  [    0    301         30         15 ]
           2       90309     512.687   7.665e-07   1.290e-08   8.108e-01   1.036e-03   1.480e-02  1.0000        1057  [    0    302         30         15 ]
           2       90508     514.482   7.665e-07   1.290e-08   6.990e-01   1.036e-03   1.480e-02  1.0000        1058  [    0    303         30         15 ]
           2       90717     516.008   7.665e-07   1.290e-08   6.863e-01   1.036e-03   1.477e-02  1.0000        1062  [    0    304         30         16 ]
           2       90922     518.127   7.665e-07   1.290e-08   6.878e-01   1.031e-03   1.477e-02  1.0000        1056  [    0    305         30         15 ]
           2       91175     519.753   7.665e-07   1.290e-08   8.109e-01   1.030e-03   1.477e-02  1.0000        1051  [    1     39         60         13 ]
           2       91374     521.333   7.665e-07   1.290e-08   6.968e-01   1.028e-03   1.475e-02  1.0000        1054  [    0    306         30         13 ]
           2       91569     522.880   7.665e-07   1.290e-08   7.969e-01   1.027e-03   1.474e-02  1.0000        1050  [    0    307         30         12 ]
           2       91768     524.689   7.665e-07   1.290e-08   7.614e-01   1.026e-03   1.464e-02  1.0000        1056  [    0    308         30         12 ]
           2       91967     526.375   7.665e-07   1.290e-08   7.043e-01   1.026e-03   1.462e-02  1.0000        1055  [    0    309         30         13 ]
           2       92174     528.041   7.665e-07   1.290e-08   8.090e-01   1.026e-03   1.463e-02  1.0000        1051  [    0    310         30         12 ]
           2       92373     529.555   7.665e-07   1.290e-08   7.126e-01   1.026e-03   1.462e-02  1.0000        1053  [    0    311         30         13 ]
           2       92573     531.263   7.665e-07   1.290e-08   7.056e-01   1.016e-03   1.457e-02  1.0000        1064  [    0    312         30         14 ]
           2       92766     533.131   7.665e-07   1.290e-08   7.036e-01   1.014e-03   1.442e-02  1.0000        1069  [    0    313         30         15 ]
           2       93062     535.520   7.665e-07   1.290e-08   7.997e-01   1.012e-03   1.442e-02  1.0000        1077  [    1     40         60         16 ]
           2       93280     537.331   7.665e-07   1.290e-08   7.034e-01   1.012e-03   1.442e-02  1.0000        1077  [    0    314         30         16 ]
           2       93501     539.594   7.665e-07   1.290e-08   7.990e-01   1.012e-03   1.438e-02  1.0000        1078  [    0    315         30         16 ]
           2       93715     541.724   7.665e-07   1.290e-08   8.175e-01   1.011e-03   1.437e-02  1.0000        1077  [    0    316         30         15 ]
           2       93924     543.348   7.665e-07   1.290e-08   7.082e-01   1.004e-03   1.414e-02  1.0000        1087  [    0    317         30         16 ]
           2       94127     545.287   7.665e-07   1.290e-08   7.756e-01   1.004e-03   1.414e-02  1.0000        1073  [    0    318         30         14 ]
           2       94327     547.317   7.665e-07   1.290e-08   7.086e-01   1.001e-03   1.410e-02  1.0000        1080  [    0    319         30         14 ]
           2       94521     549.374   7.665e-07   1.290e-08   7.072e-01   1.000e-03   1.410e-02  1.0000        1084  [    0    320         30         15 ]
           2       94705     551.415   7.665e-07   1.290e-08   7.066e-01   1.000e-03   1.410e-02  1.0000        1091  [    0    321         30         15 ]
           2       94985     553.456   7.665e-07   1.290e-08   7.658e-01   1.000e-03   1.410e-02  1.0000        1103  [    1     41         60         16 ]
           2       95406     555.567   7.665e-07   1.290e-08   8.031e-01   9.998e-04   1.404e-02  1.0000        1133  [    2      6        120         16 ]
           2       95611     557.944   7.665e-07   1.290e-08   7.688e-01   9.968e-04   1.399e-02  1.0000        1141  [    0    322         30         16 ]
           2       95826     559.642   7.665e-07   1.290e-08   8.038e-01   9.968e-04   1.399e-02  1.0000        1139  [    0    323         30         17 ]
           2       96036     561.746   7.665e-07   1.290e-08   6.938e-01   9.965e-04   1.399e-02  1.0000        1140  [    0    324         30         17 ]
           2       96244     563.700   7.665e-07   1.290e-08   6.931e-01   9.965e-04   1.399e-02  1.0000        1140  [    0    325         30         17 ]
           2       96457     565.674   7.665e-07   1.290e-08   6.920e-01   9.930e-04   1.399e-02  1.0000        1145  [    0    326         30         18 ]
           2       96679     567.994   7.665e-07   1.290e-08   7.649e-01   9.923e-04   1.398e-02  1.0000        1147  [    0    327         30         18 ]
           2       96900     570.155   7.665e-07   1.290e-08   8.013e-01   9.923e-04   1.398e-02  1.0000        1151  [    0    328         30         18 ]
           2       97124     571.928   7.665e-07   1.290e-08   7.875e-01   9.923e-04   1.398e-02  1.0000        1154  [    0    329         30         17 ]
           2       97424     573.628   7.665e-07   1.290e-08   6.871e-01   9.908e-04   1.397e-02  1.0000        1168  [    1     42         60         17 ]
           2       97635     575.501   7.665e-07   1.290e-08   7.861e-01   9.875e-04   1.394e-02  1.0000        1171  [    0    330         30         17 ]
           2       97849     577.213   7.665e-07   1.290e-08   7.955e-01   9.857e-04   1.392e-02  1.0000        1177  [    0    331         30         17 ]
           2       98046     579.367   7.665e-07   1.290e-08   7.698e-01   9.847e-04   1.389e-02  1.0000        1192  [    0    332         30         18 ]
           2       98262     581.911   7.665e-07   1.290e-08   7.103e-01   9.839e-04   1.390e-02  1.0000        1191  [    0    333         30         18 ]
           2       98487     583.602   7.665e-07   1.290e-08   6.856e-01   9.838e-04   1.390e-02  1.0000        1197  [    0    334         30         20 ]
           2       98718     585.738   7.665e-07   1.290e-08   6.861e-01   9.838e-04   1.390e-02  1.0000        1194  [    0    335         30         20 ]
           2       98947     587.637   7.665e-07   1.290e-08   7.859e-01   9.822e-04   1.389e-02  1.0000        1197  [    0    336         30         20 ]
           2       99171     589.967   7.665e-07   1.290e-08   7.857e-01   9.822e-04   1.389e-02  1.0000        1204  [    0    337         30         20 ]
           2       99477     592.422   7.665e-07   1.290e-08   7.180e-01   9.789e-04   1.384e-02  1.0000        1175  [    1     43         60         19 ]
           2       99690     594.323   7.665e-07   1.290e-08   6.957e-01   9.789e-04   1.384e-02  1.0000        1175  [    0    338         30         19 ]
           2       99914     596.557   7.665e-07   1.290e-08   6.913e-01   9.778e-04   1.379e-02  1.0000        1182  [    0    339         30         19 ]
           3      100119     598.684   7.665e-07   1.290e-08   7.149e-01   9.778e-04   1.379e-02  1.0000        1182  [    2      6        120         16 ]
