# Generation  Evaluations  Time (s)  Best_obj[0]  Best_obj[1]  Hypervol.   IGD         IGDX        SR    Appr.set  [ Pop.index  Subgen.  Pop.size  Subpops ]
           0         114       2.417   8.257e-02   1.001e-01   6.005e-01   5.647e-02   2.363e-01  0.0000          30  [    0      1         30         10 ]
           0         227       2.505   8.257e-02   6.382e-02   5.977e-01   4.651e-02   1.920e-01  0.0000          52  [    0      2         30         12 ]
           0         348       2.547   8.257e-02   1.326e-02   5.514e-01   3.312e-02   1.903e-01  0.0000          58  [    0      3         30         14 ]
           0         483       2.614   8.257e-02   2.619e-04   5.773e-01   2.997e-02   1.891e-01  0.0000          61  [    0      4         30         12 ]
           0         604       2.667   9.180e-03   2.619e-04   6.447e-01   2.474e-02   1.675e-01  0.0000          70  [    0      5         30         17 ]
           0         745       2.713   9.180e-03   2.619e-04   5.971e-01   2.338e-02   1.470e-01  0.0000          91  [    0      6         30         19 ]
           0         909       2.809   9.180e-03   2.619e-04   6.500e-01   1.745e-02   1.182e-01  0.0000         115  [    0      7         30         21 ]
           0        1088       2.982   9.180e-03   2.619e-04   6.854e-01   1.606e-02   1.007e-01  0.0000         131  [    0      8         30         22 ]
           1        1566       3.139   1.046e-03   2.619e-04   6.508e-01   1.326e-02   7.784e-02  0.0000         290  [    1      1         60         33 ]
           1        1810       3.335   1.046e-03   2.619e-04   6.281e-01   1.281e-02   7.343e-02  0.0000         302  [    0      9         30         34 ]
           1        2156       3.578   1.046e-03   2.619e-04   6.092e-01   1.224e-02   6.822e-02  0.0000         353  [    1      2         60         35 ]
           1        2430       3.839   1.046e-03   2.619e-04   4.959e-01   1.097e-02   6.839e-02  0.0000         365  [    0     10         30         36 ]
           1        2699       4.084   1.046e-03   2.619e-04   4.975e-01   9.942e-03   6.609e-02  0.0000         373  [    0     11         30         37 ]
           1        2984       4.348   1.046e-03   2.619e-04   6.032e-01   9.730e-03   6.371e-02  0.0000         392  [    0     12         30         37 ]
           1        3270       4.673   1.046e-03   2.619e-04   5.032e-01   8.897e-03   5.924e-02  0.0000         399  [    0     13         30         39 ]
           1        3559       4.944   1.046e-03   2.619e-04   5.150e-01   8.065e-03   5.675e-02  0.0000         418  [    0     14         30         38 ]
           1        3852       5.241   1.046e-03   2.619e-04   5.128e-01   7.856e-03   5.503e-02  0.0000         428  [    0     15         30         37 ]
           1        4145       5.629   1.046e-03   2.619e-04   5.048e-01   7.451e-03   5.271e-02  0.0000         447  [    0     16         30         36 ]
           1        4436       5.942   1.046e-03   2.619e-04   5.045e-01   6.926e-03   5.234e-02  0.0000         456  [    0     17         30         36 ]
           1        4815       6.267   1.046e-03   2.619e-04   5.108e-01   6.757e-03   4.968e-02  0.5000         478  [    1      3         60         40 ]
           1        5124       6.848   1.046e-03   2.619e-04   5.834e-01   6.314e-03   4.718e-02  0.5000         502  [    0     18         30         41 ]
           1        5440       7.221   1.046e-03   2.619e-04   5.041e-01   6.270e-03   4.662e-02  1.0000         509  [    0     19         30         42 ]
           1        5755       7.634   1.046e-03   2.619e-04   6.109e-01   6.210e-03   4.590e-02  1.0000         513  [    0     20         30         42 ]
           1        6080       7.985   1.046e-03   2.619e-04   5.808e-01   6.063e-03   4.594e-02  1.0000         525  [    0     21         30         41 ]
           1        6410       8.349   1.046e-03   2.619e-04   6.139e-01   6.063e-03   4.463e-02  1.0000         530  [    0     22         30         41 ]
           1        6744       8.714   1.046e-03   2.619e-04   5.039e-01   5.889e-03   4.417e-02  1.0000         539  [    0     23         30         40 ]
           1        7059       9.148   1.046e-03   2.619e-04   6.099e-01   5.864e-03   4.331e-02  1.0000         548  [    0     24         30         42 ]
           1        7398       9.693   1.046e-03   2.619e-04   6.173e-01   5.581e-03   4.282e-02  1.0000         567  [    0     25         30         42 ]
           1        7804      10.107   1.046e-03   2.619e-04   5.517e-01   5.269e-03   3.994e-02  1.0000         586  [    1      4         60         42 ]
           1        8149      10.558   1.046e-03   2.619e-04   5.510e-01   5.121e-03   3.984e-02  1.0000         591  [    0     26         30         42 ]
           1        8498      11.027   1.046e-03   2.619e-04   6.396e-01   4.894e-03   3.860e-02  1.0000         603  [    0     27         30         43 ]
           1        8841      11.468   1.046e-03   2.619e-04   6.377e-01   4.865e-03   3.821e-02  1.0000         611  [    0     28         30         43 ]
           1        9177      11.948   1.046e-03   2.619e-04   6.368e-01   4.641e-03   3.609e-02  1.0000         624  [    0     29         30         44 ]
           1        9520      12.459   3.862e-05   2.619e-04   6.362e-01   4.597e-03   3.560e-02  1.0000         638  [    0     30         30         45 ]
           1        9856      12.936   3.862e-05   2.619e-04   6.340e-01   4.558e-03   3.477e-02  1.0000         654  [    0     31         30         46 ]
           1       10222      13.434   3.862e-05   2.619e-04   6.324e-01   4.316e-03   3.276e-02  1.0000         672  [    0     32         30         48 ]
           1       10595      13.971   3.862e-05   2.619e-04   5.268e-01   4.194e-03   3.200e-02  1.0000         661  [    0     33         30         49 ]
           1       11013      14.467   3.862e-05   2.619e-04   5.208e-01   4.087e-03   3.209e-02  1.0000         689  [    1      5         60         49 ]
           1       11383      15.009   3.862e-05   2.619e-04   6.347e-01   3.871e-03   3.053e-02  1.0000         687  [    0     34         30         45 ]
           1       11729      15.486   3.862e-05   2.619e-04   5.300e-01   3.785e-03   3.000e-02  1.0000         673  [    0     35         30         42 ]
           1       12077      16.007   3.862e-05   2.619e-04   6.632e-01   3.504e-03   2.867e-02  1.0000         680  [    0     36         30         40 ]
           1       12403      16.485   3.862e-05   2.619e-04   5.821e-01   3.504e-03   2.855e-02  1.0000         690  [    0     37         30         42 ]
           1       12734      16.968   3.862e-05   2.619e-04   5.484e-01   3.448e-03   2.843e-02  1.0000         694  [    0     38         30         42 ]
           1       13065      17.456   3.862e-05   2.619e-04   5.503e-01   3.299e-03   2.822e-02  1.0000         709  [    0     39         30         43 ]
           1       13389      18.058   3.862e-05   2.619e-04   5.819e-01   3.277e-03   2.810e-02  1.0000         728  [    0     40         30         44 ]
           1       13730      18.572   3.862e-05   2.619e-04   6.574e-01   3.101e-03   2.763e-02  1.0000         746  [    0     41         30         42 ]
           1       14137      19.350   3.862e-05   2.619e-04   5.419e-01   2.945e-03   2.632e-02  1.0000         771  [    1      6         60         45 ]
           1       14488      20.056   3.862e-05   2.619e-04   6.452e-01   2.876e-03   2.630e-02  1.0000         788  [    0     42         30         45 ]
           1       14835      20.762   3.862e-05   2.619e-04   5.376e-01   2.869e-03   2.622e-02  1.0000         794  [    0     43         30         45 ]
           1       15181      21.385   3.862e-05   2.619e-04   5.441e-01   2.833e-03   2.569e-02  1.0000         801  [    0     44         30         46 ]
           1       15522      22.150   3.862e-05   2.619e-04   5.452e-01   2.797e-03   2.552e-02  1.0000         807  [    0     45         30         46 ]
           1       15866      23.207   3.862e-05   2.619e-04   5.490e-01   2.695e-03   2.542e-02  1.0000         812  [    0     46         30         47 ]
           1       16227      24.091   3.862e-05   2.619e-04   5.465e-01   2.665e-03   2.534e-02  1.0000         814  [    0     47         30         46 ]
           1       16583      24.805   3.862e-05   2.619e-04   6.008e-01   2.649e-03   2.518e-02  1.0000         828  [    0     48         30         46 ]
           1       16943      25.430   3.862e-05   2.619e-04   5.408e-01   2.628e-03   2.517e-02  1.0000         834  [    0     49         30         45 ]
           1       17377      26.067   3.862e-05   2.619e-04   5.453e-01   2.527e-03   2.443e-02  1.0000         855  [    1      7         60         46 ]
           1       17741      26.720   3.862e-05   2.619e-04   5.437e-01   2.513e-03   2.461e-02  1.0000         857  [    0     50         30         43 ]
           1       18103      27.408   3.862e-05   2.619e-04   6.575e-01   2.505e-03   2.454e-02  1.0000         869  [    0     51         30         43 ]
           1       18459      28.072   3.862e-05   2.619e-04   5.378e-01   2.484e-03   2.464e-02  1.0000         882  [    0     52         30         43 ]
           1       18829      28.768   3.754e-05   2.619e-04   5.372e-01   2.446e-03   2.406e-02  1.0000         892  [    0     53         30         44 ]
           1       19185      29.516   3.754e-05   2.619e-04   5.530e-01   2.445e-03   2.394e-02  1.0000         903  [    0     54         30         46 ]
           1       19552      30.263   3.754e-05   2.619e-04   5.291e-01   2.439e-03   2.404e-02  1.0000         909  [    0     55         30         45 ]
           1       19913      31.308   3.754e-05   2.619e-04   5.324e-01   2.439e-03   2.394e-02  1.0000         917  [    0     56         30         45 ]
           1       20271      32.246   3.754e-05   2.619e-04   6.090e-01   2.439e-03   2.393e-02  1.0000         927  [    0     57         30         44 ]
           1       20691      33.191   3.754e-05   2.619e-04   5.588e-01   2.408e-03   2.347e-02  1.0000         946  [    1      8         60         44 ]
           1       21055      34.010   3.754e-05   2.619e-04   5.159e-01   2.161e-03   2.302e-02  1.0000         968  [    0     58         30         44 ]
           1       21410      35.132   3.754e-05   2.619e-04   5.718e-01   2.161e-03   2.283e-02  1.0000         970  [    0     59         30         44 ]
           1       21767      35.999   3.754e-05   2.619e-04   5.123e-01   2.160e-03   2.262e-02  1.0000         978  [    0     60         30         46 ]
           1       22135      36.873   3.754e-05   2.619e-04   5.387e-01   2.118e-03   2.241e-02  1.0000         990  [    0     61         30         46 ]
           1       22512      37.661   1.176e-05   2.619e-04   6.232e-01   2.076e-03   2.239e-02  1.0000         996  [    0     62         30         47 ]
           1       22894      38.526   1.176e-05   2.619e-04   5.112e-01   2.076e-03   2.237e-02  1.0000        1007  [    0     63         30         49 ]
           1       23279      39.513   1.176e-05   2.619e-04   6.211e-01   2.075e-03   2.226e-02  1.0000        1019  [    0     64         30         48 ]
           2       25341      40.351   1.674e-06   2.619e-04   4.616e-01   3.928e-03   4.136e-02  1.0000         744  [    2      1        120         55 ]
           2       25827      41.069   1.674e-06   2.619e-04   4.925e-01   3.993e-03   4.448e-02  1.0000         568  [    0     65         30         40 ]
           2       26273      41.691   1.674e-06   2.619e-04   5.215e-01   3.920e-03   4.382e-02  1.0000         567  [    1      9         60         40 ]
           2       26861      42.244   1.674e-06   8.352e-06   5.312e-01   3.597e-03   4.047e-02  1.0000         641  [    2      2        120         40 ]
           2       27212      42.810   1.674e-06   8.352e-06   5.405e-01   3.513e-03   3.951e-02  1.0000         634  [    0     66         30         36 ]
           2       27560      43.385   1.674e-06   8.352e-06   5.388e-01   3.452e-03   3.894e-02  1.0000         639  [    0     67         30         36 ]
           2       27888      43.887   1.674e-06   8.352e-06   5.032e-01   3.354e-03   3.879e-02  1.0000         649  [    0     68         30         35 ]
           2       28216      44.392   1.674e-06   8.352e-06   5.703e-01   3.347e-03   3.855e-02  1.0000         633  [    0     69         30         34 ]
           2       28536      44.923   1.674e-06   8.352e-06   5.730e-01   3.343e-03   3.836e-02  1.0000         622  [    0     70         30         35 ]
           2       28877      45.448   1.674e-06   8.352e-06   5.880e-01   3.301e-03   3.826e-02  1.0000         617  [    0     71         30         35 ]
           2       29218      45.954   1.674e-06   8.352e-06   5.878e-01   3.262e-03   3.773e-02  1.0000         615  [    0     72         30         35 ]
           2       29553      46.427   1.674e-06   8.352e-06   5.979e-01   3.221e-03   3.687e-02  1.0000         598  [    0     73         30         38 ]
           2       29972      46.845   1.674e-06   8.352e-06   5.590e-01   3.022e-03   3.649e-02  1.0000         611  [    1     10         60         39 ]
           2       30309      47.277   1.674e-06   8.352e-06   6.207e-01   2.944e-03   3.604e-02  1.0000         609  [    0     74         30         37 ]
           2       30626      47.821   1.674e-06   8.352e-06   6.113e-01   2.835e-03   3.560e-02  1.0000         624  [    0     75         30         37 ]
           2       30949      48.479   1.674e-06   8.352e-06   5.311e-01   2.832e-03   3.550e-02  1.0000         635  [    0     76         30         39 ]
           2       31285      49.170   1.674e-06   8.352e-06   6.138e-01   2.815e-03   3.542e-02  1.0000         636  [    0     77         30         39 ]
           2       31618      49.827   1.674e-06   8.352e-06   6.140e-01   2.755e-03   3.474e-02  1.0000         657  [    0     78         30         40 ]
           2       31959      50.423   1.674e-06   8.352e-06   5.465e-01   2.733e-03   3.462e-02  1.0000         665  [    0     79         30         40 ]
           2       32311      51.062   1.674e-06   8.352e-06   5.023e-01   2.729e-03   3.388e-02  1.0000         677  [    0     80         30         42 ]
           2       32668      51.545   1.674e-06   8.352e-06   6.036e-01   2.691e-03   3.352e-02  1.0000         712  [    0     81         30         42 ]
           2       33087      52.105   1.674e-06   8.352e-06   6.021e-01   2.667e-03   3.304e-02  1.0000         724  [    1     11         60         41 ]
           2       33436      52.650   1.674e-06   8.352e-06   5.915e-01   2.632e-03   3.219e-02  1.0000         728  [    0     82         30         42 ]
           2       33785      53.215   1.674e-06   8.352e-06   5.976e-01   2.632e-03   3.211e-02  1.0000         722  [    0     83         30         42 ]
           2       34139      53.755   1.674e-06   8.352e-06   5.880e-01   2.632e-03   3.192e-02  1.0000         745  [    0     84         30         45 ]
           2       34488      54.333   1.674e-06   8.352e-06   4.918e-01   2.632e-03   3.188e-02  1.0000         750  [    0     85         30         45 ]
           2       34858      55.222   1.674e-06   8.352e-06   6.069e-01   2.575e-03   3.178e-02  1.0000         746  [    0     86         30         44 ]
           2       35207      55.816   1.674e-06   8.352e-06   4.953e-01   2.520e-03   3.148e-02  1.0000         754  [    0     87         30         42 ]
           2       35537      56.520   1.674e-06   8.352e-06   4.953e-01   2.516e-03   3.102e-02  1.0000         770  [    0     88         30         42 ]
           2       35878      57.354   1.674e-06   8.352e-06   5.597e-01   2.499e-03   3.095e-02  1.0000         759  [    0     89         30         41 ]
           2       36294      58.007   1.674e-06   8.352e-06   6.256e-01   2.353e-03   2.909e-02  1.0000         790  [    1     12         60         44 ]
           2       36662      58.572   1.674e-06   8.352e-06   6.309e-01   2.316e-03   2.901e-02  1.0000         791  [    0     90         30         43 ]
           2       37003      59.378   1.674e-06   8.352e-06   5.674e-01   2.304e-03   2.890e-02  1.0000         795  [    0     91         30         42 ]
           2       37351      60.101   1.674e-06   8.352e-06   6.328e-01   2.296e-03   2.879e-02  1.0000         797  [    0     92         30         43 ]
           2       37703      60.862   1.674e-06   8.352e-06   5.667e-01   2.290e-03   2.851e-02  1.0000         810  [    0     93         30         45 ]
           2       38072      61.484   1.674e-06   8.352e-06   5.739e-01   2.237e-03   2.823e-02  1.0000         823  [    0     94         30         43 ]
           2       38438      62.120   1.674e-06   8.352e-06   5.646e-01   2.175e-03   2.746e-02  1.0000         839  [    0     95         30         42 ]
           2       38787      62.721   1.674e-06   8.352e-06   6.214e-01   2.168e-03   2.759e-02  1.0000         851  [    0     96         30         41 ]
           2       39127      63.340   1.674e-06   8.352e-06   6.308e-01   2.168e-03   2.747e-02  1.0000         851  [    0     97         30         41 ]
           2       39541      63.952   1.674e-06   8.352e-06   6.273e-01   2.106e-03   2.712e-02  1.0000         873  [    1     13         60         40 ]
           2       39876      64.634   1.674e-06   8.352e-06   5.315e-01   2.089e-03   2.722e-02  1.0000         840  [    0     98         30         37 ]
           2       40199      65.293   1.674e-06   8.352e-06   6.372e-01   2.076e-03   2.654e-02  1.0000         825  [    0     99         30         34 ]
           2       40520      66.018   1.674e-06   8.352e-06   6.203e-01   2.071e-03   2.612e-02  1.0000         834  [    0    100         30         33 ]
           2       40811      66.732   1.674e-06   8.352e-06   6.294e-01   2.061e-03   2.620e-02  1.0000         828  [    0    101         30         32 ]
           2       41121      67.630   1.674e-06   8.352e-06   6.376e-01   2.049e-03   2.596e-02  1.0000         834  [    0    102         30         32 ]
           2       41414      68.681   1.674e-06   8.352e-06   6.773e-01   2.045e-03   2.597e-02  1.0000         828  [    0    103         30         31 ]
           2       41690      69.354   1.674e-06   8.352e-06   6.787e-01   2.045e-03   2.596e-02  1.0000         828  [    0    104         30         31 ]
           2       41978      70.072   1.674e-06   8.352e-06   6.815e-01   1.980e-03   2.566e-02  1.0000         839  [    0    105         30         32 ]
           2       42343      71.011   1.674e-06   8.352e-06   6.808e-01   1.927e-03   2.507e-02  1.0000         829  [    1     14         60         32 ]
           2       42642      71.832   1.674e-06   8.352e-06   6.887e-01   1.924e-03   2.506e-02  1.0000         834  [    0    106         30         32 ]
           2       42925      72.530   1.674e-06   8.352e-06   6.931e-01   1.898e-03   2.478e-02  1.0000         827  [    0    107         30         31 ]
           2       43213      73.285   1.674e-06   8.352e-06   6.869e-01   1.868e-03   2.477e-02  1.0000         832  [    0    108         30         30 ]
           2       43492      73.888   1.674e-06   8.352e-06   6.852e-01   1.836e-03   2.471e-02  1.0000         830  [    0    109         30         31 ]
           2       43785      74.744   1.674e-06   8.352e-06   6.851e-01   1.830e-03   2.474e-02  1.0000         830  [    0    110         30         32 ]
           2       44074      75.381   1.674e-06   8.352e-06   6.778e-01   1.812e-03   2.460e-02  1.0000         836  [    0    111         30         32 ]
           2       44370      76.127   1.674e-06   8.352e-06   6.786e-01   1.805e-03   2.453e-02  1.0000         838  [    0    112         30         32 ]
           2       44655      76.890   1.674e-06   8.352e-06   6.293e-01   1.785e-03   2.409e-02  1.0000         842  [    0    113         30         32 ]
           2       45016      77.602   1.674e-06   8.352e-06   6.408e-01   1.756e-03   2.396e-02  1.0000         858  [    1     15         60         31 ]
           2       45306      78.357   1.674e-06   8.352e-06   5.726e-01   1.737e-03   2.384e-02  1.0000         872  [    0    114         30         31 ]
           2       45597      79.268   1.674e-06   8.352e-06   6.373e-01   1.712e-03   2.290e-02  1.0000         882  [    0    115         30         30 ]
           2       45893      80.219   1.674e-06   8.352e-06   6.418e-01   1.691e-03   2.273e-02  1.0000         877  [    0    116         30         30 ]
           2       46176      81.298   1.674e-06   8.352e-06   5.776e-01   1.679e-03   2.270e-02  1.0000         867  [    0    117         30         28 ]
           2       46449      82.032   1.674e-06   8.352e-06   6.365e-01   1.679e-03   2.269e-02  1.0000         869  [    0    118         30         28 ]
           2       46739      82.778   1.674e-06   8.352e-06   5.927e-01   1.679e-03   2.250e-02  1.0000         864  [    0    119         30         28 ]
           2       47013      83.412   1.674e-06   8.352e-06   6.959e-01   1.679e-03   2.248e-02  1.0000         875  [    0    120         30         27 ]
           2       47279      84.095   1.674e-06   8.352e-06   5.829e-01   1.678e-03   2.248e-02  1.0000         886  [    0    121         30         26 ]
           2       47627      84.899   1.674e-06   8.352e-06   6.546e-01   1.646e-03   2.232e-02  1.0000         889  [    1     16         60         28 ]
           2       47905      85.743   1.674e-06   8.352e-06   6.937e-01   1.618e-03   2.177e-02  1.0000         886  [    0    122         30         27 ]
           2       48177      86.566   1.674e-06   8.352e-06   6.445e-01   1.604e-03   2.134e-02  1.0000         894  [    0    123         30         26 ]
           2       48437      87.245   1.674e-06   8.352e-06   6.537e-01   1.592e-03   2.122e-02  1.0000         899  [    0    124         30         26 ]
           2       48694      87.948   1.674e-06   8.352e-06   6.969e-01   1.583e-03   2.115e-02  1.0000         892  [    0    125         30         24 ]
           2       48945      88.738   1.674e-06   8.352e-06   6.569e-01   1.582e-03   2.116e-02  1.0000         891  [    0    126         30         25 ]
           2       49209      89.485   1.674e-06   8.352e-06   6.546e-01   1.577e-03   2.108e-02  1.0000         901  [    0    127         30         26 ]
           2       49478      90.152   1.674e-06   8.352e-06   6.538e-01   1.572e-03   2.081e-02  1.0000         909  [    0    128         30         27 ]
           2       49732      90.910   1.674e-06   8.352e-06   6.934e-01   1.572e-03   2.080e-02  1.0000         917  [    0    129         30         27 ]
           2       50070      91.606   1.674e-06   8.352e-06   6.918e-01   1.560e-03   2.075e-02  1.0000         916  [    1     17         60         26 ]
           2       50567      92.565   1.674e-06   8.352e-06   5.937e-01   1.561e-03   2.065e-02  1.0000         937  [    2      3        120         28 ]
           2       50845      93.369   1.674e-06   8.352e-06   6.917e-01   1.560e-03   2.057e-02  1.0000         939  [    0    130         30         30 ]
           2       51130      94.132   1.674e-06   8.352e-06   5.980e-01   1.558e-03   2.057e-02  1.0000         935  [    0    131         30         30 ]
           2       51418      94.836   1.674e-06   8.352e-06   6.827e-01   1.547e-03   2.045e-02  1.0000         940  [    0    132         30         32 ]
           2       51707      95.669   1.674e-06   8.352e-06   5.857e-01   1.547e-03   2.022e-02  1.0000         954  [    0    133         30         31 ]
           2       51974      96.422   1.674e-06   8.352e-06   6.522e-01   1.536e-03   2.018e-02  1.0000         957  [    0    134         30         30 ]
           2       52261      97.136   1.674e-06   8.352e-06   6.990e-01   1.516e-03   2.004e-02  1.0000         968  [    0    135         30         30 ]
           2       52539      97.939   1.674e-06   8.352e-06   7.076e-01   1.514e-03   2.002e-02  1.0000         965  [    0    136         30         29 ]
           2       52810      98.754   1.674e-06   8.352e-06   6.000e-01   1.512e-03   1.999e-02  1.0000         970  [    0    137         30         27 ]
           2       53129      99.925   1.674e-06   8.352e-06   6.533e-01   1.480e-03   1.926e-02  1.0000         977  [    1     18         60         29 ]
           2       53394     100.680   1.674e-06   8.352e-06   7.030e-01   1.460e-03   1.922e-02  1.0000         987  [    0    138         30         29 ]
           2       53657     101.479   1.674e-06   8.352e-06   6.977e-01   1.459e-03   1.921e-02  1.0000         985  [    0    139         30         28 ]
           2       53916     102.210   1.674e-06   8.352e-06   6.938e-01   1.448e-03   1.910e-02  1.0000         963  [    0    140         30         26 ]
           2       54162     102.995   1.674e-06   8.352e-06   7.052e-01   1.446e-03   1.907e-02  1.0000         972  [    0    141         30         28 ]
           2       54429     103.764   1.674e-06   8.352e-06   6.578e-01   1.446e-03   1.907e-02  1.0000         972  [    0    142         30         27 ]
           2       54698     104.666   1.674e-06   8.352e-06   6.422e-01   1.444e-03   1.889e-02  1.0000         975  [    0    143         30         27 ]
           2       54954     105.685   1.674e-06   8.352e-06   6.364e-01   1.426e-03   1.864e-02  1.0000         989  [    0    144         30         27 ]
           2       55215     106.696   1.674e-06   8.352e-06   6.880e-01   1.426e-03   1.863e-02  1.0000         978  [    0    145         30         25 ]
           2       55532     107.533   1.674e-06   8.352e-06   7.158e-01   1.421e-03   1.875e-02  1.0000         969  [    1     19         60         24 ]
           2       55778     108.429   1.674e-06   8.352e-06   6.060e-01   1.400e-03   1.847e-02  1.0000         973  [    0    146         30         24 ]
           2       56037     109.167   1.674e-06   8.352e-06   7.160e-01   1.394e-03   1.844e-02  1.0000         975  [    0    147         30         25 ]
           2       56296     110.091   1.674e-06   8.352e-06   7.266e-01   1.394e-03   1.844e-02  1.0000         968  [    0    148         30         23 ]
           2       56543     111.181   1.674e-06   8.352e-06   7.228e-01   1.391e-03   1.841e-02  1.0000         984  [    0    149         30         26 ]
           2       56803     112.141   1.674e-06   8.352e-06   7.179e-01   1.386e-03   1.837e-02  1.0000         999  [    0    150         30         26 ]
           2       57075     112.937   1.674e-06   8.352e-06   7.105e-01   1.385e-03   1.826e-02  1.0000        1010  [    0    151         30         26 ]
           2       57344     113.915   1.674e-06   8.352e-06   7.093e-01   1.378e-03   1.824e-02  1.0000        1021  [    0    152         30         26 ]
           2       57617     114.996   1.674e-06   8.352e-06   7.089e-01   1.378e-03   1.822e-02  1.0000        1029  [    0    153         30         28 ]
           2       57959     116.082   1.674e-06   8.352e-06   6.504e-01   1.363e-03   1.820e-02  1.0000        1042  [    1     20         60         28 ]
           2       58225     116.977   1.674e-06   8.352e-06   7.021e-01   1.362e-03   1.820e-02  1.0000        1046  [    0    154         30         27 ]
           2       58495     117.876   1.674e-06   8.352e-06   6.830e-01   1.315e-03   1.797e-02  1.0000        1059  [    0    155         30         28 ]
           2       58784     119.012   1.674e-06   8.352e-06   5.911e-01   1.303e-03   1.701e-02  1.0000        1073  [    0    156         30         28 ]
           2       59044     120.046   1.674e-06   8.352e-06   7.033e-01   1.297e-03   1.700e-02  1.0000        1083  [    0    157         30         27 ]
           2       59308     120.975   1.674e-06   8.352e-06   5.926e-01   1.297e-03   1.700e-02  1.0000        1081  [    0    158         30         26 ]
           2       59566     121.875   1.674e-06   8.352e-06   7.002e-01   1.297e-03   1.683e-02  1.0000        1088  [    0    159         30         27 ]
           2       59836     122.906   1.674e-06   8.352e-06   6.923e-01   1.295e-03   1.683e-02  1.0000        1083  [    0    160         30         26 ]
           2       60093     124.016   1.674e-06   8.352e-06   7.077e-01   1.295e-03   1.699e-02  1.0000        1083  [    0    161         30         24 ]
           2       60436     124.965   1.674e-06   8.352e-06   6.988e-01   1.287e-03   1.630e-02  1.0000        1092  [    1     21         60         23 ]
           2       60683     125.831   1.674e-06   8.352e-06   7.134e-01   1.287e-03   1.625e-02  1.0000        1090  [    0    162         30         22 ]
           2       60943     126.816   1.674e-06   8.352e-06   7.114e-01   1.287e-03   1.625e-02  1.0000        1097  [    0    163         30         24 ]
           2       61199     127.738   1.674e-06   8.352e-06   6.784e-01   1.286e-03   1.623e-02  1.0000        1089  [    0    164         30         22 ]
           2       61468     128.640   1.674e-06   8.352e-06   7.257e-01   1.282e-03   1.576e-02  1.0000        1094  [    0    165         30         23 ]
           2       61706     129.492   1.674e-06   4.480e-08   6.984e-01   1.282e-03   1.576e-02  1.0000        1102  [    0    166         30         22 ]
           2       61960     130.329   1.674e-06   4.480e-08   6.144e-01   1.274e-03   1.538e-02  1.0000        1113  [    0    167         30         24 ]
           2       62223     131.198   1.674e-06   4.480e-08   7.206e-01   1.273e-03   1.537e-02  1.0000        1119  [    0    168         30         27 ]
           2       62493     132.364   1.674e-06   4.480e-08   6.101e-01   1.270e-03   1.533e-02  1.0000        1121  [    0    169         30         27 ]
           2       62840     133.362   1.674e-06   4.480e-08   6.066e-01   1.266e-03   1.526e-02  1.0000        1131  [    1     22         60         27 ]
           2       63125     134.448   1.674e-06   4.480e-08   7.025e-01   1.261e-03   1.514e-02  1.0000        1136  [    0    170         30         28 ]
           2       63418     135.499   1.674e-06   4.480e-08   7.013e-01   1.229e-03   1.487e-02  1.0000        1153  [    0    171         30         29 ]
           2       63705     136.595   1.674e-06   4.480e-08   6.060e-01   1.204e-03   1.441e-02  1.0000        1166  [    0    172         30         29 ]
           2       63983     137.575   1.674e-06   4.480e-08   7.149e-01   1.204e-03   1.441e-02  1.0000        1167  [    0    173         30         27 ]
           2       64260     138.683   1.674e-06   4.480e-08   7.175e-01   1.196e-03   1.440e-02  1.0000        1173  [    0    174         30         27 ]
           2       64533     139.734   1.674e-06   4.480e-08   6.919e-01   1.181e-03   1.442e-02  1.0000        1177  [    0    175         30         26 ]
           2       64800     140.818   1.674e-06   4.480e-08   6.973e-01   1.162e-03   1.436e-02  1.0000        1176  [    0    176         30         26 ]
           2       65068     141.739   1.674e-06   4.480e-08   7.144e-01   1.158e-03   1.442e-02  1.0000        1172  [    0    177         30         26 ]
           2       65430     142.870   1.674e-06   4.480e-08   7.082e-01   1.136e-03   1.442e-02  1.0000        1166  [    1     23         60         25 ]
           2       65676     144.226   1.674e-06   4.480e-08   7.334e-01   1.136e-03   1.442e-02  1.0000        1167  [    0    178         30         25 ]
           2       65925     145.193   1.674e-06   4.480e-08   7.273e-01   1.136e-03   1.437e-02  1.0000        1175  [    0    179         30         25 ]
           2       66194     146.228   1.674e-06   4.480e-08   6.350e-01   1.134e-03   1.434e-02  1.0000        1185  [    0    180         30         27 ]
           2       66459     147.809   1.674e-06   4.480e-08   6.263e-01   1.125e-03   1.437e-02  1.0000        1163  [    0    181         30         26 ]
           2       66716     149.091   1.674e-06   4.480e-08   6.805e-01   1.125e-03   1.437e-02  1.0000        1164  [    0    182         30         24 ]
           2       66967     150.134   1.674e-06   4.480e-08   7.281e-01   1.101e-03   1.436e-02  1.0000        1151  [    0    183         30         22 ]
           2       67209     151.075   1.674e-06   4.480e-08   7.442e-01   1.099e-03   1.435e-02  1.0000        1155  [    0    184         30         22 ]
           2       67446     151.978   1.674e-06   4.480e-08   6.321e-01   1.098e-03   1.433e-02  1.0000        1163  [    0    185         30         22 ]
           2       67779     153.069   1.674e-06   4.480e-08   6.253e-01   1.075e-03   1.431e-02  1.0000        1179  [    1     24         60         22 ]
           2       68027     154.149   1.674e-06   4.480e-08   7.278e-01   1.075e-03   1.431e-02  1.0000        1168  [    0    186         30         22 ]
           2       68263     155.146   1.674e-06   4.480e-08   7.391e-01   1.075e-03   1.429e-02  1.0000        1172  [    0    187         30         22 ]
           2       68500     156.193   1.674e-06   4.480e-08   7.541e-01   1.075e-03   1.429e-02  1.0000        1146  [    0    188         30         20 ]
           2       68723     157.289   1.674e-06   4.480e-08   7.498e-01   1.074e-03   1.426e-02  1.0000        1155  [    0    189         30         20 ]
           2       68950     158.242   1.674e-06   4.480e-08   7.489e-01   1.069e-03   1.417e-02  1.0000        1168  [    0    190         30         20 ]
           2       69169     159.246   1.674e-06   4.480e-08   7.478e-01   1.064e-03   1.417e-02  1.0000        1173  [    0    191         30         19 ]
           2       69392     160.408   1.674e-06   4.480e-08   6.920e-01   1.062e-03   1.413e-02  1.0000        1184  [    0    192         30         19 ]
           2       69619     161.905   1.674e-06   4.480e-08   6.889e-01   1.058e-03   1.416e-02  1.0000        1182  [    0    193         30         18 ]
           2       69950     163.063   1.674e-06   4.480e-08   7.419e-01   1.055e-03   1.404e-02  1.0000        1187  [    1     25         60         19 ]
           2       70414     164.137   1.674e-06   4.480e-08   7.354e-01   1.054e-03   1.400e-02  1.0000        1207  [    2      4        120         22 ]
           2       70664     165.382   1.674e-06   4.480e-08   6.942e-01   1.052e-03   1.392e-02  1.0000        1220  [    0    194         30         23 ]
           2       70921     166.524   1.674e-06   4.480e-08   6.171e-01   1.052e-03   1.392e-02  1.0000        1228  [    0    195         30         23 ]
           2       71157     167.898   1.674e-06   4.480e-08   6.136e-01   1.052e-03   1.392e-02  1.0000        1231  [    0    196         30         24 ]
           2       71414     169.032   1.674e-06   4.480e-08   6.130e-01   1.051e-03   1.391e-02  1.0000        1238  [    0    197         30         24 ]
           2       71665     170.173   1.674e-06   4.480e-08   6.170e-01   1.049e-03   1.390e-02  1.0000        1246  [    0    198         30         23 ]
           2       71917     171.558   1.674e-06   4.480e-08   6.144e-01   1.049e-03   1.390e-02  1.0000        1242  [    0    199         30         23 ]
           2       72170     172.675   1.674e-06   4.480e-08   6.991e-01   1.047e-03   1.389e-02  1.0000        1247  [    0    200         30         23 ]
           2       72422     173.829   1.674e-06   4.480e-08   6.217e-01   1.045e-03   1.388e-02  1.0000        1248  [    0    201         30         22 ]
           2       72752     174.900   1.674e-06   4.480e-08   7.365e-01   1.041e-03   1.384e-02  1.0000        1246  [    1     26         60         21 ]
           2       73001     175.961   1.674e-06   4.480e-08   5.712e-01   1.644e-03   2.121e-02  1.0000         736  [    0    202         30         21 ]
           2       73254     176.587   2.087e-07   4.480e-08   6.154e-01   1.639e-03   2.135e-02  1.0000         587  [    0    203         30         16 ]
           2       73431     177.268   2.087e-07   4.480e-08   6.956e-01   1.629e-03   2.126e-02  1.0000         605  [    0    204         30         16 ]
           2       73605     177.890   2.087e-07   4.480e-08   7.072e-01   1.618e-03   2.117e-02  1.0000         613  [    0    205         30         16 ]
           2       73798     178.505   2.087e-07   4.480e-08   7.617e-01   1.600e-03   2.101e-02  1.0000         560  [    0    206         30         14 ]
           2       73969     179.002   2.087e-07   4.480e-08   6.559e-01   1.599e-03   2.099e-02  1.0000         552  [    0    207         30         13 ]
           2       74126     179.571   2.087e-07   4.480e-08   6.535e-01   1.591e-03   2.098e-02  1.0000         560  [    0    208         30         13 ]
           2       74294     179.965   2.087e-07   4.480e-08   7.513e-01   1.588e-03   2.100e-02  1.0000         562  [    0    209         30         13 ]
           2       74530     180.376   2.087e-07   4.480e-08   6.565e-01   1.577e-03   2.031e-02  1.0000         571  [    1     27         60         14 ]
           2       74700     180.923   2.087e-07   4.480e-08   6.508e-01   1.559e-03   2.003e-02  1.0000         583  [    0    210         30         14 ]
           2       74874     181.459   2.087e-07   4.480e-08   7.481e-01   1.558e-03   2.002e-02  1.0000         587  [    0    211         30         14 ]
           2       75045     181.898   2.087e-07   4.480e-08   7.548e-01   1.558e-03   2.002e-02  1.0000         590  [    0    212         30         14 ]
           2       75201     182.518   2.087e-07   4.480e-08   6.946e-01   1.552e-03   2.001e-02  1.0000         596  [    0    213         30         14 ]
           2       75375     183.149   2.087e-07   4.480e-08   6.939e-01   1.547e-03   1.998e-02  1.0000         603  [    0    214         30         14 ]
           2       75542     184.005   2.087e-07   4.480e-08   6.939e-01   1.547e-03   1.983e-02  1.0000         607  [    0    215         30         14 ]
           2       75718     184.599   2.087e-07   4.480e-08   6.432e-01   1.547e-03   1.982e-02  1.0000         611  [    0    216         30         15 ]
           2       75899     185.172   2.087e-07   4.480e-08   7.557e-01   1.541e-03   1.980e-02  1.0000         593  [    0    217         30         12 ]
           2       76146     185.766   2.087e-07   4.480e-08   7.727e-01   1.527e-03   1.962e-02  1.0000         608  [    1     28         60         15 ]
           2       76319     186.253   2.087e-07   4.480e-08   6.669e-01   1.500e-03   1.945e-02  1.0000         610  [    0    218         30         14 ]
           2       76492     186.842   2.087e-07   4.480e-08   6.622e-01   1.483e-03   1.929e-02  1.0000         619  [    0    219         30         12 ]
           2       76647     187.377   2.087e-07   4.480e-08   6.655e-01   1.468e-03   1.901e-02  1.0000         631  [    0    220         30         11 ]
           2       76804     187.831   2.087e-07   4.480e-08   6.774e-01   1.461e-03   1.881e-02  1.0000         617  [    0    221         30         11 ]
           2       76973     188.318   2.087e-07   4.480e-08   7.261e-01   1.456e-03   1.875e-02  1.0000         622  [    0    222         30         12 ]
           2       77132     188.767   2.087e-07   4.480e-08   7.298e-01   1.450e-03   1.873e-02  1.0000         630  [    0    223         30         12 ]
           2       77294     189.248   2.087e-07   4.480e-08   7.438e-01   1.449e-03   1.866e-02  1.0000         634  [    0    224         30         11 ]
           2       77465     190.053   2.087e-07   4.480e-08   7.651e-01   1.432e-03   1.842e-02  1.0000         648  [    0    225         30         12 ]
           2       77691     190.795   2.087e-07   4.480e-08   7.177e-01   1.424e-03   1.830e-02  1.0000         660  [    1     29         60         12 ]
           2       77846     191.380   2.087e-07   4.480e-08   7.344e-01   1.424e-03   1.830e-02  1.0000         667  [    0    226         30         14 ]
           2       78015     192.070   2.087e-07   4.480e-08   6.335e-01   1.422e-03   1.822e-02  1.0000         680  [    0    227         30         13 ]
           2       78180     192.720   2.087e-07   4.480e-08   7.306e-01   1.422e-03   1.822e-02  1.0000         674  [    0    228         30         12 ]
           2       78340     193.279   2.087e-07   4.480e-08   7.445e-01   1.422e-03   1.822e-02  1.0000         676  [    0    229         30         12 ]
           2       78498     193.980   2.087e-07   4.480e-08   7.574e-01   1.422e-03   1.819e-02  1.0000         662  [    0    230         30         13 ]
           2       78671     194.470   2.087e-07   4.480e-08   7.552e-01   1.422e-03   1.819e-02  1.0000         661  [    0    231         30         13 ]
           2       78834     194.945   2.087e-07   4.480e-08   7.315e-01   1.410e-03   1.815e-02  1.0000         666  [    0    232         30         14 ]
           2       79007     195.474   2.087e-07   4.480e-08   7.880e-01   1.400e-03   1.810e-02  1.0000         631  [    0    233         30         12 ]
           2       79231     196.099   2.087e-07   4.480e-08   7.923e-01   1.399e-03   1.804e-02  1.0000         633  [    1     30         60         12 ]
           2       79394     196.655   2.087e-07   4.480e-08   6.877e-01   1.399e-03   1.804e-02  1.0000         635  [    0    234         30         12 ]
           2       79553     197.141   2.087e-07   4.480e-08   7.123e-01   1.399e-03   1.803e-02  1.0000         640  [    0    235         30         13 ]
           2       79717     197.611   2.087e-07   4.480e-08   7.908e-01   1.398e-03   1.803e-02  1.0000         642  [    0    236         30         13 ]
           2       79877     198.213   2.087e-07   4.480e-08   6.805e-01   1.392e-03   1.801e-02  1.0000         648  [    0    237         30         13 ]
           2       80047     198.731   2.087e-07   4.480e-08   8.327e-01   1.386e-03   1.792e-02  1.0000         607  [    0    238         30         10 ]
           2       80205     199.220   2.087e-07   4.480e-08   7.231e-01   1.384e-03   1.792e-02  1.0000         613  [    0    239         30         11 ]
           2       80351     199.805   2.087e-07   4.480e-08   7.278e-01   1.384e-03   1.792e-02  1.0000         605  [    0    240         30         10 ]
           2       80500     200.372   2.087e-07   4.480e-08   8.367e-01   1.366e-03   1.779e-02  1.0000         611  [    0    241         30         10 ]
           2       80731     200.849   2.087e-07   4.480e-08   8.572e-01   1.355e-03   1.765e-02  1.0000         597  [    1     31         60         10 ]
           2       80875     201.412   2.087e-07   4.480e-08   8.281e-01   1.352e-03   1.765e-02  1.0000         596  [    0    242         30         10 ]
           2       81025     201.955   2.087e-07   4.480e-08   7.595e-01   1.338e-03   1.763e-02  1.0000         604  [    0    243         30         10 ]
           2       81162     202.453   2.087e-07   4.480e-08   8.601e-01   1.336e-03   1.764e-02  1.0000         606  [    0    244         30         10 ]
           2       81323     202.941   2.087e-07   4.480e-08   8.590e-01   1.329e-03   1.764e-02  1.0000         609  [    0    245         30         12 ]
           2       81477     203.419   2.087e-07   4.480e-08   8.550e-01   1.325e-03   1.761e-02  1.0000         618  [    0    246         30         12 ]
           2       81626     203.894   2.087e-07   4.480e-08   8.460e-01   1.323e-03   1.761e-02  1.0000         631  [    0    247         30         11 ]
           2       81781     204.376   2.087e-07   4.480e-08   7.443e-01   1.323e-03   1.761e-02  1.0000         637  [    0    248         30         11 ]
           2       81935     204.864   2.087e-07   4.480e-08   8.439e-01   1.317e-03   1.760e-02  1.0000         636  [    0    249         30         10 ]
           2       82170     205.331   2.087e-07   4.480e-08   7.271e-01   1.315e-03   1.758e-02  1.0000         646  [    1     32         60         13 ]
           2       82342     205.997   2.087e-07   4.480e-08   7.714e-01   1.308e-03   1.755e-02  1.0000         649  [    0    250         30         14 ]
           2       82520     206.563   2.087e-07   4.480e-08   8.475e-01   1.304e-03   1.754e-02  1.0000         633  [    0    251         30         13 ]
           2       82690     207.136   2.087e-07   4.480e-08   7.852e-01   1.303e-03   1.748e-02  1.0000         644  [    0    252         30         13 ]
           2       82868     207.754   2.087e-07   4.480e-08   8.331e-01   1.296e-03   1.746e-02  1.0000         656  [    0    253         30         13 ]
           2       83036     208.300   2.087e-07   4.480e-08   7.202e-01   1.296e-03   1.739e-02  1.0000         663  [    0    254         30         13 ]
           2       83208     208.839   2.087e-07   4.480e-08   8.296e-01   1.295e-03   1.739e-02  1.0000         667  [    0    255         30         11 ]
           2       83364     209.368   2.087e-07   4.480e-08   7.192e-01   1.285e-03   1.726e-02  1.0000         679  [    0    256         30         12 ]
           2       83544     209.869   2.087e-07   4.480e-08   7.872e-01   1.285e-03   1.726e-02  1.0000         666  [    0    257         30         12 ]
           2       83767     210.408   2.087e-07   4.480e-08   7.949e-01   1.267e-03   1.709e-02  1.0000         685  [    1     33         60         13 ]
           2       84159     210.923   2.087e-07   4.480e-08   7.125e-01   1.249e-03   1.688e-02  1.0000         713  [    2      5        120         12 ]
           2       84329     211.483   2.087e-07   4.480e-08   8.350e-01   1.249e-03   1.686e-02  1.0000         687  [    0    258         30         10 ]
           2       84485     211.992   2.087e-07   4.480e-08   7.970e-01   1.246e-03   1.686e-02  1.0000         693  [    0    259         30         12 ]
           2       84636     212.538   2.087e-07   4.480e-08   8.285e-01   1.246e-03   1.686e-02  1.0000         695  [    0    260         30         12 ]
           2       84804     213.051   2.087e-07   4.480e-08   8.347e-01   1.242e-03   1.680e-02  1.0000         701  [    0    261         30         13 ]
           2       84963     213.605   2.087e-07   4.480e-08   8.340e-01   1.242e-03   1.680e-02  1.0000         702  [    0    262         30         13 ]
           2       85127     214.301   2.087e-07   4.480e-08   8.337e-01   1.230e-03   1.672e-02  1.0000         709  [    0    263         30         13 ]
           2       85308     214.922   2.087e-07   4.480e-08   7.201e-01   1.215e-03   1.670e-02  1.0000         722  [    0    264         30         15 ]
           2       85481     215.884   2.087e-07   4.480e-08   8.250e-01   1.215e-03   1.670e-02  1.0000         728  [    0    265         30         16 ]
           2       85750     216.792   2.087e-07   4.480e-08   8.264e-01   1.215e-03   1.670e-02  1.0000         726  [    1     34         60         14 ]
           2       85937     217.840   2.087e-07   4.480e-08   8.225e-01   1.215e-03   1.670e-02  1.0000         734  [    0    266         30         16 ]
           2       86118     218.559   2.087e-07   4.480e-08   8.109e-01   1.210e-03   1.666e-02  1.0000         738  [    0    267         30         16 ]
           2       86299     219.378   2.087e-07   4.480e-08   7.058e-01   1.208e-03   1.665e-02  1.0000         745  [    0    268         30         16 ]
           2       86484     220.160   2.087e-07   4.480e-08   7.342e-01   1.207e-03   1.665e-02  1.0000         740  [    0    269         30         14 ]
           2       86680     220.849   2.087e-07   4.480e-08   7.131e-01   1.206e-03   1.663e-02  1.0000         743  [    0    270         30         15 ]
           2       86865     221.400   2.087e-07   4.480e-08   8.092e-01   1.206e-03   1.662e-02  1.0000         746  [    0    271         30         14 ]
           2       87052     222.026   2.087e-07   4.480e-08   7.103e-01   1.206e-03   1.662e-02  1.0000         746  [    0    272         30         14 ]
           2       87238     222.744   2.087e-07   4.480e-08   8.024e-01   1.206e-03   1.662e-02  1.0000         750  [    0    273         30         15 ]
           2       87514     223.468   2.087e-07   4.480e-08   8.305e-01   1.200e-03   1.659e-02  1.0000         714  [    1     35         60         12 ]
           2       87689     224.112   2.087e-07   4.480e-08   8.307e-01   1.201e-03   1.657e-02  1.0000         711  [    0    274         30         12 ]
           2       87846     224.836   2.087e-07   4.480e-08   8.309e-01   1.197e-03   1.657e-02  1.0000         717  [    0    275         30         12 ]
           2       88011     225.581   2.087e-07   4.480e-08   8.031e-01   1.197e-03   1.657e-02  1.0000         719  [    0    276         30         13 ]
           2       88186     226.218   2.087e-07   4.480e-08   7.408e-01   1.196e-03   1.652e-02  1.0000         722  [    0    277         30         12 ]
           2       88368     226.827   2.087e-07   4.480e-08   7.393e-01   1.194e-03   1.638e-02  1.0000         730  [    0    278         30         14 ]
           2       88546     227.403   2.087e-07   4.480e-08   7.150e-01   1.192e-03   1.638e-02  1.0000         732  [    0    279         30         15 ]
           2       88728     228.132   2.087e-07   4.480e-08   7.145e-01   1.192e-03   1.638e-02  1.0000         734  [    0    280         30         15 ]
           2       88915     228.768   2.087e-07   4.480e-08   7.386e-01   1.192e-03   1.638e-02  1.0000         735  [    0    281         30         14 ]
           2       89160     229.503   2.087e-07   4.480e-08   7.823e-01   1.192e-03   1.635e-02  1.0000         714  [    1     36         60         12 ]
           2       89334     230.211   2.087e-07   4.480e-08   8.109e-01   1.189e-03   1.615e-02  1.0000         721  [    0    282         30         12 ]
           2       89505     230.787   2.087e-07   4.480e-08   7.272e-01   1.173e-03   1.611e-02  1.0000         729  [    0    283         30         12 ]
           2       89665     231.396   2.087e-07   4.480e-08   8.372e-01   1.173e-03   1.611e-02  1.0000         729  [    0    284         30         12 ]
           2       89825     232.067   2.087e-07   4.480e-08   7.272e-01   1.173e-03   1.611e-02  1.0000         728  [    0    285         30         11 ]
           2       89989     232.598   2.087e-07   4.480e-08   8.333e-01   1.173e-03   1.611e-02  1.0000         731  [    0    286         30         11 ]
           2       90162     233.170   2.087e-07   4.480e-08   7.826e-01   1.168e-03   1.607e-02  1.0000         738  [    0    287         30         12 ]
           2       90318     233.745   2.087e-07   4.480e-08   7.806e-01   1.164e-03   1.599e-02  1.0000         742  [    0    288         30         11 ]
           2       90493     234.345   2.087e-07   4.480e-08   7.806e-01   1.164e-03   1.599e-02  1.0000         743  [    0    289         30         13 ]
           2       90743     234.934   2.087e-07   4.480e-08   7.269e-01   1.150e-03   1.581e-02  1.0000         752  [    1     37         60         12 ]
           2       90906     235.532   2.087e-07   4.480e-08   7.555e-01   1.149e-03   1.580e-02  1.0000         758  [    0    290         30         12 ]
           2       91076     236.090   2.087e-07   4.480e-08   7.744e-01   1.147e-03   1.583e-02  1.0000         768  [    0    291         30         12 ]
           2       91236     236.677   2.087e-07   4.480e-08   7.516e-01   1.147e-03   1.575e-02  1.0000         776  [    0    292         30         11 ]
           2       91397     237.257   2.087e-07   4.480e-08   7.726e-01   1.147e-03   1.575e-02  1.0000         780  [    0    293         30         11 ]
           2       91559     237.880   2.087e-07   4.480e-08   8.139e-01   1.147e-03   1.575e-02  1.0000         785  [    0    294         30         11 ]
           2       91716     238.466   2.087e-07   4.480e-08   8.230e-01   1.143e-03   1.573e-02  1.0000         793  [    0    295         30         11 ]
           2       91875     239.065   2.087e-07   4.480e-08   8.180e-01   1.141e-03   1.571e-02  1.0000         801  [    0    296         30         12 ]
           2       92033     239.752   2.087e-07   4.480e-08   8.058e-01   1.137e-03   1.572e-02  1.0000         805  [    0    297         30         11 ]
           2       92259     240.363   2.087e-07   4.480e-08   8.169e-01   1.136e-03   1.571e-02  1.0000         811  [    1     38         60         11 ]
           2       92430     241.073   2.087e-07   4.480e-08   8.169e-01   1.128e-03   1.565e-02  1.0000         819  [    0    298         30         12 ]
           2       92593     241.717   2.087e-07   4.480e-08   7.409e-01   1.128e-03   1.560e-02  1.0000         825  [    0    299         30         13 ]
           2       92759     242.335   2.087e-07   4.480e-08   7.035e-01   1.123e-03   1.551e-02  1.0000         834  [    0    300         30         13 ]
           2       92936     242.954   2.087e-07   4.480e-08   8.142e-01   1.123e-03   1.551e-02  1.0000         839  [    0    301         30         13 ]
           2       93113     243.584   2.087e-07   4.480e-08   8.166e-01   1.123e-03   1.551e-02  1.0000         835  [    0    302         30         15 ]
           2       93274     244.202   2.087e-07   4.480e-08   7.440e-01   1.121e-03   1.550e-02  1.0000         842  [    0    303         30         15 ]
           2       93443     244.979   2.087e-07   4.480e-08   8.173e-01   1.119e-03   1.550e-02  1.0000         848  [    0    304         30         15 ]
           2       93615     245.781   2.087e-07   4.480e-08   7.967e-01   1.119e-03   1.550e-02  1.0000         853  [    0    305         30         15 ]
           2       93859     246.428   2.087e-07   4.480e-08   7.946e-01   1.113e-03   1.543e-02  1.0000         870  [    1     39         60         14 ]
           2       94037     247.069   2.087e-07   4.480e-08   7.012e-01   1.110e-03   1.526e-02  1.0000         867  [    0    306         30         15 ]
           2       94221     247.715   2.087e-07   4.480e-08   7.850e-01   1.110e-03   1.526e-02  1.0000         862  [    0    307         30         16 ]
           2       94420     248.352   2.087e-07   4.480e-08   8.191e-01   1.109e-03   1.522e-02  1.0000         868  [    0    308         30         17 ]
           2       94608     249.048   2.087e-07   4.480e-08   7.082e-01   1.109e-03   1.522e-02  1.0000         872  [    0    309         30         17 ]
           2       94801     249.853   2.087e-07   4.480e-08   7.809e-01   1.109e-03   1.520e-02  1.0000         880  [    0    310         30         17 ]
           2       95000     250.550   2.087e-07   4.480e-08   7.039e-01   1.100e-03   1.510e-02  1.0000         893  [    0    311         30         17 ]
           2       95189     251.224   2.087e-07   4.480e-08   7.021e-01   1.100e-03   1.510e-02  1.0000         899  [    0    312         30         17 ]
           2       95382     251.944   2.087e-07   4.480e-08   7.016e-01   1.100e-03   1.510e-02  1.0000         902  [    0    313         30         17 ]
           2       95678     252.643   2.087e-07   4.480e-08   6.979e-01   1.100e-03   1.509e-02  1.0000         903  [    1     40         60         17 ]
           2       95865     253.531   2.087e-07   4.480e-08   7.725e-01   1.099e-03   1.509e-02  1.0000         909  [    0    314         30         17 ]
           2       96063     254.269   2.087e-07   4.480e-08   8.069e-01   1.092e-03   1.491e-02  1.0000         918  [    0    315         30         18 ]
           2       96256     255.225   2.087e-07   4.480e-08   8.077e-01   1.089e-03   1.483e-02  1.0000         920  [    0    316         30         17 ]
           2       96436     256.083   2.087e-07   4.480e-08   8.032e-01   1.088e-03   1.483e-02  1.0000         923  [    0    317         30         16 ]
           2       96624     256.870   2.087e-07   4.480e-08   7.746e-01   1.084e-03   1.471e-02  1.0000         934  [    0    318         30         15 ]
           2       96798     257.932   2.087e-07   4.480e-08   8.082e-01   1.079e-03   1.468e-02  1.0000         930  [    0    319         30         14 ]
           2       96961     259.027   2.087e-07   4.480e-08   7.802e-01   1.079e-03   1.463e-02  1.0000         933  [    0    320         30         14 ]
           2       97134     260.003   2.087e-07   4.480e-08   8.082e-01   1.079e-03   1.463e-02  1.0000         939  [    0    321         30         13 ]
           2       97362     260.914   2.087e-07   4.480e-08   7.735e-01   1.075e-03   1.461e-02  1.0000         952  [    1     41         60         13 ]
           2       97750     261.726   2.087e-07   4.480e-08   8.092e-01   1.061e-03   1.440e-02  1.0000         952  [    2      6        120         12 ]
           2       97937     262.499   2.087e-07   4.480e-08   8.104e-01   1.061e-03   1.440e-02  1.0000         949  [    0    322         30         12 ]
           2       98115     263.287   2.087e-07   4.480e-08   8.246e-01   1.058e-03   1.440e-02  1.0000         958  [    0    323         30         12 ]
           2       98282     264.067   2.087e-07   4.480e-08   7.385e-01   1.056e-03   1.440e-02  1.0000         921  [    0    324         30         10 ]
           2       98451     264.851   2.087e-07   4.480e-08   7.375e-01   1.055e-03   1.440e-02  1.0000         932  [    0    325         30         11 ]
           2       98615     265.869   2.087e-07   4.480e-08   7.303e-01   1.055e-03   1.438e-02  1.0000         938  [    0    326         30         11 ]
           2       98783     266.740   2.087e-07   4.480e-08   8.396e-01   1.050e-03   1.420e-02  1.0000         951  [    0    327         30         11 ]
           2       98952     267.507   2.087e-07   4.480e-08   8.404e-01   1.049e-03   1.420e-02  1.0000         953  [    0    328         30         11 ]
           2       99117     268.394   2.087e-07   4.480e-08   7.304e-01   1.049e-03   1.420e-02  1.0000         957  [    0    329         30         11 ]
           2       99352     269.144   2.087e-07   4.480e-08   8.395e-01   1.047e-03   1.418e-02  1.0000         961  [    1     42         60         10 ]
           2       99524     269.963   2.087e-07   4.480e-08   7.896e-01   1.047e-03   1.418e-02  1.0000         966  [    0    330         30         11 ]
           2       99696     270.820   2.087e-07   4.480e-08   8.400e-01   1.046e-03   1.418e-02  1.0000         969  [    0    331         30         10 ]
           2       99869     271.840   2.087e-07   4.480e-08   8.394e-01   1.043e-03   1.418e-02  1.0000         979  [    0    332         30         10 ]
           3      100030     272.868   2.087e-07   4.480e-08   8.361e-01   1.039e-03   1.407e-02  1.0000         998  [    2      6        120         12 ]
