# Generation  Evaluations  Time (s)  Best_obj[0]  Best_obj[1]  Hypervol.   IGD         IGDX        SR    Appr.set  [ Pop.index  Subgen.  Pop.size  Subpops ]
           0          99       3.967   9.049e-01   1.835e+00   0.000e+00   1.851e+00   3.362e+00  0.0000          11  [    0      1         30          7 ]
           0         179       3.998   7.148e-01   6.497e-01   0.000e+00   9.769e-01   3.056e+00  0.0000          17  [    0      2         30          8 ]
           0         263       4.045   1.487e-01   1.036e-01   0.000e+00   6.729e-01   2.657e+00  0.0000          25  [    0      3         30         10 ]
           0         351       4.086   1.208e-01   1.036e-01   0.000e+00   4.576e-01   2.153e+00  0.0000          26  [    0      4         30         10 ]
           0         446       4.129   1.208e-01   8.092e-02   0.000e+00   3.244e-01   1.692e+00  0.0000          37  [    0      5         30          9 ]
           0         533       4.189   1.208e-01   8.092e-02   0.000e+00   3.182e-01   1.611e+00  0.0000          37  [    0      6         30          9 ]
           0         621       4.245   3.898e-02   8.092e-02   0.000e+00   2.068e-01   1.489e+00  0.0000          40  [    0      7         30          8 ]
           0         709       4.306   3.898e-02   8.092e-02   0.000e+00   1.319e-01   1.424e+00  0.0000          50  [    0      8         30          8 ]
           1         944       4.385   3.366e-02   4.938e-02   1.320e-03   8.513e-02   8.728e-01  0.0000          86  [    1      1         60         11 ]
           1        1047       4.522   3.366e-02   4.938e-02   1.197e-02   7.462e-02   8.518e-01  0.0000         105  [    0      9         30         10 ]
           1        1212       4.682   2.008e-03   1.274e-02   6.373e-03   4.600e-02   6.343e-01  0.0000         143  [    1      2         60         10 ]
           1        1313       4.900   2.008e-03   1.274e-02   6.373e-03   4.300e-02   5.366e-01  0.0000         164  [    0     10         30         10 ]
           1        1417       5.164   2.008e-03   1.274e-02   6.373e-03   4.007e-02   3.823e-01  0.0000         181  [    0     11         30         10 ]
           1        1521       5.426   2.008e-03   1.274e-02   6.373e-03   3.903e-02   3.061e-01  0.0000         196  [    0     12         30          9 ]
           1        1617       5.617   2.008e-03   5.811e-03   6.679e-03   3.750e-02   2.864e-01  0.0000         216  [    0     13         30          9 ]
           1        1716       5.944   2.008e-03   5.811e-03   1.088e-02   3.668e-02   2.708e-01  0.0000         230  [    0     14         30          9 ]
           1        1818       6.307   2.008e-03   5.811e-03   1.088e-02   3.442e-02   2.591e-01  0.0000         250  [    0     15         30          9 ]
           1        1916       6.698   2.008e-03   5.811e-03   1.048e-02   3.331e-02   2.094e-01  0.0000         270  [    0     16         30          9 ]
           1        2017       7.121   2.008e-03   5.811e-03   1.081e-02   3.123e-02   1.988e-01  0.0000         288  [    0     17         30          9 ]
           1        2170       7.514   2.008e-03   5.547e-04   1.088e-02   2.954e-02   1.858e-01  0.0000         315  [    1      3         60          9 ]
           1        2274       7.847   2.008e-03   5.547e-04   1.061e-02   2.870e-02   1.790e-01  0.0000         336  [    0     18         30          9 ]
           1        2373       8.285   2.008e-03   5.547e-04   1.060e-02   2.840e-02   1.769e-01  0.0000         364  [    0     19         30          9 ]
           1        2473       8.833   2.008e-03   5.547e-04   1.060e-02   2.704e-02   1.582e-01  0.0000         382  [    0     20         30          9 ]
           1        2574       9.436   2.008e-03   5.547e-04   1.083e-02   2.646e-02   1.570e-01  0.0000         404  [    0     21         30          9 ]
           1        2676      10.114   2.008e-03   5.547e-04   1.083e-02   2.569e-02   1.424e-01  0.0000         428  [    0     22         30          9 ]
           1        2778      10.798   2.008e-03   5.547e-04   1.114e-02   2.326e-02   1.352e-01  0.0000         449  [    0     23         30          9 ]
           1        2883      11.524   1.695e-03   5.547e-04   1.114e-02   2.082e-02   1.318e-01  0.0000         460  [    0     24         30          9 ]
           1        2984      12.268   1.695e-03   5.547e-04   1.292e-02   1.978e-02   1.297e-01  0.0000         483  [    0     25         30          9 ]
           1        3141      13.093   1.695e-03   5.547e-04   1.236e-02   1.897e-02   1.260e-01  0.0000         526  [    1      4         60          9 ]
           1        3244      13.782   1.695e-03   5.547e-04   1.236e-02   1.876e-02   1.249e-01  0.0000         553  [    0     26         30          9 ]
           1        3341      14.707   1.695e-03   5.547e-04   1.236e-02   1.852e-02   1.241e-01  0.0000         581  [    0     27         30          9 ]
           1        3444      15.685   1.695e-03   5.547e-04   1.266e-02   1.493e-02   1.165e-01  0.1111         611  [    0     28         30          9 ]
           1        3546      16.735   1.208e-03   5.547e-04   1.266e-02   1.351e-02   1.034e-01  0.1111         631  [    0     29         30          9 ]
           1        3644      17.790   1.208e-03   5.547e-04   1.266e-02   1.221e-02   1.006e-01  0.1111         649  [    0     30         30          9 ]
           1        3742      18.912   1.208e-03   5.547e-04   1.287e-02   1.201e-02   9.710e-02  0.1111         654  [    0     31         30          9 ]
           1        3843      20.073   1.208e-03   5.547e-04   1.271e-02   1.182e-02   9.542e-02  0.1111         676  [    0     32         30          9 ]
           1        3942      21.279   1.208e-03   5.547e-04   1.271e-02   1.179e-02   9.333e-02  0.1111         686  [    0     33         30          9 ]
           1        4106      22.323   2.296e-04   5.547e-04   1.273e-02   1.133e-02   9.180e-02  0.1111         718  [    1      5         60          9 ]
           1        4203      23.405   2.296e-04   5.547e-04   1.273e-02   1.122e-02   9.076e-02  0.1111         731  [    0     34         30          9 ]
           1        4300      24.614   2.296e-04   5.547e-04   1.273e-02   1.090e-02   9.061e-02  0.1111         746  [    0     35         30          9 ]
           1        4396      25.916   2.296e-04   6.951e-06   1.308e-02   1.059e-02   8.955e-02  0.1111         753  [    0     36         30          9 ]
           1        4496      27.300   2.296e-04   6.951e-06   1.329e-02   1.004e-02   8.046e-02  0.1111         766  [    0     37         30          9 ]
           1        4593      28.642   2.296e-04   6.951e-06   1.329e-02   9.666e-03   7.756e-02  0.1111         778  [    0     38         30          9 ]
           1        4694      30.005   2.296e-04   6.951e-06   1.329e-02   9.250e-03   7.543e-02  0.1111         798  [    0     39         30          9 ]
           1        4791      31.298   2.296e-04   6.951e-06   1.329e-02   8.856e-03   7.490e-02  0.1111         807  [    0     40         30          9 ]
           1        4892      32.461   2.296e-04   6.951e-06   1.329e-02   8.677e-03   7.293e-02  0.2222         814  [    0     41         30          9 ]
           1        5050      33.861   2.296e-04   6.951e-06   1.344e-02   8.131e-03   6.765e-02  0.4444         861  [    1      6         60          9 ]
           1        5149      35.308   2.296e-04   6.951e-06   1.502e-02   8.014e-03   6.602e-02  0.4444         883  [    0     42         30          9 ]
           1        5248      36.886   2.296e-04   6.951e-06   1.502e-02   7.827e-03   6.477e-02  0.4444         900  [    0     43         30          9 ]
           1        5351      38.293   2.296e-04   6.951e-06   1.563e-02   7.555e-03   5.998e-02  0.4444         909  [    0     44         30          9 ]
           1        5453      39.779   2.296e-04   6.951e-06   1.577e-02   7.279e-03   5.870e-02  0.4444         940  [    0     45         30          9 ]
           1        5550      41.521   1.910e-04   6.951e-06   1.577e-02   7.005e-03   5.623e-02  0.4444         949  [    0     46         30          9 ]
           1        5653      43.148   1.910e-04   6.951e-06   1.577e-02   6.861e-03   5.496e-02  0.4444         971  [    0     47         30          9 ]
           1        5762      44.867   1.910e-04   6.951e-06   1.575e-02   6.758e-03   5.447e-02  0.4444         993  [    0     48         30          9 ]
           1        5859      46.646   1.910e-04   6.951e-06   1.575e-02   6.670e-03   5.428e-02  0.4444        1013  [    0     49         30          9 ]
           1        6020      48.425   1.910e-04   6.951e-06   1.593e-02   6.105e-03   5.299e-02  0.4444        1069  [    1      7         60          9 ]
           1        6118      50.359   1.910e-04   6.951e-06   1.592e-02   6.123e-03   5.153e-02  0.5556        1081  [    0     50         30          9 ]
           1        6221      52.125   1.910e-04   6.951e-06   1.592e-02   5.973e-03   5.024e-02  0.5556        1106  [    0     51         30          9 ]
           1        6326      54.003   1.910e-04   6.951e-06   1.592e-02   5.938e-03   5.004e-02  0.5556        1131  [    0     52         30          9 ]
           1        6424      55.750   1.910e-04   6.951e-06   1.592e-02   5.946e-03   4.939e-02  0.5556        1141  [    0     53         30          9 ]
           1        6525      57.511   1.910e-04   6.951e-06   1.589e-02   5.879e-03   4.759e-02  0.6667        1156  [    0     54         30          9 ]
           1        6625      58.999   1.910e-04   6.951e-06   1.589e-02   5.806e-03   4.745e-02  0.6667        1180  [    0     55         30          9 ]
           1        6724      60.895   1.910e-04   6.951e-06   1.590e-02   5.638e-03   4.706e-02  0.6667        1199  [    0     56         30          9 ]
           1        6826      63.102   1.910e-04   6.951e-06   1.631e-02   5.491e-03   4.551e-02  0.6667        1221  [    0     57         30          9 ]
           1        6987      65.486   1.910e-04   6.951e-06   1.538e-02   7.056e-03   4.736e-02  0.6667         748  [    1      8         60          9 ]
           1        7090      66.782   1.910e-04   6.951e-06   1.542e-02   6.754e-03   4.622e-02  0.6667         759  [    0     58         30          9 ]
           1        7191      68.157   1.910e-04   6.951e-06   1.480e-02   6.669e-03   4.607e-02  0.6667         772  [    0     59         30          9 ]
           1        7295      69.474   1.910e-04   6.951e-06   1.427e-02   6.594e-03   4.567e-02  0.6667         777  [    0     60         30          9 ]
           1        7392      70.842   1.910e-04   6.951e-06   1.427e-02   6.577e-03   4.510e-02  0.6667         786  [    0     61         30          9 ]
           1        7490      72.206   1.910e-04   6.951e-06   1.427e-02   6.542e-03   4.448e-02  0.6667         790  [    0     62         30          9 ]
           1        7589      73.456   1.910e-04   6.951e-06   1.427e-02   6.332e-03   4.301e-02  0.6667         800  [    0     63         30          9 ]
           1        7686      74.372   1.910e-04   6.951e-06   1.427e-02   6.273e-03   4.267e-02  0.6667         807  [    0     64         30          9 ]
           2        9116      75.427   1.910e-04   6.951e-06   1.529e-02   4.783e-03   3.837e-02  0.7778        1015  [    2      1        120         13 ]
           2        9306      76.689   1.910e-04   6.951e-06   1.529e-02   4.748e-03   3.729e-02  0.7778        1009  [    1      9         60         10 ]
           2        9649      78.511   1.910e-04   6.951e-06   1.614e-02   4.638e-03   3.664e-02  0.8889        1026  [    2      2        120         16 ]
           2        9873      80.091   1.910e-04   6.951e-06   1.614e-02   4.574e-03   3.604e-02  0.8889        1024  [    1     10         60         10 ]
           2       10040      81.784   1.910e-04   6.951e-06   1.614e-02   4.559e-03   3.428e-02  0.8889        1032  [    1     11         60         10 ]
           2       10219      83.503   1.910e-04   6.951e-06   1.633e-02   4.477e-03   3.327e-02  0.8889        1042  [    1     12         60         10 ]
           2       10386      85.369   1.910e-04   6.951e-06   1.661e-02   4.438e-03   3.293e-02  0.8889        1053  [    1     13         60          9 ]
           2       10541      87.297   1.910e-04   6.951e-06   1.661e-02   4.382e-03   3.255e-02  0.8889        1060  [    1     14         60          9 ]
           2       10713      89.124   1.910e-04   6.951e-06   1.673e-02   4.325e-03   3.200e-02  1.0000        1071  [    1     15         60          9 ]
           2       10867      91.186   1.237e-04   6.951e-06   1.674e-02   4.265e-03   3.189e-02  1.0000        1077  [    1     16         60          9 ]
           2       11028      93.232   1.237e-04   6.951e-06   1.756e-02   4.229e-03   3.140e-02  1.0000        1084  [    1     17         60          9 ]
           2       11348      95.235   1.237e-04   6.951e-06   1.756e-02   4.161e-03   3.112e-02  1.0000        1095  [    2      3        120         12 ]
           2       11542      97.136   1.237e-04   6.951e-06   1.762e-02   4.145e-03   3.078e-02  1.0000        1099  [    1     18         60         10 ]
           2       11712      99.072   1.099e-04   6.951e-06   1.778e-02   4.125e-03   3.011e-02  1.0000        1102  [    1     19         60          9 ]
           2       11868     101.211   1.099e-04   6.951e-06   1.788e-02   4.099e-03   2.957e-02  1.0000        1108  [    1     20         60          9 ]
           2       12034     103.193   1.099e-04   6.951e-06   1.788e-02   4.091e-03   2.946e-02  1.0000        1113  [    1     21         60          9 ]
           2       12187     105.257   8.550e-05   6.951e-06   1.789e-02   4.092e-03   2.930e-02  1.0000        1114  [    1     22         60          9 ]
           2       12345     107.446   8.550e-05   6.951e-06   1.789e-02   4.064e-03   2.913e-02  1.0000        1115  [    1     23         60          9 ]
           2       12499     109.561   8.550e-05   6.951e-06   1.789e-02   4.049e-03   2.890e-02  1.0000        1119  [    1     24         60          9 ]
           2       12671     111.814   3.426e-05   6.951e-06   1.789e-02   4.010e-03   2.873e-02  1.0000        1123  [    1     25         60          9 ]
           2       12995     113.692   3.426e-05   6.951e-06   1.797e-02   3.976e-03   2.850e-02  1.0000        1140  [    2      4        120         16 ]
           2       13240     115.892   3.426e-05   6.951e-06   1.797e-02   3.955e-03   2.808e-02  1.0000        1139  [    1     26         60         13 ]
           2       13449     117.978   3.426e-05   6.951e-06   1.797e-02   3.953e-03   2.805e-02  1.0000        1142  [    1     27         60         15 ]
           2       13660     120.089   3.426e-05   6.951e-06   1.797e-02   3.937e-03   2.786e-02  1.0000        1148  [    1     28         60         13 ]
           2       13863     122.162   3.426e-05   6.951e-06   1.797e-02   3.926e-03   2.779e-02  1.0000        1154  [    1     29         60         14 ]
           2       14056     124.355   3.426e-05   6.951e-06   1.797e-02   3.914e-03   2.767e-02  1.0000        1159  [    1     30         60         14 ]
           2       14254     126.572   3.426e-05   6.951e-06   1.797e-02   3.883e-03   2.729e-02  1.0000        1158  [    1     31         60         13 ]
           2       14455     128.428   3.426e-05   6.951e-06   1.797e-02   3.867e-03   2.714e-02  1.0000        1163  [    1     32         60         12 ]
           2       14648     130.604   3.426e-05   6.951e-06   1.801e-02   3.845e-03   2.712e-02  1.0000        1171  [    1     33         60         12 ]
           2       14991     132.772   3.426e-05   6.951e-06   1.810e-02   3.825e-03   2.682e-02  1.0000        1185  [    2      5        120         18 ]
           2       15235     134.673   3.426e-05   6.951e-06   1.810e-02   3.809e-03   2.667e-02  1.0000        1182  [    1     34         60         13 ]
           2       15446     136.856   3.426e-05   6.951e-06   1.810e-02   3.798e-03   2.664e-02  1.0000        1185  [    1     35         60         11 ]
           2       15643     139.075   3.426e-05   6.951e-06   1.810e-02   3.765e-03   2.641e-02  1.0000        1185  [    1     36         60         12 ]
           2       15846     141.128   3.426e-05   6.951e-06   1.810e-02   3.746e-03   2.614e-02  1.0000        1187  [    1     37         60         14 ]
           2       16048     143.124   3.426e-05   6.951e-06   1.810e-02   3.742e-03   2.613e-02  1.0000        1192  [    1     38         60         13 ]
           2       16255     145.367   3.426e-05   6.951e-06   1.813e-02   3.702e-03   2.582e-02  1.0000        1193  [    1     39         60         14 ]
           2       16447     147.354   3.426e-05   6.951e-06   1.813e-02   3.676e-03   2.563e-02  1.0000        1191  [    1     40         60         12 ]
           2       16630     149.518   3.426e-05   6.951e-06   1.813e-02   3.687e-03   2.537e-02  1.0000        1193  [    1     41         60         11 ]
           2       16945     151.825   3.426e-05   6.951e-06   1.813e-02   3.660e-03   2.514e-02  1.0000        1201  [    2      6        120         12 ]
           2       17148     154.019   3.426e-05   6.951e-06   1.813e-02   3.654e-03   2.511e-02  1.0000        1204  [    1     42         60         12 ]
           2       17335     156.074   3.426e-05   6.951e-06   1.813e-02   3.646e-03   2.506e-02  1.0000        1203  [    1     43         60         12 ]
           2       17514     158.294   3.426e-05   6.951e-06   1.813e-02   3.643e-03   2.499e-02  1.0000        1206  [    1     44         60         12 ]
           2       17703     160.185   3.426e-05   6.951e-06   1.813e-02   3.623e-03   2.494e-02  1.0000        1206  [    1     45         60         11 ]
           2       17882     162.038   3.426e-05   6.951e-06   1.813e-02   3.608e-03   2.484e-02  1.0000        1209  [    1     46         60          9 ]
           2       18059     164.156   3.426e-05   6.951e-06   1.813e-02   3.600e-03   2.473e-02  1.0000        1209  [    1     47         60          9 ]
           2       18219     166.224   3.426e-05   6.951e-06   1.820e-02   3.588e-03   2.462e-02  1.0000        1215  [    1     48         60          9 ]
           2       18381     168.071   3.426e-05   6.951e-06   1.817e-02   3.581e-03   2.454e-02  1.0000        1221  [    1     49         60          9 ]
           2       18691     169.932   3.426e-05   6.951e-06   1.826e-02   3.552e-03   2.415e-02  1.0000        1227  [    2      7        120         12 ]
           2       18884     171.791   3.426e-05   6.951e-06   1.826e-02   3.546e-03   2.380e-02  1.0000        1226  [    1     50         60          9 ]
           2       19052     174.101   3.426e-05   6.951e-06   1.827e-02   3.526e-03   2.336e-02  1.0000        1230  [    1     51         60          9 ]
           2       19217     176.506   3.426e-05   6.951e-06   1.827e-02   3.517e-03   2.293e-02  1.0000        1232  [    1     52         60          9 ]
           2       19393     178.765   3.426e-05   6.951e-06   1.827e-02   3.505e-03   2.292e-02  1.0000        1234  [    1     53         60          9 ]
           2       19566     180.843   3.426e-05   6.951e-06   1.827e-02   3.504e-03   2.277e-02  1.0000        1236  [    1     54         60          9 ]
           2       19730     183.046   3.426e-05   6.951e-06   1.827e-02   3.483e-03   2.258e-02  1.0000        1236  [    1     55         60          9 ]
           2       19895     185.276   3.426e-05   6.951e-06   1.827e-02   3.468e-03   2.252e-02  1.0000        1236  [    1     56         60          9 ]
           2       20063     187.196   3.426e-05   6.951e-06   1.827e-02   3.447e-03   2.229e-02  1.0000        1241  [    1     57         60          9 ]
           2       20414     189.665   3.426e-05   6.951e-06   1.749e-02   5.079e-03   2.674e-02  1.0000         753  [    2      8        120         16 ]
           2       20634     191.045   3.426e-05   6.951e-06   1.749e-02   5.027e-03   2.647e-02  1.0000         756  [    1     58         60         11 ]
           2       20830     192.100   3.426e-05   6.951e-06   1.749e-02   5.009e-03   2.630e-02  1.0000         762  [    1     59         60         11 ]
           2       21023     193.464   3.426e-05   6.951e-06   1.749e-02   4.991e-03   2.598e-02  1.0000         763  [    1     60         60         11 ]
           2       21207     194.854   3.426e-05   6.951e-06   1.749e-02   4.977e-03   2.569e-02  1.0000         767  [    1     61         60         11 ]
           2       21405     196.188   3.426e-05   6.951e-06   1.749e-02   4.960e-03   2.552e-02  1.0000         768  [    1     62         60         10 ]
           2       21588     197.383   3.426e-05   6.951e-06   1.749e-02   4.900e-03   2.532e-02  1.0000         770  [    1     63         60          9 ]
           2       21759     198.567   3.426e-05   6.951e-06   1.780e-02   4.822e-03   2.518e-02  1.0000         777  [    1     64         60          9 ]
           3       23469     200.067   3.426e-05   6.951e-06   1.780e-02   4.609e-03   2.440e-02  1.0000         829  [    3      1        240         17 ]
           3       23702     201.589   3.426e-05   6.951e-06   1.780e-02   4.592e-03   2.428e-02  1.0000         822  [    1     65         60          9 ]
           3       24027     203.065   3.426e-05   6.951e-06   1.775e-02   4.582e-03   2.416e-02  1.0000         832  [    2      9        120         14 ]
           3       24655     204.574   3.426e-05   6.951e-06   1.779e-02   4.561e-03   2.392e-02  1.0000         843  [    3      2        240         17 ]
           3       24882     206.084   3.426e-05   6.951e-06   1.779e-02   4.532e-03   2.375e-02  1.0000         835  [    1     66         60         11 ]
           3       25091     207.603   3.426e-05   6.951e-06   1.779e-02   4.507e-03   2.351e-02  1.0000         836  [    1     67         60         12 ]
           3       25304     209.200   3.426e-05   6.951e-06   1.779e-02   4.503e-03   2.331e-02  1.0000         839  [    1     68         60         14 ]
           3       25518     210.774   3.426e-05   6.951e-06   1.779e-02   4.502e-03   2.328e-02  1.0000         838  [    1     69         60         12 ]
           3       25703     212.354   3.426e-05   6.951e-06   1.779e-02   4.503e-03   2.324e-02  1.0000         838  [    1     70         60         12 ]
           3       25882     213.608   3.426e-05   6.951e-06   1.779e-02   4.501e-03   2.320e-02  1.0000         840  [    1     71         60         12 ]
           3       26065     214.714   3.426e-05   6.951e-06   1.779e-02   4.455e-03   2.306e-02  1.0000         840  [    1     72         60         12 ]
           3       26259     216.254   3.426e-05   6.951e-06   1.779e-02   4.447e-03   2.299e-02  1.0000         842  [    1     73         60         12 ]
           3       26591     217.723   3.426e-05   6.951e-06   1.779e-02   4.429e-03   2.270e-02  1.0000         845  [    2     10        120         15 ]
           3       26813     219.098   3.426e-05   6.951e-06   1.779e-02   4.428e-03   2.268e-02  1.0000         843  [    1     74         60         13 ]
           3       27000     220.478   3.426e-05   6.951e-06   1.779e-02   4.436e-03   2.266e-02  1.0000         841  [    1     75         60         11 ]
           3       27177     221.844   3.426e-05   6.951e-06   1.779e-02   4.434e-03   2.266e-02  1.0000         843  [    1     76         60         12 ]
           3       27362     222.859   3.426e-05   6.951e-06   1.779e-02   4.434e-03   2.266e-02  1.0000         841  [    1     77         60         10 ]
           3       27558     224.358   3.426e-05   6.951e-06   1.788e-02   4.415e-03   2.246e-02  1.0000         842  [    1     78         60         11 ]
           3       27742     225.780   3.426e-05   6.951e-06   1.788e-02   4.408e-03   2.242e-02  1.0000         841  [    1     79         60         10 ]
           3       27928     227.335   3.426e-05   6.951e-06   1.790e-02   4.405e-03   2.229e-02  1.0000         844  [    1     80         60         11 ]
           3       28118     228.549   3.426e-05   6.951e-06   1.790e-02   4.405e-03   2.229e-02  1.0000         851  [    1     81         60         15 ]
           3       28433     230.193   3.426e-05   6.951e-06   1.790e-02   4.405e-03   2.229e-02  1.0000         853  [    2     11        120         16 ]
           3       28643     231.815   3.426e-05   6.951e-06   1.790e-02   4.404e-03   2.229e-02  1.0000         849  [    1     82         60         13 ]
           3       28831     233.412   3.426e-05   6.951e-06   1.790e-02   4.401e-03   2.226e-02  1.0000         848  [    1     83         60         11 ]
           3       29018     235.005   3.426e-05   6.951e-06   1.808e-02   4.395e-03   2.216e-02  1.0000         850  [    1     84         60         12 ]
           3       29208     236.582   3.426e-05   6.951e-06   1.808e-02   4.394e-03   2.210e-02  1.0000         848  [    1     85         60         10 ]
           3       29399     238.230   3.426e-05   6.951e-06   1.808e-02   4.393e-03   2.205e-02  1.0000         848  [    1     86         60         10 ]
           3       29569     239.812   3.426e-05   6.951e-06   1.808e-02   4.396e-03   2.200e-02  1.0000         849  [    1     87         60         10 ]
           3       29752     241.164   3.426e-05   6.951e-06   1.808e-02   4.394e-03   2.193e-02  1.0000         850  [    1     88         60         11 ]
           3       29941     242.473   3.426e-05   6.951e-06   1.808e-02   4.390e-03   2.189e-02  1.0000         851  [    1     89         60         12 ]
           3       30249     244.117   3.426e-05   6.951e-06   1.808e-02   4.369e-03   2.178e-02  1.0000         850  [    2     12        120         11 ]
           3       30443     245.731   3.426e-05   6.951e-06   1.808e-02   4.366e-03   2.171e-02  1.0000         851  [    1     90         60         11 ]
           3       30627     247.371   3.426e-05   6.951e-06   1.808e-02   4.370e-03   2.160e-02  1.0000         854  [    1     91         60         11 ]
           3       30792     248.967   3.426e-05   6.951e-06   1.808e-02   4.368e-03   2.159e-02  1.0000         853  [    1     92         60         10 ]
           3       30970     250.552   3.426e-05   6.951e-06   1.808e-02   4.368e-03   2.158e-02  1.0000         855  [    1     93         60         11 ]
           3       31168     251.846   3.426e-05   6.951e-06   1.808e-02   4.367e-03   2.151e-02  1.0000         860  [    1     94         60         12 ]
           3       31345     252.907   3.426e-05   6.951e-06   1.808e-02   4.366e-03   2.144e-02  1.0000         857  [    1     95         60         11 ]
           3       31532     254.538   3.426e-05   6.951e-06   1.808e-02   4.422e-03   2.133e-02  1.0000         857  [    1     96         60         11 ]
           3       31721     256.207   3.426e-05   6.951e-06   1.812e-02   4.427e-03   2.127e-02  1.0000         858  [    1     97         60         12 ]
           3       32009     257.826   3.426e-05   6.951e-06   1.812e-02   4.415e-03   2.113e-02  1.0000         858  [    2     13        120         11 ]
           3       32220     259.367   3.426e-05   6.951e-06   1.812e-02   4.396e-03   2.110e-02  1.0000         862  [    1     98         60         11 ]
           3       32414     260.796   3.426e-05   6.951e-06   1.817e-02   4.382e-03   2.103e-02  1.0000         860  [    1     99         60         10 ]
           3       32592     262.204   3.426e-05   6.951e-06   1.817e-02   4.375e-03   2.091e-02  1.0000         860  [    1    100         60         10 ]
           3       32774     263.716   3.426e-05   6.951e-06   1.817e-02   4.375e-03   2.089e-02  1.0000         859  [    1    101         60         10 ]
           3       32946     265.178   3.426e-05   6.951e-06   1.822e-02   4.364e-03   2.066e-02  1.0000         861  [    1    102         60          9 ]
           3       33108     266.863   3.426e-05   6.951e-06   1.822e-02   4.366e-03   2.063e-02  1.0000         862  [    1    103         60          9 ]
           3       33270     268.464   3.426e-05   6.951e-06   1.822e-02   4.358e-03   2.059e-02  1.0000         862  [    1    104         60          9 ]
           3       33439     269.831   3.426e-05   6.951e-06   1.822e-02   4.322e-03   2.057e-02  1.0000         862  [    1    105         60          9 ]
           3       33719     271.355   3.426e-05   6.951e-06   1.788e-02   4.322e-03   2.052e-02  1.0000         867  [    2     14        120         11 ]
           3       33908     273.074   3.426e-05   6.951e-06   1.788e-02   4.323e-03   2.041e-02  1.0000         866  [    1    106         60          9 ]
           3       34080     274.715   3.426e-05   6.951e-06   1.788e-02   4.319e-03   2.036e-02  1.0000         866  [    1    107         60          9 ]
           3       34247     276.433   3.426e-05   6.951e-06   1.788e-02   4.307e-03   2.030e-02  1.0000         870  [    1    108         60          9 ]
           3       34410     278.051   3.426e-05   6.951e-06   1.788e-02   4.307e-03   2.030e-02  1.0000         870  [    1    109         60          9 ]
           3       34576     279.497   3.426e-05   6.951e-06   1.788e-02   4.291e-03   2.024e-02  1.0000         871  [    1    110         60          9 ]
           3       34744     280.784   3.426e-05   6.951e-06   1.788e-02   4.291e-03   2.021e-02  1.0000         872  [    1    111         60          9 ]
           3       34906     282.291   3.426e-05   6.951e-06   1.788e-02   4.291e-03   2.021e-02  1.0000         872  [    1    112         60          9 ]
           3       35075     283.923   3.426e-05   6.951e-06   1.788e-02   4.297e-03   2.019e-02  1.0000         872  [    1    113         60          9 ]
           3       35351     285.653   3.426e-05   6.951e-06   1.788e-02   4.301e-03   2.009e-02  1.0000         876  [    2     15        120         12 ]
           3       35547     287.061   3.426e-05   6.951e-06   1.786e-02   4.291e-03   2.005e-02  1.0000         875  [    1    114         60         10 ]
           3       35732     288.390   3.426e-05   6.951e-06   1.786e-02   4.281e-03   2.001e-02  1.0000         876  [    1    115         60          9 ]
           3       35899     289.966   3.426e-05   6.951e-06   1.786e-02   4.282e-03   1.987e-02  1.0000         877  [    1    116         60          9 ]
           3       36065     291.685   3.426e-05   6.951e-06   1.786e-02   4.282e-03   1.983e-02  1.0000         877  [    1    117         60          9 ]
           3       36237     293.367   3.426e-05   6.951e-06   1.786e-02   4.287e-03   1.980e-02  1.0000         877  [    1    118         60          9 ]
           3       36393     294.765   3.426e-05   6.951e-06   1.786e-02   4.306e-03   1.963e-02  1.0000         877  [    1    119         60          9 ]
           3       36560     296.431   3.426e-05   6.951e-06   1.786e-02   4.308e-03   1.957e-02  1.0000         877  [    1    120         60          9 ]
           3       36721     297.899   3.426e-05   6.951e-06   1.786e-02   4.304e-03   1.956e-02  1.0000         877  [    1    121         60          9 ]
           3       37035     299.329   3.426e-05   6.951e-06   1.786e-02   4.281e-03   1.954e-02  1.0000         883  [    2     16        120         14 ]
           3       37240     301.060   3.426e-05   6.951e-06   1.786e-02   4.282e-03   1.954e-02  1.0000         879  [    1    122         60         10 ]
           3       37409     302.798   3.426e-05   6.951e-06   1.820e-02   4.282e-03   1.952e-02  1.0000         878  [    1    123         60          9 ]
           3       37574     304.277   3.426e-05   6.951e-06   1.820e-02   4.280e-03   1.946e-02  1.0000         878  [    1    124         60          9 ]
           3       37740     305.702   3.426e-05   6.951e-06   1.820e-02   4.272e-03   1.942e-02  1.0000         878  [    1    125         60          9 ]
           3       37907     307.279   3.426e-05   6.951e-06   1.820e-02   4.267e-03   1.936e-02  1.0000         878  [    1    126         60          9 ]
           3       38078     308.830   3.426e-05   6.951e-06   1.820e-02   4.264e-03   1.924e-02  1.0000         878  [    1    127         60          9 ]
           3       38238     310.561   3.426e-05   6.951e-06   1.820e-02   4.265e-03   1.924e-02  1.0000         878  [    1    128         60          9 ]
           3       38407     312.147   3.426e-05   6.951e-06   1.820e-02   4.251e-03   1.909e-02  1.0000         876  [    1    129         60          9 ]
           3       38699     313.822   3.426e-05   6.951e-06   1.820e-02   4.251e-03   1.909e-02  1.0000         880  [    2     17        120         12 ]
           3       39285     315.475   3.426e-05   6.951e-06   1.822e-02   4.247e-03   1.900e-02  1.0000         888  [    3      3        240         16 ]
           3       39540     317.164   3.426e-05   6.951e-06   1.822e-02   4.244e-03   1.897e-02  1.0000         884  [    1    130         60         13 ]
           3       39750     318.813   3.426e-05   6.951e-06   1.822e-02   4.244e-03   1.897e-02  1.0000         879  [    1    131         60         12 ]
           3       39942     320.392   3.426e-05   6.951e-06   1.822e-02   4.244e-03   1.897e-02  1.0000         878  [    1    132         60         11 ]
           3       40127     321.988   3.426e-05   6.951e-06   1.822e-02   4.244e-03   1.897e-02  1.0000         880  [    1    133         60         11 ]
           3       40310     323.711   3.426e-05   6.951e-06   1.822e-02   4.244e-03   1.897e-02  1.0000         884  [    1    134         60         12 ]
           3       40490     324.984   3.426e-05   6.951e-06   1.822e-02   4.238e-03   1.893e-02  1.0000         884  [    1    135         60         12 ]
           3       40664     326.760   3.426e-05   3.397e-06   1.822e-02   4.239e-03   1.889e-02  1.0000         880  [    1    136         60         11 ]
           3       40838     328.171   3.426e-05   3.397e-06   1.822e-02   4.238e-03   1.889e-02  1.0000         879  [    1    137         60         10 ]
           3       41150     329.789   3.426e-05   3.397e-06   1.822e-02   4.231e-03   1.883e-02  1.0000         886  [    2     18        120         14 ]
           3       41362     331.536   3.426e-05   3.397e-06   1.822e-02   4.231e-03   1.883e-02  1.0000         885  [    1    138         60         13 ]
           3       41571     333.191   3.426e-05   3.397e-06   1.827e-02   4.229e-03   1.881e-02  1.0000         892  [    1    139         60         17 ]
           3       41780     334.898   3.426e-05   3.397e-06   1.827e-02   4.229e-03   1.881e-02  1.0000         889  [    1    140         60         14 ]
           3       41969     336.531   3.426e-05   3.397e-06   1.827e-02   4.229e-03   1.881e-02  1.0000         889  [    1    141         60         13 ]
           3       42171     338.101   3.426e-05   3.397e-06   1.827e-02   4.229e-03   1.881e-02  1.0000         887  [    1    142         60         12 ]
           3       42352     339.874   3.426e-05   3.397e-06   1.827e-02   4.224e-03   1.881e-02  1.0000         886  [    1    143         60         12 ]
           3       42538     341.551   3.426e-05   3.397e-06   1.827e-02   4.217e-03   1.873e-02  1.0000         888  [    1    144         60         13 ]
           3       42730     343.168   3.426e-05   3.397e-06   1.827e-02   4.217e-03   1.869e-02  1.0000         885  [    1    145         60         12 ]
           3       43022     344.680   3.426e-05   3.397e-06   1.827e-02   4.228e-03   1.860e-02  1.0000         885  [    2     19        120         13 ]
           3       43205     346.407   3.426e-05   3.397e-06   1.827e-02   4.224e-03   1.854e-02  1.0000         883  [    1    146         60         11 ]
           3       43389     348.100   3.426e-05   3.397e-06   1.827e-02   4.224e-03   1.854e-02  1.0000         883  [    1    147         60         11 ]
           3       43576     349.898   3.426e-05   3.397e-06   1.827e-02   4.214e-03   1.853e-02  1.0000         881  [    1    148         60          9 ]
           3       43737     351.539   3.426e-05   3.397e-06   1.827e-02   4.216e-03   1.852e-02  1.0000         881  [    1    149         60          9 ]
           3       43904     352.606   3.426e-05   3.397e-06   1.827e-02   4.204e-03   1.852e-02  1.0000         881  [    1    150         60          9 ]
           3       44067     354.216   3.426e-05   3.397e-06   1.827e-02   4.204e-03   1.851e-02  1.0000         881  [    1    151         60          9 ]
           3       44231     355.898   3.426e-05   3.397e-06   1.827e-02   4.203e-03   1.846e-02  1.0000         882  [    1    152         60          9 ]
           3       44393     357.534   3.426e-05   3.397e-06   1.827e-02   4.200e-03   1.831e-02  1.0000         883  [    1    153         60          9 ]
           3       44674     359.141   3.426e-05   3.397e-06   1.827e-02   4.200e-03   1.831e-02  1.0000         886  [    2     20        120         12 ]
           3       44863     360.764   3.426e-05   3.397e-06   1.827e-02   4.199e-03   1.828e-02  1.0000         884  [    1    154         60          9 ]
           3       45028     362.254   1.324e-05   3.397e-06   1.827e-02   4.202e-03   1.819e-02  1.0000         884  [    1    155         60          9 ]
           3       45199     364.045   1.324e-05   3.397e-06   1.827e-02   4.189e-03   1.813e-02  1.0000         885  [    1    156         60          9 ]
           3       45371     365.627   1.324e-05   3.397e-06   1.827e-02   4.188e-03   1.811e-02  1.0000         885  [    1    157         60          9 ]
           3       45531     367.398   1.324e-05   3.397e-06   1.827e-02   4.188e-03   1.810e-02  1.0000         886  [    1    158         60          9 ]
           3       45695     369.041   1.324e-05   3.397e-06   1.827e-02   4.180e-03   1.790e-02  1.0000         887  [    1    159         60          9 ]
           3       45855     370.785   1.324e-05   3.397e-06   1.827e-02   4.177e-03   1.789e-02  1.0000         887  [    1    160         60          9 ]
           3       46014     372.464   1.324e-05   3.397e-06   1.827e-02   4.168e-03   1.783e-02  1.0000         887  [    1    161         60          9 ]
           3       46316     374.197   1.324e-05   3.397e-06   1.827e-02   4.168e-03   1.783e-02  1.0000         891  [    2     21        120         11 ]
           3       46516     375.847   1.324e-05   3.397e-06   1.827e-02   4.168e-03   1.778e-02  1.0000         888  [    1    162         60          9 ]
           3       46675     377.575   1.324e-05   3.397e-06   1.827e-02   4.164e-03   1.778e-02  1.0000         887  [    1    163         60          9 ]
           3       46832     378.717   1.324e-05   3.397e-06   1.827e-02   4.145e-03   1.764e-02  1.0000         887  [    1    164         60          9 ]
           3       46994     380.417   1.324e-05   3.397e-06   1.827e-02   4.143e-03   1.752e-02  1.0000         887  [    1    165         60          9 ]
           3       47158     382.009   1.324e-05   3.397e-06   1.827e-02   4.131e-03   1.750e-02  1.0000         887  [    1    166         60          9 ]
           3       47327     383.614   1.324e-05   3.397e-06   1.827e-02   4.130e-03   1.742e-02  1.0000         887  [    1    167         60          9 ]
           3       47487     385.078   1.324e-05   3.397e-06   1.827e-02   4.130e-03   1.742e-02  1.0000         887  [    1    168         60          9 ]
           3       47659     386.412   1.324e-05   3.397e-06   1.827e-02   4.130e-03   1.741e-02  1.0000         887  [    1    169         60          9 ]
           3       47933     387.739   1.324e-05   3.397e-06   1.827e-02   4.130e-03   1.741e-02  1.0000         889  [    2     22        120         11 ]
           3       48104     389.377   1.324e-05   3.397e-06   1.827e-02   4.130e-03   1.739e-02  1.0000         888  [    1    170         60          9 ]
           3       48266     391.093   9.878e-06   3.397e-06   1.827e-02   4.130e-03   1.739e-02  1.0000         889  [    1    171         60          9 ]
           3       48427     392.793   9.878e-06   3.397e-06   1.827e-02   4.126e-03   1.729e-02  1.0000         889  [    1    172         60          9 ]
           3       48591     394.570   9.878e-06   3.397e-06   1.827e-02   4.125e-03   1.728e-02  1.0000         889  [    1    173         60          9 ]
           3       48754     395.941   9.878e-06   3.397e-06   1.827e-02   4.118e-03   1.720e-02  1.0000         889  [    1    174         60          9 ]
           3       48916     397.686   9.878e-06   3.397e-06   1.827e-02   4.124e-03   1.719e-02  1.0000         890  [    1    175         60          9 ]
           3       49078     399.224   9.878e-06   3.397e-06   1.827e-02   4.123e-03   1.719e-02  1.0000         892  [    1    176         60          9 ]
           3       49241     400.293   9.878e-06   3.397e-06   1.827e-02   4.126e-03   1.714e-02  1.0000         892  [    1    177         60          9 ]
           3       49529     401.473   9.878e-06   3.397e-06   1.827e-02   4.126e-03   1.714e-02  1.0000         893  [    2     23        120         10 ]
           3       49706     403.185   9.878e-06   3.397e-06   1.827e-02   4.126e-03   1.704e-02  1.0000         893  [    1    178         60         10 ]
           3       49888     404.840   9.878e-06   3.397e-06   1.827e-02   4.126e-03   1.704e-02  1.0000         893  [    1    179         60         10 ]
           3       50058     406.543   9.878e-06   3.397e-06   1.827e-02   4.125e-03   1.695e-02  1.0000         892  [    1    180         60          9 ]
           3       50219     408.273   9.878e-06   3.397e-06   1.827e-02   4.122e-03   1.694e-02  1.0000         893  [    1    181         60          9 ]
           3       50375     409.785   9.878e-06   3.397e-06   1.827e-02   4.118e-03   1.692e-02  1.0000         893  [    1    182         60          9 ]
           3       50538     411.521   9.878e-06   3.397e-06   1.827e-02   4.113e-03   1.690e-02  1.0000         893  [    1    183         60          9 ]
           3       50702     412.989   9.878e-06   3.397e-06   1.827e-02   4.112e-03   1.687e-02  1.0000         893  [    1    184         60          9 ]
           3       50868     414.655   9.878e-06   3.397e-06   1.827e-02   4.107e-03   1.682e-02  1.0000         893  [    1    185         60          9 ]
           3       51142     415.938   9.878e-06   3.397e-06   1.827e-02   4.105e-03   1.679e-02  1.0000         894  [    2     24        120         10 ]
           3       51316     417.654   9.878e-06   3.397e-06   1.827e-02   4.105e-03   1.679e-02  1.0000         893  [    1    186         60          9 ]
           3       51478     419.316   9.878e-06   3.397e-06   1.827e-02   4.105e-03   1.678e-02  1.0000         893  [    1    187         60          9 ]
           3       51639     420.940   9.878e-06   3.397e-06   1.827e-02   4.114e-03   1.676e-02  1.0000         893  [    1    188         60          9 ]
           3       51803     422.514   9.878e-06   3.397e-06   1.827e-02   4.114e-03   1.676e-02  1.0000         893  [    1    189         60          9 ]
           3       51966     424.164   9.878e-06   3.397e-06   1.827e-02   4.109e-03   1.673e-02  1.0000         893  [    1    190         60          9 ]
           3       52121     425.787   9.878e-06   3.397e-06   1.827e-02   4.108e-03   1.671e-02  1.0000         893  [    1    191         60          9 ]
           3       52294     427.490   9.878e-06   3.397e-06   1.827e-02   4.103e-03   1.671e-02  1.0000         893  [    1    192         60          9 ]
           3       52461     429.009   9.878e-06   3.397e-06   1.827e-02   4.103e-03   1.667e-02  1.0000         893  [    1    193         60          9 ]
           3       52724     430.053   9.878e-06   3.397e-06   1.827e-02   4.103e-03   1.667e-02  1.0000         893  [    2     25        120          9 ]
           3       53279     431.606   9.878e-06   3.397e-06   1.826e-02   4.121e-03   1.660e-02  1.0000         908  [    3      4        240         19 ]
           3       53504     433.417   9.878e-06   3.397e-06   1.826e-02   4.122e-03   1.660e-02  1.0000         898  [    1    194         60         12 ]
           3       53703     434.875   9.878e-06   3.397e-06   1.826e-02   4.123e-03   1.659e-02  1.0000         901  [    1    195         60         13 ]
           3       53920     436.569   9.878e-06   3.397e-06   1.826e-02   4.123e-03   1.659e-02  1.0000         902  [    1    196         60         15 ]
           3       54131     438.124   9.878e-06   3.397e-06   1.826e-02   4.122e-03   1.657e-02  1.0000         901  [    1    197         60         14 ]
           3       54343     439.826   9.878e-06   3.397e-06   1.826e-02   4.122e-03   1.657e-02  1.0000         897  [    1    198         60         12 ]
           3       54540     441.418   9.878e-06   3.397e-06   1.833e-02   4.114e-03   1.648e-02  1.0000         899  [    1    199         60         14 ]
           3       54745     443.233   9.878e-06   3.397e-06   1.833e-02   4.108e-03   1.648e-02  1.0000         900  [    1    200         60         15 ]
           3       54943     444.842   9.878e-06   3.397e-06   1.833e-02   4.108e-03   1.647e-02  1.0000         896  [    1    201         60         11 ]
           3       55222     446.613   9.878e-06   3.397e-06   1.833e-02   4.107e-03   1.643e-02  1.0000         896  [    2     26        120         10 ]
           3       55416     448.330   9.878e-06   3.397e-06   1.833e-02   4.106e-03   1.643e-02  1.0000         899  [    1    202         60         13 ]
           3       55622     450.031   9.878e-06   3.397e-06   1.833e-02   4.103e-03   1.638e-02  1.0000         897  [    1    203         60         11 ]
           3       55786     451.455   9.878e-06   3.397e-06   1.833e-02   4.108e-03   1.639e-02  1.0000         896  [    1    204         60         10 ]
           3       55961     453.090   9.878e-06   3.397e-06   1.833e-02   4.105e-03   1.639e-02  1.0000         895  [    1    205         60          9 ]
           3       56120     454.859   9.878e-06   3.397e-06   1.837e-02   4.100e-03   1.637e-02  1.0000         895  [    1    206         60          9 ]
           3       56286     456.507   9.878e-06   3.397e-06   1.837e-02   4.090e-03   1.625e-02  1.0000         895  [    1    207         60          9 ]
           3       56447     458.258   9.878e-06   3.397e-06   1.837e-02   4.090e-03   1.625e-02  1.0000         895  [    1    208         60          9 ]
           3       56608     459.998   9.878e-06   3.397e-06   1.837e-02   4.090e-03   1.625e-02  1.0000         895  [    1    209         60          9 ]
           3       56878     461.670   9.878e-06   3.397e-06   1.837e-02   4.090e-03   1.625e-02  1.0000         896  [    2     27        120         10 ]
           3       57057     463.376   9.878e-06   3.397e-06   1.837e-02   4.087e-03   1.624e-02  1.0000         895  [    1    210         60          9 ]
           3       57219     464.990   9.878e-06   3.397e-06   1.837e-02   4.085e-03   1.623e-02  1.0000         894  [    1    211         60          9 ]
           3       57383     466.635   9.878e-06   3.397e-06   1.837e-02   4.086e-03   1.620e-02  1.0000         894  [    1    212         60          9 ]
           3       57545     468.297   9.878e-06   3.397e-06   1.838e-02   4.103e-03   1.615e-02  1.0000         893  [    1    213         60          9 ]
           3       57702     469.918   9.878e-06   3.397e-06   1.838e-02   4.103e-03   1.615e-02  1.0000         893  [    1    214         60          9 ]
           3       57864     471.417   9.878e-06   3.397e-06   1.838e-02   4.103e-03   1.615e-02  1.0000         893  [    1    215         60          9 ]
           3       58035     472.989   9.878e-06   3.397e-06   1.838e-02   4.103e-03   1.614e-02  1.0000         893  [    1    216         60          9 ]
           3       58204     474.553   9.878e-06   3.397e-06   1.838e-02   4.101e-03   1.611e-02  1.0000         893  [    1    217         60          9 ]
           3       58473     476.311   9.878e-06   3.397e-06   1.838e-02   4.101e-03   1.611e-02  1.0000         895  [    2     28        120         11 ]
           3       58659     477.945   9.878e-06   3.397e-06   1.838e-02   4.098e-03   1.610e-02  1.0000         893  [    1    218         60          9 ]
           3       58826     479.748   9.878e-06   3.397e-06   1.843e-02   4.097e-03   1.606e-02  1.0000         893  [    1    219         60          9 ]
           3       58987     481.543   9.878e-06   3.397e-06   1.843e-02   4.091e-03   1.598e-02  1.0000         893  [    1    220         60          9 ]
           3       59155     483.081   9.878e-06   3.397e-06   1.843e-02   4.095e-03   1.595e-02  1.0000         893  [    1    221         60          9 ]
           3       59318     484.640   9.878e-06   3.397e-06   1.843e-02   4.094e-03   1.590e-02  1.0000         893  [    1    222         60          9 ]
           3       59484     486.316   9.878e-06   3.397e-06   1.847e-02   4.095e-03   1.587e-02  1.0000         893  [    1    223         60          9 ]
           3       59645     487.647   9.878e-06   3.397e-06   1.847e-02   4.090e-03   1.580e-02  1.0000         893  [    1    224         60          9 ]
           3       59810     489.364   9.878e-06   3.397e-06   1.847e-02   4.090e-03   1.580e-02  1.0000         893  [    1    225         60          9 ]
           3       60094     490.949   9.878e-06   3.397e-06   1.847e-02   4.090e-03   1.580e-02  1.0000         895  [    2     29        120         11 ]
           3       60270     492.485   9.878e-06   3.397e-06   1.847e-02   4.090e-03   1.578e-02  1.0000         893  [    1    226         60          9 ]
           3       60438     493.959   9.878e-06   3.397e-06   1.847e-02   4.088e-03   1.577e-02  1.0000         893  [    1    227         60          9 ]
           3       60596     495.626   9.878e-06   3.397e-06   1.847e-02   4.083e-03   1.576e-02  1.0000         893  [    1    228         60          9 ]
           3       60752     497.245   9.878e-06   3.397e-06   1.847e-02   4.083e-03   1.576e-02  1.0000         893  [    1    229         60          9 ]
           3       60916     499.000   9.878e-06   3.397e-06   1.847e-02   4.083e-03   1.572e-02  1.0000         893  [    1    230         60          9 ]
           3       61075     500.188   9.878e-06   3.397e-06   1.847e-02   4.083e-03   1.572e-02  1.0000         893  [    1    231         60          9 ]
           3       61229     501.586   9.878e-06   3.397e-06   1.847e-02   4.088e-03   1.568e-02  1.0000         893  [    1    232         60          9 ]
           3       61389     503.001   9.878e-06   3.397e-06   1.847e-02   4.088e-03   1.568e-02  1.0000         893  [    1    233         60          9 ]
           3       61677     504.774   9.878e-06   3.397e-06   1.847e-02   4.088e-03   1.568e-02  1.0000         895  [    2     30        120         11 ]
           3       61862     506.451   9.878e-06   3.397e-06   1.847e-02   4.084e-03   1.568e-02  1.0000         893  [    1    234         60          9 ]
           3       62026     508.123   9.878e-06   3.397e-06   1.847e-02   4.084e-03   1.568e-02  1.0000         894  [    1    235         60          9 ]
           3       62191     509.808   9.878e-06   3.397e-06   1.847e-02   4.080e-03   1.563e-02  1.0000         894  [    1    236         60          9 ]
           3       62350     511.019   9.878e-06   3.397e-06   1.847e-02   4.080e-03   1.563e-02  1.0000         894  [    1    237         60          9 ]
           3       62514     512.426   9.878e-06   3.397e-06   1.847e-02   4.079e-03   1.560e-02  1.0000         894  [    1    238         60          9 ]
           3       62681     514.087   9.878e-06   3.397e-06   1.847e-02   4.079e-03   1.560e-02  1.0000         894  [    1    239         60          9 ]
           3       62837     515.707   9.878e-06   3.397e-06   1.847e-02   4.079e-03   1.560e-02  1.0000         894  [    1    240         60          9 ]
           3       62997     517.052   9.878e-06   3.397e-06   1.847e-02   4.079e-03   1.559e-02  1.0000         894  [    1    241         60          9 ]
           3       63303     518.383   9.878e-06   3.397e-06   1.847e-02   4.079e-03   1.559e-02  1.0000         895  [    2     31        120         10 ]
           3       63476     519.857   9.878e-06   3.397e-06   1.847e-02   4.079e-03   1.558e-02  1.0000         894  [    1    242         60          9 ]
           3       63628     521.321   9.878e-06   3.397e-06   1.847e-02   4.078e-03   1.553e-02  1.0000         895  [    1    243         60          9 ]
           3       63790     522.738   9.878e-06   3.397e-06   1.847e-02   4.077e-03   1.548e-02  1.0000         895  [    1    244         60          9 ]
           3       63951     524.018   9.878e-06   3.397e-06   1.849e-02   4.077e-03   1.546e-02  1.0000         896  [    1    245         60          9 ]
           3       64117     525.625   9.878e-06   3.397e-06   1.849e-02   4.078e-03   1.546e-02  1.0000         896  [    1    246         60          9 ]
           3       64282     527.384   9.878e-06   3.397e-06   1.849e-02   4.080e-03   1.538e-02  1.0000         896  [    1    247         60          9 ]
           3       64445     529.037   9.878e-06   3.397e-06   1.849e-02   4.079e-03   1.536e-02  1.0000         896  [    1    248         60          9 ]
           3       64610     530.733   9.878e-06   3.397e-06   1.849e-02   4.084e-03   1.533e-02  1.0000         896  [    1    249         60          9 ]
           3       64896     532.372   9.878e-06   3.397e-06   1.849e-02   4.084e-03   1.533e-02  1.0000         899  [    2     32        120         12 ]
           3       65082     534.061   9.878e-06   3.397e-06   1.849e-02   4.082e-03   1.532e-02  1.0000         897  [    1    250         60         10 ]
           3       65269     535.845   9.878e-06   3.397e-06   1.849e-02   4.082e-03   1.529e-02  1.0000         899  [    1    251         60         11 ]
           3       65462     537.502   9.878e-06   3.397e-06   1.849e-02   4.082e-03   1.529e-02  1.0000         902  [    1    252         60         12 ]
           3       65649     539.136   9.878e-06   3.397e-06   1.849e-02   4.081e-03   1.526e-02  1.0000         906  [    1    253         60         14 ]
           3       65857     540.811   9.878e-06   3.397e-06   1.849e-02   4.080e-03   1.520e-02  1.0000         906  [    1    254         60         14 ]
           3       66053     542.511   9.878e-06   3.397e-06   1.849e-02   4.089e-03   1.518e-02  1.0000         906  [    1    255         60         13 ]
           3       66252     544.176   9.878e-06   3.397e-06   1.849e-02   4.082e-03   1.500e-02  1.0000         901  [    1    256         60         12 ]
           3       66451     545.768   9.878e-06   3.397e-06   1.849e-02   4.082e-03   1.497e-02  1.0000         901  [    1    257         60         12 ]
           3       66778     547.477   9.878e-06   3.397e-06   1.849e-02   4.082e-03   1.497e-02  1.0000         903  [    2     33        120         14 ]
           3       67354     549.200   9.878e-06   3.397e-06   1.849e-02   4.082e-03   1.494e-02  1.0000         915  [    3      5        240         20 ]
           3       67614     550.884   9.878e-06   3.397e-06   1.849e-02   4.091e-03   1.494e-02  1.0000         906  [    1    258         60         16 ]
           3       67830     552.626   9.878e-06   3.397e-06   1.849e-02   4.091e-03   1.494e-02  1.0000         901  [    1    259         60         12 ]
           3       68029     554.333   9.878e-06   3.397e-06   1.849e-02   4.091e-03   1.494e-02  1.0000         900  [    1    260         60         12 ]
           3       68239     556.049   9.878e-06   3.397e-06   1.849e-02   4.085e-03   1.490e-02  1.0000         902  [    1    261         60         12 ]
           3       68442     557.723   9.878e-06   3.397e-06   1.849e-02   4.085e-03   1.490e-02  1.0000         902  [    1    262         60         12 ]
           3       68647     559.302   9.878e-06   3.397e-06   1.849e-02   4.085e-03   1.490e-02  1.0000         902  [    1    263         60         13 ]
           3       68858     560.614   9.878e-06   3.397e-06   1.849e-02   4.085e-03   1.488e-02  1.0000         905  [    1    264         60         14 ]
           3       69067     561.964   9.878e-06   3.397e-06   1.849e-02   4.085e-03   1.486e-02  1.0000         901  [    1    265         60         12 ]
           3       69389     563.624   9.878e-06   3.397e-06   1.849e-02   4.085e-03   1.486e-02  1.0000         902  [    2     34        120         13 ]
           3       69601     565.259   9.878e-06   3.397e-06   1.849e-02   4.085e-03   1.481e-02  1.0000         903  [    1    266         60         13 ]
           3       69823     566.942   9.878e-06   3.397e-06   1.849e-02   4.085e-03   1.481e-02  1.0000         903  [    1    267         60         13 ]
           3       70027     568.769   9.878e-06   3.397e-06   1.849e-02   4.085e-03   1.480e-02  1.0000         902  [    1    268         60         13 ]
           3       70214     570.463   9.878e-06   3.397e-06   1.849e-02   4.085e-03   1.480e-02  1.0000         899  [    1    269         60         10 ]
           3       70383     572.190   9.878e-06   3.397e-06   1.849e-02   4.084e-03   1.476e-02  1.0000         899  [    1    270         60         11 ]
           3       70565     573.946   9.878e-06   3.397e-06   1.849e-02   4.084e-03   1.475e-02  1.0000         898  [    1    271         60         10 ]
           3       70726     575.692   9.878e-06   3.397e-06   1.849e-02   4.084e-03   1.475e-02  1.0000         897  [    1    272         60          9 ]
           3       70891     577.257   9.878e-06   3.397e-06   1.849e-02   4.084e-03   1.475e-02  1.0000         897  [    1    273         60          9 ]
           3       71212     578.848   9.878e-06   3.397e-06   1.849e-02   4.084e-03   1.475e-02  1.0000         902  [    2     35        120         12 ]
           3       71404     580.468   9.878e-06   3.397e-06   1.849e-02   4.083e-03   1.473e-02  1.0000         897  [    1    274         60          9 ]
           3       71557     582.228   9.878e-06   3.397e-06   1.849e-02   4.082e-03   1.471e-02  1.0000         897  [    1    275         60          9 ]
           3       71717     583.947   9.878e-06   3.397e-06   1.849e-02   4.081e-03   1.470e-02  1.0000         897  [    1    276         60          9 ]
           3       71877     585.708   9.878e-06   3.397e-06   1.849e-02   4.067e-03   1.465e-02  1.0000         897  [    1    277         60          9 ]
           3       72042     587.394   9.878e-06   3.397e-06   1.849e-02   4.067e-03   1.465e-02  1.0000         897  [    1    278         60          9 ]
           3       72206     588.861   9.878e-06   3.397e-06   1.849e-02   4.067e-03   1.465e-02  1.0000         897  [    1    279         60          9 ]
           3       72369     590.169   9.878e-06   3.397e-06   1.849e-02   4.067e-03   1.465e-02  1.0000         897  [    1    280         60          9 ]
           3       72533     591.887   9.878e-06   3.397e-06   1.849e-02   4.066e-03   1.459e-02  1.0000         897  [    1    281         60          9 ]
           3       72861     593.469   9.878e-06   3.397e-06   1.849e-02   4.066e-03   1.459e-02  1.0000         902  [    2     36        120         12 ]
           3       73055     595.167   9.878e-06   3.397e-06   1.849e-02   4.067e-03   1.457e-02  1.0000         900  [    1    282         60         10 ]
           3       73236     596.627   9.878e-06   3.397e-06   1.849e-02   4.067e-03   1.456e-02  1.0000         900  [    1    283         60         10 ]
           3       73421     598.312   9.878e-06   3.397e-06   1.850e-02   4.066e-03   1.453e-02  1.0000         900  [    1    284         60         10 ]
           3       73594     599.886   9.878e-06   3.397e-06   1.850e-02   4.066e-03   1.448e-02  1.0000         900  [    1    285         60         10 ]
           3       73773     601.482   9.878e-06   3.397e-06   1.850e-02   4.066e-03   1.446e-02  1.0000         900  [    1    286         60         10 ]
           3       73945     603.050   9.878e-06   3.397e-06   1.850e-02   4.066e-03   1.446e-02  1.0000         901  [    1    287         60         10 ]
           3       74125     604.547   9.878e-06   3.397e-06   1.852e-02   4.066e-03   1.446e-02  1.0000         900  [    1    288         60         10 ]
           3       74305     606.199   9.878e-06   3.397e-06   1.852e-02   4.066e-03   1.442e-02  1.0000         900  [    1    289         60         10 ]
           3       74619     607.957   9.878e-06   3.397e-06   1.852e-02   4.066e-03   1.442e-02  1.0000         904  [    2     37        120         14 ]
           3       74822     609.714   9.878e-06   3.397e-06   1.852e-02   4.066e-03   1.442e-02  1.0000         900  [    1    290         60         10 ]
           3       75004     611.248   9.878e-06   3.397e-06   1.852e-02   4.066e-03   1.439e-02  1.0000         900  [    1    291         60         10 ]
           3       75182     612.772   9.878e-06   3.397e-06   1.852e-02   4.065e-03   1.437e-02  1.0000         900  [    1    292         60         10 ]
           3       75353     614.347   9.878e-06   3.397e-06   1.852e-02   4.065e-03   1.437e-02  1.0000         901  [    1    293         60         10 ]
           3       75531     615.811   9.878e-06   3.397e-06   1.852e-02   4.065e-03   1.437e-02  1.0000         904  [    1    294         60         11 ]
           3       75717     616.978   9.878e-06   8.234e-07   1.852e-02   4.066e-03   1.437e-02  1.0000         901  [    1    295         60         12 ]
           3       75895     618.665   9.878e-06   8.234e-07   1.852e-02   4.065e-03   1.433e-02  1.0000         900  [    1    296         60         11 ]
           3       76076     620.420   9.878e-06   8.234e-07   1.852e-02   4.067e-03   1.430e-02  1.0000         899  [    1    297         60         11 ]
           3       76415     622.167   9.878e-06   8.234e-07   1.852e-02   4.067e-03   1.430e-02  1.0000         902  [    2     38        120         14 ]
           3       76614     623.888   9.878e-06   8.234e-07   1.852e-02   4.062e-03   1.422e-02  1.0000         899  [    1    298         60         11 ]
           3       76799     625.622   9.878e-06   8.234e-07   1.852e-02   4.059e-03   1.422e-02  1.0000         900  [    1    299         60         11 ]
           3       76983     627.307   9.878e-06   8.234e-07   1.852e-02   4.057e-03   1.419e-02  1.0000         899  [    1    300         60         11 ]
           3       77159     628.770   9.878e-06   8.234e-07   1.852e-02   4.061e-03   1.417e-02  1.0000         899  [    1    301         60         10 ]
           3       77346     630.330   9.878e-06   8.234e-07   1.852e-02   4.061e-03   1.417e-02  1.0000         899  [    1    302         60         10 ]
           3       77526     631.641   9.878e-06   8.234e-07   1.852e-02   4.059e-03   1.413e-02  1.0000         899  [    1    303         60         10 ]
           3       77710     633.170   9.878e-06   8.234e-07   1.852e-02   4.058e-03   1.411e-02  1.0000         899  [    1    304         60         10 ]
           3       77895     634.880   9.878e-06   8.234e-07   1.852e-02   4.058e-03   1.411e-02  1.0000         898  [    1    305         60         10 ]
           3       78212     636.390   9.878e-06   8.234e-07   1.852e-02   4.058e-03   1.411e-02  1.0000         901  [    2     39        120         11 ]
           3       78393     637.683   9.878e-06   8.234e-07   1.852e-02   4.050e-03   1.407e-02  1.0000         900  [    1    306         60         10 ]
           3       78561     639.226   9.878e-06   8.234e-07   1.852e-02   4.050e-03   1.405e-02  1.0000         898  [    1    307         60         10 ]
           3       78739     640.378   9.878e-06   8.234e-07   1.852e-02   4.049e-03   1.398e-02  1.0000         898  [    1    308         60         10 ]
           3       78933     641.785   9.878e-06   8.234e-07   1.852e-02   4.049e-03   1.398e-02  1.0000         901  [    1    309         60         10 ]
           3       79126     643.465   9.878e-06   8.234e-07   1.852e-02   4.049e-03   1.398e-02  1.0000         903  [    1    310         60         10 ]
           3       79306     645.111   9.878e-06   8.234e-07   1.852e-02   4.049e-03   1.398e-02  1.0000         904  [    1    311         60         11 ]
           3       79487     646.818   9.878e-06   8.234e-07   1.852e-02   4.049e-03   1.398e-02  1.0000         900  [    1    312         60         11 ]
           3       79670     648.610   9.878e-06   8.234e-07   1.852e-02   4.047e-03   1.397e-02  1.0000         899  [    1    313         60         10 ]
           3       80004     650.298   9.878e-06   8.234e-07   1.852e-02   4.047e-03   1.397e-02  1.0000         903  [    2     40        120         13 ]
           3       80207     652.022   9.878e-06   8.234e-07   1.852e-02   4.047e-03   1.395e-02  1.0000         898  [    1    314         60         10 ]
           3       80374     653.792   9.878e-06   8.234e-07   1.852e-02   4.046e-03   1.389e-02  1.0000         897  [    1    315         60          9 ]
           3       80538     655.328   9.878e-06   8.234e-07   1.852e-02   4.044e-03   1.380e-02  1.0000         897  [    1    316         60          9 ]
           3       80697     657.031   9.878e-06   8.234e-07   1.852e-02   4.044e-03   1.380e-02  1.0000         897  [    1    317         60          9 ]
           3       80848     658.824   9.878e-06   8.234e-07   1.852e-02   4.042e-03   1.380e-02  1.0000         897  [    1    318         60          9 ]
           3       81021     660.524   9.878e-06   8.234e-07   1.852e-02   4.038e-03   1.378e-02  1.0000         897  [    1    319         60          9 ]
           3       81182     662.095   9.878e-06   8.234e-07   1.852e-02   4.038e-03   1.378e-02  1.0000         897  [    1    320         60          9 ]
           3       81338     663.538   9.878e-06   8.234e-07   1.852e-02   4.058e-03   1.377e-02  1.0000         896  [    1    321         60          9 ]
           3       81684     665.250   9.878e-06   8.234e-07   1.852e-02   4.058e-03   1.377e-02  1.0000         904  [    2     41        120         15 ]
           3       82242     667.055   9.878e-06   8.234e-07   1.852e-02   4.058e-03   1.377e-02  1.0000         904  [    3      6        240         14 ]
           3       82444     668.678   9.878e-06   8.234e-07   1.852e-02   4.058e-03   1.377e-02  1.0000         898  [    1    322         60         10 ]
           3       82620     670.184   9.878e-06   8.234e-07   1.852e-02   4.058e-03   1.377e-02  1.0000         897  [    1    323         60         10 ]
           3       82786     671.693   9.878e-06   8.234e-07   1.852e-02   4.058e-03   1.377e-02  1.0000         896  [    1    324         60          9 ]
           3       82949     673.215   9.878e-06   8.234e-07   1.852e-02   4.056e-03   1.376e-02  1.0000         896  [    1    325         60          9 ]
           3       83115     674.816   9.878e-06   8.234e-07   1.852e-02   4.056e-03   1.376e-02  1.0000         896  [    1    326         60          9 ]
           3       83276     676.591   9.878e-06   8.234e-07   1.852e-02   4.056e-03   1.376e-02  1.0000         896  [    1    327         60          9 ]
           3       83442     678.046   9.878e-06   8.234e-07   1.852e-02   4.057e-03   1.374e-02  1.0000         896  [    1    328         60          9 ]
           3       83608     679.728   9.878e-06   8.234e-07   1.852e-02   4.057e-03   1.366e-02  1.0000         896  [    1    329         60          9 ]
           3       83964     681.530   9.878e-06   8.234e-07   1.852e-02   4.057e-03   1.366e-02  1.0000         899  [    2     42        120         12 ]
           3       84158     683.202   9.878e-06   8.234e-07   1.852e-02   4.057e-03   1.366e-02  1.0000         898  [    1    330         60         11 ]
           3       84352     684.827   9.878e-06   8.234e-07   1.852e-02   4.049e-03   1.365e-02  1.0000         899  [    1    331         60         11 ]
           3       84543     686.580   9.878e-06   8.234e-07   1.852e-02   4.049e-03   1.365e-02  1.0000         899  [    1    332         60         11 ]
           3       84739     688.226   9.878e-06   8.234e-07   1.852e-02   4.056e-03   1.364e-02  1.0000         899  [    1    333         60         11 ]
           3       84927     689.870   9.878e-06   8.234e-07   1.852e-02   4.056e-03   1.364e-02  1.0000         899  [    1    334         60         11 ]
           3       85109     691.522   9.878e-06   8.234e-07   1.852e-02   4.056e-03   1.364e-02  1.0000         898  [    1    335         60         10 ]
           3       85290     693.193   9.878e-06   8.234e-07   1.852e-02   4.056e-03   1.364e-02  1.0000         899  [    1    336         60         11 ]
           3       85471     694.842   9.878e-06   8.234e-07   1.852e-02   4.056e-03   1.364e-02  1.0000         899  [    1    337         60         12 ]
           3       85848     696.557   9.878e-06   8.234e-07   1.852e-02   4.056e-03   1.364e-02  1.0000         904  [    2     43        120         15 ]
           3       86058     698.294   9.878e-06   8.234e-07   1.852e-02   4.056e-03   1.364e-02  1.0000         901  [    1    338         60         12 ]
           3       86249     700.093   9.878e-06   8.234e-07   1.852e-02   4.056e-03   1.364e-02  1.0000         898  [    1    339         60         10 ]
           3       86439     701.814   9.878e-06   8.234e-07   1.852e-02   4.055e-03   1.363e-02  1.0000         898  [    1    340         60         10 ]
           3       86620     703.110   9.878e-06   8.234e-07   1.852e-02   4.055e-03   1.363e-02  1.0000         897  [    1    341         60         10 ]
           3       86795     704.732   9.878e-06   8.234e-07   1.852e-02   4.055e-03   1.361e-02  1.0000         897  [    1    342         60         10 ]
           3       86973     706.237   9.878e-06   8.234e-07   1.852e-02   4.058e-03   1.360e-02  1.0000         897  [    1    343         60         10 ]
           3       87156     707.997   9.878e-06   8.234e-07   1.852e-02   4.055e-03   1.354e-02  1.0000         897  [    1    344         60         10 ]
           3       87346     709.421   9.878e-06   8.234e-07   1.852e-02   4.055e-03   1.354e-02  1.0000         897  [    1    345         60         10 ]
           3       87700     711.093   9.878e-06   8.234e-07   1.852e-02   4.055e-03   1.354e-02  1.0000         903  [    2     44        120         14 ]
           3       87913     712.744   9.878e-06   8.234e-07   1.852e-02   4.063e-03   1.353e-02  1.0000         899  [    1    346         60         10 ]
           3       88079     714.360   9.878e-06   8.234e-07   1.852e-02   4.063e-03   1.352e-02  1.0000         896  [    1    347         60          9 ]
           3       88243     716.062   9.878e-06   8.234e-07   1.852e-02   4.063e-03   1.352e-02  1.0000         896  [    1    348         60          9 ]
           3       88406     717.709   9.878e-06   8.234e-07   1.852e-02   4.063e-03   1.352e-02  1.0000         896  [    1    349         60          9 ]
           3       88567     719.136   9.878e-06   8.234e-07   1.852e-02   4.064e-03   1.349e-02  1.0000         896  [    1    350         60          9 ]
           3       88729     720.599   9.878e-06   8.234e-07   1.852e-02   4.064e-03   1.348e-02  1.0000         896  [    1    351         60          9 ]
           3       88899     722.296   9.878e-06   8.234e-07   1.852e-02   4.063e-03   1.348e-02  1.0000         896  [    1    352         60          9 ]
           3       89066     723.983   9.878e-06   8.234e-07   1.852e-02   4.063e-03   1.348e-02  1.0000         896  [    1    353         60          9 ]
           3       89432     725.587   9.878e-06   8.234e-07   1.852e-02   4.063e-03   1.348e-02  1.0000         901  [    2     45        120         13 ]
           3       89634     727.267   9.878e-06   8.234e-07   1.852e-02   4.063e-03   1.348e-02  1.0000         899  [    1    354         60         11 ]
           3       89826     728.508   9.878e-06   8.234e-07   1.852e-02   4.065e-03   1.345e-02  1.0000         897  [    1    355         60         10 ]
           3       90009     729.876   9.878e-06   8.234e-07   1.852e-02   4.067e-03   1.345e-02  1.0000         898  [    1    356         60         10 ]
           3       90186     731.537   9.878e-06   8.234e-07   1.852e-02   4.067e-03   1.345e-02  1.0000         898  [    1    357         60         10 ]
           3       90363     733.189   9.878e-06   8.234e-07   1.852e-02   4.067e-03   1.342e-02  1.0000         899  [    1    358         60         10 ]
           3       90545     734.879   4.051e-06   8.234e-07   1.852e-02   4.046e-03   1.329e-02  1.0000         898  [    1    359         60         10 ]
           3       90726     736.611   4.051e-06   8.234e-07   1.855e-02   4.041e-03   1.326e-02  1.0000         900  [    1    360         60         11 ]
           3       90903     737.911   4.051e-06   8.234e-07   1.855e-02   4.041e-03   1.326e-02  1.0000         900  [    1    361         60         11 ]
           3       91246     739.499   4.051e-06   8.234e-07   1.855e-02   4.041e-03   1.326e-02  1.0000         903  [    2     46        120         14 ]
           3       91444     741.033   4.051e-06   5.341e-07   1.855e-02   4.041e-03   1.326e-02  1.0000         899  [    1    362         60         11 ]
           3       91617     742.485   4.051e-06   5.341e-07   1.855e-02   4.032e-03   1.325e-02  1.0000         899  [    1    363         60         11 ]
           3       91793     744.176   4.051e-06   5.341e-07   1.855e-02   4.032e-03   1.325e-02  1.0000         900  [    1    364         60         12 ]
           3       91966     745.911   4.051e-06   5.341e-07   1.855e-02   4.032e-03   1.324e-02  1.0000         900  [    1    365         60         12 ]
           3       92138     747.695   4.051e-06   5.341e-07   1.855e-02   4.031e-03   1.324e-02  1.0000         899  [    1    366         60         11 ]
           3       92314     749.035   4.051e-06   5.341e-07   1.855e-02   4.031e-03   1.319e-02  1.0000         900  [    1    367         60         11 ]
           3       92489     750.709   4.051e-06   5.341e-07   1.855e-02   4.031e-03   1.319e-02  1.0000         898  [    1    368         60         11 ]
           3       92657     752.447   4.051e-06   5.341e-07   1.855e-02   4.029e-03   1.309e-02  1.0000         898  [    1    369         60         11 ]
           3       93000     754.114   4.051e-06   5.341e-07   1.855e-02   4.029e-03   1.309e-02  1.0000         898  [    2     47        120         11 ]
           3       93181     755.732   4.051e-06   5.341e-07   1.855e-02   4.029e-03   1.309e-02  1.0000         898  [    1    370         60         11 ]
           3       93348     757.327   4.051e-06   5.341e-07   1.855e-02   4.029e-03   1.309e-02  1.0000         898  [    1    371         60         11 ]
           3       93520     758.796   4.051e-06   5.341e-07   1.855e-02   4.032e-03   1.308e-02  1.0000         898  [    1    372         60         11 ]
           3       93696     760.291   4.051e-06   5.341e-07   1.855e-02   4.032e-03   1.307e-02  1.0000         898  [    1    373         60         11 ]
           3       93865     761.692   4.051e-06   5.341e-07   1.855e-02   4.031e-03   1.301e-02  1.0000         898  [    1    374         60         11 ]
           3       94031     763.115   4.051e-06   5.341e-07   1.855e-02   4.032e-03   1.300e-02  1.0000         898  [    1    375         60         11 ]
           3       94200     764.716   4.051e-06   5.341e-07   1.855e-02   4.033e-03   1.300e-02  1.0000         898  [    1    376         60         11 ]
           3       94372     766.456   4.051e-06   5.341e-07   1.855e-02   4.033e-03   1.300e-02  1.0000         898  [    1    377         60         11 ]
           3       94732     768.144   4.051e-06   5.341e-07   1.855e-02   4.033e-03   1.300e-02  1.0000         898  [    2     48        120         11 ]
           3       94919     769.665   4.051e-06   5.341e-07   1.855e-02   4.033e-03   1.299e-02  1.0000         898  [    1    378         60         11 ]
           3       95095     771.355   4.051e-06   5.341e-07   1.855e-02   4.032e-03   1.299e-02  1.0000         897  [    1    379         60         10 ]
           3       95258     772.954   4.051e-06   5.341e-07   1.855e-02   4.033e-03   1.298e-02  1.0000         896  [    1    380         60          9 ]
           3       95413     774.271   4.051e-06   5.341e-07   1.855e-02   4.033e-03   1.298e-02  1.0000         896  [    1    381         60          9 ]
           3       95571     775.955   4.051e-06   5.341e-07   1.855e-02   4.033e-03   1.298e-02  1.0000         896  [    1    382         60          9 ]
           3       95731     777.724   4.051e-06   5.341e-07   1.855e-02   4.033e-03   1.298e-02  1.0000         896  [    1    383         60          9 ]
           3       95896     779.496   4.051e-06   5.341e-07   1.855e-02   4.033e-03   1.297e-02  1.0000         896  [    1    384         60          9 ]
           3       96060     781.195   4.051e-06   1.230e-07   1.855e-02   4.067e-03   1.294e-02  1.0000         895  [    1    385         60          9 ]
           3       96456     782.905   4.051e-06   1.230e-07   1.855e-02   4.067e-03   1.294e-02  1.0000         899  [    2     49        120         13 ]
           3       96981     784.573   4.051e-06   1.230e-07   1.855e-02   4.066e-03   1.289e-02  1.0000         905  [    3      7        240         17 ]
           3       97194     785.865   4.051e-06   1.230e-07   1.855e-02   4.066e-03   1.289e-02  1.0000         898  [    1    386         60         11 ]
           3       97379     787.518   4.051e-06   1.230e-07   1.855e-02   4.066e-03   1.282e-02  1.0000         896  [    1    387         60         10 ]
           3       97558     789.109   4.051e-06   1.230e-07   1.855e-02   4.064e-03   1.282e-02  1.0000         896  [    1    388         60         10 ]
           3       97726     790.637   4.051e-06   1.230e-07   1.855e-02   4.064e-03   1.282e-02  1.0000         895  [    1    389         60          9 ]
           3       97894     792.144   4.051e-06   1.230e-07   1.855e-02   4.064e-03   1.282e-02  1.0000         895  [    1    390         60          9 ]
           3       98051     793.845   4.051e-06   1.230e-07   1.855e-02   4.064e-03   1.282e-02  1.0000         895  [    1    391         60          9 ]
           3       98209     795.526   4.051e-06   1.230e-07   1.855e-02   4.064e-03   1.282e-02  1.0000         895  [    1    392         60          9 ]
           3       98367     797.027   4.051e-06   1.230e-07   1.855e-02   4.064e-03   1.282e-02  1.0000         895  [    1    393         60          9 ]
           3       98709     798.583   4.051e-06   1.230e-07   1.855e-02   4.064e-03   1.282e-02  1.0000         904  [    2     50        120         13 ]
           3       98905     800.025   4.051e-06   1.230e-07   1.855e-02   4.064e-03   1.282e-02  1.0000         895  [    1    394         60          9 ]
           3       99068     801.763   4.051e-06   1.230e-07   1.855e-02   4.057e-03   1.279e-02  1.0000         895  [    1    395         60          9 ]
           3       99229     803.436   4.051e-06   1.230e-07   1.857e-02   4.056e-03   1.279e-02  1.0000         895  [    1    396         60          9 ]
           3       99388     804.978   4.051e-06   1.230e-07   1.857e-02   4.056e-03   1.278e-02  1.0000         895  [    1    397         60          9 ]
           3       99552     806.588   4.051e-06   1.230e-07   1.857e-02   4.056e-03   1.278e-02  1.0000         895  [    1    398         60          9 ]
           3       99717     808.258   4.051e-06   1.230e-07   1.857e-02   4.056e-03   1.278e-02  1.0000         895  [    1    399         60          9 ]
           3       99878     809.525   4.051e-06   1.230e-07   1.857e-02   4.056e-03   1.278e-02  1.0000         895  [    1    400         60          9 ]
           4      100037     811.123   4.051e-06   1.230e-07   1.857e-02   4.056e-03   1.278e-02  1.0000         895  [    3      7        240         17 ]
