# Generation  Evaluations  Time (s)  Best_obj[0]  Best_obj[1]  Hypervol.   IGD         IGDX        SR    Appr.set  [ Pop.index  Subgen.  Pop.size  Subpops ]
           0          98       3.917   5.309e-01   1.043e+00   0.000e+00   1.158e+00   3.618e+00  0.0000          14  [    0      1         30          9 ]
           0         178       3.964   1.199e-01   1.716e-01   0.000e+00   6.197e-01   3.230e+00  0.0000          23  [    0      2         30          8 ]
           0         266       3.995   1.199e-01   1.210e-02   0.000e+00   3.212e-01   2.505e+00  0.0000          37  [    0      3         30          8 ]
           0         357       4.066   4.274e-02   1.210e-02   0.000e+00   1.888e-01   1.973e+00  0.0000          54  [    0      4         30          9 ]
           0         461       4.170   4.274e-02   1.210e-02   0.000e+00   1.322e-01   1.903e+00  0.0000          75  [    0      5         30          9 ]
           0         554       4.314   1.045e-02   1.210e-02   3.722e-03   1.151e-01   1.592e+00  0.0000          83  [    0      6         30          8 ]
           0         643       4.471   1.045e-02   1.210e-02   3.722e-03   8.567e-02   1.499e+00  0.0000          98  [    0      7         30          8 ]
           0         734       4.659   1.045e-02   1.210e-02   2.290e-03   7.236e-02   1.306e+00  0.0000         115  [    0      8         30          8 ]
           1        1069       4.870   1.045e-02   1.210e-02   4.158e-03   4.824e-02   7.495e-01  0.0000         205  [    1      1         60         10 ]
           1        1174       5.240   1.045e-02   1.210e-02   4.161e-03   4.321e-02   7.389e-01  0.0000         221  [    0      9         30          9 ]
           1        1350       5.636   1.045e-02   1.210e-02   7.540e-03   3.773e-02   4.976e-01  0.0000         250  [    1      2         60         10 ]
           1        1459       6.096   1.045e-02   1.210e-02   8.457e-03   3.736e-02   4.963e-01  0.0000         261  [    0     10         30         10 ]
           1        1579       6.573   1.045e-02   1.210e-02   8.302e-03   3.699e-02   3.779e-01  0.0000         276  [    0     11         30         10 ]
           1        1681       7.073   1.045e-02   1.210e-02   8.302e-03   3.621e-02   3.457e-01  0.0000         285  [    0     12         30          9 ]
           1        1783       7.578   1.045e-02   1.093e-03   8.302e-03   3.487e-02   2.685e-01  0.0000         287  [    0     13         30          9 ]
           1        1888       8.067   1.045e-02   1.093e-03   8.302e-03   3.020e-02   2.100e-01  0.0000         309  [    0     14         30          9 ]
           1        1985       8.666   8.450e-03   4.150e-04   8.302e-03   2.268e-02   2.056e-01  0.0000         339  [    0     15         30          9 ]
           1        2086       9.138   8.450e-03   4.150e-04   8.748e-03   2.180e-02   1.971e-01  0.0000         360  [    0     16         30          9 ]
           1        2182       9.674   8.450e-03   4.150e-04   8.748e-03   2.129e-02   1.962e-01  0.0000         380  [    0     17         30          9 ]
           1        2339      10.209   1.977e-03   4.150e-04   8.831e-03   1.800e-02   1.724e-01  0.0000         399  [    1      3         60          9 ]
           1        2438      10.968   1.977e-03   4.150e-04   8.967e-03   1.741e-02   1.562e-01  0.0000         414  [    0     18         30          9 ]
           1        2537      11.564   1.977e-03   4.150e-04   9.308e-03   1.727e-02   1.384e-01  0.1111         437  [    0     19         30          9 ]
           1        2635      12.195   1.977e-03   4.150e-04   9.308e-03   1.710e-02   1.279e-01  0.1111         452  [    0     20         30          9 ]
           1        2736      12.970   1.977e-03   4.150e-04   9.308e-03   1.645e-02   1.251e-01  0.1111         477  [    0     21         30          9 ]
           1        2836      13.650   1.977e-03   4.150e-04   1.122e-02   1.559e-02   1.079e-01  0.1111         485  [    0     22         30          9 ]
           1        2933      14.550   1.977e-03   4.150e-04   1.282e-02   1.554e-02   1.062e-01  0.1111         498  [    0     23         30          9 ]
           1        3032      15.350   1.977e-03   4.150e-04   1.312e-02   1.536e-02   1.036e-01  0.1111         526  [    0     24         30          9 ]
           1        3137      16.193   1.977e-03   4.150e-04   1.293e-02   1.482e-02   1.008e-01  0.1111         543  [    0     25         30          9 ]
           1        3297      17.033   9.260e-04   4.150e-04   1.370e-02   1.379e-02   9.323e-02  0.1111         562  [    1      4         60          9 ]
           1        3399      18.063   9.260e-04   2.180e-04   1.366e-02   1.307e-02   9.090e-02  0.1111         581  [    0     26         30          9 ]
           1        3496      18.903   9.260e-04   2.180e-04   1.366e-02   1.297e-02   9.078e-02  0.1111         598  [    0     27         30          9 ]
           1        3592      19.836   9.260e-04   2.180e-04   1.366e-02   1.275e-02   8.984e-02  0.1111         608  [    0     28         30          9 ]
           1        3696      20.686   9.260e-04   2.180e-04   1.332e-02   1.220e-02   8.697e-02  0.2222         628  [    0     29         30          9 ]
           1        3797      21.771   9.260e-04   2.180e-04   1.332e-02   1.204e-02   8.663e-02  0.2222         649  [    0     30         30          9 ]
           1        3896      23.048   9.260e-04   2.180e-04   1.332e-02   1.192e-02   8.219e-02  0.2222         657  [    0     31         30          9 ]
           1        3993      24.361   9.260e-04   2.180e-04   1.293e-02   1.177e-02   8.007e-02  0.3333         667  [    0     32         30          9 ]
           1        4095      25.653   9.260e-04   2.180e-04   1.386e-02   1.163e-02   7.610e-02  0.3333         687  [    0     33         30          9 ]
           1        4258      27.072   9.260e-04   2.180e-04   1.428e-02   1.066e-02   7.391e-02  0.3333         738  [    1      5         60          9 ]
           1        4356      28.500   9.260e-04   2.180e-04   1.428e-02   1.000e-02   7.319e-02  0.3333         764  [    0     34         30          9 ]
           1        4451      29.949   9.260e-04   2.180e-04   1.428e-02   9.566e-03   7.223e-02  0.3333         772  [    0     35         30          9 ]
           1        4550      31.275   9.260e-04   2.180e-04   1.571e-02   9.170e-03   7.001e-02  0.4444         785  [    0     36         30          9 ]
           1        4655      32.755   9.260e-04   2.180e-04   1.605e-02   8.984e-03   6.962e-02  0.4444         806  [    0     37         30          9 ]
           1        4758      34.215   9.875e-05   2.180e-04   1.605e-02   8.556e-03   6.923e-02  0.4444         827  [    0     38         30          9 ]
           1        4858      35.597   9.875e-05   2.180e-04   1.605e-02   8.514e-03   6.522e-02  0.4444         819  [    0     39         30          9 ]
           1        4958      36.800   9.875e-05   2.180e-04   1.613e-02   8.199e-03   6.183e-02  0.4444         835  [    0     40         30          9 ]
           1        5057      38.035   9.875e-05   2.180e-04   1.613e-02   7.837e-03   6.154e-02  0.4444         851  [    0     41         30          9 ]
           1        5220      39.663   9.875e-05   2.180e-04   1.613e-02   7.412e-03   5.997e-02  0.5556         889  [    1      6         60          9 ]
           1        5318      41.232   9.875e-05   2.180e-04   1.618e-02   7.233e-03   5.818e-02  0.5556         900  [    0     42         30          9 ]
           1        5427      42.713   9.875e-05   2.180e-04   1.641e-02   6.842e-03   5.528e-02  0.6667         922  [    0     43         30          9 ]
           1        5528      44.505   9.875e-05   2.180e-04   1.641e-02   6.625e-03   5.371e-02  0.6667         944  [    0     44         30          9 ]
           1        5628      46.187   9.875e-05   2.180e-04   1.668e-02   6.316e-03   5.182e-02  0.6667         949  [    0     45         30          9 ]
           1        5727      47.817   9.875e-05   2.180e-04   1.668e-02   6.236e-03   5.151e-02  0.6667         955  [    0     46         30          9 ]
           1        5827      49.739   9.875e-05   2.180e-04   1.668e-02   6.149e-03   5.090e-02  0.6667         960  [    0     47         30          9 ]
           1        5925      51.607   9.875e-05   2.180e-04   1.668e-02   6.038e-03   4.871e-02  0.6667         961  [    0     48         30          9 ]
           1        6026      53.595   9.875e-05   2.180e-04   1.668e-02   5.995e-03   4.809e-02  0.6667         968  [    0     49         30          9 ]
           1        6198      55.220   9.875e-05   2.180e-04   1.658e-02   5.768e-03   4.533e-02  0.6667        1016  [    1      7         60          9 ]
           1        6300      57.052   9.875e-05   2.180e-04   1.671e-02   5.624e-03   4.500e-02  0.6667        1040  [    0     50         30          9 ]
           1        6402      59.179   9.875e-05   2.180e-04   1.671e-02   5.486e-03   4.443e-02  0.7778        1066  [    0     51         30          9 ]
           1        6496      61.038   9.875e-05   2.180e-04   1.671e-02   5.461e-03   4.416e-02  0.7778        1075  [    0     52         30          9 ]
           1        6595      62.969   9.875e-05   2.180e-04   1.671e-02   5.436e-03   4.258e-02  0.7778        1083  [    0     53         30          9 ]
           1        6704      64.643   9.875e-05   2.180e-04   1.671e-02   5.382e-03   4.159e-02  0.8889        1103  [    0     54         30          9 ]
           1        6808      66.494   9.875e-05   2.180e-04   1.671e-02   5.247e-03   4.081e-02  0.8889        1124  [    0     55         30          9 ]
           1        6912      68.279   9.875e-05   2.180e-04   1.631e-02   5.210e-03   4.053e-02  0.8889        1147  [    0     56         30          9 ]
           1        7020      70.255   9.875e-05   2.180e-04   1.631e-02   5.020e-03   4.004e-02  0.8889        1185  [    0     57         30          9 ]
           1        7186      72.424   9.875e-05   2.180e-04   1.631e-02   4.783e-03   3.855e-02  0.8889        1244  [    1      8         60          9 ]
           1        7293      74.877   9.875e-05   2.180e-04   1.384e-02   6.781e-03   4.066e-02  0.7778         750  [    0     58         30          9 ]
           1        7397      76.060   9.875e-05   2.180e-04   1.424e-02   6.613e-03   3.994e-02  0.8889         759  [    0     59         30          9 ]
           1        7498      77.041   9.875e-05   2.180e-04   1.423e-02   6.530e-03   3.955e-02  0.8889         763  [    0     60         30          9 ]
           1        7605      78.094   9.875e-05   2.180e-04   1.425e-02   6.497e-03   3.951e-02  0.8889         770  [    0     61         30          9 ]
           1        7708      79.125   9.875e-05   8.207e-05   1.433e-02   6.482e-03   3.922e-02  0.8889         771  [    0     62         30          9 ]
           1        7808      80.190   9.875e-05   8.207e-05   1.433e-02   6.425e-03   3.877e-02  0.8889         773  [    0     63         30          9 ]
           1        7905      81.535   9.875e-05   8.207e-05   1.415e-02   6.281e-03   3.873e-02  0.8889         781  [    0     64         30          9 ]
           2        9341      82.804   9.875e-05   8.207e-05   1.712e-02   5.078e-03   3.475e-02  0.8889         930  [    2      1        120         14 ]
           2        9531      84.316   9.875e-05   8.207e-05   1.753e-02   5.030e-03   3.296e-02  0.8889         929  [    1      9         60         10 ]
           2        9869      85.659   9.875e-05   8.207e-05   1.753e-02   4.943e-03   3.255e-02  0.8889         938  [    2      2        120         13 ]
           2       10060      86.943   9.875e-05   8.207e-05   1.754e-02   4.873e-03   3.149e-02  0.8889         944  [    1     10         60         11 ]
           2       10247      88.805   9.875e-05   8.207e-05   1.754e-02   4.768e-03   3.133e-02  0.8889         954  [    1     11         60         10 ]
           2       10431      90.759   9.875e-05   8.207e-05   1.766e-02   4.709e-03   3.124e-02  0.8889         960  [    1     12         60         11 ]
           2       10610      92.763   9.875e-05   8.207e-05   1.766e-02   4.690e-03   3.091e-02  0.8889         967  [    1     13         60         11 ]
           2       10787      94.862   9.875e-05   8.207e-05   1.767e-02   4.677e-03   3.075e-02  0.8889         974  [    1     14         60         10 ]
           2       10951      96.779   9.875e-05   8.207e-05   1.769e-02   4.604e-03   3.023e-02  0.8889         976  [    1     15         60          9 ]
           2       11119      98.851   9.875e-05   1.839e-05   1.769e-02   4.532e-03   3.004e-02  0.8889         979  [    1     16         60          9 ]
           2       11284     100.640   9.875e-05   1.839e-05   1.769e-02   4.486e-03   2.981e-02  0.8889         986  [    1     17         60          9 ]
           2       11595     102.388   9.875e-05   1.839e-05   1.769e-02   4.454e-03   2.936e-02  0.8889         992  [    2      3        120         12 ]
           2       11783     104.198   9.875e-05   1.839e-05   1.770e-02   4.363e-03   2.817e-02  0.8889         998  [    1     18         60         10 ]
           2       11976     105.697   9.875e-05   1.839e-05   1.776e-02   4.346e-03   2.741e-02  1.0000        1003  [    1     19         60         10 ]
           2       12163     107.112   9.875e-05   1.839e-05   1.776e-02   4.309e-03   2.683e-02  1.0000        1012  [    1     20         60         10 ]
           2       12338     108.990   9.875e-05   1.839e-05   1.776e-02   4.283e-03   2.613e-02  1.0000        1010  [    1     21         60         10 ]
           2       12535     110.800   9.875e-05   1.839e-05   1.777e-02   4.252e-03   2.600e-02  1.0000        1019  [    1     22         60         10 ]
           2       12725     112.489   9.875e-05   1.839e-05   1.777e-02   4.228e-03   2.566e-02  1.0000        1020  [    1     23         60         10 ]
           2       12915     114.539   9.875e-05   1.839e-05   1.777e-02   4.179e-03   2.530e-02  1.0000        1024  [    1     24         60         10 ]
           2       13091     116.578   6.920e-05   1.839e-05   1.781e-02   4.123e-03   2.509e-02  1.0000        1035  [    1     25         60          9 ]
           2       13387     118.469   6.920e-05   1.839e-05   1.782e-02   4.084e-03   2.443e-02  1.0000        1044  [    2      4        120         10 ]
           2       13571     120.487   6.920e-05   1.839e-05   1.782e-02   4.072e-03   2.438e-02  1.0000        1052  [    1     26         60         10 ]
           2       13742     122.185   6.920e-05   1.839e-05   1.793e-02   4.055e-03   2.420e-02  1.0000        1057  [    1     27         60         10 ]
           2       13932     123.901   6.920e-05   1.839e-05   1.794e-02   4.045e-03   2.411e-02  1.0000        1064  [    1     28         60         11 ]
           2       14119     125.573   6.920e-05   1.839e-05   1.796e-02   4.042e-03   2.399e-02  1.0000        1065  [    1     29         60         10 ]
           2       14301     127.064   6.920e-05   1.839e-05   1.796e-02   4.030e-03   2.378e-02  1.0000        1066  [    1     30         60          9 ]
           2       14475     128.539   6.920e-05   1.839e-05   1.795e-02   3.958e-03   2.349e-02  1.0000        1075  [    1     31         60          9 ]
           2       14638     130.302   6.920e-05   1.839e-05   1.795e-02   3.932e-03   2.291e-02  1.0000        1076  [    1     32         60          9 ]
           2       14805     132.096   6.920e-05   1.839e-05   1.795e-02   3.894e-03   2.277e-02  1.0000        1077  [    1     33         60          9 ]
           2       15115     133.769   6.920e-05   1.839e-05   1.795e-02   3.862e-03   2.219e-02  1.0000        1081  [    2      5        120         11 ]
           2       15283     135.926   6.920e-05   1.839e-05   1.795e-02   3.845e-03   2.206e-02  1.0000        1083  [    1     34         60          9 ]
           2       15460     137.751   6.920e-05   1.839e-05   1.803e-02   3.822e-03   2.163e-02  1.0000        1085  [    1     35         60          9 ]
           2       15630     139.826   6.920e-05   9.264e-06   1.803e-02   3.799e-03   2.149e-02  1.0000        1089  [    1     36         60          9 ]
           2       15787     142.021   6.920e-05   9.264e-06   1.803e-02   3.759e-03   2.119e-02  1.0000        1094  [    1     37         60          9 ]
           2       15943     143.985   6.920e-05   9.264e-06   1.805e-02   3.751e-03   2.113e-02  1.0000        1097  [    1     38         60          9 ]
           2       16103     146.061   6.920e-05   9.264e-06   1.805e-02   3.742e-03   2.097e-02  1.0000        1099  [    1     39         60          9 ]
           2       16262     147.866   6.920e-05   9.264e-06   1.805e-02   3.742e-03   2.096e-02  1.0000        1099  [    1     40         60          9 ]
           2       16427     149.532   6.920e-05   9.264e-06   1.822e-02   3.722e-03   2.074e-02  1.0000        1104  [    1     41         60          9 ]
           2       16736     151.584   6.920e-05   9.264e-06   1.822e-02   3.729e-03   2.049e-02  1.0000        1108  [    2      6        120         10 ]
           2       16911     153.413   6.920e-05   9.264e-06   1.822e-02   3.723e-03   2.042e-02  1.0000        1112  [    1     42         60          9 ]
           2       17078     155.093   6.920e-05   9.264e-06   1.822e-02   3.683e-03   2.020e-02  1.0000        1116  [    1     43         60          9 ]
           2       17238     156.938   6.920e-05   9.264e-06   1.822e-02   3.675e-03   2.006e-02  1.0000        1119  [    1     44         60          9 ]
           2       17403     158.555   6.920e-05   9.264e-06   1.822e-02   3.638e-03   1.985e-02  1.0000        1121  [    1     45         60          9 ]
           2       17572     160.524   6.920e-05   9.264e-06   1.822e-02   3.600e-03   1.982e-02  1.0000        1122  [    1     46         60          9 ]
           2       17743     162.393   6.920e-05   9.264e-06   1.822e-02   3.593e-03   1.973e-02  1.0000        1127  [    1     47         60          9 ]
           2       17904     164.647   6.920e-05   9.264e-06   1.822e-02   3.600e-03   1.968e-02  1.0000        1126  [    1     48         60          9 ]
           2       18061     166.788   6.920e-05   9.264e-06   1.822e-02   3.586e-03   1.964e-02  1.0000        1128  [    1     49         60          9 ]
           2       18356     168.982   5.138e-05   9.264e-06   1.822e-02   3.540e-03   1.937e-02  1.0000        1134  [    2      7        120          9 ]
           2       18519     170.932   5.138e-05   9.264e-06   1.822e-02   3.543e-03   1.930e-02  1.0000        1135  [    1     50         60          9 ]
           2       18685     173.292   5.138e-05   9.264e-06   1.823e-02   3.537e-03   1.920e-02  1.0000        1135  [    1     51         60          9 ]
           2       18844     175.522   5.138e-05   9.264e-06   1.825e-02   3.528e-03   1.906e-02  1.0000        1136  [    1     52         60          9 ]
           2       19009     177.279   5.138e-05   9.264e-06   1.833e-02   3.517e-03   1.903e-02  1.0000        1136  [    1     53         60          9 ]
           2       19173     179.139   5.138e-05   9.264e-06   1.833e-02   3.514e-03   1.890e-02  1.0000        1137  [    1     54         60          9 ]
           2       19340     181.010   5.138e-05   9.264e-06   1.833e-02   3.490e-03   1.873e-02  1.0000        1142  [    1     55         60          9 ]
           2       19511     182.888   5.138e-05   9.264e-06   1.832e-02   3.485e-03   1.867e-02  1.0000        1144  [    1     56         60          9 ]
           2       19680     184.766   5.138e-05   9.264e-06   1.832e-02   3.482e-03   1.859e-02  1.0000        1146  [    1     57         60          9 ]
           2       19972     186.601   5.138e-05   9.264e-06   1.832e-02   3.490e-03   1.836e-02  1.0000        1145  [    2      8        120          9 ]
           2       20143     188.672   5.138e-05   9.264e-06   1.833e-02   3.475e-03   1.833e-02  1.0000        1146  [    1     58         60          9 ]
           2       20309     190.805   5.138e-05   9.264e-06   1.833e-02   3.473e-03   1.826e-02  1.0000        1146  [    1     59         60          9 ]
           2       20481     192.639   5.138e-05   9.264e-06   1.833e-02   3.459e-03   1.821e-02  1.0000        1147  [    1     60         60          9 ]
           2       20644     194.597   5.138e-05   9.264e-06   1.833e-02   3.458e-03   1.819e-02  1.0000        1148  [    1     61         60          9 ]
           2       20807     196.349   5.138e-05   9.264e-06   1.836e-02   3.429e-03   1.807e-02  1.0000        1148  [    1     62         60          9 ]
           2       20975     198.587   5.138e-05   9.264e-06   1.836e-02   3.424e-03   1.802e-02  1.0000        1150  [    1     63         60          9 ]
           2       21142     200.903   5.138e-05   9.264e-06   1.836e-02   3.404e-03   1.777e-02  1.0000        1151  [    1     64         60          9 ]
           3       23432     202.967   5.138e-05   9.264e-06   1.841e-02   3.344e-03   1.743e-02  1.0000        1179  [    3      1        240         15 ]
           3       23663     205.057   5.138e-05   9.264e-06   1.841e-02   3.343e-03   1.736e-02  1.0000        1175  [    1     65         60         10 ]
           3       23956     207.357   5.138e-05   9.264e-06   1.841e-02   3.349e-03   1.728e-02  1.0000        1175  [    2      9        120         10 ]
           3       24603     209.446   5.138e-05   9.264e-06   1.841e-02   3.316e-03   1.696e-02  1.0000        1183  [    3      2        240         19 ]
           3       24851     211.449   5.138e-05   9.264e-06   1.841e-02   3.316e-03   1.696e-02  1.0000        1180  [    1     66         60         12 ]
           3       25055     213.383   5.138e-05   9.264e-06   1.841e-02   3.315e-03   1.693e-02  1.0000        1179  [    1     67         60         12 ]
           3       25286     215.773   5.138e-05   9.264e-06   1.841e-02   3.315e-03   1.692e-02  1.0000        1180  [    1     68         60         16 ]
           3       25501     217.455   5.138e-05   9.264e-06   1.841e-02   3.301e-03   1.685e-02  1.0000        1183  [    1     69         60         15 ]
           3       25729     219.286   5.138e-05   9.264e-06   1.841e-02   3.296e-03   1.676e-02  1.0000        1179  [    1     70         60         13 ]
           3       25921     221.337   5.138e-05   9.264e-06   1.841e-02   3.296e-03   1.674e-02  1.0000        1182  [    1     71         60         14 ]
           3       26126     223.752   5.138e-05   9.264e-06   1.841e-02   3.296e-03   1.672e-02  1.0000        1182  [    1     72         60         14 ]
           3       26324     226.003   5.138e-05   9.264e-06   1.841e-02   3.296e-03   1.671e-02  1.0000        1182  [    1     73         60         14 ]
           3       26664     228.429   5.138e-05   9.264e-06   1.843e-02   3.283e-03   1.666e-02  1.0000        1182  [    2     10        120         11 ]
           3       26862     230.742   5.138e-05   9.264e-06   1.843e-02   3.280e-03   1.661e-02  1.0000        1183  [    1     74         60         11 ]
           3       27044     233.161   5.138e-05   9.264e-06   1.843e-02   3.279e-03   1.652e-02  1.0000        1182  [    1     75         60          9 ]
           3       27210     235.209   5.138e-05   9.264e-06   1.843e-02   3.280e-03   1.650e-02  1.0000        1182  [    1     76         60          9 ]
           3       27377     237.603   5.138e-05   9.264e-06   1.843e-02   3.280e-03   1.646e-02  1.0000        1183  [    1     77         60          9 ]
           3       27540     240.083   5.138e-05   9.264e-06   1.843e-02   3.277e-03   1.646e-02  1.0000        1184  [    1     78         60          9 ]
           3       27702     242.248   5.138e-05   9.264e-06   1.843e-02   3.272e-03   1.643e-02  1.0000        1184  [    1     79         60          9 ]
           3       27868     244.286   5.138e-05   9.264e-06   1.843e-02   3.267e-03   1.630e-02  1.0000        1184  [    1     80         60          9 ]
           3       28037     245.924   5.138e-05   9.264e-06   1.843e-02   3.266e-03   1.628e-02  1.0000        1184  [    1     81         60          9 ]
           3       28353     247.763   5.138e-05   9.264e-06   1.843e-02   3.265e-03   1.628e-02  1.0000        1186  [    2     11        120         11 ]
           3       28537     250.189   5.138e-05   9.264e-06   1.843e-02   3.253e-03   1.606e-02  1.0000        1185  [    1     82         60          9 ]
           3       28704     252.419   5.138e-05   9.264e-06   1.843e-02   3.253e-03   1.606e-02  1.0000        1185  [    1     83         60          9 ]
           3       28875     254.599   5.138e-05   9.264e-06   1.843e-02   3.256e-03   1.605e-02  1.0000        1185  [    1     84         60          9 ]
           3       29043     256.948   5.138e-05   9.264e-06   1.843e-02   3.262e-03   1.603e-02  1.0000        1186  [    1     85         60          9 ]
           3       29212     259.090   5.138e-05   9.264e-06   1.843e-02   3.264e-03   1.603e-02  1.0000        1186  [    1     86         60          9 ]
           3       29378     260.782   5.138e-05   9.264e-06   1.843e-02   3.258e-03   1.597e-02  1.0000        1187  [    1     87         60          9 ]
           3       29536     262.779   5.138e-05   9.264e-06   1.843e-02   3.259e-03   1.596e-02  1.0000        1188  [    1     88         60          9 ]
           3       29692     264.932   5.138e-05   9.264e-06   1.843e-02   3.259e-03   1.596e-02  1.0000        1188  [    1     89         60          9 ]
           3       30011     266.908   5.138e-05   9.264e-06   1.843e-02   3.249e-03   1.587e-02  1.0000        1191  [    2     12        120         11 ]
           3       30208     269.234   5.138e-05   9.264e-06   1.843e-02   3.246e-03   1.581e-02  1.0000        1190  [    1     90         60         10 ]
           3       30384     271.603   5.138e-05   9.264e-06   1.843e-02   3.244e-03   1.581e-02  1.0000        1190  [    1     91         60          9 ]
           3       30556     274.134   5.138e-05   9.264e-06   1.843e-02   3.241e-03   1.578e-02  1.0000        1190  [    1     92         60          9 ]
           3       30720     276.324   5.138e-05   9.264e-06   1.843e-02   3.235e-03   1.569e-02  1.0000        1191  [    1     93         60          9 ]
           3       30879     278.554   5.138e-05   9.264e-06   1.843e-02   3.235e-03   1.564e-02  1.0000        1192  [    1     94         60          9 ]
           3       31042     281.131   2.743e-05   9.264e-06   1.843e-02   3.219e-03   1.559e-02  1.0000        1193  [    1     95         60          9 ]
           3       31217     283.445   2.743e-05   9.264e-06   1.843e-02   3.216e-03   1.553e-02  1.0000        1193  [    1     96         60          9 ]
           3       31383     285.738   2.743e-05   9.264e-06   1.843e-02   3.226e-03   1.550e-02  1.0000        1194  [    1     97         60          9 ]
           3       31673     287.939   2.743e-05   9.264e-06   1.843e-02   3.225e-03   1.549e-02  1.0000        1198  [    2     13        120         10 ]
           3       31864     290.011   2.743e-05   9.264e-06   1.843e-02   3.223e-03   1.546e-02  1.0000        1197  [    1     98         60          9 ]
           3       32030     292.085   2.743e-05   9.264e-06   1.843e-02   3.225e-03   1.543e-02  1.0000        1197  [    1     99         60          9 ]
           3       32203     294.269   2.743e-05   9.264e-06   1.843e-02   3.215e-03   1.539e-02  1.0000        1197  [    1    100         60          9 ]
           3       32358     296.221   2.743e-05   9.264e-06   1.843e-02   3.215e-03   1.537e-02  1.0000        1197  [    1    101         60          9 ]
           3       32527     298.081   2.743e-05   9.264e-06   1.843e-02   3.214e-03   1.535e-02  1.0000        1197  [    1    102         60          9 ]
           3       32694     300.328   2.743e-05   9.264e-06   1.843e-02   3.212e-03   1.534e-02  1.0000        1197  [    1    103         60          9 ]
           3       32866     302.476   2.743e-05   9.264e-06   1.848e-02   3.186e-03   1.528e-02  1.0000        1197  [    1    104         60          9 ]
           3       33030     304.400   2.743e-05   9.264e-06   1.848e-02   3.183e-03   1.525e-02  1.0000        1197  [    1    105         60          9 ]
           3       33309     306.375   2.743e-05   9.264e-06   1.848e-02   3.176e-03   1.515e-02  1.0000        1197  [    2     14        120          9 ]
           3       33474     308.602   2.743e-05   9.264e-06   1.848e-02   3.175e-03   1.512e-02  1.0000        1198  [    1    106         60          9 ]
           3       33626     310.632   2.743e-05   9.264e-06   1.848e-02   3.173e-03   1.509e-02  1.0000        1198  [    1    107         60          9 ]
           3       33798     312.487   2.743e-05   9.264e-06   1.848e-02   3.165e-03   1.498e-02  1.0000        1199  [    1    108         60          9 ]
           3       33963     314.543   2.743e-05   9.264e-06   1.848e-02   3.159e-03   1.492e-02  1.0000        1200  [    1    109         60          9 ]
           3       34125     316.977   2.743e-05   9.264e-06   1.847e-02   3.158e-03   1.489e-02  1.0000        1200  [    1    110         60          9 ]
           3       34291     319.098   2.743e-05   3.297e-06   1.847e-02   3.153e-03   1.480e-02  1.0000        1200  [    1    111         60          9 ]
           3       34457     321.546   2.743e-05   3.297e-06   1.847e-02   3.151e-03   1.476e-02  1.0000        1200  [    1    112         60          9 ]
           3       34629     323.903   2.743e-05   3.297e-06   1.852e-02   3.149e-03   1.471e-02  1.0000        1201  [    1    113         60          9 ]
           3       34899     326.035   2.743e-05   3.297e-06   1.858e-02   3.138e-03   1.469e-02  1.0000        1203  [    2     15        120          9 ]
           3       35064     328.193   2.743e-05   3.297e-06   1.858e-02   3.119e-03   1.464e-02  1.0000        1203  [    1    114         60          9 ]
           3       35237     329.918   2.743e-05   3.297e-06   1.858e-02   3.116e-03   1.461e-02  1.0000        1203  [    1    115         60          9 ]
           3       35406     332.394   2.743e-05   3.297e-06   1.858e-02   3.116e-03   1.460e-02  1.0000        1203  [    1    116         60          9 ]
           3       35573     334.462   2.743e-05   3.297e-06   1.858e-02   3.115e-03   1.459e-02  1.0000        1203  [    1    117         60          9 ]
           3       35739     336.826   2.743e-05   3.297e-06   1.858e-02   3.115e-03   1.459e-02  1.0000        1203  [    1    118         60          9 ]
           3       35902     339.206   2.743e-05   3.297e-06   1.858e-02   3.115e-03   1.458e-02  1.0000        1203  [    1    119         60          9 ]
           3       36068     341.662   2.743e-05   3.297e-06   1.858e-02   3.117e-03   1.451e-02  1.0000        1203  [    1    120         60          9 ]
           3       36234     343.526   2.743e-05   3.297e-06   1.858e-02   3.117e-03   1.451e-02  1.0000        1203  [    1    121         60          9 ]
           3       36486     345.926   2.743e-05   3.297e-06   1.858e-02   3.117e-03   1.451e-02  1.0000        1203  [    2     16        120          9 ]
           3       36650     348.370   2.743e-05   3.297e-06   1.858e-02   3.109e-03   1.447e-02  1.0000        1203  [    1    122         60          9 ]
           3       36817     350.317   2.743e-05   3.297e-06   1.858e-02   3.106e-03   1.441e-02  1.0000        1203  [    1    123         60          9 ]
           3       36989     352.787   2.743e-05   3.297e-06   1.860e-02   3.103e-03   1.433e-02  1.0000        1203  [    1    124         60          9 ]
           3       37155     355.489   2.743e-05   3.297e-06   1.861e-02   3.101e-03   1.428e-02  1.0000        1203  [    1    125         60          9 ]
           3       37322     357.426   2.743e-05   3.297e-06   1.861e-02   3.102e-03   1.426e-02  1.0000        1203  [    1    126         60          9 ]
           3       37486     359.435   2.743e-05   3.297e-06   1.861e-02   3.098e-03   1.416e-02  1.0000        1204  [    1    127         60          9 ]
           3       37655     361.411   2.743e-05   3.297e-06   1.863e-02   3.097e-03   1.412e-02  1.0000        1204  [    1    128         60          9 ]
           3       37827     363.246   2.743e-05   3.297e-06   1.863e-02   3.091e-03   1.407e-02  1.0000        1205  [    1    129         60          9 ]
           3       38094     365.467   2.743e-05   3.297e-06   1.863e-02   3.090e-03   1.403e-02  1.0000        1206  [    2     17        120          9 ]
           3       38713     367.611   2.743e-05   3.297e-06   1.863e-02   3.088e-03   1.400e-02  1.0000        1215  [    3      3        240         16 ]
           3       38956     369.959   2.743e-05   3.297e-06   1.863e-02   3.087e-03   1.398e-02  1.0000        1209  [    1    130         60         11 ]
           3       39149     372.258   2.743e-05   3.297e-06   1.863e-02   3.086e-03   1.398e-02  1.0000        1210  [    1    131         60         11 ]
           3       39338     374.721   2.743e-05   3.297e-06   1.863e-02   3.075e-03   1.397e-02  1.0000        1211  [    1    132         60         12 ]
           3       39550     377.085   2.743e-05   3.297e-06   1.863e-02   3.075e-03   1.390e-02  1.0000        1215  [    1    133         60         14 ]
           3       39761     379.260   2.743e-05   3.297e-06   1.863e-02   3.074e-03   1.388e-02  1.0000        1216  [    1    134         60         14 ]
           3       39966     381.173   2.743e-05   3.297e-06   1.863e-02   3.074e-03   1.388e-02  1.0000        1218  [    1    135         60         13 ]
           3       40163     383.476   2.743e-05   3.297e-06   1.863e-02   3.074e-03   1.388e-02  1.0000        1216  [    1    136         60         12 ]
           3       40346     385.543   2.743e-05   3.297e-06   1.863e-02   3.074e-03   1.388e-02  1.0000        1211  [    1    137         60         11 ]
           3       40633     388.207   2.743e-05   3.297e-06   1.863e-02   3.074e-03   1.388e-02  1.0000        1207  [    2     18        120         10 ]
           3       40816     390.135   2.743e-05   3.297e-06   1.863e-02   3.084e-03   1.384e-02  1.0000        1206  [    1    138         60          9 ]
           3       40974     392.187   2.743e-05   3.297e-06   1.863e-02   3.074e-03   1.380e-02  1.0000        1206  [    1    139         60          9 ]
           3       41136     394.515   2.743e-05   3.297e-06   1.863e-02   3.065e-03   1.376e-02  1.0000        1207  [    1    140         60          9 ]
           3       41299     396.598   2.743e-05   3.297e-06   1.863e-02   3.064e-03   1.376e-02  1.0000        1207  [    1    141         60          9 ]
           3       41463     398.590   2.743e-05   3.297e-06   1.863e-02   3.063e-03   1.374e-02  1.0000        1207  [    1    142         60          9 ]
           3       41634     400.683   2.743e-05   3.297e-06   1.863e-02   3.057e-03   1.370e-02  1.0000        1207  [    1    143         60          9 ]
           3       41795     403.111   2.743e-05   3.297e-06   1.863e-02   3.057e-03   1.370e-02  1.0000        1207  [    1    144         60          9 ]
           3       41952     405.133   2.743e-05   3.297e-06   1.863e-02   3.059e-03   1.367e-02  1.0000        1207  [    1    145         60          9 ]
           3       42236     406.994   2.743e-05   3.297e-06   1.863e-02   3.059e-03   1.365e-02  1.0000        1210  [    2     19        120         12 ]
           3       42434     409.259   2.743e-05   3.297e-06   1.863e-02   3.059e-03   1.365e-02  1.0000        1208  [    1    146         60         10 ]
           3       42619     411.385   2.743e-05   3.297e-06   1.863e-02   3.059e-03   1.364e-02  1.0000        1208  [    1    147         60         10 ]
           3       42800     413.770   2.743e-05   3.297e-06   1.863e-02   3.057e-03   1.362e-02  1.0000        1209  [    1    148         60          9 ]
           3       42957     416.184   1.358e-05   3.297e-06   1.863e-02   3.043e-03   1.362e-02  1.0000        1209  [    1    149         60          9 ]
           3       43120     418.417   1.358e-05   3.297e-06   1.863e-02   3.043e-03   1.361e-02  1.0000        1209  [    1    150         60          9 ]
           3       43282     420.556   1.358e-05   3.297e-06   1.864e-02   3.044e-03   1.360e-02  1.0000        1209  [    1    151         60          9 ]
           3       43446     422.858   1.358e-05   3.297e-06   1.864e-02   3.044e-03   1.360e-02  1.0000        1210  [    1    152         60          9 ]
           3       43608     425.330   1.358e-05   3.297e-06   1.864e-02   3.044e-03   1.360e-02  1.0000        1210  [    1    153         60          9 ]
           3       43902     427.333   1.358e-05   3.297e-06   1.864e-02   3.043e-03   1.358e-02  1.0000        1211  [    2     20        120         10 ]
           3       44080     429.920   1.358e-05   3.297e-06   1.864e-02   3.042e-03   1.352e-02  1.0000        1210  [    1    154         60          9 ]
           3       44246     432.318   1.358e-05   3.297e-06   1.864e-02   3.043e-03   1.350e-02  1.0000        1210  [    1    155         60          9 ]
           3       44400     434.417   1.358e-05   3.297e-06   1.864e-02   3.043e-03   1.350e-02  1.0000        1210  [    1    156         60          9 ]
           3       44567     437.073   1.358e-05   3.297e-06   1.864e-02   3.043e-03   1.349e-02  1.0000        1210  [    1    157         60          9 ]
           3       44730     439.105   1.358e-05   3.297e-06   1.864e-02   3.043e-03   1.349e-02  1.0000        1210  [    1    158         60          9 ]
           3       44893     441.245   1.358e-05   3.297e-06   1.864e-02   3.043e-03   1.344e-02  1.0000        1211  [    1    159         60          9 ]
           3       45051     443.402   1.358e-05   3.297e-06   1.864e-02   3.043e-03   1.344e-02  1.0000        1211  [    1    160         60          9 ]
           3       45217     445.632   1.358e-05   3.297e-06   1.864e-02   3.042e-03   1.342e-02  1.0000        1211  [    1    161         60          9 ]
           3       45505     447.493   1.358e-05   3.297e-06   1.864e-02   3.042e-03   1.342e-02  1.0000        1212  [    2     21        120         10 ]
           3       45676     449.528   1.358e-05   3.297e-06   1.864e-02   3.042e-03   1.342e-02  1.0000        1211  [    1    162         60          9 ]
           3       45834     451.504   1.358e-05   3.297e-06   1.864e-02   3.041e-03   1.336e-02  1.0000        1211  [    1    163         60          9 ]
           3       46001     453.832   1.358e-05   3.297e-06   1.864e-02   3.041e-03   1.336e-02  1.0000        1211  [    1    164         60          9 ]
           3       46163     456.020   1.358e-05   3.297e-06   1.864e-02   3.038e-03   1.332e-02  1.0000        1211  [    1    165         60          9 ]
           3       46322     458.317   1.358e-05   3.297e-06   1.864e-02   3.038e-03   1.332e-02  1.0000        1211  [    1    166         60          9 ]
           3       46491     460.262   1.358e-05   3.297e-06   1.864e-02   3.039e-03   1.327e-02  1.0000        1211  [    1    167         60          9 ]
           3       46663     462.343   1.358e-05   3.297e-06   1.864e-02   3.042e-03   1.326e-02  1.0000        1211  [    1    168         60          9 ]
           3       46821     464.560   1.358e-05   3.297e-06   1.864e-02   3.041e-03   1.324e-02  1.0000        1211  [    1    169         60          9 ]
           3       47092     466.916   1.358e-05   3.297e-06   1.864e-02   3.041e-03   1.323e-02  1.0000        1211  [    2     22        120          9 ]
           3       47254     469.208   1.358e-05   3.297e-06   1.864e-02   3.041e-03   1.323e-02  1.0000        1211  [    1    170         60          9 ]
           3       47417     471.004   1.358e-05   3.297e-06   1.864e-02   3.041e-03   1.323e-02  1.0000        1211  [    1    171         60          9 ]
           3       47580     473.040   1.358e-05   3.297e-06   1.864e-02   3.039e-03   1.322e-02  1.0000        1211  [    1    172         60          9 ]
           3       47731     475.326   1.358e-05   3.297e-06   1.864e-02   3.037e-03   1.322e-02  1.0000        1211  [    1    173         60          9 ]
           3       47897     477.894   1.358e-05   3.297e-06   1.864e-02   3.038e-03   1.321e-02  1.0000        1211  [    1    174         60          9 ]
           3       48068     480.474   1.358e-05   3.297e-06   1.864e-02   3.038e-03   1.317e-02  1.0000        1211  [    1    175         60          9 ]
           3       48245     482.852   1.358e-05   3.297e-06   1.864e-02   3.039e-03   1.317e-02  1.0000        1211  [    1    176         60          9 ]
           3       48406     484.927   1.358e-05   3.297e-06   1.864e-02   3.039e-03   1.314e-02  1.0000        1211  [    1    177         60          9 ]
           3       48668     487.048   1.358e-05   3.297e-06   1.864e-02   3.039e-03   1.313e-02  1.0000        1211  [    2     23        120          9 ]
           3       48835     489.032   1.358e-05   3.297e-06   1.864e-02   3.038e-03   1.311e-02  1.0000        1211  [    1    178         60          9 ]
           3       49004     490.944   1.358e-05   3.297e-06   1.864e-02   3.041e-03   1.296e-02  1.0000        1211  [    1    179         60          9 ]
           3       49166     493.469   1.358e-05   3.297e-06   1.864e-02   3.041e-03   1.295e-02  1.0000        1211  [    1    180         60          9 ]
           3       49329     496.114   1.358e-05   3.297e-06   1.864e-02   3.037e-03   1.294e-02  1.0000        1211  [    1    181         60          9 ]
           3       49496     498.701   1.358e-05   3.297e-06   1.864e-02   3.037e-03   1.293e-02  1.0000        1211  [    1    182         60          9 ]
           3       49664     501.203   1.358e-05   3.297e-06   1.864e-02   3.034e-03   1.293e-02  1.0000        1211  [    1    183         60          9 ]
           3       49838     503.040   1.358e-05   3.297e-06   1.864e-02   3.036e-03   1.291e-02  1.0000        1211  [    1    184         60          9 ]
           3       50001     504.623   4.967e-06   3.297e-06   1.864e-02   3.036e-03   1.286e-02  1.0000        1211  [    1    185         60          9 ]
           3       50257     506.960   4.967e-06   3.297e-06   1.864e-02   3.036e-03   1.286e-02  1.0000        1211  [    2     24        120          9 ]
           3       50423     509.211   4.967e-06   3.297e-06   1.864e-02   3.034e-03   1.279e-02  1.0000        1211  [    1    186         60          9 ]
           3       50586     511.308   4.967e-06   3.297e-06   1.864e-02   3.033e-03   1.273e-02  1.0000        1211  [    1    187         60          9 ]
           3       50753     513.159   4.967e-06   3.297e-06   1.864e-02   3.031e-03   1.271e-02  1.0000        1211  [    1    188         60          9 ]
           3       50922     514.893   4.967e-06   3.297e-06   1.864e-02   3.025e-03   1.269e-02  1.0000        1211  [    1    189         60          9 ]
           3       51095     516.638   4.967e-06   3.297e-06   1.864e-02   3.025e-03   1.269e-02  1.0000        1211  [    1    190         60          9 ]
           3       51263     518.257   4.967e-06   3.297e-06   1.864e-02   3.024e-03   1.269e-02  1.0000        1211  [    1    191         60          9 ]
           3       51423     520.345   4.967e-06   3.297e-06   1.864e-02   3.024e-03   1.269e-02  1.0000        1211  [    1    192         60          9 ]
           3       51590     522.105   4.967e-06   3.297e-06   1.864e-02   3.024e-03   1.268e-02  1.0000        1211  [    1    193         60          9 ]
           3       51840     524.106   4.967e-06   3.297e-06   1.864e-02   3.024e-03   1.268e-02  1.0000        1211  [    2     25        120          9 ]
           3       52418     525.955   4.967e-06   3.297e-06   1.864e-02   3.022e-03   1.267e-02  1.0000        1219  [    3      4        240         16 ]
           3       52645     528.092   4.967e-06   3.297e-06   1.864e-02   3.021e-03   1.265e-02  1.0000        1210  [    1    194         60          9 ]
           3       52813     530.214   4.967e-06   3.297e-06   1.864e-02   3.021e-03   1.265e-02  1.0000        1210  [    1    195         60          9 ]
           3       52980     532.627   4.967e-06   3.297e-06   1.864e-02   3.021e-03   1.263e-02  1.0000        1210  [    1    196         60          9 ]
           3       53143     535.032   4.967e-06   3.297e-06   1.864e-02   3.021e-03   1.263e-02  1.0000        1210  [    1    197         60          9 ]
           3       53311     537.021   4.967e-06   3.297e-06   1.864e-02   3.014e-03   1.258e-02  1.0000        1210  [    1    198         60          9 ]
           3       53487     539.363   4.967e-06   3.297e-06   1.864e-02   3.014e-03   1.255e-02  1.0000        1210  [    1    199         60          9 ]
           3       53660     541.896   4.967e-06   3.297e-06   1.864e-02   3.013e-03   1.254e-02  1.0000        1210  [    1    200         60          9 ]
           3       53826     543.782   4.967e-06   3.297e-06   1.864e-02   3.013e-03   1.254e-02  1.0000        1210  [    1    201         60          9 ]
           3       54095     545.907   4.967e-06   3.297e-06   1.864e-02   3.013e-03   1.254e-02  1.0000        1211  [    2     26        120         10 ]
           3       54274     548.164   4.967e-06   3.297e-06   1.864e-02   3.013e-03   1.253e-02  1.0000        1210  [    1    202         60          9 ]
           3       54440     550.172   4.967e-06   3.297e-06   1.864e-02   3.013e-03   1.253e-02  1.0000        1210  [    1    203         60          9 ]
           3       54599     552.535   4.967e-06   3.297e-06   1.864e-02   3.010e-03   1.252e-02  1.0000        1210  [    1    204         60          9 ]
           3       54766     554.724   4.967e-06   3.297e-06   1.864e-02   3.010e-03   1.250e-02  1.0000        1211  [    1    205         60          9 ]
           3       54936     556.874   4.967e-06   3.297e-06   1.864e-02   3.010e-03   1.247e-02  1.0000        1211  [    1    206         60          9 ]
           3       55103     559.070   4.967e-06   3.297e-06   1.864e-02   3.010e-03   1.246e-02  1.0000        1211  [    1    207         60          9 ]
           3       55266     561.356   4.967e-06   3.297e-06   1.865e-02   3.009e-03   1.246e-02  1.0000        1211  [    1    208         60          9 ]
           3       55435     563.354   4.967e-06   3.297e-06   1.865e-02   3.009e-03   1.246e-02  1.0000        1211  [    1    209         60          9 ]
           3       55718     565.308   4.967e-06   3.297e-06   1.865e-02   3.009e-03   1.244e-02  1.0000        1213  [    2     27        120         11 ]
           3       55899     567.669   4.967e-06   2.720e-06   1.865e-02   3.008e-03   1.242e-02  1.0000        1211  [    1    210         60          9 ]
           3       56057     569.698   4.967e-06   2.720e-06   1.865e-02   3.003e-03   1.238e-02  1.0000        1211  [    1    211         60          9 ]
           3       56225     571.850   4.967e-06   2.720e-06   1.865e-02   3.009e-03   1.239e-02  1.0000        1210  [    1    212         60          9 ]
           3       56384     573.832   4.967e-06   2.720e-06   1.865e-02   3.008e-03   1.237e-02  1.0000        1210  [    1    213         60          9 ]
           3       56553     575.790   4.967e-06   2.720e-06   1.865e-02   3.008e-03   1.233e-02  1.0000        1211  [    1    214         60          9 ]
           3       56721     578.260   4.967e-06   2.720e-06   1.865e-02   3.005e-03   1.232e-02  1.0000        1211  [    1    215         60          9 ]
           3       56886     580.654   4.967e-06   2.720e-06   1.864e-02   3.005e-03   1.232e-02  1.0000        1211  [    1    216         60          9 ]
           3       57051     582.400   4.967e-06   2.720e-06   1.864e-02   3.005e-03   1.229e-02  1.0000        1211  [    1    217         60          9 ]
           3       57369     584.648   4.967e-06   2.720e-06   1.864e-02   3.005e-03   1.229e-02  1.0000        1215  [    2     28        120         12 ]
           3       57568     586.919   4.967e-06   2.720e-06   1.864e-02   3.005e-03   1.227e-02  1.0000        1213  [    1    218         60         10 ]
           3       57761     589.071   4.967e-06   2.720e-06   1.864e-02   3.005e-03   1.227e-02  1.0000        1213  [    1    219         60         10 ]
           3       57954     590.861   4.967e-06   2.720e-06   1.864e-02   3.005e-03   1.227e-02  1.0000        1213  [    1    220         60         10 ]
           3       58140     592.847   4.967e-06   2.720e-06   1.864e-02   3.005e-03   1.227e-02  1.0000        1215  [    1    221         60         11 ]
           3       58346     594.675   4.967e-06   2.720e-06   1.864e-02   3.004e-03   1.226e-02  1.0000        1216  [    1    222         60         13 ]
           3       58545     596.907   4.967e-06   2.720e-06   1.864e-02   3.004e-03   1.226e-02  1.0000        1217  [    1    223         60         13 ]
           3       58736     598.897   4.967e-06   2.720e-06   1.864e-02   3.004e-03   1.226e-02  1.0000        1216  [    1    224         60         14 ]
           3       58927     600.642   4.967e-06   2.720e-06   1.864e-02   3.004e-03   1.226e-02  1.0000        1219  [    1    225         60         14 ]
           3       59283     602.788   4.967e-06   2.720e-06   1.864e-02   3.004e-03   1.226e-02  1.0000        1220  [    2     29        120         15 ]
           3       59504     604.988   4.967e-06   2.720e-06   1.867e-02   3.003e-03   1.226e-02  1.0000        1217  [    1    226         60         15 ]
           3       59711     607.693   4.967e-06   2.720e-06   1.867e-02   3.003e-03   1.226e-02  1.0000        1215  [    1    227         60         13 ]
           3       59897     609.951   4.967e-06   2.720e-06   1.867e-02   3.003e-03   1.226e-02  1.0000        1214  [    1    228         60         12 ]
           3       60079     612.206   4.967e-06   2.720e-06   1.867e-02   3.003e-03   1.226e-02  1.0000        1214  [    1    229         60         11 ]
           3       60253     614.602   4.967e-06   2.720e-06   1.867e-02   3.004e-03   1.224e-02  1.0000        1214  [    1    230         60         11 ]
           3       60428     617.041   4.967e-06   2.720e-06   1.867e-02   3.004e-03   1.223e-02  1.0000        1216  [    1    231         60         11 ]
           3       60596     619.745   4.967e-06   2.720e-06   1.867e-02   3.004e-03   1.223e-02  1.0000        1215  [    1    232         60         11 ]
           3       60773     621.933   4.967e-06   2.720e-06   1.867e-02   3.004e-03   1.221e-02  1.0000        1213  [    1    233         60         11 ]
           3       61124     624.084   4.967e-06   2.720e-06   1.867e-02   3.004e-03   1.221e-02  1.0000        1219  [    2     30        120         14 ]
           3       61346     626.457   4.967e-06   2.720e-06   1.867e-02   3.004e-03   1.221e-02  1.0000        1215  [    1    234         60         13 ]
           3       61558     628.819   4.967e-06   2.720e-06   1.867e-02   3.005e-03   1.220e-02  1.0000        1216  [    1    235         60         14 ]
           3       61770     631.428   4.967e-06   2.720e-06   1.867e-02   3.005e-03   1.220e-02  1.0000        1218  [    1    236         60         13 ]
           3       61965     634.117   4.967e-06   2.720e-06   1.867e-02   3.005e-03   1.219e-02  1.0000        1217  [    1    237         60         13 ]
           3       62164     636.303   4.967e-06   2.720e-06   1.867e-02   3.005e-03   1.219e-02  1.0000        1216  [    1    238         60         14 ]
           3       62366     638.244   4.967e-06   2.720e-06   1.867e-02   3.006e-03   1.219e-02  1.0000        1214  [    1    239         60         12 ]
           3       62559     639.975   4.967e-06   2.720e-06   1.867e-02   3.006e-03   1.218e-02  1.0000        1215  [    1    240         60         11 ]
           3       62742     642.004   4.967e-06   2.720e-06   1.867e-02   3.004e-03   1.218e-02  1.0000        1214  [    1    241         60         11 ]
           3       63102     644.506   4.967e-06   2.720e-06   1.867e-02   3.004e-03   1.218e-02  1.0000        1218  [    2     31        120         14 ]
           3       63314     647.009   4.967e-06   2.720e-06   1.867e-02   3.004e-03   1.217e-02  1.0000        1216  [    1    242         60         12 ]
           3       63517     649.405   4.967e-06   2.720e-06   1.867e-02   3.004e-03   1.217e-02  1.0000        1217  [    1    243         60         12 ]
           3       63725     651.788   4.967e-06   2.720e-06   1.867e-02   3.004e-03   1.215e-02  1.0000        1218  [    1    244         60         13 ]
           3       63927     653.945   4.967e-06   2.720e-06   1.867e-02   3.005e-03   1.215e-02  1.0000        1216  [    1    245         60         13 ]
           3       64116     656.571   4.967e-06   2.720e-06   1.867e-02   3.005e-03   1.215e-02  1.0000        1215  [    1    246         60         12 ]
           3       64317     658.871   4.967e-06   2.720e-06   1.867e-02   3.005e-03   1.215e-02  1.0000        1215  [    1    247         60         12 ]
           3       64520     661.111   4.967e-06   2.720e-06   1.867e-02   3.005e-03   1.215e-02  1.0000        1217  [    1    248         60         14 ]
           3       64712     663.410   4.967e-06   2.720e-06   1.867e-02   3.005e-03   1.215e-02  1.0000        1215  [    1    249         60         12 ]
           3       65057     665.909   4.967e-06   2.720e-06   1.867e-02   3.005e-03   1.215e-02  1.0000        1214  [    2     32        120         12 ]
           3       65237     668.452   4.967e-06   2.720e-06   1.867e-02   3.006e-03   1.213e-02  1.0000        1213  [    1    250         60         11 ]
           3       65425     670.575   4.967e-06   2.720e-06   1.867e-02   3.005e-03   1.212e-02  1.0000        1214  [    1    251         60         11 ]
           3       65608     672.517   4.967e-06   2.720e-06   1.867e-02   3.005e-03   1.212e-02  1.0000        1214  [    1    252         60         11 ]
           3       65784     674.666   4.967e-06   2.720e-06   1.867e-02   3.003e-03   1.211e-02  1.0000        1215  [    1    253         60         11 ]
           3       65963     676.499   4.967e-06   2.720e-06   1.867e-02   3.003e-03   1.209e-02  1.0000        1215  [    1    254         60         11 ]
           3       66141     678.468   4.967e-06   2.720e-06   1.867e-02   3.003e-03   1.209e-02  1.0000        1216  [    1    255         60         11 ]
           3       66321     680.442   4.967e-06   2.720e-06   1.867e-02   3.003e-03   1.209e-02  1.0000        1215  [    1    256         60         11 ]
           3       66495     682.977   4.967e-06   2.720e-06   1.867e-02   3.000e-03   1.208e-02  1.0000        1212  [    1    257         60          9 ]
           3       66825     685.450   4.967e-06   2.720e-06   1.867e-02   3.000e-03   1.208e-02  1.0000        1212  [    2     33        120          9 ]
           3       67371     687.852   4.967e-06   2.720e-06   1.867e-02   3.000e-03   1.205e-02  1.0000        1222  [    3      5        240         15 ]
           3       67593     690.203   4.967e-06   2.720e-06   1.867e-02   3.000e-03   1.205e-02  1.0000        1217  [    1    258         60         12 ]
           3       67791     692.423   4.967e-06   2.720e-06   1.867e-02   3.000e-03   1.205e-02  1.0000        1218  [    1    259         60         13 ]
           3       67997     694.232   4.967e-06   2.720e-06   1.867e-02   3.000e-03   1.205e-02  1.0000        1218  [    1    260         60         13 ]
           3       68185     696.673   4.967e-06   2.720e-06   1.867e-02   3.000e-03   1.205e-02  1.0000        1218  [    1    261         60         13 ]
           3       68382     698.510   4.967e-06   2.720e-06   1.867e-02   3.000e-03   1.203e-02  1.0000        1217  [    1    262         60         13 ]
           3       68567     700.213   4.967e-06   2.720e-06   1.867e-02   3.000e-03   1.203e-02  1.0000        1216  [    1    263         60         12 ]
           3       68770     702.135   4.967e-06   2.720e-06   1.867e-02   3.000e-03   1.203e-02  1.0000        1219  [    1    264         60         14 ]
           3       68972     703.824   4.967e-06   2.720e-06   1.867e-02   3.000e-03   1.202e-02  1.0000        1216  [    1    265         60         12 ]
           3       69326     705.805   4.967e-06   2.720e-06   1.867e-02   3.000e-03   1.202e-02  1.0000        1217  [    2     34        120         12 ]
           3       69540     708.463   4.967e-06   2.720e-06   1.867e-02   3.000e-03   1.200e-02  1.0000        1216  [    1    266         60         12 ]
           3       69729     710.528   4.967e-06   2.720e-06   1.867e-02   2.999e-03   1.200e-02  1.0000        1217  [    1    267         60         12 ]
           3       69898     712.502   4.967e-06   2.720e-06   1.867e-02   2.999e-03   1.200e-02  1.0000        1213  [    1    268         60         10 ]
           3       70082     714.898   4.967e-06   2.720e-06   1.867e-02   2.999e-03   1.199e-02  1.0000        1216  [    1    269         60         10 ]
           3       70267     717.249   4.967e-06   2.720e-06   1.867e-02   3.000e-03   1.198e-02  1.0000        1215  [    1    270         60         11 ]
           3       70440     719.348   4.967e-06   2.720e-06   1.867e-02   2.999e-03   1.197e-02  1.0000        1215  [    1    271         60         12 ]
           3       70628     721.824   4.967e-06   2.720e-06   1.867e-02   2.999e-03   1.197e-02  1.0000        1215  [    1    272         60         11 ]
           3       70794     724.000   4.967e-06   2.720e-06   1.867e-02   2.993e-03   1.197e-02  1.0000        1214  [    1    273         60         11 ]
           3       71140     726.185   4.967e-06   2.720e-06   1.867e-02   2.993e-03   1.197e-02  1.0000        1213  [    2     35        120         10 ]
           3       71315     728.244   4.967e-06   2.720e-06   1.867e-02   2.993e-03   1.195e-02  1.0000        1213  [    1    274         60         10 ]
           3       71501     730.035   4.967e-06   2.720e-06   1.867e-02   2.993e-03   1.195e-02  1.0000        1214  [    1    275         60         10 ]
           3       71679     731.880   4.967e-06   2.720e-06   1.867e-02   2.994e-03   1.195e-02  1.0000        1214  [    1    276         60         10 ]
           3       71858     734.243   4.967e-06   2.720e-06   1.867e-02   2.991e-03   1.190e-02  1.0000        1215  [    1    277         60         11 ]
           3       72045     736.330   4.967e-06   2.720e-06   1.867e-02   3.009e-03   1.189e-02  1.0000        1214  [    1    278         60         10 ]
           3       72230     738.265   4.967e-06   2.720e-06   1.867e-02   3.008e-03   1.187e-02  1.0000        1213  [    1    279         60         10 ]
           3       72407     740.915   4.967e-06   2.720e-06   1.867e-02   3.008e-03   1.187e-02  1.0000        1213  [    1    280         60         10 ]
           3       72584     742.895   4.967e-06   2.720e-06   1.867e-02   3.006e-03   1.186e-02  1.0000        1212  [    1    281         60          9 ]
           3       72953     744.979   4.967e-06   2.720e-06   1.867e-02   3.006e-03   1.186e-02  1.0000        1215  [    2     36        120         12 ]
           3       73133     747.171   4.967e-06   2.720e-06   1.867e-02   3.005e-03   1.183e-02  1.0000        1212  [    1    282         60          9 ]
           3       73296     749.143   4.967e-06   2.720e-06   1.867e-02   3.004e-03   1.179e-02  1.0000        1212  [    1    283         60          9 ]
           3       73455     751.418   4.967e-06   2.720e-06   1.867e-02   3.004e-03   1.179e-02  1.0000        1212  [    1    284         60          9 ]
           3       73611     753.992   4.967e-06   2.720e-06   1.867e-02   3.004e-03   1.178e-02  1.0000        1213  [    1    285         60          9 ]
           3       73773     756.043   4.967e-06   2.720e-06   1.867e-02   3.004e-03   1.178e-02  1.0000        1213  [    1    286         60          9 ]
           3       73938     758.227   4.967e-06   2.720e-06   1.867e-02   3.004e-03   1.177e-02  1.0000        1213  [    1    287         60          9 ]
           3       74108     760.434   4.967e-06   2.720e-06   1.867e-02   3.004e-03   1.175e-02  1.0000        1213  [    1    288         60          9 ]
           3       74268     762.811   4.967e-06   2.720e-06   1.867e-02   3.004e-03   1.175e-02  1.0000        1214  [    1    289         60          9 ]
           3       74627     765.337   4.967e-06   2.720e-06   1.867e-02   3.004e-03   1.175e-02  1.0000        1217  [    2     37        120         12 ]
           3       74812     767.494   4.967e-06   2.720e-06   1.867e-02   3.000e-03   1.173e-02  1.0000        1214  [    1    290         60          9 ]
           3       74981     769.485   4.967e-06   2.720e-06   1.867e-02   3.000e-03   1.171e-02  1.0000        1214  [    1    291         60          9 ]
           3       75146     771.545   2.448e-06   2.720e-06   1.867e-02   2.998e-03   1.171e-02  1.0000        1213  [    1    292         60          9 ]
           3       75318     773.793   2.448e-06   2.720e-06   1.867e-02   2.998e-03   1.170e-02  1.0000        1213  [    1    293         60          9 ]
           3       75484     776.292   2.448e-06   2.720e-06   1.867e-02   2.999e-03   1.168e-02  1.0000        1213  [    1    294         60          9 ]
           3       75649     778.717   2.448e-06   2.720e-06   1.867e-02   2.999e-03   1.168e-02  1.0000        1213  [    1    295         60          9 ]
           3       75812     781.068   2.448e-06   2.720e-06   1.867e-02   2.998e-03   1.167e-02  1.0000        1213  [    1    296         60          9 ]
           3       75971     782.914   2.448e-06   2.720e-06   1.867e-02   3.025e-03   1.167e-02  1.0000        1212  [    1    297         60          9 ]
           3       76367     785.118   2.448e-06   2.720e-06   1.867e-02   3.025e-03   1.167e-02  1.0000        1215  [    2     38        120         12 ]
           3       76550     787.042   2.448e-06   2.720e-06   1.867e-02   3.025e-03   1.167e-02  1.0000        1212  [    1    298         60          9 ]
           3       76722     788.692   2.448e-06   2.720e-06   1.867e-02   3.024e-03   1.165e-02  1.0000        1212  [    1    299         60          9 ]
           3       76883     790.816   2.448e-06   2.720e-06   1.867e-02   3.024e-03   1.164e-02  1.0000        1212  [    1    300         60          9 ]
           3       77049     792.992   2.448e-06   2.720e-06   1.867e-02   3.025e-03   1.162e-02  1.0000        1212  [    1    301         60          9 ]
           3       77217     795.202   2.448e-06   2.720e-06   1.867e-02   3.024e-03   1.158e-02  1.0000        1212  [    1    302         60          9 ]
           3       77384     797.423   2.448e-06   2.720e-06   1.867e-02   3.024e-03   1.158e-02  1.0000        1212  [    1    303         60          9 ]
           3       77547     799.594   2.448e-06   2.720e-06   1.867e-02   3.024e-03   1.158e-02  1.0000        1212  [    1    304         60          9 ]
           3       77706     801.831   2.448e-06   2.720e-06   1.867e-02   3.024e-03   1.158e-02  1.0000        1212  [    1    305         60          9 ]
           3       78082     804.418   2.448e-06   2.720e-06   1.867e-02   3.023e-03   1.156e-02  1.0000        1216  [    2     39        120         13 ]
           3       78289     806.287   2.448e-06   2.720e-06   1.867e-02   3.023e-03   1.153e-02  1.0000        1213  [    1    306         60         10 ]
           3       78479     808.554   2.448e-06   2.720e-06   1.867e-02   3.023e-03   1.153e-02  1.0000        1213  [    1    307         60         10 ]
           3       78668     810.834   2.448e-06   2.720e-06   1.867e-02   3.022e-03   1.151e-02  1.0000        1214  [    1    308         60         10 ]
           3       78847     812.871   2.448e-06   2.720e-06   1.867e-02   3.020e-03   1.149e-02  1.0000        1213  [    1    309         60         10 ]
           3       79033     815.173   2.448e-06   2.720e-06   1.867e-02   3.020e-03   1.147e-02  1.0000        1216  [    1    310         60         10 ]
           3       79215     817.380   2.448e-06   2.720e-06   1.867e-02   3.020e-03   1.147e-02  1.0000        1216  [    1    311         60         10 ]
           3       79392     819.326   2.448e-06   2.720e-06   1.867e-02   3.020e-03   1.147e-02  1.0000        1215  [    1    312         60         10 ]
           3       79572     821.776   2.448e-06   2.720e-06   1.867e-02   3.020e-03   1.145e-02  1.0000        1216  [    1    313         60         10 ]
           3       79947     824.387   2.448e-06   2.720e-06   1.867e-02   3.020e-03   1.145e-02  1.0000        1218  [    2     40        120         12 ]
           3       80142     827.038   2.448e-06   2.720e-06   1.867e-02   3.019e-03   1.145e-02  1.0000        1217  [    1    314         60         11 ]
           3       80328     829.721   2.448e-06   2.720e-06   1.867e-02   3.019e-03   1.143e-02  1.0000        1220  [    1    315         60         11 ]
           3       80514     832.234   2.448e-06   2.720e-06   1.867e-02   3.019e-03   1.141e-02  1.0000        1217  [    1    316         60         11 ]
           3       80695     834.459   2.448e-06   2.720e-06   1.867e-02   3.019e-03   1.141e-02  1.0000        1216  [    1    317         60         12 ]
           3       80875     836.477   2.448e-06   2.720e-06   1.867e-02   3.019e-03   1.141e-02  1.0000        1219  [    1    318         60         13 ]
           3       81064     838.498   2.448e-06   2.720e-06   1.867e-02   3.019e-03   1.139e-02  1.0000        1216  [    1    319         60         13 ]
           3       81256     840.966   2.448e-06   2.720e-06   1.867e-02   3.019e-03   1.139e-02  1.0000        1216  [    1    320         60         13 ]
           3       81449     842.809   2.448e-06   2.720e-06   1.867e-02   3.016e-03   1.138e-02  1.0000        1217  [    1    321         60         13 ]
           3       81850     845.171   2.448e-06   2.720e-06   1.867e-02   3.016e-03   1.138e-02  1.0000        1214  [    2     41        120         11 ]
           3       82410     847.590   2.448e-06   2.720e-06   1.867e-02   3.016e-03   1.138e-02  1.0000        1226  [    3      6        240         17 ]
           3       82653     849.701   2.448e-06   2.720e-06   1.867e-02   3.017e-03   1.137e-02  1.0000        1218  [    1    322         60         15 ]
           3       82858     851.473   2.448e-06   2.720e-06   1.867e-02   3.017e-03   1.136e-02  1.0000        1215  [    1    323         60         12 ]
           3       83061     853.628   2.448e-06   2.720e-06   1.867e-02   3.017e-03   1.136e-02  1.0000        1218  [    1    324         60         12 ]
           3       83262     855.810   2.448e-06   2.720e-06   1.867e-02   3.015e-03   1.136e-02  1.0000        1216  [    1    325         60         13 ]
           3       83455     857.754   2.448e-06   2.720e-06   1.867e-02   3.015e-03   1.136e-02  1.0000        1218  [    1    326         60         13 ]
           3       83649     859.500   2.448e-06   2.720e-06   1.867e-02   3.015e-03   1.136e-02  1.0000        1221  [    1    327         60         14 ]
           3       83832     861.343   2.448e-06   2.720e-06   1.867e-02   3.015e-03   1.136e-02  1.0000        1217  [    1    328         60         12 ]
           3       84017     863.788   2.448e-06   2.720e-06   1.867e-02   3.015e-03   1.136e-02  1.0000        1217  [    1    329         60         13 ]
           3       84410     865.731   2.448e-06   2.720e-06   1.867e-02   3.015e-03   1.136e-02  1.0000        1218  [    2     42        120         13 ]
           3       84607     867.815   2.448e-06   2.720e-06   1.867e-02   3.014e-03   1.136e-02  1.0000        1215  [    1    330         60         11 ]
           3       84792     869.518   2.448e-06   2.720e-06   1.867e-02   3.014e-03   1.136e-02  1.0000        1214  [    1    331         60         10 ]
           3       84969     871.625   2.448e-06   2.720e-06   1.867e-02   3.014e-03   1.136e-02  1.0000        1213  [    1    332         60         10 ]
           3       85151     874.119   2.448e-06   2.720e-06   1.867e-02   3.014e-03   1.132e-02  1.0000        1212  [    1    333         60          9 ]
           3       85309     876.177   2.448e-06   2.720e-06   1.867e-02   3.015e-03   1.131e-02  1.0000        1212  [    1    334         60          9 ]
           3       85470     878.385   2.448e-06   2.720e-06   1.867e-02   3.015e-03   1.129e-02  1.0000        1212  [    1    335         60          9 ]
           3       85623     880.589   2.448e-06   2.720e-06   1.867e-02   3.014e-03   1.128e-02  1.0000        1212  [    1    336         60          9 ]
           3       85787     882.446   2.448e-06   2.720e-06   1.867e-02   3.014e-03   1.126e-02  1.0000        1212  [    1    337         60          9 ]
           3       86204     884.794   2.448e-06   2.720e-06   1.867e-02   3.014e-03   1.126e-02  1.0000        1218  [    2     43        120         14 ]
           3       86431     886.559   2.448e-06   2.720e-06   1.867e-02   3.016e-03   1.125e-02  1.0000        1217  [    1    338         60         12 ]
           3       86660     889.171   2.448e-06   2.720e-06   1.867e-02   3.016e-03   1.124e-02  1.0000        1224  [    1    339         60         14 ]
           3       86902     891.777   2.448e-06   2.720e-06   1.867e-02   3.016e-03   1.124e-02  1.0000        1225  [    1    340         60         15 ]
           3       87110     893.912   2.448e-06   2.720e-06   1.867e-02   3.016e-03   1.124e-02  1.0000        1216  [    1    341         60         11 ]
           3       87283     895.851   2.448e-06   2.720e-06   1.867e-02   3.016e-03   1.124e-02  1.0000        1212  [    1    342         60          9 ]
           3       87448     898.005   2.448e-06   2.720e-06   1.867e-02   3.014e-03   1.122e-02  1.0000        1212  [    1    343         60          9 ]
           3       87604     900.116   2.448e-06   2.720e-06   1.867e-02   3.014e-03   1.120e-02  1.0000        1212  [    1    344         60          9 ]
           3       87773     902.095   2.448e-06   2.720e-06   1.867e-02   3.014e-03   1.119e-02  1.0000        1212  [    1    345         60          9 ]
           3       88175     904.181   2.448e-06   2.720e-06   1.867e-02   3.014e-03   1.119e-02  1.0000        1217  [    2     44        120         13 ]
           3       88387     906.200   2.448e-06   2.720e-06   1.868e-02   3.012e-03   1.118e-02  1.0000        1213  [    1    346         60         10 ]
           3       88560     908.497   2.448e-06   2.720e-06   1.868e-02   3.011e-03   1.118e-02  1.0000        1213  [    1    347         60         10 ]
           3       88729     910.624   2.448e-06   2.720e-06   1.868e-02   3.015e-03   1.115e-02  1.0000        1212  [    1    348         60          9 ]
           3       88893     913.060   2.448e-06   2.720e-06   1.868e-02   3.015e-03   1.114e-02  1.0000        1212  [    1    349         60          9 ]
           3       89059     915.094   2.448e-06   2.720e-06   1.868e-02   3.011e-03   1.112e-02  1.0000        1212  [    1    350         60          9 ]
           3       89220     916.918   2.448e-06   2.720e-06   1.868e-02   3.011e-03   1.112e-02  1.0000        1212  [    1    351         60          9 ]
           3       89384     919.070   2.448e-06   2.720e-06   1.868e-02   3.016e-03   1.112e-02  1.0000        1212  [    1    352         60          9 ]
           3       89543     921.279   2.448e-06   2.720e-06   1.868e-02   3.016e-03   1.112e-02  1.0000        1212  [    1    353         60          9 ]
           3       89953     923.256   2.448e-06   2.720e-06   1.868e-02   3.016e-03   1.112e-02  1.0000        1219  [    2     45        120         14 ]
           3       90164     925.150   2.448e-06   2.720e-06   1.868e-02   3.016e-03   1.110e-02  1.0000        1212  [    1    354         60          9 ]
           3       90331     927.105   2.448e-06   2.720e-06   1.868e-02   3.017e-03   1.108e-02  1.0000        1212  [    1    355         60          9 ]
           3       90496     928.744   2.448e-06   2.720e-06   1.868e-02   3.017e-03   1.108e-02  1.0000        1212  [    1    356         60          9 ]
           3       90666     930.588   2.448e-06   2.720e-06   1.868e-02   3.017e-03   1.107e-02  1.0000        1212  [    1    357         60          9 ]
           3       90829     932.558   2.448e-06   2.720e-06   1.869e-02   3.016e-03   1.106e-02  1.0000        1212  [    1    358         60          9 ]
           3       90992     934.558   2.448e-06   2.720e-06   1.869e-02   3.016e-03   1.106e-02  1.0000        1212  [    1    359         60          9 ]
           3       91151     936.338   2.448e-06   2.720e-06   1.869e-02   3.016e-03   1.106e-02  1.0000        1212  [    1    360         60          9 ]
           3       91317     938.194   2.448e-06   2.720e-06   1.869e-02   3.016e-03   1.106e-02  1.0000        1212  [    1    361         60          9 ]
           3       91718     940.163   2.448e-06   2.720e-06   1.869e-02   3.016e-03   1.106e-02  1.0000        1219  [    2     46        120         13 ]
           3       91935     941.930   2.448e-06   2.720e-06   1.869e-02   3.015e-03   1.105e-02  1.0000        1215  [    1    362         60         10 ]
           3       92118     944.054   2.448e-06   2.720e-06   1.869e-02   3.015e-03   1.105e-02  1.0000        1213  [    1    363         60         10 ]
           3       92297     946.456   2.448e-06   2.720e-06   1.869e-02   3.015e-03   1.105e-02  1.0000        1214  [    1    364         60         11 ]
           3       92488     948.855   2.448e-06   2.720e-06   1.869e-02   3.015e-03   1.104e-02  1.0000        1216  [    1    365         60         12 ]
           3       92671     951.099   2.448e-06   2.720e-06   1.869e-02   3.015e-03   1.104e-02  1.0000        1215  [    1    366         60         11 ]
           3       92848     953.328   2.448e-06   2.720e-06   1.869e-02   3.015e-03   1.104e-02  1.0000        1215  [    1    367         60         12 ]
           3       93032     955.601   2.448e-06   2.720e-06   1.869e-02   3.013e-03   1.098e-02  1.0000        1215  [    1    368         60         12 ]
           3       93205     957.967   2.448e-06   2.720e-06   1.869e-02   3.012e-03   1.097e-02  1.0000        1213  [    1    369         60         10 ]
           3       93599     959.757   2.448e-06   2.720e-06   1.869e-02   3.012e-03   1.097e-02  1.0000        1216  [    2     47        120         12 ]
           3       93794     961.922   2.448e-06   2.720e-06   1.869e-02   3.012e-03   1.097e-02  1.0000        1215  [    1    370         60         11 ]
           3       93978     964.523   2.448e-06   2.720e-06   1.869e-02   3.012e-03   1.097e-02  1.0000        1216  [    1    371         60         11 ]
           3       94168     966.320   2.448e-06   2.720e-06   1.869e-02   3.011e-03   1.097e-02  1.0000        1214  [    1    372         60         10 ]
           3       94341     968.969   2.448e-06   2.720e-06   1.869e-02   3.011e-03   1.097e-02  1.0000        1214  [    1    373         60         10 ]
           3       94526     970.859   2.448e-06   2.720e-06   1.869e-02   3.010e-03   1.095e-02  1.0000        1215  [    1    374         60         11 ]
           3       94712     973.078   2.448e-06   2.720e-06   1.869e-02   3.010e-03   1.094e-02  1.0000        1222  [    1    375         60         11 ]
           3       94904     975.064   2.448e-06   2.720e-06   1.869e-02   3.010e-03   1.093e-02  1.0000        1214  [    1    376         60         11 ]
           3       95087     976.851   2.448e-06   2.720e-06   1.869e-02   3.009e-03   1.092e-02  1.0000        1214  [    1    377         60         11 ]
           3       95524     978.827   2.448e-06   2.720e-06   1.869e-02   3.009e-03   1.092e-02  1.0000        1220  [    2     48        120         14 ]
           3       95759     980.819   2.448e-06   2.720e-06   1.869e-02   3.005e-03   1.092e-02  1.0000        1223  [    1    378         60         15 ]
           3       95995     983.490   2.448e-06   2.720e-06   1.869e-02   3.005e-03   1.091e-02  1.0000        1217  [    1    379         60         13 ]
           3       96235     986.118   2.448e-06   2.720e-06   1.869e-02   3.005e-03   1.091e-02  1.0000        1219  [    1    380         60         14 ]
           3       96458     988.176   2.448e-06   2.720e-06   1.869e-02   3.005e-03   1.090e-02  1.0000        1218  [    1    381         60         13 ]
           3       96672     990.473   2.448e-06   2.720e-06   1.869e-02   3.005e-03   1.090e-02  1.0000        1224  [    1    382         60         16 ]
           3       96885     993.138   2.448e-06   2.720e-06   1.869e-02   3.005e-03   1.090e-02  1.0000        1222  [    1    383         60         16 ]
           3       97113     995.035   2.448e-06   2.720e-06   1.869e-02   3.003e-03   1.090e-02  1.0000        1227  [    1    384         60         15 ]
           3       97344     996.965   2.448e-06   2.720e-06   1.869e-02   3.002e-03   1.088e-02  1.0000        1216  [    1    385         60         12 ]
           3       97785     999.125   2.448e-06   2.720e-06   1.869e-02   3.002e-03   1.088e-02  1.0000        1217  [    2     49        120         13 ]
           3       98366    1001.218   2.448e-06   2.720e-06   1.869e-02   2.996e-03   1.085e-02  1.0000        1220  [    3      7        240         16 ]
           3       98611    1003.158   2.448e-06   2.720e-06   1.869e-02   2.996e-03   1.084e-02  1.0000        1221  [    1    386         60         16 ]
           3       98856    1005.043   2.448e-06   2.720e-06   1.869e-02   2.996e-03   1.084e-02  1.0000        1221  [    1    387         60         16 ]
           3       99084    1007.005   2.448e-06   2.720e-06   1.869e-02   2.995e-03   1.078e-02  1.0000        1216  [    1    388         60         13 ]
           3       99285    1008.965   2.448e-06   2.720e-06   1.869e-02   2.999e-03   1.075e-02  1.0000        1215  [    1    389         60         12 ]
           3       99487    1010.971   2.448e-06   2.720e-06   1.869e-02   2.999e-03   1.075e-02  1.0000        1215  [    1    390         60         12 ]
           3       99690    1012.946   2.448e-06   2.720e-06   1.869e-02   2.999e-03   1.075e-02  1.0000        1215  [    1    391         60         12 ]
           3       99875    1014.937   2.448e-06   2.720e-06   1.869e-02   2.999e-03   1.075e-02  1.0000        1214  [    1    392         60         12 ]
           4      100054    1017.022   2.448e-06   2.720e-06   1.869e-02   2.999e-03   1.075e-02  1.0000        1218  [    3      7        240         16 ]
