# Generation  Evaluations  Time (s)  Best_obj[0]  Best_obj[1]  Hypervol.   IGD         IGDX        SR    Appr.set  [ Pop.index  Subgen.  Pop.size  Subpops ]
           0          79       4.373   2.585e-01   1.579e+00   0.000e+00   1.454e+00   4.626e+00  0.0000           6  [    0      1         30          4 ]
           0         132       4.390   2.203e-01   8.524e-01   0.000e+00   9.538e-01   4.506e+00  0.0000          11  [    0      2         30          4 ]
           0         197       4.421   3.521e-02   2.633e-02   8.676e-03   1.514e-01   4.357e+00  0.0000          25  [    0      3         30          4 ]
           0         266       4.490   3.100e-02   2.633e-02   8.676e-03   1.111e-01   4.339e+00  0.0000          39  [    0      4         30          4 ]
           0         345       4.552   6.973e-04   2.633e-02   9.127e-03   9.756e-02   4.353e+00  0.0000          66  [    0      5         30          4 ]
           0         426       4.655   6.973e-04   2.633e-02   9.127e-03   7.433e-02   4.356e+00  0.0000          87  [    0      6         30          4 ]
           0         515       4.790   4.444e-04   5.350e-03   1.375e-02   6.102e-02   4.334e+00  0.0000         110  [    0      7         30          4 ]
           0         600       4.964   4.444e-04   5.350e-03   1.468e-02   4.232e-02   4.341e+00  0.0000         135  [    0      8         30          4 ]
           1         995       5.179   4.444e-04   5.350e-03   1.596e-02   2.755e-02   2.124e+00  0.0000         260  [    1      1         60         11 ]
           1        1144       5.593   1.576e-04   5.350e-03   1.614e-02   2.393e-02   2.118e+00  0.0000         285  [    0      9         30         11 ]
           1        1360       6.032   1.576e-04   5.350e-03   1.615e-02   2.280e-02   1.898e+00  0.0000         310  [    1      2         60         13 ]
           1        1515       6.525   1.576e-04   5.350e-03   1.615e-02   2.218e-02   1.819e+00  0.0000         316  [    0     10         30         12 ]
           1        1646       7.008   1.576e-04   5.350e-03   1.615e-02   2.209e-02   1.802e+00  0.0000         322  [    0     11         30         11 ]
           1        1770       7.507   1.576e-04   5.350e-03   1.615e-02   2.172e-02   1.516e+00  0.0000         330  [    0     12         30         10 ]
           1        1890       8.043   1.576e-04   5.350e-03   1.615e-02   2.137e-02   1.300e+00  0.0000         335  [    0     13         30         11 ]
           1        2010       8.602   1.576e-04   5.350e-03   1.615e-02   2.137e-02   1.238e+00  0.0000         341  [    0     14         30         10 ]
           1        2124       9.166   1.576e-04   5.350e-03   1.585e-02   2.021e-02   1.170e+00  0.0000         356  [    0     15         30         10 ]
           1        2244       9.675   1.576e-04   5.350e-03   1.640e-02   1.976e-02   1.113e+00  0.0000         369  [    0     16         30         11 ]
           1        2354      10.270   1.576e-04   5.350e-03   1.640e-02   1.820e-02   1.065e+00  0.0000         374  [    0     17         30         10 ]
           1        2538      10.793   1.576e-04   5.350e-03   1.646e-02   1.787e-02   1.013e+00  0.0000         394  [    1      3         60         10 ]
           1        2647      11.415   1.576e-04   5.350e-03   1.646e-02   1.773e-02   1.001e+00  0.0000         403  [    0     18         30          9 ]
           1        2752      12.064   1.576e-04   5.350e-03   1.633e-02   1.753e-02   9.774e-01  0.0000         407  [    0     19         30          9 ]
           1        2869      12.670   1.576e-04   5.350e-03   1.638e-02   1.693e-02   9.559e-01  0.1111         427  [    0     20         30          8 ]
           1        2963      13.358   1.576e-04   3.388e-03   1.634e-02   1.599e-02   9.446e-01  0.1111         437  [    0     21         30          8 ]
           1        3060      13.872   1.576e-04   3.388e-03   1.638e-02   1.589e-02   9.297e-01  0.1111         451  [    0     22         30          8 ]
           1        3153      14.587   1.576e-04   3.388e-03   1.638e-02   1.515e-02   9.294e-01  0.1111         469  [    0     23         30          8 ]
           1        3249      15.266   1.576e-04   3.388e-03   1.626e-02   1.451e-02   9.045e-01  0.2222         484  [    0     24         30          8 ]
           1        3346      16.069   1.146e-04   3.388e-03   1.626e-02   1.437e-02   9.031e-01  0.2222         497  [    0     25         30          8 ]
           1        3512      16.890   1.146e-04   3.388e-03   1.628e-02   1.391e-02   8.764e-01  0.2222         510  [    1      4         60          8 ]
           1        3604      17.734   1.146e-04   3.388e-03   1.655e-02   1.370e-02   8.713e-01  0.2222         527  [    0     26         30          8 ]
           1        3702      18.483   1.146e-04   3.388e-03   1.597e-02   1.318e-02   8.710e-01  0.2222         553  [    0     27         30          8 ]
           1        3794      19.186   1.146e-04   3.388e-03   1.597e-02   1.298e-02   8.667e-01  0.2222         563  [    0     28         30          8 ]
           1        3892      19.983   1.146e-04   3.388e-03   1.510e-02   1.263e-02   8.666e-01  0.2222         580  [    0     29         30          8 ]
           1        3983      20.704   1.146e-04   3.388e-03   1.438e-02   1.232e-02   8.639e-01  0.2222         596  [    0     30         30          8 ]
           1        4080      21.494   1.146e-04   3.388e-03   1.551e-02   1.108e-02   8.444e-01  0.2222         616  [    0     31         30          8 ]
           1        4174      22.174   1.146e-04   3.388e-03   1.551e-02   1.074e-02   8.440e-01  0.2222         633  [    0     32         30          8 ]
           1        4265      23.230   1.146e-04   3.388e-03   1.551e-02   1.050e-02   8.415e-01  0.2222         642  [    0     33         30          8 ]
           1        4414      24.327   1.146e-04   3.388e-03   1.594e-02   9.884e-03   8.389e-01  0.2222         670  [    1      5         60          8 ]
           1        4503      25.122   1.146e-04   3.388e-03   1.594e-02   9.754e-03   8.300e-01  0.2222         677  [    0     34         30          8 ]
           1        4594      25.895   2.137e-05   3.388e-03   1.594e-02   9.523e-03   8.271e-01  0.2222         694  [    0     35         30          8 ]
           1        4680      27.008   2.137e-05   3.388e-03   1.594e-02   9.063e-03   8.218e-01  0.3333         706  [    0     36         30          8 ]
           1        4770      28.237   2.137e-05   3.388e-03   1.594e-02   8.911e-03   8.195e-01  0.3333         718  [    0     37         30          8 ]
           1        4863      29.084   2.137e-05   3.388e-03   1.601e-02   8.864e-03   8.191e-01  0.3333         733  [    0     38         30          8 ]
           1        4954      29.989   2.137e-05   3.388e-03   1.617e-02   8.649e-03   8.095e-01  0.3333         744  [    0     39         30          8 ]
           1        5049      31.021   2.137e-05   1.351e-03   1.617e-02   8.350e-03   8.089e-01  0.4444         767  [    0     40         30          8 ]
           1        5148      32.045   2.137e-05   1.351e-03   1.660e-02   7.798e-03   8.080e-01  0.4444         792  [    0     41         30          8 ]
           1        5306      33.141   2.137e-05   1.351e-03   1.679e-02   7.465e-03   8.051e-01  0.4444         824  [    1      6         60          8 ]
           1        5403      34.397   2.137e-05   1.351e-03   1.678e-02   7.191e-03   8.038e-01  0.4444         851  [    0     42         30          8 ]
           1        5496      35.744   2.137e-05   1.351e-03   1.731e-02   6.871e-03   8.019e-01  0.4444         869  [    0     43         30          8 ]
           1        5590      36.952   2.137e-05   1.351e-03   1.733e-02   6.738e-03   8.016e-01  0.4444         885  [    0     44         30          8 ]
           1        5687      38.170   2.137e-05   1.351e-03   1.732e-02   6.573e-03   8.015e-01  0.4444         906  [    0     45         30          8 ]
           1        5786      39.305   2.137e-05   1.351e-03   1.739e-02   6.319e-03   8.010e-01  0.4444         934  [    0     46         30          8 ]
           1        5881      40.596   2.137e-05   1.351e-03   1.753e-02   6.177e-03   8.005e-01  0.4444         949  [    0     47         30          8 ]
           1        5975      41.859   2.137e-05   1.351e-03   1.747e-02   6.068e-03   8.003e-01  0.4444         961  [    0     48         30          8 ]
           1        6067      43.004   2.137e-05   1.351e-03   1.738e-02   6.029e-03   7.999e-01  0.4444         972  [    0     49         30          8 ]
           1        6227      44.296   2.137e-05   1.351e-03   1.757e-02   5.828e-03   7.963e-01  0.5556        1004  [    1      7         60          8 ]
           1        6323      45.939   2.137e-05   1.351e-03   1.766e-02   5.793e-03   7.960e-01  0.5556        1030  [    0     50         30          8 ]
           1        6420      47.388   2.137e-05   1.351e-03   1.766e-02   5.652e-03   7.950e-01  0.5556        1050  [    0     51         30          8 ]
           1        6512      48.572   2.137e-05   1.351e-03   1.766e-02   5.624e-03   7.942e-01  0.5556        1065  [    0     52         30          8 ]
           1        6613      49.690   2.137e-05   1.351e-03   1.766e-02   5.576e-03   7.941e-01  0.5556        1087  [    0     53         30          8 ]
           1        6709      51.207   2.137e-05   1.351e-03   1.764e-02   5.550e-03   7.939e-01  0.5556        1103  [    0     54         30          8 ]
           1        6800      53.022   2.137e-05   1.351e-03   1.762e-02   5.494e-03   7.937e-01  0.5556        1122  [    0     55         30          8 ]
           1        6892      54.966   2.137e-05   1.351e-03   1.779e-02   5.457e-03   7.895e-01  0.6667        1134  [    0     56         30          8 ]
           1        6982      56.652   2.137e-05   1.351e-03   1.754e-02   5.453e-03   7.895e-01  0.6667        1148  [    0     57         30          8 ]
           1        7135      58.028   2.137e-05   1.351e-03   1.751e-02   5.353e-03   7.884e-01  0.7778        1171  [    1      8         60          8 ]
           1        7229      59.568   2.137e-05   1.351e-03   1.751e-02   5.376e-03   7.882e-01  0.7778        1189  [    0     58         30          8 ]
           1        7326      61.167   2.137e-05   1.351e-03   1.751e-02   5.336e-03   7.798e-01  0.7778        1206  [    0     59         30          8 ]
           1        7421      62.675   2.137e-05   1.351e-03   1.751e-02   5.303e-03   7.795e-01  0.7778        1216  [    0     60         30          8 ]
           1        7516      64.333   2.137e-05   1.969e-04   1.751e-02   5.254e-03   7.756e-01  0.7778        1227  [    0     61         30          8 ]
           1        7609      66.009   2.137e-05   1.969e-04   1.751e-02   5.251e-03   7.756e-01  0.7778        1237  [    0     62         30          8 ]
           1        7701      67.674   2.137e-05   1.969e-04   1.680e-02   7.007e-03   7.772e-01  0.7778         757  [    0     63         30          8 ]
           1        7793      68.695   2.137e-05   1.969e-04   1.609e-02   6.991e-03   7.772e-01  0.7778         763  [    0     64         30          8 ]
           2        9197      69.718   2.137e-05   1.969e-04   1.650e-02   5.304e-03   7.737e-01  0.8889         965  [    2      1        120          9 ]
           2        9354      70.947   2.137e-05   1.969e-04   1.650e-02   5.273e-03   7.731e-01  0.8889         972  [    1      9         60          9 ]
           2        9656      72.508   2.137e-05   1.969e-04   1.644e-02   5.193e-03   7.738e-01  0.8889         993  [    2      2        120         10 ]
           2        9822      73.866   2.137e-05   1.969e-04   1.644e-02   5.045e-03   7.729e-01  0.8889        1010  [    1     10         60         12 ]
           2       10015      75.635   2.137e-05   1.969e-04   1.644e-02   4.995e-03   7.725e-01  0.8889        1017  [    1     11         60         11 ]
           2       10210      77.138   2.137e-05   1.969e-04   1.652e-02   4.926e-03   7.720e-01  0.8889        1024  [    1     12         60         11 ]
           2       10399      78.426   2.137e-05   1.969e-04   1.652e-02   4.877e-03   7.714e-01  0.8889        1032  [    1     13         60         10 ]
           2       10583      80.157   2.137e-05   1.969e-04   1.639e-02   4.755e-03   7.709e-01  0.8889        1047  [    1     14         60         12 ]
           2       10770      81.704   2.137e-05   1.969e-04   1.650e-02   4.723e-03   7.703e-01  0.8889        1047  [    1     15         60         12 ]
           2       10948      83.030   2.137e-05   1.391e-04   1.650e-02   4.675e-03   7.701e-01  0.8889        1055  [    1     16         60         10 ]
           2       11113      84.675   2.137e-05   1.391e-04   1.650e-02   4.641e-03   7.699e-01  0.8889        1061  [    1     17         60          9 ]
           2       11405      86.434   2.137e-05   1.391e-04   1.661e-02   4.562e-03   7.694e-01  0.8889        1071  [    2      3        120         10 ]
           2       11587      88.287   2.137e-05   8.955e-05   1.661e-02   4.480e-03   7.689e-01  0.8889        1084  [    1     18         60         10 ]
           2       11770      89.944   2.137e-05   8.955e-05   1.661e-02   4.460e-03   7.685e-01  0.8889        1087  [    1     19         60          9 ]
           2       11930      91.432   2.137e-05   8.955e-05   1.696e-02   4.392e-03   7.649e-01  0.8889        1098  [    1     20         60          8 ]
           2       12081      92.866   2.137e-05   8.955e-05   1.696e-02   4.317e-03   7.645e-01  0.8889        1111  [    1     21         60          8 ]
           2       12232      94.245   2.137e-05   8.955e-05   1.696e-02   4.245e-03   7.643e-01  0.8889        1121  [    1     22         60          8 ]
           2       12393      95.885   2.137e-05   8.955e-05   1.696e-02   4.187e-03   7.639e-01  0.8889        1124  [    1     23         60          8 ]
           2       12558      97.577   2.137e-05   8.955e-05   1.743e-02   4.143e-03   7.633e-01  0.8889        1134  [    1     24         60          8 ]
           2       12717      99.011   2.137e-05   8.955e-05   1.739e-02   4.087e-03   7.629e-01  0.8889        1143  [    1     25         60          8 ]
           2       13013     100.762   2.137e-05   8.955e-05   1.739e-02   4.033e-03   7.634e-01  0.8889        1154  [    2      4        120          9 ]
           2       13178     102.585   2.249e-06   8.955e-05   1.739e-02   3.955e-03   7.592e-01  0.8889        1153  [    1     26         60          8 ]
           2       13338     104.167   2.249e-06   8.955e-05   1.748e-02   3.913e-03   7.589e-01  0.8889        1163  [    1     27         60          8 ]
           2       13494     105.854   2.249e-06   8.955e-05   1.780e-02   3.852e-03   7.585e-01  0.8889        1169  [    1     28         60          8 ]
           2       13655     107.906   2.249e-06   8.955e-05   1.780e-02   3.828e-03   7.584e-01  0.8889        1173  [    1     29         60          8 ]
           2       13819     109.335   2.249e-06   8.955e-05   1.780e-02   3.813e-03   7.584e-01  0.8889        1180  [    1     30         60          8 ]
           2       13978     111.249   2.249e-06   8.955e-05   1.804e-02   3.778e-03   7.581e-01  0.8889        1191  [    1     31         60          8 ]
           2       14141     113.149   2.249e-06   8.955e-05   1.806e-02   3.765e-03   7.580e-01  0.8889        1193  [    1     32         60          8 ]
           2       14312     115.175   2.249e-06   8.955e-05   1.818e-02   3.738e-03   7.576e-01  0.8889        1196  [    1     33         60          8 ]
           2       14595     117.097   2.249e-06   8.955e-05   1.818e-02   3.692e-03   7.568e-01  0.8889        1202  [    2      5        120          8 ]
           2       14751     118.844   2.249e-06   8.955e-05   1.818e-02   3.670e-03   7.567e-01  0.8889        1209  [    1     34         60          8 ]
           2       14903     120.797   2.249e-06   1.522e-05   1.814e-02   3.625e-03   7.564e-01  0.8889        1217  [    1     35         60          8 ]
           2       15052     122.855   2.249e-06   1.522e-05   1.814e-02   3.603e-03   7.563e-01  0.8889        1223  [    1     36         60          8 ]
           2       15213     124.733   2.249e-06   1.522e-05   1.814e-02   3.549e-03   7.560e-01  0.8889        1235  [    1     37         60          8 ]
           2       15373     126.530   2.249e-06   1.522e-05   1.815e-02   3.530e-03   7.558e-01  0.8889        1240  [    1     38         60          8 ]
           2       15534     128.617   2.249e-06   1.522e-05   1.815e-02   3.503e-03   7.555e-01  0.8889        1243  [    1     39         60          8 ]
           2       15704     130.485   2.249e-06   1.522e-05   1.842e-02   3.470e-03   7.554e-01  0.8889        1249  [    1     40         60          8 ]
           2       15865     132.263   2.249e-06   1.522e-05   1.844e-02   3.446e-03   7.552e-01  0.8889        1250  [    1     41         60          8 ]
           2       16141     134.395   2.249e-06   1.522e-05   1.790e-02   5.068e-03   7.577e-01  0.8889         780  [    2      6        120          8 ]
           2       16303     135.782   2.249e-06   1.522e-05   1.790e-02   4.988e-03   7.574e-01  0.8889         784  [    1     42         60          8 ]
           2       16453     137.014   2.249e-06   1.522e-05   1.790e-02   4.865e-03   7.572e-01  0.8889         786  [    1     43         60          8 ]
           2       16611     138.277   2.249e-06   1.522e-05   1.790e-02   4.751e-03   7.569e-01  0.8889         791  [    1     44         60          8 ]
           2       16762     139.184   2.249e-06   1.522e-05   1.790e-02   4.738e-03   7.568e-01  0.8889         793  [    1     45         60          8 ]
           2       16917     140.659   2.249e-06   1.522e-05   1.791e-02   4.723e-03   7.531e-01  0.8889         797  [    1     46         60          8 ]
           2       17077     142.093   2.249e-06   1.522e-05   1.812e-02   4.706e-03   7.528e-01  0.8889         805  [    1     47         60          8 ]
           2       17238     143.518   2.249e-06   1.522e-05   1.812e-02   4.684e-03   7.527e-01  0.8889         808  [    1     48         60          8 ]
           2       17403     144.359   2.249e-06   1.522e-05   1.812e-02   4.647e-03   7.526e-01  0.8889         810  [    1     49         60          8 ]
           2       17680     145.354   2.249e-06   1.522e-05   1.812e-02   4.633e-03   7.525e-01  0.8889         817  [    2      7        120          8 ]
           2       17848     146.794   2.249e-06   1.522e-05   1.812e-02   4.621e-03   7.523e-01  0.8889         819  [    1     50         60          8 ]
           2       18015     148.223   2.249e-06   1.522e-05   1.812e-02   4.599e-03   7.521e-01  0.8889         821  [    1     51         60          8 ]
           2       18179     149.679   2.249e-06   1.522e-05   1.812e-02   4.647e-03   7.521e-01  0.8889         823  [    1     52         60          8 ]
           2       18348     150.743   2.249e-06   1.522e-05   1.812e-02   4.623e-03   7.520e-01  0.8889         825  [    1     53         60          8 ]
           2       18502     151.728   2.249e-06   1.522e-05   1.812e-02   4.614e-03   7.520e-01  0.8889         828  [    1     54         60          8 ]
           2       18674     152.758   2.249e-06   1.522e-05   1.812e-02   4.590e-03   7.518e-01  0.8889         832  [    1     55         60          8 ]
           2       18839     153.774   2.249e-06   1.522e-05   1.812e-02   4.583e-03   7.518e-01  0.8889         834  [    1     56         60          8 ]
           2       19005     155.272   2.249e-06   1.522e-05   1.812e-02   4.577e-03   7.517e-01  0.8889         836  [    1     57         60          8 ]
           2       19275     156.338   2.249e-06   1.522e-05   1.812e-02   4.549e-03   7.516e-01  0.8889         841  [    2      8        120          8 ]
           2       19446     157.822   2.249e-06   1.522e-05   1.819e-02   4.509e-03   7.513e-01  0.8889         844  [    1     58         60          8 ]
           2       19609     159.288   2.249e-06   1.522e-05   1.819e-02   4.462e-03   7.528e-01  0.8889         847  [    1     59         60          8 ]
           2       19768     160.623   2.249e-06   1.522e-05   1.819e-02   4.397e-03   7.526e-01  0.8889         847  [    1     60         60          8 ]
           2       19936     161.938   2.249e-06   1.522e-05   1.819e-02   4.372e-03   7.492e-01  0.8889         850  [    1     61         60          8 ]
           2       20099     162.968   2.249e-06   1.522e-05   1.822e-02   4.379e-03   7.491e-01  0.8889         854  [    1     62         60          8 ]
           2       20258     164.023   2.249e-06   1.522e-05   1.822e-02   4.361e-03   7.490e-01  0.8889         857  [    1     63         60          8 ]
           2       20421     165.000   2.249e-06   1.522e-05   1.822e-02   4.358e-03   7.490e-01  0.8889         859  [    1     64         60          8 ]
           3       22261     165.919   2.249e-06   1.522e-05   1.824e-02   4.271e-03   5.800e-02  0.8889         890  [    3      1        240         18 ]
           3       22524     167.218   2.249e-06   1.522e-05   1.824e-02   4.271e-03   5.798e-02  0.8889         887  [    1     65         60         15 ]
           3       22871     168.464   2.249e-06   1.522e-05   1.824e-02   4.253e-03   5.786e-02  0.8889         890  [    2      9        120         14 ]
           3       23428     170.178   2.249e-06   1.522e-05   1.824e-02   4.252e-03   5.783e-02  0.8889         894  [    3      2        240         19 ]
           3       23665     171.547   2.249e-06   1.522e-05   1.824e-02   4.250e-03   5.382e-02  0.8889         886  [    1     66         60         14 ]
           3       23891     172.790   2.249e-06   1.522e-05   1.824e-02   4.248e-03   3.604e-02  0.8889         885  [    1     67         60         13 ]
           3       24082     174.101   2.249e-06   1.522e-05   1.824e-02   4.244e-03   2.508e-02  0.8889         889  [    1     68         60         14 ]
           3       24269     175.350   2.249e-06   1.522e-05   1.824e-02   4.226e-03   2.032e-02  0.8889         896  [    1     69         60         14 ]
           3       24451     176.350   2.249e-06   1.522e-05   1.824e-02   4.214e-03   1.912e-02  0.8889         900  [    1     70         60         13 ]
           3       24635     177.658   2.249e-06   1.522e-05   1.824e-02   4.212e-03   1.885e-02  0.8889         908  [    1     71         60         14 ]
           3       24836     178.880   2.249e-06   1.522e-05   1.823e-02   4.207e-03   1.667e-02  1.0000         915  [    1     72         60         16 ]
           3       25056     179.938   2.249e-06   1.522e-05   1.823e-02   4.190e-03   1.673e-02  1.0000         916  [    1     73         60         14 ]
           3       25401     181.148   2.249e-06   1.522e-05   1.823e-02   4.191e-03   1.669e-02  1.0000         922  [    2     10        120         17 ]
           3       25631     182.626   2.249e-06   1.522e-05   1.823e-02   4.175e-03   1.558e-02  1.0000         929  [    1     74         60         18 ]
           3       25849     184.068   2.249e-06   1.522e-05   1.823e-02   4.159e-03   1.545e-02  1.0000         922  [    1     75         60         15 ]
           3       26041     185.688   2.249e-06   1.522e-05   1.823e-02   4.159e-03   1.544e-02  1.0000         925  [    1     76         60         15 ]
           3       26231     187.163   2.249e-06   1.522e-05   1.823e-02   4.159e-03   1.544e-02  1.0000         928  [    1     77         60         17 ]
           3       26432     188.639   2.249e-06   1.522e-05   1.823e-02   4.157e-03   1.521e-02  1.0000         922  [    1     78         60         14 ]
           3       26606     190.079   2.249e-06   1.522e-05   1.823e-02   4.149e-03   1.516e-02  1.0000         919  [    1     79         60         13 ]
           3       26787     191.644   2.249e-06   1.522e-05   1.823e-02   4.141e-03   1.514e-02  1.0000         918  [    1     80         60         11 ]
           3       26955     192.803   2.249e-06   1.522e-05   1.792e-02   4.141e-03   1.507e-02  1.0000         927  [    1     81         60         11 ]
           3       27285     194.209   2.249e-06   1.522e-05   1.792e-02   4.146e-03   1.496e-02  1.0000         931  [    2     11        120         13 ]
           3       27464     195.717   2.249e-06   1.522e-05   1.782e-02   4.139e-03   1.476e-02  1.0000         933  [    1     82         60         12 ]
           3       27646     197.025   2.249e-06   1.522e-05   1.782e-02   4.121e-03   1.464e-02  1.0000         939  [    1     83         60         13 ]
           3       27831     198.668   2.249e-06   1.522e-05   1.782e-02   4.121e-03   1.461e-02  1.0000         947  [    1     84         60         13 ]
           3       28015     200.234   2.249e-06   1.522e-05   1.782e-02   4.122e-03   1.445e-02  1.0000         948  [    1     85         60         15 ]
           3       28219     201.671   2.249e-06   1.522e-05   1.782e-02   4.105e-03   1.436e-02  1.0000         960  [    1     86         60         17 ]
           3       28424     203.386   2.249e-06   1.522e-05   1.782e-02   4.104e-03   1.436e-02  1.0000         962  [    1     87         60         16 ]
           3       28623     204.964   2.249e-06   1.522e-05   1.826e-02   4.064e-03   1.422e-02  1.0000         953  [    1     88         60         13 ]
           3       28807     206.259   2.249e-06   1.522e-05   1.826e-02   4.064e-03   1.422e-02  1.0000         952  [    1     89         60         12 ]
           3       29115     207.561   2.249e-06   1.522e-05   1.826e-02   4.029e-03   1.391e-02  1.0000         946  [    2     12        120         13 ]
           3       29302     208.618   2.249e-06   1.522e-05   1.826e-02   4.022e-03   1.385e-02  1.0000         948  [    1     90         60         13 ]
           3       29487     210.181   2.249e-06   1.522e-05   1.826e-02   4.016e-03   1.374e-02  1.0000         953  [    1     91         60         13 ]
           3       29674     211.622   2.249e-06   1.522e-05   1.826e-02   4.020e-03   1.370e-02  1.0000         952  [    1     92         60         12 ]
           3       29854     212.723   2.249e-06   1.522e-05   1.826e-02   4.001e-03   1.369e-02  1.0000         954  [    1     93         60         12 ]
           3       30041     213.849   2.249e-06   1.522e-05   1.826e-02   4.001e-03   1.364e-02  1.0000         952  [    1     94         60         11 ]
           3       30224     214.906   2.249e-06   1.522e-05   1.826e-02   4.001e-03   1.359e-02  1.0000         956  [    1     95         60         12 ]
           3       30407     216.072   2.249e-06   1.522e-05   1.826e-02   3.983e-03   1.353e-02  1.0000         961  [    1     96         60         12 ]
           3       30587     217.686   2.249e-06   1.522e-05   1.830e-02   3.979e-03   1.347e-02  1.0000         962  [    1     97         60         12 ]
           3       30882     219.006   2.249e-06   1.522e-05   1.830e-02   3.983e-03   1.347e-02  1.0000         961  [    2     13        120         11 ]
           3       31066     220.554   2.249e-06   1.522e-05   1.830e-02   3.968e-03   1.357e-02  1.0000         961  [    1     98         60         11 ]
           3       31240     221.923   2.249e-06   1.522e-05   1.830e-02   3.966e-03   1.354e-02  1.0000         969  [    1     99         60         12 ]
           3       31412     223.122   2.249e-06   1.522e-05   1.830e-02   3.955e-03   1.342e-02  1.0000         971  [    1    100         60         12 ]
           3       31591     224.425   2.249e-06   1.522e-05   1.830e-02   3.950e-03   1.335e-02  1.0000         976  [    1    101         60         11 ]
           3       31772     225.664   2.249e-06   1.522e-05   1.830e-02   3.946e-03   1.331e-02  1.0000         979  [    1    102         60         11 ]
           3       31951     227.496   2.249e-06   1.522e-05   1.830e-02   3.929e-03   1.327e-02  1.0000         980  [    1    103         60         11 ]
           3       32142     229.358   2.249e-06   1.522e-05   1.831e-02   3.885e-03   1.304e-02  1.0000         975  [    1    104         60         12 ]
           3       32320     230.876   2.249e-06   1.522e-05   1.831e-02   3.867e-03   1.296e-02  1.0000         979  [    1    105         60         11 ]
           3       32612     232.782   2.249e-06   1.522e-05   1.831e-02   3.858e-03   1.291e-02  1.0000         972  [    2     14        120         14 ]
           3       32795     234.174   2.249e-06   1.522e-05   1.831e-02   3.848e-03   1.287e-02  1.0000         972  [    1    106         60         12 ]
           3       32975     235.411   2.249e-06   1.522e-05   1.831e-02   3.845e-03   1.285e-02  1.0000         975  [    1    107         60         12 ]
           3       33149     237.195   2.249e-06   1.522e-05   1.831e-02   3.825e-03   1.283e-02  1.0000         972  [    1    108         60         10 ]
           3       33317     238.883   2.249e-06   1.522e-05   1.831e-02   3.824e-03   1.282e-02  1.0000         978  [    1    109         60         10 ]
           3       33491     240.667   2.249e-06   1.522e-05   1.831e-02   3.808e-03   1.278e-02  1.0000         981  [    1    110         60         10 ]
           3       33662     242.314   2.249e-06   1.522e-05   1.831e-02   3.806e-03   1.277e-02  1.0000         988  [    1    111         60         10 ]
           3       33835     244.212   2.249e-06   1.522e-05   1.831e-02   3.787e-03   1.263e-02  1.0000         992  [    1    112         60         10 ]
           3       34012     245.623   2.249e-06   1.522e-05   1.831e-02   3.780e-03   1.256e-02  1.0000         996  [    1    113         60         10 ]
           3       34298     247.402   2.249e-06   1.522e-05   1.831e-02   3.781e-03   1.248e-02  1.0000        1003  [    2     15        120         13 ]
           3       34480     248.731   2.249e-06   1.522e-05   1.831e-02   3.770e-03   1.246e-02  1.0000         999  [    1    114         60         10 ]
           3       34654     250.025   2.249e-06   1.522e-05   1.831e-02   3.761e-03   1.245e-02  1.0000        1000  [    1    115         60         10 ]
           3       34825     251.319   2.249e-06   1.522e-05   1.831e-02   3.756e-03   1.242e-02  1.0000        1002  [    1    116         60         11 ]
           3       35014     252.682   2.249e-06   1.522e-05   1.831e-02   3.753e-03   1.238e-02  1.0000         990  [    1    117         60         10 ]
           3       35192     254.412   2.249e-06   1.522e-05   1.831e-02   3.752e-03   1.223e-02  1.0000         990  [    1    118         60         11 ]
           3       35378     256.250   2.249e-06   1.522e-05   1.831e-02   3.749e-03   1.218e-02  1.0000         994  [    1    119         60         12 ]
           3       35558     258.071   2.249e-06   1.522e-05   1.831e-02   3.747e-03   1.207e-02  1.0000         993  [    1    120         60         12 ]
           3       35735     260.049   2.249e-06   1.522e-05   1.831e-02   3.747e-03   1.204e-02  1.0000         991  [    1    121         60         10 ]
           3       36037     261.940   2.249e-06   1.522e-05   1.831e-02   3.745e-03   1.201e-02  1.0000         998  [    2     16        120         11 ]
           3       36237     263.673   2.249e-06   1.522e-05   1.831e-02   3.737e-03   1.199e-02  1.0000         995  [    1    122         60         12 ]
           3       36443     265.182   2.249e-06   1.522e-05   1.833e-02   3.736e-03   1.197e-02  1.0000         993  [    1    123         60         12 ]
           3       36624     266.475   2.249e-06   1.522e-05   1.833e-02   3.736e-03   1.197e-02  1.0000         996  [    1    124         60         12 ]
           3       36810     268.349   2.249e-06   1.522e-05   1.833e-02   3.736e-03   1.196e-02  1.0000         994  [    1    125         60         12 ]
           3       36991     269.821   2.249e-06   1.522e-05   1.833e-02   3.741e-03   1.194e-02  1.0000         994  [    1    126         60         12 ]
           3       37172     271.423   2.249e-06   1.522e-05   1.833e-02   3.741e-03   1.195e-02  1.0000         998  [    1    127         60         13 ]
           3       37370     272.757   2.249e-06   1.522e-05   1.833e-02   3.740e-03   1.194e-02  1.0000        1001  [    1    128         60         13 ]
           3       37558     274.300   2.249e-06   1.522e-05   1.833e-02   3.738e-03   1.192e-02  1.0000         999  [    1    129         60         11 ]
           3       37845     275.697   2.249e-06   1.522e-05   1.833e-02   3.738e-03   1.192e-02  1.0000        1005  [    2     17        120         12 ]
           3       38417     277.204   2.249e-06   1.522e-05   1.833e-02   3.737e-03   1.190e-02  1.0000        1008  [    3      3        240         19 ]
           3       38639     278.434   2.249e-06   1.522e-05   1.833e-02   3.737e-03   1.190e-02  1.0000        1006  [    1    130         60         14 ]
           3       38828     280.075   2.249e-06   1.522e-05   1.833e-02   3.737e-03   1.190e-02  1.0000        1001  [    1    131         60         13 ]
           3       39022     281.404   2.249e-06   1.522e-05   1.833e-02   3.735e-03   1.188e-02  1.0000        1000  [    1    132         60         13 ]
           3       39204     282.753   2.249e-06   1.522e-05   1.833e-02   3.732e-03   1.180e-02  1.0000        1001  [    1    133         60         12 ]
           3       39383     284.010   2.249e-06   1.522e-05   1.843e-02   3.735e-03   1.178e-02  1.0000        1001  [    1    134         60         11 ]
           3       39566     285.186   2.249e-06   1.522e-05   1.843e-02   3.729e-03   1.177e-02  1.0000        1008  [    1    135         60         11 ]
           3       39741     286.872   2.249e-06   1.522e-05   1.843e-02   3.725e-03   1.176e-02  1.0000        1012  [    1    136         60         12 ]
           3       39922     288.264   2.249e-06   1.522e-05   1.843e-02   3.727e-03   1.175e-02  1.0000        1009  [    1    137         60         13 ]
           3       40245     289.727   2.249e-06   1.522e-05   1.843e-02   3.725e-03   1.159e-02  1.0000        1014  [    2     18        120         16 ]
           3       40453     291.698   2.249e-06   1.522e-05   1.843e-02   3.722e-03   1.158e-02  1.0000        1016  [    1    138         60         17 ]
           3       40658     293.079   2.249e-06   1.522e-05   1.843e-02   3.716e-03   1.148e-02  1.0000         996  [    1    139         60         11 ]
           3       40836     294.918   2.249e-06   1.522e-05   1.843e-02   3.695e-03   1.144e-02  1.0000         997  [    1    140         60         11 ]
           3       41006     296.602   2.249e-06   1.522e-05   1.843e-02   3.673e-03   1.137e-02  1.0000         997  [    1    141         60         10 ]
           3       41172     298.448   2.249e-06   1.522e-05   1.843e-02   3.680e-03   1.135e-02  1.0000         995  [    1    142         60          9 ]
           3       41331     299.939   2.249e-06   1.522e-05   1.843e-02   3.680e-03   1.135e-02  1.0000         995  [    1    143         60          9 ]
           3       41496     301.795   2.249e-06   1.522e-05   1.843e-02   3.671e-03   1.134e-02  1.0000         996  [    1    144         60          9 ]
           3       41666     303.417   2.249e-06   1.522e-05   1.846e-02   3.665e-03   1.132e-02  1.0000         997  [    1    145         60          9 ]
           3       41975     305.067   2.249e-06   1.522e-05   1.846e-02   3.671e-03   1.129e-02  1.0000        1005  [    2     19        120         14 ]
           3       42172     306.793   2.249e-06   1.522e-05   1.846e-02   3.669e-03   1.124e-02  1.0000        1000  [    1    146         60         12 ]
           3       42354     308.202   2.249e-06   1.522e-05   1.846e-02   3.652e-03   1.121e-02  1.0000        1002  [    1    147         60         11 ]
           3       42529     310.050   2.249e-06   1.522e-05   1.846e-02   3.652e-03   1.113e-02  1.0000        1001  [    1    148         60         10 ]
           3       42691     311.778   2.249e-06   1.522e-05   1.846e-02   3.634e-03   1.106e-02  1.0000        1002  [    1    149         60         10 ]
           3       42854     313.197   2.249e-06   1.522e-05   1.846e-02   3.634e-03   1.100e-02  1.0000        1002  [    1    150         60         10 ]
           3       43031     314.881   2.249e-06   1.522e-05   1.846e-02   3.625e-03   1.098e-02  1.0000        1004  [    1    151         60         10 ]
           3       43202     316.496   2.249e-06   1.522e-05   1.846e-02   3.621e-03   1.095e-02  1.0000        1010  [    1    152         60         10 ]
           3       43381     318.159   2.249e-06   1.522e-05   1.846e-02   3.621e-03   1.093e-02  1.0000        1009  [    1    153         60         10 ]
           3       43660     319.922   2.249e-06   1.522e-05   1.846e-02   3.621e-03   1.093e-02  1.0000        1003  [    2     20        120         11 ]
           3       43838     321.260   2.249e-06   1.522e-05   1.846e-02   3.618e-03   1.088e-02  1.0000        1002  [    1    154         60         10 ]
           3       44004     322.827   2.249e-06   1.522e-05   1.846e-02   3.597e-03   1.081e-02  1.0000        1002  [    1    155         60         10 ]
           3       44180     324.301   2.249e-06   1.522e-05   1.846e-02   3.591e-03   1.076e-02  1.0000        1003  [    1    156         60         10 ]
           3       44351     325.738   2.249e-06   1.522e-05   1.846e-02   3.593e-03   1.072e-02  1.0000        1004  [    1    157         60         10 ]
           3       44532     327.519   2.249e-06   1.522e-05   1.851e-02   3.621e-03   1.061e-02  1.0000        1003  [    1    158         60         10 ]
           3       44706     328.848   2.249e-06   1.522e-05   1.851e-02   3.601e-03   1.054e-02  1.0000        1008  [    1    159         60         10 ]
           3       44883     330.605   2.249e-06   1.522e-05   1.851e-02   3.594e-03   1.049e-02  1.0000        1009  [    1    160         60         10 ]
           3       45060     332.088   2.249e-06   1.522e-05   1.851e-02   3.603e-03   1.046e-02  1.0000        1012  [    1    161         60         10 ]
           3       45331     334.101   2.249e-06   1.522e-05   1.851e-02   3.603e-03   1.046e-02  1.0000        1014  [    2     21        120         10 ]
           3       45503     335.876   2.249e-06   1.522e-05   1.851e-02   3.600e-03   1.046e-02  1.0000        1018  [    1    162         60         10 ]
           3       45677     337.680   2.249e-06   1.522e-05   1.851e-02   3.600e-03   1.045e-02  1.0000        1008  [    1    163         60         10 ]
           3       45851     339.304   2.249e-06   1.522e-05   1.851e-02   3.598e-03   1.045e-02  1.0000        1008  [    1    164         60         10 ]
           3       46019     340.486   2.249e-06   1.522e-05   1.851e-02   3.598e-03   1.045e-02  1.0000        1010  [    1    165         60         10 ]
           3       46189     342.234   2.249e-06   1.522e-05   1.851e-02   3.598e-03   1.044e-02  1.0000        1010  [    1    166         60         10 ]
           3       46361     344.157   2.249e-06   1.522e-05   1.851e-02   3.593e-03   1.038e-02  1.0000        1010  [    1    167         60         10 ]
           3       46531     345.669   2.249e-06   1.522e-05   1.851e-02   3.593e-03   1.029e-02  1.0000        1007  [    1    168         60         10 ]
           3       46699     347.304   2.249e-06   1.522e-05   1.851e-02   3.587e-03   1.023e-02  1.0000        1010  [    1    169         60         10 ]
           3       46972     349.022   2.249e-06   1.522e-05   1.851e-02   3.587e-03   1.023e-02  1.0000        1008  [    2     22        120         11 ]
           3       47145     350.312   2.249e-06   1.522e-05   1.851e-02   3.587e-03   1.021e-02  1.0000        1008  [    1    170         60         10 ]
           3       47315     351.655   2.249e-06   1.522e-05   1.851e-02   3.585e-03   1.020e-02  1.0000        1006  [    1    171         60         10 ]
           3       47481     353.506   2.249e-06   1.522e-05   1.851e-02   3.578e-03   1.016e-02  1.0000        1009  [    1    172         60         10 ]
           3       47660     354.881   2.249e-06   1.522e-05   1.851e-02   3.577e-03   1.015e-02  1.0000        1011  [    1    173         60         10 ]
           3       47843     356.541   2.249e-06   1.522e-05   1.851e-02   3.576e-03   1.014e-02  1.0000        1012  [    1    174         60         10 ]
           3       48017     357.656   2.249e-06   1.522e-05   1.851e-02   3.576e-03   1.014e-02  1.0000        1016  [    1    175         60         10 ]
           3       48194     358.821   2.249e-06   1.522e-05   1.851e-02   3.577e-03   1.010e-02  1.0000        1018  [    1    176         60         10 ]
           3       48358     360.133   2.249e-06   1.522e-05   1.851e-02   3.579e-03   1.010e-02  1.0000        1023  [    1    177         60         10 ]
           3       48643     361.782   2.249e-06   1.522e-05   1.851e-02   3.580e-03   1.009e-02  1.0000        1006  [    2     23        120          9 ]
           3       48827     363.711   2.249e-06   1.522e-05   1.852e-02   3.577e-03   1.004e-02  1.0000        1009  [    1    178         60         11 ]
           3       49014     365.421   2.249e-06   1.522e-05   1.852e-02   3.576e-03   9.967e-03  1.0000        1009  [    1    179         60         10 ]
           3       49184     367.132   2.249e-06   1.522e-05   1.852e-02   3.572e-03   9.944e-03  1.0000        1010  [    1    180         60         10 ]
           3       49357     368.679   2.249e-06   1.522e-05   1.852e-02   3.572e-03   9.944e-03  1.0000        1008  [    1    181         60         10 ]
           3       49529     370.030   2.249e-06   1.522e-05   1.852e-02   3.571e-03   9.898e-03  1.0000        1007  [    1    182         60          9 ]
           3       49695     371.740   2.249e-06   1.522e-05   1.852e-02   3.571e-03   9.898e-03  1.0000        1008  [    1    183         60          9 ]
           3       49865     373.310   2.249e-06   1.522e-05   1.852e-02   3.571e-03   9.895e-03  1.0000        1009  [    1    184         60          9 ]
           3       50034     374.630   2.249e-06   1.522e-05   1.852e-02   3.567e-03   9.894e-03  1.0000        1010  [    1    185         60          9 ]
           3       50298     375.852   2.249e-06   1.522e-05   1.852e-02   3.566e-03   9.887e-03  1.0000        1010  [    2     24        120          9 ]
           3       50461     377.449   2.249e-06   1.522e-05   1.852e-02   3.566e-03   9.865e-03  1.0000        1010  [    1    186         60          9 ]
           3       50628     378.624   2.249e-06   1.522e-05   1.852e-02   3.577e-03   9.846e-03  1.0000        1010  [    1    187         60          9 ]
           3       50796     379.980   2.249e-06   1.522e-05   1.852e-02   3.580e-03   9.805e-03  1.0000        1009  [    1    188         60          9 ]
           3       50960     381.642   2.249e-06   1.522e-05   1.852e-02   3.587e-03   9.775e-03  1.0000        1009  [    1    189         60          9 ]
           3       51124     383.350   2.249e-06   1.522e-05   1.852e-02   3.589e-03   9.767e-03  1.0000        1010  [    1    190         60          9 ]
           3       51300     385.028   2.249e-06   1.522e-05   1.852e-02   3.594e-03   9.748e-03  1.0000        1010  [    1    191         60          9 ]
           3       51470     386.384   2.249e-06   1.522e-05   1.852e-02   3.594e-03   9.747e-03  1.0000        1010  [    1    192         60          9 ]
           3       51636     387.630   2.249e-06   1.522e-05   1.852e-02   3.594e-03   9.740e-03  1.0000        1010  [    1    193         60          9 ]
           3       51899     389.429   2.249e-06   1.522e-05   1.852e-02   3.594e-03   9.740e-03  1.0000        1011  [    2     25        120         10 ]
           3       52467     390.763   2.249e-06   1.522e-05   1.852e-02   3.594e-03   9.737e-03  1.0000        1027  [    3      4        240         20 ]
           3       52704     392.437   2.249e-06   1.522e-05   1.852e-02   3.594e-03   9.709e-03  1.0000        1023  [    1    194         60         18 ]
           3       52942     393.958   2.249e-06   1.522e-05   1.852e-02   3.593e-03   9.694e-03  1.0000        1021  [    1    195         60         17 ]
           3       53158     395.657   2.249e-06   1.522e-05   1.852e-02   3.593e-03   9.694e-03  1.0000        1021  [    1    196         60         16 ]
           3       53364     397.563   2.249e-06   1.522e-05   1.852e-02   3.593e-03   9.694e-03  1.0000        1019  [    1    197         60         15 ]
           3       53565     399.316   2.249e-06   1.522e-05   1.852e-02   3.593e-03   9.694e-03  1.0000        1024  [    1    198         60         14 ]
           3       53774     401.147   2.249e-06   1.522e-05   1.852e-02   3.593e-03   9.694e-03  1.0000        1017  [    1    199         60         12 ]
           3       53965     402.576   2.249e-06   1.522e-05   1.852e-02   3.584e-03   9.690e-03  1.0000        1015  [    1    200         60         12 ]
           3       54142     404.444   2.249e-06   1.522e-05   1.852e-02   3.583e-03   9.687e-03  1.0000        1014  [    1    201         60         11 ]
           3       54425     405.992   2.249e-06   1.522e-05   1.852e-02   3.583e-03   9.687e-03  1.0000        1013  [    2     26        120         10 ]
           3       54608     407.421   2.249e-06   1.522e-05   1.852e-02   3.583e-03   9.687e-03  1.0000        1015  [    1    202         60         12 ]
           3       54796     409.194   2.249e-06   1.522e-05   1.852e-02   3.583e-03   9.687e-03  1.0000        1016  [    1    203         60         12 ]
           3       54998     410.785   2.249e-06   1.522e-05   1.852e-02   3.583e-03   9.687e-03  1.0000        1013  [    1    204         60         10 ]
           3       55181     412.359   2.249e-06   1.522e-05   1.852e-02   3.579e-03   9.684e-03  1.0000        1013  [    1    205         60         10 ]
           3       55353     413.947   2.249e-06   1.522e-05   1.852e-02   3.577e-03   9.678e-03  1.0000        1014  [    1    206         60         10 ]
           3       55523     415.714   2.249e-06   1.522e-05   1.852e-02   3.575e-03   9.662e-03  1.0000        1016  [    1    207         60         12 ]
           3       55709     417.241   2.249e-06   1.522e-05   1.852e-02   3.576e-03   9.657e-03  1.0000        1019  [    1    208         60         12 ]
           3       55885     418.675   2.249e-06   1.522e-05   1.852e-02   3.576e-03   9.657e-03  1.0000        1021  [    1    209         60         12 ]
           3       56167     420.128   2.249e-06   1.522e-05   1.852e-02   3.573e-03   9.649e-03  1.0000        1024  [    2     27        120         14 ]
           3       56363     421.676   2.249e-06   1.522e-05   1.852e-02   3.571e-03   9.633e-03  1.0000        1016  [    1    210         60         13 ]
           3       56554     423.227   2.249e-06   1.522e-05   1.852e-02   3.568e-03   9.576e-03  1.0000        1016  [    1    211         60         12 ]
           3       56744     425.008   2.249e-06   1.522e-05   1.852e-02   3.563e-03   9.568e-03  1.0000        1020  [    1    212         60         13 ]
           3       56944     426.792   2.249e-06   1.522e-05   1.853e-02   3.562e-03   9.559e-03  1.0000        1021  [    1    213         60         14 ]
           3       57152     428.167   2.249e-06   1.522e-05   1.853e-02   3.562e-03   9.559e-03  1.0000        1021  [    1    214         60         15 ]
           3       57348     430.047   2.249e-06   1.522e-05   1.853e-02   3.562e-03   9.559e-03  1.0000        1029  [    1    215         60         16 ]
           3       57549     431.881   2.249e-06   1.522e-05   1.853e-02   3.562e-03   9.559e-03  1.0000        1025  [    1    216         60         15 ]
           3       57742     433.513   2.249e-06   1.522e-05   1.853e-02   3.562e-03   9.559e-03  1.0000        1022  [    1    217         60         14 ]
           3       58066     434.869   2.249e-06   1.522e-05   1.853e-02   3.562e-03   9.559e-03  1.0000        1024  [    2     28        120         16 ]
           3       58273     436.570   2.249e-06   1.522e-05   1.853e-02   3.545e-03   9.556e-03  1.0000        1029  [    1    218         60         16 ]
           3       58482     438.168   2.249e-06   1.522e-05   1.853e-02   3.544e-03   9.530e-03  1.0000        1032  [    1    219         60         16 ]
           3       58698     439.629   2.249e-06   1.522e-05   1.853e-02   3.544e-03   9.533e-03  1.0000        1040  [    1    220         60         17 ]
           3       58904     441.394   2.249e-06   1.522e-05   1.853e-02   3.543e-03   9.527e-03  1.0000        1036  [    1    221         60         16 ]
           3       59106     442.687   2.249e-06   1.522e-05   1.853e-02   3.543e-03   9.523e-03  1.0000        1036  [    1    222         60         17 ]
           3       59327     444.709   2.249e-06   1.522e-05   1.853e-02   3.543e-03   9.523e-03  1.0000        1034  [    1    223         60         15 ]
           3       59545     446.496   2.249e-06   1.522e-05   1.853e-02   3.543e-03   9.523e-03  1.0000        1024  [    1    224         60         13 ]
           3       59734     447.836   2.249e-06   1.522e-05   1.853e-02   3.543e-03   9.523e-03  1.0000        1026  [    1    225         60         13 ]
           3       60072     449.448   2.249e-06   1.522e-05   1.853e-02   3.543e-03   9.523e-03  1.0000        1031  [    2     29        120         21 ]
           3       60320     451.272   2.249e-06   1.522e-05   1.853e-02   3.540e-03   9.521e-03  1.0000        1024  [    1    226         60         17 ]
           3       60530     453.088   2.249e-06   1.522e-05   1.853e-02   3.546e-03   9.503e-03  1.0000        1025  [    1    227         60         17 ]
           3       60753     454.633   2.249e-06   1.522e-05   1.855e-02   3.543e-03   9.457e-03  1.0000        1022  [    1    228         60         18 ]
           3       60974     456.258   2.249e-06   1.522e-05   1.855e-02   3.543e-03   9.444e-03  1.0000        1024  [    1    229         60         16 ]
           3       61182     458.199   2.249e-06   1.522e-05   1.855e-02   3.543e-03   9.444e-03  1.0000        1021  [    1    230         60         15 ]
           3       61377     459.627   2.249e-06   1.522e-05   1.855e-02   3.543e-03   9.444e-03  1.0000        1017  [    1    231         60         12 ]
           3       61561     460.918   2.249e-06   1.522e-05   1.855e-02   3.542e-03   9.438e-03  1.0000        1016  [    1    232         60         11 ]
           3       61734     462.156   2.249e-06   1.522e-05   1.855e-02   3.542e-03   9.438e-03  1.0000        1019  [    1    233         60         11 ]
           3       62047     463.814   2.249e-06   1.522e-05   1.855e-02   3.542e-03   9.438e-03  1.0000        1019  [    2     30        120         12 ]
           3       62240     465.276   2.249e-06   1.522e-05   1.855e-02   3.542e-03   9.444e-03  1.0000        1023  [    1    234         60         14 ]
           3       62446     467.099   2.249e-06   1.522e-05   1.855e-02   3.541e-03   9.403e-03  1.0000        1023  [    1    235         60         16 ]
           3       62642     468.891   2.249e-06   1.522e-05   1.855e-02   3.541e-03   9.403e-03  1.0000        1018  [    1    236         60         12 ]
           3       62818     470.062   2.249e-06   1.522e-05   1.855e-02   3.541e-03   9.406e-03  1.0000        1017  [    1    237         60         11 ]
           3       62990     471.291   2.249e-06   1.522e-05   1.855e-02   3.539e-03   9.404e-03  1.0000        1021  [    1    238         60         12 ]
           3       63171     472.532   2.249e-06   1.522e-05   1.855e-02   3.539e-03   9.404e-03  1.0000        1021  [    1    239         60         11 ]
           3       63354     473.702   2.249e-06   1.522e-05   1.855e-02   3.539e-03   9.375e-03  1.0000        1027  [    1    240         60         11 ]
           3       63539     475.103   2.249e-06   1.522e-05   1.855e-02   3.539e-03   9.374e-03  1.0000        1029  [    1    241         60         11 ]
           3       63850     477.008   2.249e-06   1.522e-05   1.855e-02   3.539e-03   9.374e-03  1.0000        1020  [    2     31        120         14 ]
           3       64061     478.753   2.249e-06   1.522e-05   1.855e-02   3.539e-03   9.374e-03  1.0000        1025  [    1    242         60         15 ]
           3       64266     480.532   2.249e-06   1.522e-05   1.855e-02   3.539e-03   9.377e-03  1.0000        1026  [    1    243         60         15 ]
           3       64474     482.462   2.249e-06   1.522e-05   1.855e-02   3.538e-03   9.376e-03  1.0000        1024  [    1    244         60         14 ]
           3       64653     484.202   2.249e-06   1.522e-05   1.855e-02   3.535e-03   9.351e-03  1.0000        1018  [    1    245         60         11 ]
           3       64822     485.388   2.249e-06   1.522e-05   1.855e-02   3.534e-03   9.342e-03  1.0000        1022  [    1    246         60         10 ]
           3       64993     487.355   2.249e-06   1.522e-05   1.855e-02   3.534e-03   9.342e-03  1.0000        1017  [    1    247         60         11 ]
           3       65163     488.781   2.249e-06   1.522e-05   1.855e-02   3.533e-03   9.341e-03  1.0000        1016  [    1    248         60         10 ]
           3       65336     490.264   2.249e-06   1.522e-05   1.855e-02   3.532e-03   9.340e-03  1.0000        1016  [    1    249         60         10 ]
           3       65649     491.651   2.249e-06   1.522e-05   1.855e-02   3.532e-03   9.340e-03  1.0000        1020  [    2     32        120         12 ]
           3       65836     493.268   2.249e-06   1.522e-05   1.855e-02   3.532e-03   9.340e-03  1.0000        1020  [    1    250         60         12 ]
           3       66024     494.872   2.249e-06   1.522e-05   1.855e-02   3.532e-03   9.340e-03  1.0000        1022  [    1    251         60         13 ]
           3       66216     496.445   2.249e-06   1.522e-05   1.855e-02   3.532e-03   9.337e-03  1.0000        1018  [    1    252         60         12 ]
           3       66390     498.357   2.249e-06   1.522e-05   1.855e-02   3.532e-03   9.337e-03  1.0000        1017  [    1    253         60         11 ]
           3       66571     500.398   2.249e-06   1.522e-05   1.855e-02   3.530e-03   9.306e-03  1.0000        1020  [    1    254         60         12 ]
           3       66762     502.263   2.249e-06   1.522e-05   1.855e-02   3.531e-03   9.282e-03  1.0000        1021  [    1    255         60         15 ]
           3       66946     504.152   2.249e-06   1.522e-05   1.855e-02   3.531e-03   9.282e-03  1.0000        1016  [    1    256         60         10 ]
           3       67103     505.878   2.249e-06   1.522e-05   1.855e-02   3.531e-03   9.282e-03  1.0000        1016  [    1    257         60         10 ]
           3       67417     507.660   2.249e-06   1.522e-05   1.855e-02   3.531e-03   9.282e-03  1.0000        1021  [    2     33        120         14 ]
           3       67985     509.024   2.249e-06   1.522e-05   1.855e-02   3.531e-03   9.278e-03  1.0000        1031  [    3      5        240         20 ]
           3       68211     510.690   2.249e-06   1.522e-05   1.855e-02   3.531e-03   9.263e-03  1.0000        1026  [    1    258         60         15 ]
           3       68415     512.385   2.249e-06   4.424e-06   1.855e-02   3.531e-03   9.263e-03  1.0000        1024  [    1    259         60         13 ]
           3       68611     513.611   2.249e-06   4.424e-06   1.855e-02   3.530e-03   9.252e-03  1.0000        1021  [    1    260         60         12 ]
           3       68793     515.151   2.249e-06   4.424e-06   1.856e-02   3.529e-03   9.242e-03  1.0000        1019  [    1    261         60         11 ]
           3       68970     516.823   2.249e-06   4.424e-06   1.856e-02   3.529e-03   9.242e-03  1.0000        1021  [    1    262         60         11 ]
           3       69159     518.367   2.249e-06   4.424e-06   1.856e-02   3.528e-03   9.219e-03  1.0000        1023  [    1    263         60         12 ]
           3       69337     520.131   2.249e-06   4.424e-06   1.856e-02   3.525e-03   9.160e-03  1.0000        1023  [    1    264         60         12 ]
           3       69525     521.486   2.249e-06   4.424e-06   1.856e-02   3.525e-03   9.158e-03  1.0000        1026  [    1    265         60         12 ]
           3       69842     522.977   2.249e-06   4.424e-06   1.856e-02   3.525e-03   9.158e-03  1.0000        1025  [    2     34        120         12 ]
           3       70037     524.663   2.249e-06   4.424e-06   1.856e-02   3.525e-03   9.158e-03  1.0000        1025  [    1    266         60         12 ]
           3       70229     526.329   2.249e-06   4.424e-06   1.856e-02   3.525e-03   9.155e-03  1.0000        1024  [    1    267         60         11 ]
           3       70429     528.306   2.249e-06   4.424e-06   1.856e-02   3.524e-03   9.143e-03  1.0000        1025  [    1    268         60         11 ]
           3       70618     529.952   2.249e-06   4.424e-06   1.856e-02   3.526e-03   9.141e-03  1.0000        1026  [    1    269         60         12 ]
           3       70816     531.741   2.249e-06   4.424e-06   1.856e-02   3.526e-03   9.141e-03  1.0000        1028  [    1    270         60         15 ]
           3       71030     533.640   2.249e-06   4.424e-06   1.856e-02   3.526e-03   9.141e-03  1.0000        1028  [    1    271         60         15 ]
           3       71247     535.286   2.249e-06   4.424e-06   1.856e-02   3.526e-03   9.142e-03  1.0000        1023  [    1    272         60         14 ]
           3       71437     536.954   2.249e-06   4.424e-06   1.856e-02   3.526e-03   9.122e-03  1.0000        1022  [    1    273         60         12 ]
           3       71760     538.214   2.249e-06   4.424e-06   1.856e-02   3.526e-03   9.122e-03  1.0000        1027  [    2     35        120         17 ]
           3       71980     540.012   2.249e-06   4.424e-06   1.856e-02   3.526e-03   9.122e-03  1.0000        1025  [    1    274         60         15 ]
           3       72202     541.740   2.249e-06   4.424e-06   1.856e-02   3.526e-03   9.122e-03  1.0000        1027  [    1    275         60         15 ]
           3       72415     543.676   2.249e-06   4.424e-06   1.856e-02   3.526e-03   9.122e-03  1.0000        1021  [    1    276         60         13 ]
           3       72597     545.601   2.249e-06   4.424e-06   1.856e-02   3.528e-03   9.110e-03  1.0000        1022  [    1    277         60         12 ]
           3       72773     547.032   2.249e-06   4.424e-06   1.856e-02   3.528e-03   9.098e-03  1.0000        1022  [    1    278         60         13 ]
           3       72960     548.665   2.249e-06   4.424e-06   1.856e-02   3.528e-03   9.098e-03  1.0000        1026  [    1    279         60         12 ]
           3       73144     550.110   2.249e-06   4.424e-06   1.856e-02   3.537e-03   9.104e-03  1.0000        1024  [    1    280         60         11 ]
           3       73320     551.773   2.249e-06   4.424e-06   1.856e-02   3.537e-03   9.104e-03  1.0000        1027  [    1    281         60         11 ]
           3       73636     553.221   2.249e-06   4.424e-06   1.856e-02   3.537e-03   9.104e-03  1.0000        1021  [    2     36        120         12 ]
           3       73823     554.722   2.249e-06   4.424e-06   1.856e-02   3.527e-03   9.099e-03  1.0000        1025  [    1    282         60         13 ]
           3       74025     556.557   2.249e-06   4.424e-06   1.856e-02   3.527e-03   9.092e-03  1.0000        1019  [    1    283         60         11 ]
           3       74203     558.101   2.249e-06   4.424e-06   1.856e-02   3.527e-03   9.092e-03  1.0000        1017  [    1    284         60         10 ]
           3       74377     559.655   2.249e-06   4.424e-06   1.856e-02   3.527e-03   9.085e-03  1.0000        1017  [    1    285         60         10 ]
           3       74551     561.439   2.249e-06   4.424e-06   1.856e-02   3.526e-03   9.039e-03  1.0000        1017  [    1    286         60         10 ]
           3       74715     563.355   2.249e-06   4.424e-06   1.856e-02   3.525e-03   9.027e-03  1.0000        1016  [    1    287         60          9 ]
           3       74873     564.763   2.249e-06   4.424e-06   1.856e-02   3.525e-03   9.027e-03  1.0000        1016  [    1    288         60          9 ]
           3       75038     566.218   2.249e-06   4.424e-06   1.856e-02   3.522e-03   9.017e-03  1.0000        1016  [    1    289         60          9 ]
           3       75377     567.428   2.249e-06   4.424e-06   1.856e-02   3.522e-03   9.017e-03  1.0000        1024  [    2     37        120         14 ]
           3       75590     568.758   2.249e-06   4.424e-06   1.856e-02   3.522e-03   9.017e-03  1.0000        1021  [    1    290         60         11 ]
           3       75778     570.344   2.249e-06   4.424e-06   1.856e-02   3.520e-03   9.000e-03  1.0000        1023  [    1    291         60         12 ]
           3       75947     572.278   2.249e-06   4.424e-06   1.856e-02   3.517e-03   8.994e-03  1.0000        1020  [    1    292         60         11 ]
           3       76123     574.057   2.249e-06   4.424e-06   1.856e-02   3.516e-03   8.986e-03  1.0000        1017  [    1    293         60          9 ]
           3       76297     575.940   2.249e-06   4.424e-06   1.856e-02   3.511e-03   8.973e-03  1.0000        1017  [    1    294         60          9 ]
           3       76459     577.662   2.249e-06   4.424e-06   1.856e-02   3.511e-03   8.973e-03  1.0000        1017  [    1    295         60          9 ]
           3       76622     579.394   2.249e-06   4.424e-06   1.856e-02   3.510e-03   8.972e-03  1.0000        1017  [    1    296         60          9 ]
           3       76790     581.134   2.249e-06   4.424e-06   1.856e-02   3.513e-03   8.952e-03  1.0000        1017  [    1    297         60          9 ]
           3       77142     582.604   2.249e-06   4.424e-06   1.856e-02   3.513e-03   8.952e-03  1.0000        1020  [    2     38        120         11 ]
           3       77326     584.066   2.249e-06   4.424e-06   1.856e-02   3.509e-03   8.950e-03  1.0000        1019  [    1    298         60         10 ]
           3       77505     585.794   2.249e-06   4.424e-06   1.856e-02   3.507e-03   8.944e-03  1.0000        1020  [    1    299         60         11 ]
           3       77695     587.614   2.249e-06   4.424e-06   1.856e-02   3.503e-03   8.939e-03  1.0000        1021  [    1    300         60         11 ]
           3       77875     589.488   2.249e-06   4.424e-06   1.856e-02   3.504e-03   8.932e-03  1.0000        1020  [    1    301         60         11 ]
           3       78056     591.346   2.249e-06   4.424e-06   1.856e-02   3.503e-03   8.931e-03  1.0000        1021  [    1    302         60         12 ]
           3       78230     593.048   2.249e-06   4.424e-06   1.856e-02   3.506e-03   8.931e-03  1.0000        1019  [    1    303         60         11 ]
           3       78411     594.895   2.249e-06   4.424e-06   1.856e-02   3.504e-03   8.899e-03  1.0000        1018  [    1    304         60         10 ]
           3       78586     596.681   2.249e-06   4.424e-06   1.856e-02   3.504e-03   8.897e-03  1.0000        1018  [    1    305         60         10 ]
           3       78913     598.023   2.249e-06   4.424e-06   1.856e-02   3.504e-03   8.897e-03  1.0000        1025  [    2     39        120         16 ]
           3       79114     599.782   2.249e-06   4.424e-06   1.856e-02   3.504e-03   8.892e-03  1.0000        1019  [    1    306         60         10 ]
           3       79290     601.203   2.249e-06   4.424e-06   1.856e-02   3.504e-03   8.892e-03  1.0000        1018  [    1    307         60         10 ]
           3       79469     603.128   2.249e-06   4.424e-06   1.856e-02   3.503e-03   8.892e-03  1.0000        1018  [    1    308         60         10 ]
           3       79642     604.826   2.249e-06   4.424e-06   1.856e-02   3.503e-03   8.887e-03  1.0000        1018  [    1    309         60         10 ]
           3       79821     606.167   2.249e-06   4.424e-06   1.856e-02   3.503e-03   8.887e-03  1.0000        1018  [    1    310         60         10 ]
           3       80006     607.469   2.249e-06   4.424e-06   1.856e-02   3.499e-03   8.857e-03  1.0000        1017  [    1    311         60          9 ]
           3       80176     609.215   2.249e-06   4.424e-06   1.856e-02   3.495e-03   8.838e-03  1.0000        1017  [    1    312         60          9 ]
           3       80346     610.720   2.249e-06   4.424e-06   1.856e-02   3.495e-03   8.838e-03  1.0000        1017  [    1    313         60          9 ]
           3       80688     612.163   2.249e-06   4.424e-06   1.856e-02   3.495e-03   8.838e-03  1.0000        1025  [    2     40        120         17 ]
           3       80913     613.784   2.249e-06   4.424e-06   1.856e-02   3.495e-03   8.837e-03  1.0000        1022  [    1    314         60         14 ]
           3       81106     615.755   2.249e-06   4.424e-06   1.856e-02   3.487e-03   8.828e-03  1.0000        1024  [    1    315         60         13 ]
           3       81314     617.252   2.249e-06   4.424e-06   1.856e-02   3.489e-03   8.828e-03  1.0000        1023  [    1    316         60         13 ]
           3       81509     618.675   2.249e-06   4.424e-06   1.856e-02   3.489e-03   8.807e-03  1.0000        1025  [    1    317         60         11 ]
           3       81686     620.136   2.249e-06   4.424e-06   1.856e-02   3.489e-03   8.807e-03  1.0000        1024  [    1    318         60         11 ]
           3       81868     621.717   2.249e-06   4.424e-06   1.856e-02   3.489e-03   8.800e-03  1.0000        1023  [    1    319         60         11 ]
           3       82048     623.548   1.622e-06   4.424e-06   1.856e-02   3.494e-03   8.801e-03  1.0000        1024  [    1    320         60         11 ]
           3       82233     624.979   1.622e-06   4.424e-06   1.856e-02   3.494e-03   8.801e-03  1.0000        1028  [    1    321         60         11 ]
           3       82595     626.523   1.622e-06   4.424e-06   1.856e-02   3.494e-03   8.801e-03  1.0000        1024  [    2     41        120         15 ]
           3       83152     628.142   1.622e-06   4.424e-06   1.856e-02   3.494e-03   8.801e-03  1.0000        1030  [    3      6        240         17 ]
           3       83380     629.834   1.622e-06   4.424e-06   1.856e-02   3.494e-03   8.787e-03  1.0000        1034  [    1    322         60         17 ]
           3       83608     631.195   1.622e-06   4.424e-06   1.856e-02   3.494e-03   8.787e-03  1.0000        1029  [    1    323         60         15 ]
           3       83819     632.675   1.622e-06   4.424e-06   1.856e-02   3.494e-03   8.778e-03  1.0000        1025  [    1    324         60         13 ]
           3       84006     634.123   1.622e-06   4.424e-06   1.856e-02   3.494e-03   8.778e-03  1.0000        1023  [    1    325         60         12 ]
           3       84173     635.856   1.622e-06   4.424e-06   1.856e-02   3.494e-03   8.778e-03  1.0000        1022  [    1    326         60         11 ]
           3       84348     637.422   1.622e-06   4.424e-06   1.856e-02   3.494e-03   8.778e-03  1.0000        1025  [    1    327         60         11 ]
           3       84532     638.834   1.622e-06   4.424e-06   1.856e-02   3.494e-03   8.778e-03  1.0000        1023  [    1    328         60         12 ]
           3       84706     640.036   1.622e-06   4.424e-06   1.856e-02   3.494e-03   8.778e-03  1.0000        1022  [    1    329         60         11 ]
           3       85113     641.387   1.622e-06   4.424e-06   1.856e-02   3.494e-03   8.778e-03  1.0000        1026  [    2     42        120         15 ]
           3       85318     642.868   1.622e-06   4.424e-06   1.856e-02   3.495e-03   8.761e-03  1.0000        1024  [    1    330         60         13 ]
           3       85521     644.730   1.622e-06   4.424e-06   1.856e-02   3.494e-03   8.753e-03  1.0000        1024  [    1    331         60         11 ]
           3       85710     646.201   1.622e-06   4.424e-06   1.856e-02   3.494e-03   8.738e-03  1.0000        1022  [    1    332         60         11 ]
           3       85891     647.611   1.622e-06   4.424e-06   1.856e-02   3.494e-03   8.738e-03  1.0000        1023  [    1    333         60         11 ]
           3       86077     648.945   1.622e-06   4.424e-06   1.856e-02   3.490e-03   8.734e-03  1.0000        1028  [    1    334         60         11 ]
           3       86267     650.482   1.622e-06   4.424e-06   1.856e-02   3.490e-03   8.734e-03  1.0000        1026  [    1    335         60         11 ]
           3       86451     652.352   1.622e-06   4.424e-06   1.856e-02   3.490e-03   8.734e-03  1.0000        1030  [    1    336         60         11 ]
           3       86637     654.203   1.622e-06   4.424e-06   1.856e-02   3.490e-03   8.729e-03  1.0000        1032  [    1    337         60         11 ]
           3       86990     655.789   1.622e-06   4.424e-06   1.856e-02   3.490e-03   8.729e-03  1.0000        1025  [    2     43        120         15 ]
           3       87203     657.183   1.622e-06   4.424e-06   1.856e-02   3.490e-03   8.728e-03  1.0000        1027  [    1    338         60         15 ]
           3       87419     658.687   1.622e-06   4.424e-06   1.856e-02   3.489e-03   8.707e-03  1.0000        1029  [    1    339         60         16 ]
           3       87625     659.959   1.622e-06   4.424e-06   1.856e-02   3.489e-03   8.707e-03  1.0000        1028  [    1    340         60         13 ]
           3       87816     661.712   1.622e-06   4.424e-06   1.856e-02   3.489e-03   8.707e-03  1.0000        1027  [    1    341         60         13 ]
           3       87996     663.396   1.622e-06   4.424e-06   1.856e-02   3.489e-03   8.707e-03  1.0000        1029  [    1    342         60         13 ]
           3       88191     664.866   1.622e-06   4.424e-06   1.856e-02   3.489e-03   8.707e-03  1.0000        1035  [    1    343         60         14 ]
           3       88382     666.667   1.622e-06   4.424e-06   1.856e-02   3.490e-03   8.696e-03  1.0000        1031  [    1    344         60         12 ]
           3       88570     668.302   1.622e-06   4.424e-06   1.856e-02   3.488e-03   8.680e-03  1.0000        1031  [    1    345         60         12 ]
           3       88951     669.622   1.622e-06   4.424e-06   1.856e-02   3.488e-03   8.680e-03  1.0000        1037  [    2     44        120         17 ]
           3       89173     671.048   1.622e-06   4.424e-06   1.856e-02   3.488e-03   8.680e-03  1.0000        1037  [    1    346         60         16 ]
           3       89384     672.634   1.622e-06   4.424e-06   1.856e-02   3.488e-03   8.680e-03  1.0000        1037  [    1    347         60         16 ]
           3       89588     674.276   1.622e-06   4.424e-06   1.856e-02   3.488e-03   8.672e-03  1.0000        1034  [    1    348         60         15 ]
           3       89796     675.943   1.622e-06   4.424e-06   1.856e-02   3.488e-03   8.672e-03  1.0000        1031  [    1    349         60         15 ]
           3       90017     677.835   1.622e-06   4.424e-06   1.856e-02   3.488e-03   8.672e-03  1.0000        1031  [    1    350         60         16 ]
           3       90219     679.563   1.622e-06   4.424e-06   1.856e-02   3.488e-03   8.672e-03  1.0000        1031  [    1    351         60         17 ]
           3       90423     681.279   1.622e-06   4.424e-06   1.856e-02   3.486e-03   8.656e-03  1.0000        1030  [    1    352         60         14 ]
           3       90613     682.828   1.622e-06   4.424e-06   1.856e-02   3.486e-03   8.656e-03  1.0000        1032  [    1    353         60         15 ]
           3       91005     684.154   1.622e-06   4.424e-06   1.856e-02   3.486e-03   8.656e-03  1.0000        1040  [    2     45        120         18 ]
           3       91245     685.606   1.622e-06   4.424e-06   1.856e-02   3.486e-03   8.618e-03  1.0000        1032  [    1    354         60         14 ]
           3       91440     686.892   1.622e-06   4.424e-06   1.856e-02   3.486e-03   8.618e-03  1.0000        1033  [    1    355         60         14 ]
           3       91640     688.722   1.622e-06   4.424e-06   1.856e-02   3.486e-03   8.618e-03  1.0000        1034  [    1    356         60         15 ]
           3       91850     689.980   1.622e-06   4.424e-06   1.856e-02   3.487e-03   8.613e-03  1.0000        1032  [    1    357         60         14 ]
           3       92056     691.174   1.622e-06   4.424e-06   1.856e-02   3.484e-03   8.611e-03  1.0000        1035  [    1    358         60         15 ]
           3       92268     692.941   1.622e-06   4.424e-06   1.856e-02   3.484e-03   8.611e-03  1.0000        1032  [    1    359         60         14 ]
           3       92461     694.653   1.622e-06   4.424e-06   1.856e-02   3.484e-03   8.611e-03  1.0000        1037  [    1    360         60         14 ]
           3       92657     695.996   1.622e-06   4.424e-06   1.856e-02   3.483e-03   8.610e-03  1.0000        1044  [    1    361         60         14 ]
           3       93037     697.270   1.622e-06   4.424e-06   1.856e-02   3.483e-03   8.610e-03  1.0000        1050  [    2     46        120         18 ]
           3       93263     698.898   1.622e-06   4.424e-06   1.856e-02   3.483e-03   8.610e-03  1.0000        1055  [    1    362         60         17 ]
           3       93469     700.679   1.622e-06   4.424e-06   1.856e-02   3.483e-03   8.610e-03  1.0000        1053  [    1    363         60         15 ]
           3       93667     702.651   1.622e-06   4.424e-06   1.856e-02   3.482e-03   8.592e-03  1.0000        1048  [    1    364         60         15 ]
           3       93868     704.131   1.622e-06   4.424e-06   1.856e-02   3.482e-03   8.592e-03  1.0000        1042  [    1    365         60         15 ]
           3       94079     706.101   1.622e-06   4.424e-06   1.856e-02   3.482e-03   8.592e-03  1.0000        1034  [    1    366         60         15 ]
           3       94287     707.725   1.622e-06   4.424e-06   1.856e-02   3.482e-03   8.592e-03  1.0000        1025  [    1    367         60         12 ]
           3       94454     709.365   1.622e-06   4.424e-06   1.856e-02   3.482e-03   8.592e-03  1.0000        1023  [    1    368         60         11 ]
           3       94615     710.554   1.622e-06   4.424e-06   1.856e-02   3.482e-03   8.592e-03  1.0000        1023  [    1    369         60         10 ]
           3       94946     711.935   1.622e-06   4.424e-06   1.856e-02   3.482e-03   8.592e-03  1.0000        1029  [    2     47        120         15 ]
           3       95141     713.322   1.622e-06   4.424e-06   1.856e-02   3.482e-03   8.592e-03  1.0000        1028  [    1    370         60         13 ]
           3       95340     714.921   1.622e-06   4.424e-06   1.856e-02   3.482e-03   8.592e-03  1.0000        1026  [    1    371         60         13 ]
           3       95530     716.782   1.622e-06   4.424e-06   1.856e-02   3.488e-03   8.592e-03  1.0000        1030  [    1    372         60         13 ]
           3       95718     718.467   1.622e-06   4.424e-06   1.856e-02   3.488e-03   8.592e-03  1.0000        1033  [    1    373         60         13 ]
           3       95909     720.301   1.622e-06   4.424e-06   1.856e-02   3.488e-03   8.592e-03  1.0000        1031  [    1    374         60         14 ]
           3       96110     721.839   1.622e-06   4.424e-06   1.856e-02   3.488e-03   8.592e-03  1.0000        1036  [    1    375         60         14 ]
           3       96320     723.553   1.622e-06   4.424e-06   1.856e-02   3.488e-03   8.592e-03  1.0000        1035  [    1    376         60         14 ]
           3       96521     725.394   1.622e-06   4.424e-06   1.856e-02   3.488e-03   8.592e-03  1.0000        1034  [    1    377         60         13 ]
           3       96888     727.171   1.622e-06   4.424e-06   1.856e-02   3.488e-03   8.592e-03  1.0000        1043  [    2     48        120         18 ]
           3       97127     728.892   1.622e-06   4.424e-06   1.856e-02   3.488e-03   8.592e-03  1.0000        1045  [    1    378         60         15 ]
           3       97336     730.731   1.622e-06   4.424e-06   1.856e-02   3.488e-03   8.592e-03  1.0000        1042  [    1    379         60         14 ]
           3       97550     732.482   1.622e-06   4.424e-06   1.856e-02   3.488e-03   8.592e-03  1.0000        1026  [    1    380         60         13 ]
           3       97756     733.862   1.622e-06   4.424e-06   1.856e-02   3.488e-03   8.592e-03  1.0000        1028  [    1    381         60         12 ]
           3       97946     735.436   1.622e-06   4.424e-06   1.856e-02   3.488e-03   8.585e-03  1.0000        1022  [    1    382         60         10 ]
           3       98118     737.109   1.622e-06   4.424e-06   1.856e-02   3.488e-03   8.585e-03  1.0000        1025  [    1    383         60         11 ]
           3       98301     738.486   1.622e-06   4.424e-06   1.856e-02   3.488e-03   8.576e-03  1.0000        1024  [    1    384         60         12 ]
           3       98475     739.642   1.622e-06   4.424e-06   1.856e-02   3.488e-03   8.554e-03  1.0000        1027  [    1    385         60         12 ]
           3       98846     741.243   1.622e-06   4.424e-06   1.856e-02   3.488e-03   8.554e-03  1.0000        1032  [    2     49        120         17 ]
           3       99419     742.492   1.622e-06   4.424e-06   1.856e-02   3.488e-03   8.550e-03  1.0000        1038  [    3      7        240         17 ]
           3       99675     743.777   1.622e-06   4.424e-06   1.857e-02   3.488e-03   8.545e-03  1.0000        1037  [    1    386         60         15 ]
           3       99898     745.363   1.622e-06   4.424e-06   1.857e-02   3.488e-03   8.545e-03  1.0000        1044  [    1    387         60         16 ]
           4      100135     746.742   1.622e-06   4.424e-06   1.857e-02   3.487e-03   8.542e-03  1.0000        1039  [    3      7        240         17 ]
