# Generation  Evaluations  Time (s)  Best_obj[0]  Best_obj[1]  Hypervol.   IGD         IGDX        SR    Appr.set  [ Pop.index  Subgen.  Pop.size  Subpops ]
           0         115       2.432   3.894e-03   7.801e-02   4.976e-01   8.894e-02   2.375e-01  0.0000          33  [    0      1         30         12 ]
           0         242       2.519   3.894e-03   7.801e-02   5.818e-01   5.701e-02   2.054e-01  0.0000          51  [    0      2         30         13 ]
           0         367       2.580   3.894e-03   1.506e-03   6.239e-01   4.085e-02   1.953e-01  0.0000          61  [    0      3         30         14 ]
           0         504       2.679   3.894e-03   1.506e-03   6.378e-01   3.943e-02   1.606e-01  0.0000          87  [    0      4         30         17 ]
           0         659       2.812   3.894e-03   1.506e-03   5.776e-01   2.506e-02   1.298e-01  0.0000          99  [    0      5         30         18 ]
           0         813       2.964   3.894e-03   1.506e-03   6.593e-01   2.110e-02   1.166e-01  0.0000         114  [    0      6         30         18 ]
           0         978       3.134   3.894e-03   1.506e-03   6.410e-01   1.958e-02   1.001e-01  0.0000         121  [    0      7         30         20 ]
           0        1156       3.306   1.579e-03   1.506e-03   5.383e-01   1.917e-02   8.668e-02  0.0000         140  [    0      8         30         24 ]
           1        1636       3.479   1.579e-03   1.506e-03   6.186e-01   1.162e-02   7.462e-02  0.0000         274  [    1      1         60         36 ]
           1        1892       3.749   1.579e-03   1.506e-03   5.670e-01   9.584e-03   7.188e-02  0.0000         267  [    0      9         30         35 ]
           1        2223       4.146   1.579e-03   1.506e-03   5.038e-01   9.515e-03   6.810e-02  0.0000         322  [    1      2         60         40 ]
           1        2510       4.488   1.579e-03   1.506e-03   5.247e-01   9.104e-03   6.459e-02  0.0000         346  [    0     10         30         42 ]
           1        2808       5.004   1.579e-03   1.506e-03   6.010e-01   8.584e-03   6.348e-02  0.0000         359  [    0     11         30         40 ]
           1        3100       5.262   1.617e-04   1.506e-03   5.155e-01   7.709e-03   5.951e-02  0.0000         377  [    0     12         30         41 ]
           1        3407       5.565   1.617e-04   1.506e-03   6.204e-01   7.356e-03   5.632e-02  0.0000         387  [    0     13         30         40 ]
           1        3709       5.833   1.617e-04   1.506e-03   6.484e-01   7.119e-03   5.407e-02  0.0000         391  [    0     14         30         39 ]
           1        4017       6.163   1.617e-04   1.506e-03   6.557e-01   7.091e-03   5.295e-02  0.0000         390  [    0     15         30         37 ]
           1        4302       6.603   1.617e-04   1.506e-03   5.728e-01   6.829e-03   5.108e-02  0.5000         404  [    0     16         30         37 ]
           1        4593       7.209   1.617e-04   1.506e-03   6.856e-01   6.611e-03   5.058e-02  0.5000         412  [    0     17         30         39 ]
           1        4973       7.778   1.617e-04   1.506e-03   6.203e-01   5.209e-03   4.603e-02  0.5000         455  [    1      3         60         40 ]
           1        5296       8.602   1.617e-04   1.506e-03   5.488e-01   5.128e-03   4.552e-02  1.0000         474  [    0     18         30         42 ]
           1        5612       9.306   1.617e-04   1.506e-03   5.445e-01   5.052e-03   4.497e-02  1.0000         486  [    0     19         30         42 ]
           1        5934       9.990   1.617e-04   1.541e-06   6.618e-01   4.912e-03   4.460e-02  1.0000         501  [    0     20         30         41 ]
           1        6264      10.398   1.617e-04   1.541e-06   5.963e-01   4.752e-03   4.284e-02  1.0000         524  [    0     21         30         43 ]
           1        6594      10.887   1.617e-04   1.541e-06   6.045e-01   4.623e-03   4.180e-02  1.0000         532  [    0     22         30         44 ]
           1        6936      11.415   1.617e-04   1.541e-06   5.471e-01   4.568e-03   4.067e-02  1.0000         542  [    0     23         30         44 ]
           1        7271      11.859   1.617e-04   1.541e-06   5.426e-01   4.429e-03   4.030e-02  1.0000         559  [    0     24         30         42 ]
           1        7595      12.453   1.617e-04   1.541e-06   5.867e-01   4.159e-03   3.999e-02  1.0000         559  [    0     25         30         41 ]
           1        8000      13.155   1.617e-04   1.541e-06   6.307e-01   3.910e-03   3.765e-02  1.0000         577  [    1      4         60         40 ]
           1        8318      13.592   1.617e-04   1.541e-06   5.907e-01   3.690e-03   3.667e-02  1.0000         579  [    0     26         30         39 ]
           1        8630      14.039   1.617e-04   1.541e-06   5.886e-01   3.650e-03   3.653e-02  1.0000         582  [    0     27         30         38 ]
           1        8942      15.023   1.617e-04   1.541e-06   6.396e-01   3.635e-03   3.624e-02  1.0000         589  [    0     28         30         38 ]
           1        9248      16.004   1.617e-04   1.541e-06   6.366e-01   3.619e-03   3.619e-02  1.0000         586  [    0     29         30         37 ]
           1        9552      16.527   1.617e-04   1.541e-06   6.274e-01   3.591e-03   3.571e-02  1.0000         599  [    0     30         30         37 ]
           1        9870      17.456   1.617e-04   1.541e-06   6.244e-01   3.576e-03   3.558e-02  1.0000         607  [    0     31         30         37 ]
           1       10199      18.025   1.617e-04   1.541e-06   5.917e-01   3.433e-03   3.478e-02  1.0000         621  [    0     32         30         39 ]
           1       10525      18.583   1.617e-04   1.541e-06   5.887e-01   3.428e-03   3.450e-02  1.0000         630  [    0     33         30         39 ]
           1       10916      19.045   1.617e-04   1.541e-06   6.416e-01   3.284e-03   3.284e-02  1.0000         654  [    1      5         60         39 ]
           1       11236      19.540   1.617e-04   1.541e-06   5.985e-01   3.228e-03   3.110e-02  1.0000         670  [    0     34         30         39 ]
           1       11550      20.208   1.617e-04   1.541e-06   6.060e-01   3.223e-03   2.976e-02  1.0000         674  [    0     35         30         39 ]
           1       11890      20.692   1.617e-04   1.541e-06   6.649e-01   3.048e-03   2.877e-02  1.0000         687  [    0     36         30         38 ]
           1       12197      21.517   1.617e-04   1.541e-06   6.193e-01   2.904e-03   2.868e-02  1.0000         694  [    0     37         30         38 ]
           1       12507      22.141   1.617e-04   1.541e-06   6.202e-01   2.886e-03   2.837e-02  1.0000         711  [    0     38         30         36 ]
           1       12804      22.698   1.617e-04   1.541e-06   6.216e-01   2.840e-03   2.859e-02  1.0000         706  [    0     39         30         36 ]
           1       13102      23.197   1.617e-04   1.541e-06   6.652e-01   2.819e-03   2.875e-02  1.0000         714  [    0     40         30         35 ]
           1       13406      23.756   1.617e-04   1.541e-06   6.202e-01   2.817e-03   2.868e-02  1.0000         725  [    0     41         30         35 ]
           1       13764      24.314   1.617e-04   1.541e-06   6.078e-01   2.809e-03   2.816e-02  1.0000         744  [    1      6         60         36 ]
           1       14069      24.840   1.617e-04   1.541e-06   6.040e-01   2.794e-03   2.850e-02  1.0000         743  [    0     42         30         37 ]
           1       14378      25.536   1.617e-04   1.541e-06   6.597e-01   2.704e-03   2.836e-02  1.0000         758  [    0     43         30         37 ]
           1       14702      26.173   1.617e-04   1.541e-06   6.148e-01   2.657e-03   2.710e-02  1.0000         757  [    0     44         30         39 ]
           1       15004      26.796   1.617e-04   1.541e-06   6.710e-01   2.651e-03   2.720e-02  1.0000         757  [    0     45         30         38 ]
           1       15312      27.335   1.617e-04   1.541e-06   6.268e-01   2.589e-03   2.700e-02  1.0000         750  [    0     46         30         38 ]
           1       15616      27.923   1.617e-04   1.541e-06   6.792e-01   2.538e-03   2.646e-02  1.0000         759  [    0     47         30         38 ]
           1       15940      29.119   1.617e-04   1.541e-06   6.220e-01   2.497e-03   2.658e-02  1.0000         769  [    0     48         30         38 ]
           1       16248      29.739   1.617e-04   1.541e-06   6.856e-01   2.482e-03   2.665e-02  1.0000         758  [    0     49         30         36 ]
           1       16618      30.288   1.617e-04   1.541e-06   6.396e-01   2.449e-03   2.630e-02  1.0000         780  [    1      7         60         36 ]
           1       16911      30.999   1.617e-04   1.541e-06   6.778e-01   2.416e-03   2.623e-02  1.0000         796  [    0     50         30         36 ]
           1       17214      32.161   1.617e-04   1.541e-06   6.376e-01   2.383e-03   2.599e-02  1.0000         806  [    0     51         30         36 ]
           1       17517      32.811   1.617e-04   1.541e-06   6.332e-01   2.370e-03   2.590e-02  1.0000         807  [    0     52         30         37 ]
           1       17819      33.583   1.617e-04   1.541e-06   6.738e-01   2.367e-03   2.585e-02  1.0000         813  [    0     53         30         38 ]
           1       18121      34.191   1.617e-04   1.541e-06   5.709e-01   2.367e-03   2.571e-02  1.0000         816  [    0     54         30         38 ]
           1       18431      34.776   1.617e-04   1.541e-06   6.771e-01   2.355e-03   2.576e-02  1.0000         815  [    0     55         30         38 ]
           1       18743      35.525   1.617e-04   1.541e-06   6.375e-01   2.354e-03   2.555e-02  1.0000         817  [    0     56         30         38 ]
           1       19060      36.116   1.617e-04   1.541e-06   6.372e-01   2.305e-03   2.477e-02  1.0000         836  [    0     57         30         38 ]
           1       19437      36.719   1.617e-04   1.541e-06   6.352e-01   2.293e-03   2.493e-02  1.0000         854  [    1      8         60         38 ]
           1       19764      37.596   1.617e-04   1.541e-06   6.834e-01   2.238e-03   2.464e-02  1.0000         842  [    0     58         30         36 ]
           1       20102      38.809   1.617e-04   1.541e-06   6.832e-01   2.183e-03   2.383e-02  1.0000         851  [    0     59         30         36 ]
           1       20423      39.948   1.617e-04   1.541e-06   6.446e-01   2.169e-03   2.351e-02  1.0000         837  [    0     60         30         35 ]
           1       20743      40.606   1.617e-04   1.541e-06   6.440e-01   2.169e-03   2.333e-02  1.0000         836  [    0     61         30         34 ]
           1       21046      41.350   1.617e-04   1.541e-06   6.482e-01   2.169e-03   2.368e-02  1.0000         836  [    0     62         30         32 ]
           1       21353      41.999   1.617e-04   1.541e-06   6.436e-01   2.162e-03   2.359e-02  1.0000         841  [    0     63         30         32 ]
           1       21648      42.790   1.617e-04   1.541e-06   6.521e-01   2.149e-03   2.322e-02  1.0000         834  [    0     64         30         32 ]
           2       23414      43.500   2.108e-06   1.541e-06   5.565e-01   2.683e-03   2.954e-02  1.0000         749  [    2      1        120         51 ]
           2       23880      44.034   2.108e-06   1.541e-06   5.999e-01   2.603e-03   3.027e-02  1.0000         605  [    0     65         30         42 ]
           2       24307      44.463   2.108e-06   1.541e-06   5.581e-01   2.513e-03   2.966e-02  1.0000         594  [    1      9         60         35 ]
           2       24880      45.050   2.108e-06   1.541e-06   6.089e-01   2.373e-03   2.885e-02  1.0000         657  [    2      2        120         36 ]
           2       25228      45.664   2.108e-06   1.541e-06   5.176e-01   2.354e-03   2.854e-02  1.0000         670  [    0     66         30         35 ]
           2       25576      46.280   2.108e-06   1.541e-06   5.642e-01   2.317e-03   2.819e-02  1.0000         683  [    0     67         30         34 ]
           2       25901      46.770   2.108e-06   1.541e-06   6.147e-01   2.316e-03   2.766e-02  1.0000         677  [    0     68         30         34 ]
           2       26227      47.890   2.108e-06   1.541e-06   6.148e-01   2.301e-03   2.734e-02  1.0000         694  [    0     69         30         37 ]
           2       26565      49.091   2.108e-06   1.541e-06   6.158e-01   2.289e-03   2.699e-02  1.0000         692  [    0     70         30         36 ]
           2       26890      50.009   2.108e-06   1.541e-06   5.232e-01   2.289e-03   2.699e-02  1.0000         695  [    0     71         30         36 ]
           2       27225      51.064   2.108e-06   1.541e-06   5.241e-01   2.289e-03   2.699e-02  1.0000         700  [    0     72         30         37 ]
           2       27562      51.629   2.108e-06   1.541e-06   6.205e-01   2.264e-03   2.674e-02  1.0000         684  [    0     73         30         36 ]
           2       27964      52.189   2.108e-06   1.541e-06   6.158e-01   2.240e-03   2.612e-02  1.0000         699  [    1     10         60         36 ]
           2       28298      52.813   2.108e-06   1.541e-06   5.548e-01   2.224e-03   2.610e-02  1.0000         698  [    0     74         30         34 ]
           2       28609      53.361   2.108e-06   1.541e-06   6.204e-01   2.224e-03   2.610e-02  1.0000         702  [    0     75         30         32 ]
           2       28914      53.936   2.108e-06   1.541e-06   5.535e-01   2.222e-03   2.610e-02  1.0000         710  [    0     76         30         32 ]
           2       29224      54.891   2.108e-06   1.541e-06   5.543e-01   2.184e-03   2.568e-02  1.0000         720  [    0     77         30         32 ]
           2       29520      55.469   2.108e-06   1.541e-06   5.489e-01   2.180e-03   2.568e-02  1.0000         735  [    0     78         30         32 ]
           2       29818      56.547   2.108e-06   1.541e-06   5.577e-01   2.170e-03   2.563e-02  1.0000         727  [    0     79         30         31 ]
           2       30121      57.301   2.108e-06   1.541e-06   6.229e-01   2.156e-03   2.561e-02  1.0000         740  [    0     80         30         34 ]
           2       30447      57.900   2.108e-06   1.541e-06   6.222e-01   2.137e-03   2.535e-02  1.0000         753  [    0     81         30         33 ]
           2       30861      58.504   2.108e-06   1.541e-06   5.977e-01   2.101e-03   2.527e-02  1.0000         749  [    1     11         60         34 ]
           2       31195      59.130   2.108e-06   1.541e-06   5.974e-01   2.086e-03   2.526e-02  1.0000         764  [    0     82         30         34 ]
           2       31529      59.721   2.108e-06   1.541e-06   5.992e-01   2.085e-03   2.519e-02  1.0000         777  [    0     83         30         33 ]
           2       31845      60.369   2.108e-06   1.541e-06   5.897e-01   2.078e-03   2.470e-02  1.0000         770  [    0     84         30         32 ]
           2       32158      61.064   2.108e-06   1.541e-06   6.268e-01   2.065e-03   2.447e-02  1.0000         763  [    0     85         30         31 ]
           2       32474      61.609   2.108e-06   1.541e-06   6.499e-01   2.016e-03   2.377e-02  1.0000         777  [    0     86         30         31 ]
           2       32788      62.167   2.108e-06   1.541e-06   5.482e-01   1.987e-03   2.343e-02  1.0000         789  [    0     87         30         30 ]
           2       33096      62.828   2.108e-06   1.541e-06   6.173e-01   1.957e-03   2.335e-02  1.0000         801  [    0     88         30         30 ]
           2       33384      63.493   2.108e-06   1.541e-06   6.201e-01   1.954e-03   2.333e-02  1.0000         805  [    0     89         30         30 ]
           2       33762      64.076   2.108e-06   1.541e-06   5.382e-01   1.902e-03   2.298e-02  1.0000         828  [    1     12         60         29 ]
           2       34068      64.681   2.108e-06   1.541e-06   6.333e-01   1.885e-03   2.270e-02  1.0000         811  [    0     90         30         31 ]
           2       34376      65.309   2.108e-06   1.541e-06   6.739e-01   1.885e-03   2.270e-02  1.0000         813  [    0     91         30         30 ]
           2       34663      66.022   2.108e-06   1.541e-06   5.569e-01   1.883e-03   2.254e-02  1.0000         822  [    0     92         30         30 ]
           2       34967      66.926   2.108e-06   1.541e-06   5.563e-01   1.873e-03   2.247e-02  1.0000         838  [    0     93         30         31 ]
           2       35268      67.665   2.108e-06   1.541e-06   6.326e-01   1.859e-03   2.223e-02  1.0000         848  [    0     94         30         31 ]
           2       35569      68.346   2.108e-06   1.541e-06   6.611e-01   1.858e-03   2.221e-02  1.0000         847  [    0     95         30         31 ]
           2       35883      68.992   2.108e-06   1.541e-06   6.395e-01   1.831e-03   2.195e-02  1.0000         862  [    0     96         30         32 ]
           2       36206      69.617   2.108e-06   1.541e-06   6.358e-01   1.823e-03   2.194e-02  1.0000         870  [    0     97         30         36 ]
           2       36606      70.253   2.108e-06   1.541e-06   6.576e-01   1.823e-03   2.191e-02  1.0000         875  [    1     13         60         35 ]
           2       36913      71.008   2.108e-06   1.541e-06   5.695e-01   1.781e-03   2.160e-02  1.0000         863  [    0     98         30         32 ]
           2       37228      71.699   2.108e-06   1.541e-06   5.701e-01   1.769e-03   2.162e-02  1.0000         867  [    0     99         30         32 ]
           2       37547      72.362   2.108e-06   1.541e-06   6.846e-01   1.769e-03   2.125e-02  1.0000         851  [    0    100         30         31 ]
           2       37845      72.979   2.108e-06   1.541e-06   6.917e-01   1.769e-03   2.125e-02  1.0000         838  [    0    101         30         31 ]
           2       38141      73.626   2.108e-06   1.541e-06   6.040e-01   1.769e-03   2.128e-02  1.0000         846  [    0    102         30         30 ]
           2       38432      74.839   2.108e-06   1.541e-06   6.026e-01   1.737e-03   2.119e-02  1.0000         849  [    0    103         30         31 ]
           2       38729      75.520   2.108e-06   1.541e-06   6.060e-01   1.704e-03   2.079e-02  1.0000         858  [    0    104         30         30 ]
           2       39023      76.143   2.108e-06   1.541e-06   6.898e-01   1.704e-03   2.079e-02  1.0000         863  [    0    105         30         29 ]
           2       39390      76.800   2.108e-06   1.541e-06   6.845e-01   1.690e-03   2.065e-02  1.0000         885  [    1     14         60         30 ]
           2       39698      78.055   2.108e-06   1.541e-06   6.913e-01   1.676e-03   2.034e-02  1.0000         883  [    0    106         30         27 ]
           2       39989      78.983   2.108e-06   1.541e-06   6.924e-01   1.664e-03   2.026e-02  1.0000         877  [    0    107         30         26 ]
           2       40255      80.330   2.108e-06   1.541e-06   6.663e-01   1.659e-03   2.024e-02  1.0000         883  [    0    108         30         26 ]
           2       40515      81.179   2.108e-06   1.541e-06   6.967e-01   1.616e-03   1.977e-02  1.0000         889  [    0    109         30         25 ]
           2       40781      82.161   2.108e-06   1.541e-06   6.144e-01   1.615e-03   1.974e-02  1.0000         893  [    0    110         30         26 ]
           2       41047      83.173   2.108e-06   1.541e-06   6.839e-01   1.608e-03   1.972e-02  1.0000         910  [    0    111         30         25 ]
           2       41310      84.393   2.108e-06   1.541e-06   6.831e-01   1.608e-03   1.972e-02  1.0000         917  [    0    112         30         26 ]
           2       41583      85.098   2.108e-06   1.541e-06   5.969e-01   1.605e-03   1.963e-02  1.0000         924  [    0    113         30         29 ]
           2       41930      85.926   2.108e-06   1.541e-06   6.475e-01   1.602e-03   1.968e-02  1.0000         934  [    1     15         60         27 ]
           2       42202      86.768   2.108e-06   1.541e-06   6.743e-01   1.602e-03   1.956e-02  1.0000         941  [    0    114         30         28 ]
           2       42483      88.034   2.108e-06   1.541e-06   5.914e-01   1.592e-03   1.950e-02  1.0000         958  [    0    115         30         28 ]
           2       42773      88.740   2.108e-06   1.541e-06   6.587e-01   1.573e-03   1.918e-02  1.0000         969  [    0    116         30         28 ]
           2       43054      89.454   2.108e-06   1.541e-06   6.788e-01   1.564e-03   1.903e-02  1.0000         968  [    0    117         30         27 ]
           2       43335      90.554   2.108e-06   1.541e-06   6.632e-01   1.564e-03   1.903e-02  1.0000         973  [    0    118         30         27 ]
           2       43625      91.270   2.108e-06   1.541e-06   5.928e-01   1.558e-03   1.900e-02  1.0000         983  [    0    119         30         27 ]
           2       43915      92.130   2.108e-06   1.541e-06   6.615e-01   1.558e-03   1.900e-02  1.0000         984  [    0    120         30         26 ]
           2       44192      92.969   2.108e-06   1.541e-06   6.597e-01   1.557e-03   1.898e-02  1.0000         985  [    0    121         30         27 ]
           2       44545      94.144   2.108e-06   1.541e-06   6.644e-01   1.544e-03   1.884e-02  1.0000         988  [    1     16         60         26 ]
           2       44834      95.284   2.108e-06   1.541e-06   6.859e-01   1.542e-03   1.885e-02  1.0000         989  [    0    122         30         27 ]
           2       45120      96.110   2.108e-06   1.541e-06   6.857e-01   1.522e-03   1.849e-02  1.0000        1005  [    0    123         30         27 ]
           2       45416      96.959   2.108e-06   1.541e-06   5.728e-01   1.503e-03   1.836e-02  1.0000        1015  [    0    124         30         27 ]
           2       45701      98.285   2.108e-06   1.541e-06   7.047e-01   1.502e-03   1.835e-02  1.0000        1004  [    0    125         30         26 ]
           2       45978      99.791   2.108e-06   1.541e-06   7.037e-01   1.498e-03   1.831e-02  1.0000        1009  [    0    126         30         27 ]
           2       46259     100.700   2.108e-06   1.541e-06   7.033e-01   1.490e-03   1.828e-02  1.0000        1017  [    0    127         30         26 ]
           2       46541     101.618   2.108e-06   1.541e-06   7.037e-01   1.472e-03   1.808e-02  1.0000        1027  [    0    128         30         27 ]
           2       46823     102.425   2.108e-06   1.541e-06   5.896e-01   1.442e-03   1.803e-02  1.0000        1033  [    0    129         30         27 ]
           2       47181     103.239   2.108e-06   1.541e-06   5.781e-01   1.429e-03   1.801e-02  1.0000        1050  [    1     17         60         29 ]
           2       47698     104.305   2.108e-06   1.541e-06   6.839e-01   1.406e-03   1.793e-02  1.0000        1095  [    2      3        120         28 ]
           2       47983     105.299   2.108e-06   1.541e-06   5.807e-01   1.395e-03   1.787e-02  1.0000        1101  [    0    130         30         25 ]
           2       48245     106.134   2.108e-06   1.541e-06   5.771e-01   1.389e-03   1.787e-02  1.0000        1114  [    0    131         30         25 ]
           2       48516     107.096   2.108e-06   1.541e-06   6.888e-01   1.361e-03   1.763e-02  1.0000        1123  [    0    132         30         24 ]
           2       48785     108.122   2.108e-06   1.541e-06   6.110e-01   1.352e-03   1.763e-02  1.0000        1129  [    0    133         30         24 ]
           2       49056     109.152   2.108e-06   1.541e-06   6.118e-01   1.342e-03   1.761e-02  1.0000        1140  [    0    134         30         25 ]
           2       49340     110.350   2.108e-06   1.541e-06   6.563e-01   1.341e-03   1.761e-02  1.0000        1147  [    0    135         30         24 ]
           2       49619     111.296   2.108e-06   1.541e-06   5.741e-01   1.341e-03   1.761e-02  1.0000        1150  [    0    136         30         25 ]
           2       49915     112.194   2.108e-06   1.541e-06   5.708e-01   1.338e-03   1.760e-02  1.0000        1167  [    0    137         30         25 ]
           2       50271     113.233   2.108e-06   1.541e-06   5.676e-01   1.338e-03   1.759e-02  1.0000        1177  [    1     18         60         27 ]
           2       50574     114.278   2.108e-06   1.541e-06   5.707e-01   1.342e-03   1.752e-02  1.0000        1184  [    0    138         30         27 ]
           2       50867     115.799   2.108e-06   1.541e-06   6.802e-01   1.342e-03   1.753e-02  1.0000        1178  [    0    139         30         27 ]
           2       51159     117.164   2.108e-06   1.541e-06   6.820e-01   1.336e-03   1.753e-02  1.0000        1184  [    0    140         30         27 ]
           2       51452     118.254   2.108e-06   1.541e-06   6.746e-01   1.327e-03   1.752e-02  1.0000        1186  [    0    141         30         26 ]
           2       51738     119.680   2.108e-06   1.541e-06   5.661e-01   1.327e-03   1.752e-02  1.0000        1188  [    0    142         30         25 ]
           2       52018     120.597   2.108e-06   1.541e-06   5.593e-01   1.327e-03   1.752e-02  1.0000        1192  [    0    143         30         23 ]
           2       52303     121.637   2.108e-06   1.541e-06   6.702e-01   1.327e-03   1.752e-02  1.0000        1198  [    0    144         30         23 ]
           2       52590     123.802   2.108e-06   1.541e-06   6.458e-01   1.327e-03   1.752e-02  1.0000        1202  [    0    145         30         25 ]
           2       52961     124.918   2.108e-06   1.541e-06   5.622e-01   1.326e-03   1.742e-02  1.0000        1215  [    1     19         60         27 ]
           2       53264     125.921   2.108e-06   1.541e-06   6.636e-01   1.326e-03   1.749e-02  1.0000        1208  [    0    146         30         24 ]
           2       53537     127.034   2.108e-06   1.541e-06   5.691e-01   1.317e-03   1.746e-02  1.0000        1204  [    0    147         30         22 ]
           2       53822     128.959   2.108e-06   1.541e-06   5.916e-01   1.317e-03   1.745e-02  1.0000        1202  [    0    148         30         23 ]
           2       54093     129.964   2.108e-06   1.541e-06   6.667e-01   1.314e-03   1.741e-02  1.0000        1213  [    0    149         30         23 ]
           2       54369     131.037   2.108e-06   1.541e-06   6.675e-01   1.304e-03   1.730e-02  1.0000        1224  [    0    150         30         23 ]
           2       54644     132.043   2.108e-06   1.541e-06   5.853e-01   1.302e-03   1.713e-02  1.0000        1227  [    0    151         30         24 ]
           2       54937     133.742   2.108e-06   1.541e-06   6.459e-01   1.302e-03   1.713e-02  1.0000        1227  [    0    152         30         25 ]
           2       55215     134.858   2.108e-06   1.541e-06   6.460e-01   1.302e-03   1.713e-02  1.0000        1229  [    0    153         30         24 ]
           2       55582     136.775   2.108e-06   1.541e-06   6.688e-01   1.290e-03   1.706e-02  1.0000        1239  [    1     20         60         25 ]
           2       55873     137.839   2.108e-06   1.541e-06   5.739e-01   1.290e-03   1.706e-02  1.0000        1237  [    0    154         30         23 ]
           2       56165     138.957   2.108e-06   1.541e-06   5.898e-01   2.004e-03   2.440e-02  1.0000         764  [    0    155         30         23 ]
           2       56473     139.678   2.108e-06   1.541e-06   5.754e-01   2.014e-03   2.442e-02  1.0000         740  [    0    156         30         22 ]
           2       56756     140.535   2.108e-06   1.541e-06   5.801e-01   1.991e-03   2.424e-02  1.0000         750  [    0    157         30         21 ]
           2       57020     141.083   2.108e-06   1.541e-06   6.003e-01   1.991e-03   2.416e-02  1.0000         752  [    0    158         30         21 ]
           2       57281     141.618   2.108e-06   1.541e-06   5.834e-01   1.967e-03   2.409e-02  1.0000         758  [    0    159         30         22 ]
           2       57537     142.266   2.108e-06   1.541e-06   4.913e-01   1.960e-03   2.403e-02  1.0000         758  [    0    160         30         21 ]
           2       57796     142.816   2.108e-06   1.541e-06   5.143e-01   1.949e-03   2.379e-02  1.0000         771  [    0    161         30         20 ]
           2       58129     143.452   8.622e-07   1.541e-06   5.201e-01   1.923e-03   2.324e-02  1.0000         803  [    1     21         60         21 ]
           2       58394     144.103   8.622e-07   1.541e-06   5.343e-01   1.918e-03   2.323e-02  1.0000         803  [    0    162         30         22 ]
           2       58657     144.807   8.622e-07   1.541e-06   5.181e-01   1.879e-03   2.320e-02  1.0000         789  [    0    163         30         21 ]
           2       58921     145.580   8.622e-07   1.541e-06   5.889e-01   1.879e-03   2.317e-02  1.0000         795  [    0    164         30         21 ]
           2       59182     146.455   8.622e-07   1.541e-06   5.048e-01   1.868e-03   2.305e-02  1.0000         812  [    0    165         30         22 ]
           2       59461     147.103   8.622e-07   1.541e-06   5.221e-01   1.868e-03   2.301e-02  1.0000         815  [    0    166         30         24 ]
           2       59737     148.026   8.622e-07   1.541e-06   5.107e-01   1.868e-03   2.301e-02  1.0000         818  [    0    167         30         24 ]
           2       60004     148.778   8.622e-07   1.541e-06   5.076e-01   1.868e-03   2.296e-02  1.0000         826  [    0    168         30         24 ]
           2       60278     149.543   8.622e-07   1.541e-06   5.420e-01   1.860e-03   2.281e-02  1.0000         806  [    0    169         30         24 ]
           2       60610     150.296   8.622e-07   1.541e-06   6.049e-01   1.813e-03   2.266e-02  1.0000         826  [    1     22         60         26 ]
           2       60896     151.108   8.622e-07   1.541e-06   5.668e-01   1.805e-03   2.272e-02  1.0000         797  [    0    170         30         27 ]
           2       61182     151.908   8.622e-07   1.541e-06   6.312e-01   1.795e-03   2.267e-02  1.0000         813  [    0    171         30         25 ]
           2       61449     152.675   8.622e-07   1.541e-06   5.933e-01   1.795e-03   2.267e-02  1.0000         815  [    0    172         30         24 ]
           2       61718     153.331   8.622e-07   1.541e-06   6.326e-01   1.767e-03   2.237e-02  1.0000         834  [    0    173         30         24 ]
           2       61993     153.946   8.622e-07   1.541e-06   6.412e-01   1.757e-03   2.229e-02  1.0000         824  [    0    174         30         23 ]
           2       62253     154.536   8.622e-07   1.541e-06   6.412e-01   1.757e-03   2.248e-02  1.0000         826  [    0    175         30         23 ]
           2       62509     155.195   8.622e-07   1.541e-06   5.767e-01   1.756e-03   2.247e-02  1.0000         824  [    0    176         30         22 ]
           2       62765     155.797   8.622e-07   1.541e-06   6.417e-01   1.754e-03   2.247e-02  1.0000         830  [    0    177         30         21 ]
           2       63086     156.469   8.622e-07   1.541e-06   6.534e-01   1.720e-03   2.194e-02  1.0000         847  [    1     23         60         21 ]
           2       63345     157.216   8.622e-07   1.541e-06   6.607e-01   1.689e-03   2.175e-02  1.0000         847  [    0    178         30         19 ]
           2       63592     157.952   8.622e-07   1.541e-06   5.503e-01   1.685e-03   2.162e-02  1.0000         838  [    0    179         30         20 ]
           2       63839     158.617   8.622e-07   1.541e-06   5.503e-01   1.682e-03   2.151e-02  1.0000         839  [    0    180         30         20 ]
           2       64103     159.363   8.622e-07   1.541e-06   6.603e-01   1.668e-03   2.149e-02  1.0000         837  [    0    181         30         21 ]
           2       64365     160.134   8.622e-07   1.541e-06   6.694e-01   1.668e-03   2.149e-02  1.0000         839  [    0    182         30         21 ]
           2       64620     160.812   8.622e-07   1.541e-06   5.616e-01   1.668e-03   2.149e-02  1.0000         838  [    0    183         30         20 ]
           2       64864     161.450   8.622e-07   1.541e-06   5.621e-01   1.667e-03   2.150e-02  1.0000         842  [    0    184         30         21 ]
           2       65138     162.208   8.622e-07   1.541e-06   5.601e-01   1.664e-03   2.148e-02  1.0000         846  [    0    185         30         24 ]
           2       65492     162.929   8.622e-07   1.541e-06   6.681e-01   1.646e-03   2.145e-02  1.0000         857  [    1     24         60         26 ]
           2       65778     164.032   8.622e-07   1.541e-06   6.567e-01   1.646e-03   2.144e-02  1.0000         866  [    0    186         30         26 ]
           2       66043     164.664   8.622e-07   1.541e-06   6.671e-01   1.646e-03   2.142e-02  1.0000         870  [    0    187         30         25 ]
           2       66318     165.434   8.622e-07   1.541e-06   6.680e-01   1.646e-03   2.142e-02  1.0000         870  [    0    188         30         25 ]
           2       66584     166.668   8.622e-07   1.541e-06   6.708e-01   1.640e-03   2.141e-02  1.0000         878  [    0    189         30         24 ]
           2       66859     167.421   8.622e-07   1.541e-06   6.651e-01   1.639e-03   2.137e-02  1.0000         878  [    0    190         30         23 ]
           2       67128     168.098   8.622e-07   1.541e-06   5.621e-01   1.639e-03   2.138e-02  1.0000         877  [    0    191         30         23 ]
           2       67393     168.905   8.622e-07   1.541e-06   5.610e-01   1.633e-03   2.138e-02  1.0000         882  [    0    192         30         24 ]
           2       67669     169.648   8.622e-07   1.541e-06   5.607e-01   1.633e-03   2.138e-02  1.0000         885  [    0    193         30         24 ]
           2       68021     170.383   8.622e-07   1.541e-06   6.118e-01   1.603e-03   2.103e-02  1.0000         903  [    1     25         60         23 ]
           2       68498     171.087   8.622e-07   1.541e-06   6.386e-01   1.544e-03   2.065e-02  1.0000         940  [    2      4        120         23 ]
           2       68769     171.817   8.622e-07   1.541e-06   6.409e-01   1.544e-03   2.063e-02  1.0000         938  [    0    194         30         23 ]
           2       69043     172.796   8.622e-07   1.541e-06   5.571e-01   1.537e-03   2.066e-02  1.0000         945  [    0    195         30         22 ]
           2       69314     173.624   8.622e-07   1.541e-06   6.656e-01   1.531e-03   2.065e-02  1.0000         957  [    0    196         30         22 ]
           2       69567     174.719   8.622e-07   1.541e-06   5.654e-01   1.528e-03   2.054e-02  1.0000         948  [    0    197         30         19 ]
           2       69847     175.522   8.622e-07   1.541e-06   6.750e-01   1.528e-03   2.054e-02  1.0000         948  [    0    198         30         19 ]
           2       70110     176.272   8.622e-07   1.541e-06   6.727e-01   1.520e-03   2.051e-02  1.0000         958  [    0    199         30         20 ]
           2       70384     177.644   8.622e-07   1.541e-06   6.727e-01   1.516e-03   2.053e-02  1.0000         962  [    0    200         30         19 ]
           2       70644     178.389   8.622e-07   1.541e-06   6.786e-01   1.516e-03   2.047e-02  1.0000         965  [    0    201         30         19 ]
           2       70974     179.382   8.622e-07   1.541e-06   5.761e-01   1.505e-03   2.046e-02  1.0000         948  [    1     26         60         20 ]
           2       71241     180.158   8.622e-07   1.541e-06   6.819e-01   1.498e-03   2.042e-02  1.0000         955  [    0    202         30         20 ]
           2       71508     180.871   8.622e-07   1.541e-06   6.787e-01   1.465e-03   1.991e-02  1.0000         968  [    0    203         30         21 ]
           2       71776     181.639   8.622e-07   1.541e-06   6.560e-01   1.459e-03   1.991e-02  1.0000         971  [    0    204         30         20 ]
           2       72031     182.356   8.622e-07   1.541e-06   6.987e-01   1.442e-03   1.987e-02  1.0000         956  [    0    205         30         18 ]
           2       72298     183.296   8.622e-07   1.541e-06   5.868e-01   1.436e-03   1.981e-02  1.0000         975  [    0    206         30         21 ]
           2       72590     184.342   8.622e-07   1.541e-06   5.853e-01   1.432e-03   1.980e-02  1.0000         986  [    0    207         30         22 ]
           2       72882     185.247   8.622e-07   1.541e-06   6.962e-01   1.432e-03   1.980e-02  1.0000         984  [    0    208         30         21 ]
           2       73156     187.030   8.622e-07   1.541e-06   6.943e-01   1.429e-03   1.978e-02  1.0000         985  [    0    209         30         21 ]
           2       73501     188.485   8.622e-07   1.541e-06   6.860e-01   1.429e-03   1.973e-02  1.0000        1002  [    1     27         60         22 ]
           2       73791     189.365   8.622e-07   1.541e-06   6.874e-01   1.399e-03   1.972e-02  1.0000        1015  [    0    210         30         22 ]
           2       74060     190.269   8.622e-07   1.541e-06   6.904e-01   1.397e-03   1.972e-02  1.0000        1011  [    0    211         30         19 ]
           2       74324     191.186   8.622e-07   1.541e-06   6.874e-01   1.392e-03   1.967e-02  1.0000        1016  [    0    212         30         19 ]
           2       74597     192.549   8.622e-07   1.541e-06   6.869e-01   1.386e-03   1.963e-02  1.0000        1018  [    0    213         30         19 ]
           2       74859     193.323   8.622e-07   1.541e-06   6.592e-01   1.386e-03   1.962e-02  1.0000        1017  [    0    214         30         19 ]
           2       75122     194.107   8.622e-07   1.541e-06   6.842e-01   1.380e-03   1.962e-02  1.0000        1027  [    0    215         30         19 ]
           2       75409     195.469   8.622e-07   1.541e-06   6.928e-01   1.371e-03   1.938e-02  1.0000        1020  [    0    216         30         20 ]
           2       75674     196.562   8.622e-07   1.541e-06   6.614e-01   1.369e-03   1.937e-02  1.0000        1026  [    0    217         30         20 ]
           2       76020     197.465   8.622e-07   1.541e-06   6.490e-01   1.361e-03   1.933e-02  1.0000        1041  [    1     28         60         20 ]
           2       76299     198.465   8.622e-07   1.541e-06   6.911e-01   1.360e-03   1.929e-02  1.0000        1049  [    0    218         30         20 ]
           2       76572     199.814   8.622e-07   1.541e-06   6.906e-01   1.359e-03   1.926e-02  1.0000        1056  [    0    219         30         21 ]
           2       76839     200.613   8.622e-07   1.541e-06   5.820e-01   1.358e-03   1.924e-02  1.0000        1047  [    0    220         30         20 ]
           2       77118     201.550   8.622e-07   1.541e-06   6.869e-01   1.358e-03   1.924e-02  1.0000        1050  [    0    221         30         21 ]
           2       77414     202.499   8.622e-07   1.541e-06   6.873e-01   1.352e-03   1.923e-02  1.0000        1054  [    0    222         30         19 ]
           2       77696     203.617   8.622e-07   1.541e-06   5.762e-01   1.352e-03   1.923e-02  1.0000        1060  [    0    223         30         20 ]
           2       77987     204.452   8.622e-07   1.541e-06   6.856e-01   1.347e-03   1.917e-02  1.0000        1063  [    0    224         30         20 ]
           2       78259     205.253   8.622e-07   1.541e-06   6.878e-01   1.348e-03   1.916e-02  1.0000        1068  [    0    225         30         19 ]
           2       78606     206.079   8.622e-07   1.541e-06   5.746e-01   1.341e-03   1.903e-02  1.0000        1081  [    1     29         60         22 ]
           2       78898     207.362   8.622e-07   1.541e-06   6.694e-01   1.335e-03   1.879e-02  1.0000        1078  [    0    226         30         21 ]
           2       79205     208.426   8.622e-07   1.541e-06   6.564e-01   1.333e-03   1.878e-02  1.0000        1081  [    0    227         30         22 ]
           2       79512     209.394   8.622e-07   1.541e-06   6.647e-01   1.325e-03   1.867e-02  1.0000        1092  [    0    228         30         24 ]
           2       79828     210.428   8.622e-07   1.541e-06   6.671e-01   1.324e-03   1.866e-02  1.0000        1089  [    0    229         30         24 ]
           2       80113     211.408   8.622e-07   1.541e-06   6.516e-01   1.324e-03   1.859e-02  1.0000        1089  [    0    230         30         24 ]
           2       80417     212.234   8.622e-07   1.541e-06   6.618e-01   1.318e-03   1.847e-02  1.0000        1087  [    0    231         30         24 ]
           2       80713     213.086   8.622e-07   1.541e-06   6.913e-01   1.305e-03   1.842e-02  1.0000        1087  [    0    232         30         23 ]
           2       80995     214.205   8.622e-07   1.541e-06   6.918e-01   1.303e-03   1.840e-02  1.0000        1088  [    0    233         30         22 ]
           2       81351     215.173   8.622e-07   1.541e-06   5.784e-01   1.303e-03   1.840e-02  1.0000        1096  [    1     30         60         22 ]
           2       81657     216.021   8.622e-07   1.541e-06   5.774e-01   1.303e-03   1.840e-02  1.0000        1104  [    0    234         30         22 ]
           2       81954     216.922   8.622e-07   1.541e-06   5.783e-01   1.302e-03   1.833e-02  1.0000        1111  [    0    235         30         22 ]
           2       82249     217.918   8.622e-07   1.541e-06   6.957e-01   1.302e-03   1.833e-02  1.0000        1066  [    0    236         30         21 ]
           2       82547     219.030   8.622e-07   1.541e-06   5.933e-01   1.302e-03   1.831e-02  1.0000        1070  [    0    237         30         22 ]
           2       82840     220.021   8.622e-07   1.541e-06   7.026e-01   1.301e-03   1.823e-02  1.0000        1075  [    0    238         30         22 ]
           2       83132     220.941   8.622e-07   1.541e-06   7.006e-01   1.300e-03   1.822e-02  1.0000        1082  [    0    239         30         22 ]
           2       83418     221.755   8.622e-07   1.541e-06   7.140e-01   1.300e-03   1.822e-02  1.0000        1072  [    0    240         30         21 ]
           2       83713     223.298   8.622e-07   1.541e-06   6.085e-01   1.297e-03   1.819e-02  1.0000        1070  [    0    241         30         20 ]
           2       84078     224.579   8.622e-07   1.541e-06   6.249e-01   1.296e-03   1.805e-02  1.0000        1080  [    1     31         60         21 ]
           2       84368     225.543   8.622e-07   1.541e-06   7.194e-01   1.299e-03   1.806e-02  1.0000        1074  [    0    242         30         21 ]
           2       84644     226.739   8.622e-07   1.541e-06   6.252e-01   1.276e-03   1.775e-02  1.0000        1073  [    0    243         30         20 ]
           2       84927     227.824   8.622e-07   1.541e-06   7.156e-01   1.274e-03   1.774e-02  1.0000        1081  [    0    244         30         22 ]
           2       85201     228.704   8.622e-07   1.541e-06   6.132e-01   1.266e-03   1.775e-02  1.0000        1096  [    0    245         30         22 ]
           2       85494     229.521   8.622e-07   1.541e-06   6.996e-01   1.266e-03   1.775e-02  1.0000        1110  [    0    246         30         23 ]
           2       85781     230.497   8.622e-07   1.541e-06   6.092e-01   1.264e-03   1.770e-02  1.0000        1099  [    0    247         30         21 ]
           2       86062     231.431   8.622e-07   1.541e-06   6.070e-01   1.264e-03   1.765e-02  1.0000        1104  [    0    248         30         22 ]
           2       86350     232.727   8.622e-07   1.541e-06   7.007e-01   1.264e-03   1.765e-02  1.0000        1088  [    0    249         30         23 ]
           2       86705     233.592   8.622e-07   1.541e-06   5.917e-01   1.243e-03   1.747e-02  1.0000        1105  [    1     32         60         22 ]
           2       87001     234.606   8.622e-07   1.541e-06   7.107e-01   1.242e-03   1.748e-02  1.0000        1101  [    0    250         30         22 ]
           2       87291     235.460   8.622e-07   1.541e-06   7.089e-01   1.241e-03   1.747e-02  1.0000        1115  [    0    251         30         22 ]
           2       87568     236.388   8.622e-07   1.541e-06   7.111e-01   1.230e-03   1.744e-02  1.0000        1115  [    0    252         30         21 ]
           2       87849     237.354   8.622e-07   1.541e-06   6.017e-01   1.230e-03   1.744e-02  1.0000        1110  [    0    253         30         21 ]
           2       88131     238.620   8.622e-07   1.541e-06   6.461e-01   1.229e-03   1.741e-02  1.0000        1097  [    0    254         30         18 ]
           2       88412     239.598   8.622e-07   1.541e-06   6.426e-01   1.228e-03   1.736e-02  1.0000        1104  [    0    255         30         18 ]
           2       88696     240.523   8.622e-07   1.541e-06   6.121e-01   1.228e-03   1.736e-02  1.0000        1115  [    0    256         30         20 ]
           2       88977     242.020   8.622e-07   1.541e-06   7.220e-01   1.228e-03   1.735e-02  1.0000        1118  [    0    257         30         20 ]
           2       89340     243.085   8.622e-07   1.541e-06   6.041e-01   1.227e-03   1.733e-02  1.0000        1132  [    1     33         60         21 ]
           2       89842     244.577   8.622e-07   1.541e-06   6.090e-01   1.216e-03   1.726e-02  1.0000        1152  [    2      5        120         20 ]
           2       90113     245.522   8.622e-07   1.541e-06   6.991e-01   1.206e-03   1.718e-02  1.0000        1159  [    0    258         30         20 ]
           2       90398     246.524   8.622e-07   1.541e-06   7.164e-01   1.206e-03   1.718e-02  1.0000        1163  [    0    259         30         21 ]
           2       90694     247.452   8.622e-07   1.541e-06   6.063e-01   1.205e-03   1.718e-02  1.0000        1167  [    0    260         30         21 ]
           2       90997     248.389   8.622e-07   1.541e-06   7.165e-01   1.203e-03   1.716e-02  1.0000        1175  [    0    261         30         23 ]
           2       91285     249.395   8.622e-07   1.541e-06   7.122e-01   1.203e-03   1.716e-02  1.0000        1181  [    0    262         30         22 ]
           2       91578     250.467   8.622e-07   1.541e-06   7.148e-01   1.189e-03   1.710e-02  1.0000        1171  [    0    263         30         20 ]
           2       91845     251.394   8.622e-07   1.541e-06   6.037e-01   1.185e-03   1.700e-02  1.0000        1181  [    0    264         30         20 ]
           2       92126     252.553   8.622e-07   1.541e-06   6.075e-01   1.185e-03   1.700e-02  1.0000        1178  [    0    265         30         20 ]
           2       92482     253.605   8.622e-07   1.541e-06   7.207e-01   1.174e-03   1.680e-02  1.0000        1191  [    1     34         60         21 ]
           2       92757     254.693   8.622e-07   1.541e-06   6.088e-01   1.174e-03   1.680e-02  1.0000        1196  [    0    266         30         22 ]
           2       93043     255.795   8.622e-07   1.541e-06   6.989e-01   1.172e-03   1.677e-02  1.0000        1186  [    0    267         30         20 ]
           2       93324     257.721   8.622e-07   1.541e-06   6.066e-01   1.172e-03   1.677e-02  1.0000        1193  [    0    268         30         21 ]
           2       93593     258.838   8.622e-07   1.541e-06   7.141e-01   1.172e-03   1.680e-02  1.0000        1196  [    0    269         30         21 ]
           2       93889     259.954   8.622e-07   1.541e-06   6.864e-01   1.166e-03   1.670e-02  1.0000        1207  [    0    270         30         20 ]
           2       94162     261.748   8.622e-07   1.541e-06   7.023e-01   1.164e-03   1.661e-02  1.0000        1217  [    0    271         30         20 ]
           2       94439     263.065   8.622e-07   1.541e-06   6.015e-01   1.149e-03   1.643e-02  1.0000        1209  [    0    272         30         19 ]
           2       94705     264.199   8.622e-07   1.541e-06   6.191e-01   1.144e-03   1.636e-02  1.0000        1205  [    0    273         30         18 ]
           2       95038     265.222   8.622e-07   1.541e-06   7.288e-01   1.144e-03   1.623e-02  1.0000        1217  [    1     35         60         19 ]
           2       95302     266.394   8.622e-07   1.541e-06   7.204e-01   1.136e-03   1.622e-02  1.0000        1223  [    0    274         30         18 ]
           2       95569     267.406   8.622e-07   1.541e-06   7.226e-01   1.130e-03   1.615e-02  1.0000        1226  [    0    275         30         19 ]
           2       95828     268.404   8.622e-07   1.541e-06   6.125e-01   1.122e-03   1.615e-02  1.0000        1242  [    0    276         30         19 ]
           2       96081     269.690   8.622e-07   1.541e-06   6.623e-01   1.578e-03   2.114e-02  1.0000         749  [    0    277         30         19 ]
           2       96325     270.270   8.622e-07   1.541e-06   6.824e-01   1.567e-03   2.134e-02  1.0000         681  [    0    278         30         16 ]
           2       96537     270.907   8.622e-07   1.541e-06   6.873e-01   1.567e-03   2.128e-02  1.0000         679  [    0    279         30         14 ]
           2       96745     271.610   8.622e-07   1.541e-06   5.908e-01   1.559e-03   2.124e-02  1.0000         681  [    0    280         30         14 ]
           2       96957     272.415   8.622e-07   1.541e-06   6.864e-01   1.557e-03   2.105e-02  1.0000         693  [    0    281         30         14 ]
           2       97255     273.162   8.622e-07   1.541e-06   6.867e-01   1.550e-03   2.092e-02  1.0000         700  [    1     36         60         14 ]
           2       97467     273.838   8.622e-07   1.541e-06   6.997e-01   1.550e-03   2.092e-02  1.0000         700  [    0    282         30         14 ]
           2       97676     274.395   8.622e-07   1.541e-06   6.838e-01   1.544e-03   2.088e-02  1.0000         706  [    0    283         30         14 ]
           2       97887     274.966   8.622e-07   1.541e-06   6.837e-01   1.543e-03   2.087e-02  1.0000         711  [    0    284         30         14 ]
           2       98107     275.665   8.622e-07   1.541e-06   6.981e-01   1.533e-03   2.085e-02  1.0000         718  [    0    285         30         15 ]
           2       98320     276.561   8.622e-07   1.541e-06   6.966e-01   1.512e-03   2.064e-02  1.0000         731  [    0    286         30         16 ]
           2       98535     277.135   8.622e-07   1.541e-06   6.914e-01   1.512e-03   2.064e-02  1.0000         732  [    0    287         30         18 ]
           2       98763     278.174   8.622e-07   1.541e-06   6.773e-01   1.512e-03   2.064e-02  1.0000         735  [    0    288         30         18 ]
           2       98988     278.838   8.622e-07   1.541e-06   6.910e-01   1.512e-03   2.063e-02  1.0000         737  [    0    289         30         19 ]
           2       99314     279.378   8.622e-07   1.541e-06   6.391e-01   1.498e-03   2.060e-02  1.0000         754  [    1     37         60         19 ]
           2       99555     280.096   8.622e-07   1.541e-06   5.820e-01   1.498e-03   2.059e-02  1.0000         757  [    0    290         30         18 ]
           2       99786     280.707   8.622e-07   1.541e-06   6.803e-01   1.492e-03   2.057e-02  1.0000         763  [    0    291         30         18 ]
           3      100023     281.343   8.622e-07   1.541e-06   6.980e-01   1.464e-03   2.043e-02  1.0000         776  [    2      5        120         20 ]
