# Generation  Evaluations  Time (s)  Best_obj[0]  Best_obj[1]  Hypervol.   IGD         IGDX        SR    Appr.set  [ Pop.index  Subgen.  Pop.size  Subpops ]
           0         115       2.907   8.749e-02   3.273e-01   1.755e-01   2.543e-01   2.492e-01  0.0000          22  [    0      1         30          8 ]
           0         216       2.968   0.000e+00   0.000e+00   3.267e-01   1.513e-01   2.270e-01  0.0000          30  [    0      2         30         11 ]
           0         347       3.019   0.000e+00   0.000e+00   3.031e-01   1.073e-01   1.683e-01  0.0000          33  [    0      3         30         14 ]
           0         482       3.065   0.000e+00   0.000e+00   1.216e-01   1.073e-01   1.460e-01  0.0000          41  [    0      4         30         16 ]
           0         624       3.121   0.000e+00   0.000e+00   1.234e-01   1.073e-01   1.506e-01  0.0000          46  [    0      5         30         18 ]
           0         782       3.195   0.000e+00   0.000e+00   1.375e-01   1.073e-01   1.143e-01  0.0000          62  [    0      6         30         22 ]
           0         954       3.300   0.000e+00   0.000e+00   2.532e-01   8.222e-02   9.656e-02  0.0000          70  [    0      7         30         27 ]
           0        1145       3.417   0.000e+00   0.000e+00   2.415e-01   8.222e-02   9.526e-02  0.0000          73  [    0      8         30         28 ]
           1        1568       3.537   0.000e+00   0.000e+00   1.021e-01   7.080e-02   6.235e-02  0.5000         149  [    1      1         60         52 ]
           1        1888       3.774   0.000e+00   0.000e+00   1.064e-01   7.080e-02   6.372e-02  0.0000         162  [    0      9         30         55 ]
           1        2292       4.024   0.000e+00   0.000e+00   1.517e-01   6.840e-02   5.635e-02  0.5000         175  [    1      2         60         59 ]
           1        2633       4.279   0.000e+00   0.000e+00   1.705e-01   6.343e-02   5.517e-02  0.5000         178  [    0     10         30         58 ]
           1        2978       4.561   0.000e+00   0.000e+00   2.749e-01   6.343e-02   5.252e-02  0.5000         189  [    0     11         30         61 ]
           1        3333       4.843   0.000e+00   0.000e+00   2.996e-01   6.343e-02   5.169e-02  0.5000         200  [    0     12         30         62 ]
           1        3682       5.056   0.000e+00   0.000e+00   2.797e-01   5.389e-02   4.890e-02  0.5000         210  [    0     13         30         61 ]
           1        4057       5.314   0.000e+00   0.000e+00   2.928e-01   4.520e-02   5.126e-02  0.5000         217  [    0     14         30         63 ]
           1        4426       5.655   0.000e+00   0.000e+00   3.008e-01   4.520e-02   5.126e-02  0.5000         228  [    0     15         30         64 ]
           1        4821       6.006   0.000e+00   0.000e+00   1.893e-01   4.520e-02   4.868e-02  0.5000         241  [    0     16         30         69 ]
           1        5221       6.385   0.000e+00   0.000e+00   1.799e-01   4.520e-02   4.668e-02  0.5000         252  [    0     17         30         71 ]
           1        5723       6.800   0.000e+00   0.000e+00   2.486e-01   4.520e-02   4.455e-02  1.0000         269  [    1      3         60         76 ]
           1        6156       7.098   0.000e+00   0.000e+00   1.509e-01   4.520e-02   4.465e-02  1.0000         279  [    0     18         30         76 ]
           1        6597       7.379   0.000e+00   0.000e+00   1.409e-01   4.520e-02   4.432e-02  1.0000         289  [    0     19         30         80 ]
           1        7048       7.712   0.000e+00   0.000e+00   2.321e-01   4.520e-02   4.356e-02  1.0000         303  [    0     20         30         81 ]
           1        7502       7.946   0.000e+00   0.000e+00   1.433e-01   4.520e-02   4.356e-02  1.0000         310  [    0     21         30         82 ]
           1        7964       8.268   0.000e+00   0.000e+00   2.692e-01   4.520e-02   4.229e-02  0.5000         323  [    0     22         30         81 ]
           1        8444       8.787   0.000e+00   0.000e+00   2.787e-01   4.520e-02   3.997e-02  1.0000         325  [    0     23         30         82 ]
           1        8897       9.225   0.000e+00   0.000e+00   2.791e-01   4.520e-02   3.997e-02  1.0000         333  [    0     24         30         83 ]
           1        9351       9.521   0.000e+00   0.000e+00   1.658e-01   4.520e-02   3.997e-02  1.0000         342  [    0     25         30         83 ]
           1        9875       9.885   0.000e+00   0.000e+00   1.785e-01   4.338e-02   3.971e-02  1.0000         357  [    1      4         60         81 ]
           1       10344      10.448   0.000e+00   0.000e+00   1.805e-01   4.089e-02   4.014e-02  1.0000         364  [    0     26         30         81 ]
           1       10821      10.843   0.000e+00   0.000e+00   1.846e-01   4.089e-02   4.069e-02  1.0000         366  [    0     27         30         80 ]
           1       11275      11.180   0.000e+00   0.000e+00   1.833e-01   4.089e-02   4.069e-02  1.0000         372  [    0     28         30         80 ]
           1       11739      11.612   0.000e+00   0.000e+00   2.750e-01   4.089e-02   4.057e-02  1.0000         379  [    0     29         30         80 ]
           1       12191      12.223   0.000e+00   0.000e+00   1.665e-01   4.089e-02   3.945e-02  1.0000         381  [    0     30         30         77 ]
           1       12642      12.828   0.000e+00   0.000e+00   2.974e-01   4.089e-02   3.964e-02  1.0000         386  [    0     31         30         77 ]
           1       13101      13.421   0.000e+00   0.000e+00   1.944e-01   3.420e-02   3.755e-02  1.0000         400  [    0     32         30         80 ]
           1       13555      13.995   0.000e+00   0.000e+00   3.185e-01   3.345e-02   3.405e-02  1.0000         413  [    0     33         30         80 ]
           1       14105      14.621   0.000e+00   0.000e+00   3.021e-01   3.345e-02   3.217e-02  1.0000         428  [    1      5         60         82 ]
           1       14577      15.123   0.000e+00   0.000e+00   1.912e-01   3.345e-02   3.213e-02  1.0000         438  [    0     34         30         84 ]
           1       15054      15.491   0.000e+00   0.000e+00   1.902e-01   3.345e-02   3.213e-02  1.0000         448  [    0     35         30         84 ]
           1       15530      15.823   0.000e+00   0.000e+00   2.098e-01   2.535e-02   3.142e-02  1.0000         452  [    0     36         30         80 ]
           1       16002      16.616   0.000e+00   0.000e+00   3.093e-01   2.535e-02   3.004e-02  1.0000         463  [    0     37         30         80 ]
           1       16471      17.111   0.000e+00   0.000e+00   1.991e-01   2.535e-02   2.998e-02  1.0000         466  [    0     38         30         82 ]
           1       16957      17.931   0.000e+00   0.000e+00   1.894e-01   2.532e-02   2.998e-02  1.0000         473  [    0     39         30         83 ]
           1       17456      18.515   0.000e+00   0.000e+00   1.908e-01   2.532e-02   2.833e-02  1.0000         480  [    0     40         30         84 ]
           1       17951      19.095   0.000e+00   0.000e+00   1.787e-01   2.532e-02   2.833e-02  1.0000         485  [    0     41         30         85 ]
           1       18524      19.598   0.000e+00   0.000e+00   1.757e-01   2.222e-02   2.741e-02  1.0000         497  [    1      6         60         83 ]
           1       19029      20.229   0.000e+00   0.000e+00   1.775e-01   2.222e-02   2.572e-02  1.0000         496  [    0     42         30         84 ]
           1       19551      21.118   0.000e+00   0.000e+00   1.723e-01   2.222e-02   2.563e-02  1.0000         497  [    0     43         30         84 ]
           1       20063      21.774   0.000e+00   0.000e+00   1.677e-01   2.222e-02   2.526e-02  1.0000         505  [    0     44         30         84 ]
           1       20578      22.429   0.000e+00   0.000e+00   1.687e-01   2.222e-02   2.526e-02  1.0000         513  [    0     45         30         85 ]
           1       21085      23.237   0.000e+00   0.000e+00   1.779e-01   2.222e-02   2.526e-02  1.0000         523  [    0     46         30         84 ]
           1       21596      24.083   0.000e+00   0.000e+00   1.905e-01   2.222e-02   2.526e-02  1.0000         531  [    0     47         30         85 ]
           1       22101      24.786   0.000e+00   0.000e+00   2.296e-01   2.222e-02   2.665e-02  1.0000         534  [    0     48         30         83 ]
           1       22598      25.349   0.000e+00   0.000e+00   1.721e-01   2.222e-02   2.630e-02  1.0000         542  [    0     49         30         83 ]
           1       23167      25.878   0.000e+00   0.000e+00   1.863e-01   2.214e-02   2.562e-02  1.0000         552  [    1      7         60         84 ]
           1       23670      26.753   0.000e+00   0.000e+00   1.869e-01   2.214e-02   2.562e-02  1.0000         557  [    0     50         30         84 ]
           1       24191      27.670   0.000e+00   0.000e+00   1.830e-01   2.214e-02   2.562e-02  1.0000         567  [    0     51         30         84 ]
           1       24714      28.420   0.000e+00   0.000e+00   1.785e-01   2.170e-02   2.537e-02  1.0000         578  [    0     52         30         83 ]
           1       25219      28.961   0.000e+00   0.000e+00   2.968e-01   2.087e-02   2.319e-02  1.0000         582  [    0     53         30         81 ]
           1       25715      29.952   0.000e+00   0.000e+00   1.858e-01   2.087e-02   2.319e-02  1.0000         585  [    0     54         30         81 ]
           1       26205      30.899   0.000e+00   0.000e+00   1.813e-01   2.087e-02   2.319e-02  1.0000         592  [    0     55         30         80 ]
           1       26699      31.807   0.000e+00   0.000e+00   3.001e-01   2.087e-02   2.319e-02  1.0000         602  [    0     56         30         79 ]
           1       27196      32.632   0.000e+00   0.000e+00   1.907e-01   2.087e-02   2.313e-02  1.0000         608  [    0     57         30         79 ]
           1       27742      33.509   0.000e+00   0.000e+00   1.934e-01   2.087e-02   2.176e-02  1.0000         625  [    1      8         60         81 ]
           1       28234      34.265   0.000e+00   0.000e+00   1.946e-01   1.894e-02   2.100e-02  1.0000         628  [    0     58         30         80 ]
           1       28739      35.144   0.000e+00   0.000e+00   1.884e-01   1.894e-02   2.100e-02  1.0000         632  [    0     59         30         79 ]
           1       29234      36.030   0.000e+00   0.000e+00   2.994e-01   1.894e-02   1.938e-02  1.0000         639  [    0     60         30         82 ]
           1       29733      36.632   0.000e+00   0.000e+00   1.899e-01   1.894e-02   1.938e-02  1.0000         631  [    0     61         30         83 ]
           1       30248      37.379   0.000e+00   0.000e+00   1.899e-01   1.894e-02   1.938e-02  1.0000         632  [    0     62         30         83 ]
           1       30743      38.225   0.000e+00   0.000e+00   2.982e-01   1.894e-02   1.938e-02  1.0000         635  [    0     63         30         82 ]
           1       31243      39.004   0.000e+00   0.000e+00   1.881e-01   1.894e-02   1.938e-02  1.0000         641  [    0     64         30         82 ]
           2       32717      39.747   0.000e+00   0.000e+00   3.069e-01   1.354e-02   1.722e-02  1.0000        1127  [    2      1        120         90 ]
           2       33295      41.365   0.000e+00   0.000e+00   1.974e-01   1.264e-02   1.698e-02  1.0000        1119  [    0     65         30         88 ]
           2       33901      42.289   0.000e+00   0.000e+00   3.054e-01   1.264e-02   1.698e-02  1.0000        1126  [    1      9         60         87 ]
           2       34611      43.645   0.000e+00   0.000e+00   1.954e-01   1.264e-02   1.571e-02  1.0000        1153  [    2      2        120         92 ]
           2       35174      44.706   0.000e+00   0.000e+00   1.952e-01   1.264e-02   1.571e-02  1.0000        1151  [    0     66         30         91 ]
           2       35726      45.652   0.000e+00   0.000e+00   3.048e-01   1.264e-02   1.571e-02  1.0000        1157  [    0     67         30         92 ]
           2       36281      47.269   0.000e+00   0.000e+00   1.939e-01   1.264e-02   1.571e-02  1.0000        1165  [    0     68         30         93 ]
           2       36857      49.012   0.000e+00   0.000e+00   1.947e-01   1.264e-02   1.571e-02  1.0000        1163  [    0     69         30         93 ]
           2       37422      50.698   0.000e+00   0.000e+00   1.965e-01   1.258e-02   1.568e-02  1.0000        1165  [    0     70         30         92 ]
           2       37982      51.851   0.000e+00   0.000e+00   2.002e-01   1.258e-02   1.566e-02  1.0000        1169  [    0     71         30         92 ]
           2       38544      53.207   0.000e+00   0.000e+00   3.119e-01   1.258e-02   1.566e-02  1.0000        1153  [    0     72         30         90 ]
           2       39102      54.779   0.000e+00   0.000e+00   2.015e-01   1.258e-02   1.566e-02  1.0000        1156  [    0     73         30         90 ]
           2       39702      55.931   0.000e+00   0.000e+00   2.030e-01   1.258e-02   1.470e-02  1.0000        1178  [    1     10         60         90 ]
           2       40262      56.940   0.000e+00   0.000e+00   3.124e-01   1.258e-02   1.470e-02  1.0000        1179  [    0     74         30         90 ]
           2       40821      58.145   0.000e+00   0.000e+00   2.488e-01   1.258e-02   1.470e-02  1.0000        1188  [    0     75         30         91 ]
           2       41393      59.382   0.000e+00   0.000e+00   2.027e-01   1.258e-02   1.470e-02  1.0000        1187  [    0     76         30         91 ]
           2       41949      60.514   0.000e+00   0.000e+00   3.122e-01   1.258e-02   1.463e-02  1.0000        1200  [    0     77         30         92 ]
           2       42509      61.948   0.000e+00   0.000e+00   3.121e-01   1.258e-02   1.463e-02  1.0000        1195  [    0     78         30         91 ]
           2       43089      63.642   0.000e+00   0.000e+00   2.482e-01   1.258e-02   1.463e-02  1.0000        1195  [    0     79         30         91 ]
           2       43680      64.966   0.000e+00   0.000e+00   2.483e-01   1.258e-02   1.463e-02  1.0000        1198  [    0     80         30         92 ]
           2       44254      66.715   0.000e+00   0.000e+00   2.460e-01   1.258e-02   1.463e-02  1.0000        1207  [    0     81         30         92 ]
           2       44894      68.262   0.000e+00   0.000e+00   2.044e-01   1.258e-02   1.457e-02  1.0000        1214  [    1     11         60         91 ]
           2       45459      69.672   0.000e+00   0.000e+00   2.034e-01   1.258e-02   1.457e-02  1.0000        1218  [    0     82         30         90 ]
           2       46030      71.822   0.000e+00   0.000e+00   2.495e-01   1.258e-02   1.457e-02  1.0000        1225  [    0     83         30         90 ]
           2       46604      73.449   0.000e+00   0.000e+00   2.011e-01   1.258e-02   1.457e-02  1.0000        1234  [    0     84         30         89 ]
           2       47176      75.620   0.000e+00   0.000e+00   2.012e-01   1.258e-02   1.457e-02  1.0000        1240  [    0     85         30         89 ]
           2       47731      77.211   0.000e+00   0.000e+00   2.040e-01   1.258e-02   1.396e-02  1.0000        1245  [    0     86         30         89 ]
           2       48283      79.015   0.000e+00   0.000e+00   2.499e-01   1.258e-02   1.396e-02  1.0000        1248  [    0     87         30         91 ]
           2       48859      81.008   0.000e+00   0.000e+00   2.895e-01   1.755e-02   1.688e-02  1.0000         759  [    0     88         30         92 ]
           2       49386      82.245   0.000e+00   0.000e+00   2.922e-01   1.752e-02   1.681e-02  1.0000         749  [    0     89         30         88 ]
           2       49964      83.293   0.000e+00   0.000e+00   1.847e-01   1.726e-02   1.668e-02  1.0000         757  [    1     12         60         88 ]
           2       50458      84.065   0.000e+00   0.000e+00   1.841e-01   1.726e-02   1.667e-02  1.0000         765  [    0     90         30         88 ]
           2       50958      85.190   0.000e+00   0.000e+00   2.309e-01   1.651e-02   1.648e-02  1.0000         766  [    0     91         30         88 ]
           2       51468      85.944   0.000e+00   0.000e+00   1.883e-01   1.608e-02   1.544e-02  1.0000         761  [    0     92         30         88 ]
           2       51975      86.566   0.000e+00   0.000e+00   2.349e-01   1.608e-02   1.540e-02  1.0000         767  [    0     93         30         88 ]
           2       52481      87.526   0.000e+00   0.000e+00   1.884e-01   1.608e-02   1.540e-02  1.0000         772  [    0     94         30         89 ]
           2       52986      88.349   0.000e+00   0.000e+00   2.330e-01   1.607e-02   1.532e-02  1.0000         779  [    0     95         30         88 ]
           2       53500      89.125   0.000e+00   0.000e+00   2.323e-01   1.604e-02   1.532e-02  1.0000         786  [    0     96         30         89 ]
           2       54013      89.810   0.000e+00   0.000e+00   1.920e-01   1.604e-02   1.532e-02  1.0000         790  [    0     97         30         89 ]
           2       54587      90.615   0.000e+00   0.000e+00   2.370e-01   1.604e-02   1.549e-02  1.0000         804  [    1     13         60         88 ]
           2       55112      91.348   0.000e+00   0.000e+00   2.391e-01   1.604e-02   1.549e-02  1.0000         803  [    0     98         30         88 ]
           2       55637      92.365   0.000e+00   0.000e+00   1.930e-01   1.604e-02   1.549e-02  1.0000         805  [    0     99         30         88 ]
           2       56149      93.675   0.000e+00   0.000e+00   1.930e-01   1.604e-02   1.554e-02  1.0000         802  [    0    100         30         88 ]
           2       56659      94.612   0.000e+00   0.000e+00   1.929e-01   1.604e-02   1.554e-02  1.0000         807  [    0    101         30         88 ]
           2       57184      95.470   0.000e+00   0.000e+00   2.394e-01   1.604e-02   1.554e-02  1.0000         809  [    0    102         30         88 ]
           2       57683      96.603   0.000e+00   0.000e+00   3.030e-01   1.604e-02   1.554e-02  1.0000         815  [    0    103         30         87 ]
           2       58207      97.363   0.000e+00   0.000e+00   2.371e-01   1.604e-02   1.554e-02  1.0000         813  [    0    104         30         88 ]
           2       58733      98.075   0.000e+00   0.000e+00   2.427e-01   1.604e-02   1.554e-02  1.0000         801  [    0    105         30         87 ]
           2       59307      98.877   0.000e+00   0.000e+00   1.970e-01   1.604e-02   1.554e-02  1.0000         800  [    1     14         60         86 ]
           2       59831      99.934   0.000e+00   0.000e+00   1.981e-01   1.604e-02   1.554e-02  1.0000         803  [    0    106         30         85 ]
           2       60337     100.770   0.000e+00   0.000e+00   1.977e-01   1.529e-02   1.398e-02  1.0000         814  [    0    107         30         85 ]
           2       60825     102.042   0.000e+00   0.000e+00   1.977e-01   1.529e-02   1.427e-02  1.0000         817  [    0    108         30         85 ]
           2       61319     102.974   0.000e+00   0.000e+00   1.930e-01   1.529e-02   1.423e-02  1.0000         819  [    0    109         30         86 ]
           2       61827     104.358   0.000e+00   0.000e+00   1.929e-01   1.529e-02   1.423e-02  1.0000         826  [    0    110         30         86 ]
           2       62327     105.507   0.000e+00   0.000e+00   2.398e-01   1.529e-02   1.423e-02  1.0000         831  [    0    111         30         86 ]
           2       62848     106.301   0.000e+00   0.000e+00   3.016e-01   1.529e-02   1.421e-02  1.0000         837  [    0    112         30         85 ]
           2       63343     107.004   0.000e+00   0.000e+00   1.916e-01   1.529e-02   1.405e-02  1.0000         843  [    0    113         30         87 ]
           2       63915     108.417   0.000e+00   0.000e+00   1.915e-01   1.529e-02   1.405e-02  1.0000         850  [    1     15         60         88 ]
           2       64445     109.096   0.000e+00   0.000e+00   1.882e-01   1.529e-02   1.405e-02  1.0000         856  [    0    114         30         87 ]
           2       64957     109.950   0.000e+00   0.000e+00   1.882e-01   1.529e-02   1.405e-02  1.0000         860  [    0    115         30         87 ]
           2       65468     111.605   0.000e+00   0.000e+00   2.985e-01   1.529e-02   1.340e-02  1.0000         864  [    0    116         30         87 ]
           2       65977     112.450   0.000e+00   0.000e+00   2.426e-01   1.521e-02   1.336e-02  1.0000         865  [    0    117         30         87 ]
           2       66482     114.022   0.000e+00   0.000e+00   1.950e-01   1.521e-02   1.333e-02  1.0000         871  [    0    118         30         88 ]
           2       66995     114.958   0.000e+00   0.000e+00   1.951e-01   1.344e-02   1.372e-02  1.0000         871  [    0    119         30         87 ]
           2       67526     115.910   0.000e+00   0.000e+00   1.939e-01   1.344e-02   1.372e-02  1.0000         878  [    0    120         30         88 ]
           2       68024     117.316   0.000e+00   0.000e+00   2.390e-01   1.344e-02   1.372e-02  1.0000         882  [    0    121         30         88 ]
           2       68602     118.333   0.000e+00   0.000e+00   1.923e-01   1.210e-02   1.342e-02  1.0000         873  [    1     16         60         87 ]
           2       69109     119.297   0.000e+00   0.000e+00   2.000e-01   1.210e-02   1.342e-02  1.0000         857  [    0    122         30         86 ]
           2       69624     120.431   0.000e+00   0.000e+00   1.997e-01   1.209e-02   1.324e-02  1.0000         865  [    0    123         30         85 ]
           2       70125     121.500   0.000e+00   0.000e+00   2.019e-01   1.209e-02   1.324e-02  1.0000         869  [    0    124         30         85 ]
           2       70613     122.392   0.000e+00   0.000e+00   2.443e-01   1.209e-02   1.323e-02  1.0000         874  [    0    125         30         86 ]
           2       71121     123.345   0.000e+00   0.000e+00   3.083e-01   1.209e-02   1.323e-02  1.0000         878  [    0    126         30         85 ]
           2       71617     124.598   0.000e+00   0.000e+00   1.973e-01   1.209e-02   1.323e-02  1.0000         886  [    0    127         30         86 ]
           2       72129     125.545   0.000e+00   0.000e+00   3.040e-01   1.209e-02   1.323e-02  1.0000         892  [    0    128         30         86 ]
           2       72635     126.773   0.000e+00   0.000e+00   1.940e-01   1.209e-02   1.323e-02  1.0000         893  [    0    129         30         85 ]
           2       73186     127.984   0.000e+00   0.000e+00   2.440e-01   1.209e-02   1.310e-02  1.0000         891  [    1     17         60         86 ]
           2       73869     129.104   0.000e+00   0.000e+00   2.034e-01   1.169e-02   1.277e-02  1.0000         912  [    2      3        120         85 ]
           2       74369     130.612   0.000e+00   0.000e+00   2.035e-01   1.169e-02   1.277e-02  1.0000         919  [    0    130         30         86 ]
           2       74879     132.153   0.000e+00   0.000e+00   2.059e-01   1.145e-02   1.270e-02  1.0000         929  [    0    131         30         86 ]
           2       75383     133.080   0.000e+00   0.000e+00   2.067e-01   1.145e-02   1.270e-02  1.0000         930  [    0    132         30         86 ]
           2       75901     133.829   0.000e+00   0.000e+00   2.067e-01   1.145e-02   1.270e-02  1.0000         935  [    0    133         30         86 ]
           2       76420     134.675   0.000e+00   0.000e+00   2.528e-01   1.145e-02   1.270e-02  1.0000         938  [    0    134         30         86 ]
           2       76948     136.154   0.000e+00   0.000e+00   2.535e-01   1.145e-02   1.270e-02  1.0000         944  [    0    135         30         86 ]
           2       77454     137.274   0.000e+00   0.000e+00   2.509e-01   1.145e-02   1.270e-02  1.0000         946  [    0    136         30         86 ]
           2       77992     138.507   0.000e+00   0.000e+00   2.473e-01   1.145e-02   1.270e-02  1.0000         950  [    0    137         30         85 ]
           2       78562     139.704   0.000e+00   0.000e+00   2.038e-01   1.145e-02   1.270e-02  1.0000         966  [    1     18         60         85 ]
           2       79077     141.121   0.000e+00   0.000e+00   2.473e-01   1.145e-02   1.270e-02  1.0000         973  [    0    138         30         85 ]
           2       79611     141.903   0.000e+00   0.000e+00   2.483e-01   1.145e-02   1.270e-02  1.0000         976  [    0    139         30         85 ]
           2       80110     142.800   0.000e+00   0.000e+00   2.022e-01   1.145e-02   1.270e-02  1.0000         976  [    0    140         30         85 ]
           2       80624     143.989   0.000e+00   0.000e+00   2.482e-01   1.145e-02   1.270e-02  1.0000         983  [    0    141         30         85 ]
           2       81133     145.866   0.000e+00   0.000e+00   3.104e-01   1.145e-02   1.270e-02  1.0000         988  [    0    142         30         85 ]
           2       81656     147.014   0.000e+00   0.000e+00   2.466e-01   1.145e-02   1.270e-02  1.0000         993  [    0    143         30         85 ]
           2       82171     148.128   0.000e+00   0.000e+00   2.034e-01   1.145e-02   1.270e-02  1.0000         997  [    0    144         30         85 ]
           2       82700     149.165   0.000e+00   0.000e+00   2.037e-01   1.145e-02   1.270e-02  1.0000         999  [    0    145         30         84 ]
           2       83279     150.424   0.000e+00   0.000e+00   2.037e-01   1.145e-02   1.270e-02  1.0000        1008  [    1     19         60         86 ]
           2       83793     151.690   0.000e+00   0.000e+00   2.056e-01   1.142e-02   1.266e-02  1.0000        1009  [    0    146         30         86 ]
           2       84315     152.704   0.000e+00   0.000e+00   2.065e-01   1.142e-02   1.266e-02  1.0000        1009  [    0    147         30         86 ]
           2       84841     153.676   0.000e+00   0.000e+00   2.495e-01   1.142e-02   1.266e-02  1.0000        1009  [    0    148         30         85 ]
           2       85355     154.562   0.000e+00   0.000e+00   3.155e-01   1.142e-02   1.266e-02  1.0000        1011  [    0    149         30         84 ]
           2       85874     155.506   0.000e+00   0.000e+00   2.054e-01   1.142e-02   1.266e-02  1.0000        1016  [    0    150         30         84 ]
           2       86377     156.881   0.000e+00   0.000e+00   2.055e-01   1.142e-02   1.230e-02  1.0000        1028  [    0    151         30         84 ]
           2       86898     158.032   0.000e+00   0.000e+00   2.479e-01   1.142e-02   1.230e-02  1.0000        1037  [    0    152         30         84 ]
           2       87422     159.559   0.000e+00   0.000e+00   2.063e-01   1.086e-02   1.228e-02  1.0000        1040  [    0    153         30         84 ]
           2       87990     160.641   0.000e+00   0.000e+00   2.054e-01   1.086e-02   1.228e-02  1.0000        1043  [    1     20         60         84 ]
           2       88491     161.836   0.000e+00   0.000e+00   2.050e-01   1.086e-02   1.228e-02  1.0000        1040  [    0    154         30         83 ]
           2       88991     162.872   0.000e+00   0.000e+00   2.039e-01   1.086e-02   1.211e-02  1.0000        1047  [    0    155         30         83 ]
           2       89510     164.313   0.000e+00   0.000e+00   2.394e-01   1.086e-02   1.211e-02  1.0000        1053  [    0    156         30         84 ]
           2       90015     165.382   0.000e+00   0.000e+00   1.952e-01   1.086e-02   1.209e-02  1.0000        1060  [    0    157         30         85 ]
           2       90527     166.334   0.000e+00   0.000e+00   1.949e-01   1.086e-02   1.209e-02  1.0000        1063  [    0    158         30         86 ]
           2       91053     167.305   0.000e+00   0.000e+00   2.387e-01   1.042e-02   1.200e-02  1.0000        1065  [    0    159         30         85 ]
           2       91573     168.180   0.000e+00   0.000e+00   3.029e-01   1.042e-02   1.200e-02  1.0000        1065  [    0    160         30         86 ]
           2       92108     169.426   0.000e+00   0.000e+00   1.920e-01   1.042e-02   1.200e-02  1.0000        1063  [    0    161         30         86 ]
           2       92688     170.759   0.000e+00   0.000e+00   1.908e-01   1.042e-02   1.183e-02  1.0000        1074  [    1     21         60         87 ]
           2       93216     171.945   0.000e+00   0.000e+00   3.008e-01   1.042e-02   1.183e-02  1.0000        1076  [    0    162         30         87 ]
           2       93745     173.020   0.000e+00   0.000e+00   1.991e-01   1.042e-02   1.183e-02  1.0000        1084  [    0    163         30         86 ]
           2       94272     174.146   0.000e+00   0.000e+00   2.408e-01   1.042e-02   1.183e-02  1.0000        1091  [    0    164         30         86 ]
           2       94791     175.840   0.000e+00   0.000e+00   1.969e-01   1.038e-02   1.166e-02  1.0000        1093  [    0    165         30         85 ]
           2       95313     177.419   0.000e+00   0.000e+00   2.422e-01   1.038e-02   1.166e-02  1.0000        1095  [    0    166         30         85 ]
           2       95833     178.773   0.000e+00   0.000e+00   1.892e-01   1.038e-02   1.144e-02  1.0000        1103  [    0    167         30         86 ]
           2       96372     179.947   0.000e+00   0.000e+00   1.892e-01   1.038e-02   1.144e-02  1.0000        1109  [    0    168         30         86 ]
           2       96894     181.608   0.000e+00   0.000e+00   1.883e-01   1.038e-02   1.144e-02  1.0000        1118  [    0    169         30         86 ]
           2       97482     182.963   0.000e+00   0.000e+00   1.872e-01   1.038e-02   1.144e-02  1.0000        1122  [    1     22         60         85 ]
           2       97999     183.880   0.000e+00   0.000e+00   1.936e-01   9.851e-03   1.131e-02  1.0000        1120  [    0    170         30         83 ]
           2       98491     184.990   0.000e+00   0.000e+00   1.936e-01   9.851e-03   1.131e-02  1.0000        1125  [    0    171         30         83 ]
           2       99002     186.116   0.000e+00   0.000e+00   3.049e-01   9.851e-03   1.131e-02  1.0000        1128  [    0    172         30         83 ]
           2       99505     187.359   0.000e+00   0.000e+00   1.956e-01   9.851e-03   1.131e-02  1.0000        1129  [    0    173         30         83 ]
           3      100032     188.754   0.000e+00   0.000e+00   1.956e-01   9.851e-03   1.131e-02  1.0000        1129  [    2      3        120         85 ]
