# Generation  Evaluations  Time (s)  Best_obj[0]  Best_obj[1]  Hypervol.   IGD         IGDX        SR    Appr.set  [ Pop.index  Subgen.  Pop.size  Subpops ]
           0         282       5.248   3.960e+00   4.283e+00   0.000e+00   4.494e+00   4.883e+00  0.0000           1  [    0      1         90          1 ]
           1        2123       5.324   1.436e+00   1.424e+00   0.000e+00   1.022e+00   1.336e+00  0.0000          26  [    1      1        180          4 ]
           1        2768       5.401   1.141e+00   1.254e+00   0.000e+00   8.984e-01   1.191e+00  0.0000          22  [    0     10         90          2 ]
           1        4826       5.521   7.056e-01   7.202e-01   0.000e+00   4.769e-01   8.020e-01  0.0000         108  [    0     20         90          2 ]
           1        6828       5.846   5.127e-01   5.360e-01   0.000e+00   2.745e-01   5.363e-01  0.0000          87  [    0     30         90          2 ]
           1        8861       6.183   3.300e-01   3.411e-01   1.454e-04   1.835e-01   4.354e-01  0.0000         188  [    0     40         90          2 ]
           1       11240       6.760   2.161e-01   2.516e-01   3.999e-03   1.066e-01   3.392e-01  0.0000         175  [    0     50         90          2 ]
           1       13248       7.180   2.077e-01   2.428e-01   9.986e-03   7.069e-02   2.857e-01  0.0000         248  [    0     60         90          2 ]
           2       15437       7.873   1.996e-01   1.487e-01   1.022e-02   5.387e-02   2.543e-01  0.0000         351  [    2      1        360          4 ]
           2       17466       9.128   1.704e-01   1.132e-01   1.016e-02   4.372e-02   2.252e-01  0.0000         385  [    0     70         90          2 ]
           2       18412       9.972   1.395e-01   1.132e-01   1.130e-02   3.583e-02   2.108e-01  0.0000         405  [    1     10        180          3 ]
           2       19792      11.455   1.395e-01   1.132e-01   1.188e-02   3.399e-02   2.010e-01  0.0000         434  [    0     80         90          2 ]
           2       22494      13.138   1.395e-01   1.132e-01   1.243e-02   2.979e-02   1.875e-01  0.0000         546  [    0     90         90          2 ]
           2       24964      15.532   1.300e-01   8.982e-02   1.475e-02   2.555e-02   1.756e-01  0.0000         677  [    0    100         90          2 ]
           2       27500      18.215   1.021e-01   8.982e-02   1.589e-02   2.087e-02   1.555e-01  0.0000         778  [    0    110         90          2 ]
           2       30036      22.075   9.904e-02   8.944e-02   1.658e-02   1.870e-02   1.387e-01  0.0000         922  [    0    120         90          2 ]
           2       33659      29.047   9.109e-02   8.105e-02   1.703e-02   1.609e-02   1.242e-01  0.0000        1110  [    0    130         90          3 ]
           2       36125      36.029   8.262e-02   7.812e-02   1.680e-02   1.472e-02   1.145e-01  0.0000         775  [    0    140         90          2 ]
           2       38808      39.938   6.624e-02   7.232e-02   1.694e-02   1.353e-02   1.095e-01  0.0000         872  [    0    150         90          2 ]
           2       39849      42.471   6.624e-02   7.232e-02   1.708e-02   1.343e-02   1.084e-01  0.0000         887  [    1     20        180          2 ]
           2       41336      45.159   6.624e-02   7.232e-02   1.720e-02   1.324e-02   1.073e-01  0.0000         888  [    0    160         90          2 ]
           2       44247      49.682   6.571e-02   6.863e-02   1.736e-02   1.260e-02   1.015e-01  0.0000         941  [    0    170         90          2 ]
           2       46838      53.907   5.778e-02   6.359e-02   1.750e-02   1.155e-02   9.415e-02  0.0000         946  [    0    180         90          2 ]
           2       49393      58.846   5.778e-02   6.359e-02   1.767e-02   1.090e-02   8.885e-02  0.0000         972  [    0    190         90          2 ]
           2       52571      64.252   5.778e-02   6.135e-02   1.788e-02   1.012e-02   8.469e-02  0.0000         989  [    0    200         90          3 ]
           2       55459      69.637   5.778e-02   6.108e-02   1.803e-02   9.588e-03   8.116e-02  0.0000        1016  [    0    210         90          3 ]
           2       58172      75.163   5.778e-02   6.108e-02   1.812e-02   9.365e-03   7.950e-02  0.0000        1041  [    0    220         90          3 ]
           2       60855      79.477   5.748e-02   6.108e-02   1.815e-02   8.981e-03   7.661e-02  0.0000        1056  [    0    230         90          3 ]
           2       61889      83.315   5.450e-02   6.108e-02   1.819e-02   8.746e-03   7.534e-02  0.0000        1048  [    1     30        180          3 ]
           2       63363      86.909   5.450e-02   6.108e-02   1.832e-02   8.661e-03   7.389e-02  0.0000        1066  [    0    240         90          2 ]
           2       66302      92.891   5.450e-02   5.862e-02   1.842e-02   8.138e-03   7.059e-02  0.0000        1088  [    0    250         90          3 ]
           2       69445      99.296   5.450e-02   5.862e-02   1.844e-02   7.916e-03   6.919e-02  0.0000        1102  [    0    260         90          3 ]
           2       71994     104.646   5.149e-02   5.492e-02   1.850e-02   7.644e-03   6.768e-02  0.0000        1106  [    0    270         90          3 ]
           2       74474     110.696   5.149e-02   5.360e-02   1.862e-02   7.445e-03   6.474e-02  0.0000        1113  [    0    280         90          3 ]
           2       77322     118.783   5.149e-02   5.360e-02   1.869e-02   7.297e-03   6.383e-02  0.0000        1132  [    0    290         90          3 ]
           2       79773     125.439   5.149e-02   5.360e-02   1.877e-02   7.136e-03   6.269e-02  0.0000        1123  [    0    300         90          3 ]
           2       82219     131.565   5.149e-02   5.360e-02   1.881e-02   6.876e-03   6.103e-02  0.0000        1124  [    0    310         90          3 ]
           2       83252     134.884   5.149e-02   5.360e-02   1.885e-02   6.812e-03   6.078e-02  0.0000        1148  [    1     40        180          4 ]
           2       84728     139.339   5.149e-02   5.284e-02   1.887e-02   6.656e-03   5.987e-02  0.0000        1148  [    0    320         90          3 ]
           2       88319     145.718   5.149e-02   5.284e-02   1.888e-02   6.440e-03   5.834e-02  0.0000        1160  [    0    330         90          4 ]
           2       90767     151.989   5.149e-02   5.279e-02   1.892e-02   6.178e-03   5.705e-02  0.0000        1175  [    0    340         90          4 ]
           2       93477     158.032   5.149e-02   5.183e-02   1.896e-02   6.031e-03   5.535e-02  0.0000        1207  [    0    350         90          3 ]
           2       96045     164.534   4.300e-02   4.527e-02   1.897e-02   5.711e-03   5.485e-02  0.5000        1197  [    0    360         90          5 ]
           2       99066     174.887   4.300e-02   4.527e-02   1.899e-02   5.646e-03   5.393e-02  0.5000        1229  [    0    370         90          4 ]
           2      101609     182.331   4.300e-02   4.527e-02   1.901e-02   5.568e-03   5.335e-02  0.5000        1219  [    0    380         90          4 ]
           2      104992     190.368   4.300e-02   4.527e-02   1.886e-02   6.051e-03   5.362e-02  0.5000         752  [    0    390         90          5 ]
           2      105956     192.133   4.300e-02   4.527e-02   1.888e-02   6.003e-03   5.326e-02  0.5000         775  [    1     50        180          3 ]
           2      107674     194.633   4.300e-02   4.527e-02   1.890e-02   5.951e-03   5.299e-02  0.5000         806  [    0    400         90          5 ]
           2      110788     198.901   4.019e-02   4.421e-02   1.891e-02   5.750e-03   5.187e-02  0.5000         822  [    0    410         90          4 ]
           2      113358     202.630   4.019e-02   4.421e-02   1.893e-02   5.588e-03   5.092e-02  0.5000         830  [    0    420         90          3 ]
           2      115881     207.415   4.019e-02   4.421e-02   1.896e-02   5.536e-03   5.054e-02  0.5000         855  [    0    430         90          4 ]
           2      118294     211.992   3.075e-02   4.421e-02   1.863e-02   5.236e-03   4.970e-02  0.5000         837  [    0    440         90          4 ]
           2      121863     216.551   3.075e-02   4.421e-02   1.903e-02   5.038e-03   4.817e-02  0.5000         859  [    0    450         90          3 ]
           2      124578     221.359   3.075e-02   4.110e-02   1.905e-02   4.703e-03   4.701e-02  0.5000         896  [    0    460         90          3 ]
           2      127388     225.788   3.075e-02   4.110e-02   1.905e-02   4.601e-03   4.646e-02  0.5000         907  [    0    470         90          5 ]
           2      128455     228.681   3.075e-02   4.110e-02   1.905e-02   4.583e-03   4.615e-02  0.5000         913  [    1     60        180          5 ]
           2      130301     231.885   3.075e-02   4.110e-02   1.908e-02   4.518e-03   4.539e-02  0.5000         934  [    0    480         90          3 ]
           2      133439     236.174   2.929e-02   4.110e-02   1.910e-02   4.412e-03   4.457e-02  0.5000         951  [    0    490         90          5 ]
           2      136348     240.706   2.929e-02   3.827e-02   1.915e-02   4.284e-03   4.382e-02  0.5000         963  [    0    500         90          4 ]
           2      139121     245.309   2.929e-02   3.827e-02   1.916e-02   4.215e-03   4.349e-02  0.5000         961  [    0    510         90          5 ]
           3      143391     249.702   2.929e-02   3.454e-02   1.919e-02   4.018e-03   4.321e-02  0.5000        1000  [    3      1        720         14 ]
           3      147779     254.304   2.929e-02   3.454e-02   1.919e-02   3.978e-03   4.287e-02  1.0000         968  [    1     70        180          4 ]
           3      149552     257.219   2.929e-02   3.454e-02   1.919e-02   3.894e-03   4.257e-02  1.0000         960  [    2     10        360          5 ]
           3      152401     260.576   2.929e-02   3.454e-02   1.920e-02   3.875e-03   4.213e-02  1.0000         968  [    1     80        180          4 ]
           3      158135     267.200   2.929e-02   3.454e-02   1.923e-02   3.641e-03   4.117e-02  1.0000         998  [    1     90        180          6 ]
           3      163068     272.870   2.929e-02   3.091e-02   1.925e-02   3.516e-03   4.012e-02  1.0000        1030  [    1    100        180          5 ]
           3      167763     279.928   2.929e-02   3.091e-02   1.866e-02   3.488e-03   3.939e-02  1.0000        1030  [    1    110        180          6 ]
           3      172267     286.298   2.929e-02   3.091e-02   1.927e-02   3.464e-03   3.917e-02  1.0000        1036  [    1    120        180          5 ]
           3      178699     293.616   2.929e-02   3.091e-02   1.929e-02   3.430e-03   3.866e-02  1.0000        1011  [    1    130        180          6 ]
           3      183464     299.646   2.929e-02   2.954e-02   1.931e-02   3.298e-03   3.776e-02  1.0000        1024  [    1    140        180          5 ]
           3      188520     306.597   2.929e-02   2.954e-02   1.936e-02   3.224e-03   3.729e-02  1.0000        1062  [    1    150        180          4 ]
           3      190421     310.021   2.929e-02   2.954e-02   1.936e-02   3.217e-03   3.720e-02  1.0000        1077  [    2     20        360          4 ]
           3      193482     315.519   2.929e-02   2.954e-02   1.937e-02   3.162e-03   3.627e-02  1.0000        1072  [    1    160        180          3 ]
           3      199122     321.150   2.556e-02   2.749e-02   1.924e-02   3.003e-03   3.573e-02  1.0000        1085  [    1    170        180          5 ]
           3      204193     326.126   2.556e-02   2.749e-02   1.939e-02   2.981e-03   3.557e-02  1.0000        1059  [    1    180        180          5 ]
           3      208956     331.418   2.556e-02   2.749e-02   1.939e-02   2.930e-03   3.474e-02  1.0000        1060  [    1    190        180          5 ]
           3      214921     338.087   2.556e-02   2.749e-02   1.910e-02   2.899e-03   3.420e-02  1.0000         982  [    1    200        180          5 ]
           3      220349     344.706   2.556e-02   2.749e-02   1.940e-02   2.869e-03   3.397e-02  1.0000        1034  [    1    210        180          5 ]
           3      225044     350.728   2.556e-02   2.584e-02   1.839e-02   2.840e-03   3.371e-02  1.0000        1014  [    1    220        180          7 ]
           3      229362     357.258   2.556e-02   2.584e-02   1.941e-02   2.839e-03   3.371e-02  1.0000        1008  [    1    230        180          6 ]
           3      231350     360.118   2.556e-02   2.584e-02   1.895e-02   2.839e-03   3.371e-02  1.0000        1006  [    2     30        360          5 ]
           3      234172     364.866   2.556e-02   2.584e-02   1.941e-02   2.818e-03   3.354e-02  1.0000        1020  [    1    240        180          4 ]
           3      239457     370.974   2.556e-02   2.584e-02   1.942e-02   2.802e-03   3.323e-02  1.0000        1015  [    1    250        180          4 ]
           3      245762     377.677   2.556e-02   2.584e-02   1.942e-02   2.787e-03   3.312e-02  1.0000        1029  [    1    260        180          7 ]
           3      250678     383.795   2.556e-02   2.584e-02   1.942e-02   2.768e-03   3.287e-02  1.0000        1048  [    1    270        180          8 ]
           3      255465     389.250   2.556e-02   2.584e-02   1.942e-02   2.764e-03   3.282e-02  1.0000        1018  [    1    280        180          7 ]
           3      260876     394.986   2.556e-02   2.584e-02   1.832e-02   2.758e-03   3.262e-02  1.0000        1017  [    1    290        180          5 ]
           3      265944     401.171   2.556e-02   2.516e-02   1.943e-02   2.726e-03   3.236e-02  1.0000        1020  [    1    300        180          5 ]
           3      270874     406.677   2.556e-02   2.516e-02   1.894e-02   2.697e-03   3.214e-02  1.0000        1047  [    1    310        180          5 ]
           3      272835     410.071   2.556e-02   2.516e-02   1.943e-02   2.686e-03   3.207e-02  1.0000        1065  [    2     40        360          5 ]
           3      275763     415.895   2.556e-02   2.516e-02   1.944e-02   2.664e-03   3.179e-02  1.0000        1031  [    1    320        180          5 ]
           3      282822     422.467   2.556e-02   2.516e-02   1.862e-02   2.647e-03   3.147e-02  1.0000        1050  [    1    330        180          5 ]
           3      287316     429.557   2.556e-02   2.516e-02   1.944e-02   2.639e-03   3.135e-02  1.0000        1027  [    1    340        180          4 ]
           3      292016     434.921   2.556e-02   2.516e-02   1.944e-02   2.627e-03   3.131e-02  1.0000        1033  [    1    350        180          3 ]
           3      297054     440.357   2.556e-02   2.516e-02   1.945e-02   2.609e-03   3.114e-02  1.0000        1035  [    1    360        180          4 ]
           3      302511     447.039   2.556e-02   2.516e-02   1.945e-02   2.572e-03   3.096e-02  1.0000        1006  [    1    370        180          3 ]
           3      307133     454.007   2.556e-02   2.516e-02   1.945e-02   2.565e-03   3.087e-02  1.0000        1008  [    1    380        180          4 ]
           3      313459     460.429   2.464e-02   2.516e-02   1.945e-02   2.534e-03   3.052e-02  1.0000        1044  [    1    390        180          4 ]
           3      315190     463.460   2.464e-02   2.516e-02   1.945e-02   2.533e-03   3.051e-02  1.0000        1039  [    2     50        360          5 ]
           3      317940     468.190   2.464e-02   2.516e-02   1.945e-02   2.530e-03   3.050e-02  1.0000        1041  [    1    400        180          4 ]
           3      323682     476.253   2.464e-02   2.516e-02   1.945e-02   2.515e-03   3.040e-02  1.0000        1032  [    1    410        180          9 ]
           3      328744     481.907   2.333e-02   2.516e-02   1.946e-02   2.500e-03   3.026e-02  1.0000        1066  [    1    420        180          5 ]
           3      333539     488.368   2.333e-02   2.516e-02   1.946e-02   2.491e-03   3.011e-02  1.0000        1082  [    1    430        180          6 ]
           3      338381     493.858   2.333e-02   2.516e-02   1.946e-02   2.477e-03   2.982e-02  1.0000        1030  [    1    440        180          4 ]
           3      344960     500.371   2.333e-02   2.516e-02   1.946e-02   2.466e-03   2.960e-02  1.0000        1027  [    1    450        180          5 ]
           3      349821     505.487   2.333e-02   2.487e-02   1.947e-02   2.443e-03   2.925e-02  1.0000        1048  [    1    460        180          5 ]
           3      354661     511.694   2.333e-02   2.487e-02   1.947e-02   2.430e-03   2.910e-02  1.0000        1074  [    1    470        180          5 ]
           3      356736     514.967   2.333e-02   2.437e-02   1.947e-02   2.421e-03   2.908e-02  1.0000        1046  [    2     60        360          5 ]
           3      359486     518.747   2.333e-02   2.437e-02   1.947e-02   2.421e-03   2.908e-02  1.0000        1047  [    1    480        180          5 ]
           3      364943     525.346   2.297e-02   2.437e-02   1.947e-02   2.419e-03   2.892e-02  1.0000        1059  [    1    490        180          5 ]
           3      369884     532.460   2.297e-02   2.437e-02   1.927e-02   2.409e-03   2.878e-02  1.0000        1053  [    1    500        180          6 ]
           3      374696     538.916   2.297e-02   2.437e-02   1.947e-02   2.400e-03   2.852e-02  1.0000        1063  [    1    510        180          6 ]
           4      375498     542.943   2.297e-02   2.437e-02   1.947e-02   2.400e-03   2.852e-02  1.0000        1062  [    3      8        720          5 ]
