# Generation  Evaluations  Time (s)  Best_obj[0]  Best_obj[1]  Best_obj[2]  Hypervol.   IGD         IGDX        SR    Appr.set  [ Pop.index  Subgen.  Pop.size  Subpops ]
           0         382       6.580   3.983e+00   3.734e+00   3.529e+00   0.000e+00   4.881e+00   3.968e+00  0.0000           5  [    0      1        120          1 ]
           1        3170       6.794   7.434e-01   4.438e-01   7.909e-01   0.000e+00   3.630e-01   7.034e-01  0.0000         329  [    1      1        240          6 ]
           1        4369       7.265   5.539e-01   4.438e-01   6.268e-01   0.000e+00   2.561e-01   5.785e-01  0.0000         353  [    0     10        120          8 ]
           1        7686       8.178   4.026e-01   4.090e-01   4.837e-01   0.000e+00   2.226e-01   5.017e-01  0.0000         477  [    0     20        120          7 ]
           1       10912       9.566   4.026e-01   4.090e-01   3.904e-01   0.000e+00   1.915e-01   4.588e-01  0.0000         572  [    0     30        120          7 ]
           1       14309      11.396   1.638e-01   2.329e-01   3.904e-01   0.000e+00   1.378e-01   3.936e-01  0.0000         763  [    0     40        120          5 ]
           1       18114      15.063   1.638e-01   2.329e-01   3.400e-01   0.000e+00   1.107e-01   3.401e-01  0.0000        1032  [    0     50        120          7 ]
           1       21415      19.495   1.638e-01   2.329e-01   3.400e-01   0.000e+00   1.034e-01   3.163e-01  0.0000        1128  [    0     60        120          8 ]
           2       25978      23.559   1.479e-01   2.304e-01   3.216e-01   0.000e+00   8.873e-02   2.979e-01  0.0000        2103  [    2      1        480         14 ]
           2       28119      31.096   1.479e-01   2.304e-01   3.216e-01   0.000e+00   8.256e-02   2.811e-01  0.0000        2148  [    1     10        240         10 ]
           2       34762      49.293   1.479e-01   2.304e-01   3.202e-01   0.000e+00   7.588e-02   2.534e-01  0.0000        2289  [    1     20        240         12 ]
           2       41340      70.500   1.479e-01   1.946e-01   2.796e-01   0.000e+00   7.027e-02   2.418e-01  0.0000        2467  [    1     30        240          9 ]
           2       47940      96.385   1.479e-01   1.946e-01   1.774e-01   0.000e+00   5.941e-02   2.136e-01  0.0000        2928  [    1     40        240         10 ]
           2       55313     120.672   1.479e-01   1.946e-01   1.322e-01   0.000e+00   5.377e-02   1.945e-01  0.0000        2078  [    1     50        240          8 ]
           2       61779     139.298   1.479e-01   1.946e-01   1.322e-01   0.000e+00   4.954e-02   1.828e-01  0.0000        2224  [    1     60        240          7 ]
           3       71156     152.213   1.227e-01   1.803e-01   1.322e-01   0.000e+00   4.439e-02   1.766e-01  0.0000        2738  [    3      1        960         19 ]
           3       75242     165.425   1.227e-01   1.803e-01   1.322e-01   0.000e+00   4.157e-02   1.684e-01  0.0000        2764  [    2     10        480          9 ]
           3       87320     199.265   1.227e-01   1.803e-01   1.322e-01   0.000e+00   3.923e-02   1.609e-01  0.0000        2857  [    2     20        480          7 ]
           3       99684     235.590   1.227e-01   1.709e-01   1.322e-01   0.000e+00   3.545e-02   1.478e-01  0.0000        2999  [    2     30        480         10 ]
           3      111620     269.777   1.227e-01   9.393e-02   1.322e-01   0.000e+00   3.678e-02   1.428e-01  0.0000        1995  [    2     40        480          6 ]
           3      125969     291.951   1.227e-01   9.393e-02   1.322e-01   0.000e+00   3.483e-02   1.367e-01  0.0000        2182  [    2     50        480         10 ]
           3      137951     315.780   1.227e-01   9.393e-02   1.322e-01   0.000e+00   3.403e-02   1.343e-01  0.0000        2262  [    2     60        480          5 ]
           4      152369     333.509   1.202e-01   9.393e-02   9.806e-02   0.000e+00   3.209e-02   1.297e-01  0.0000        2462  [    4      1       1920         22 ]
           4      164133     356.299   1.202e-01   7.227e-02   9.806e-02   0.000e+00   3.129e-02   1.263e-01  0.0000        2451  [    2     70        480          9 ]
           4      169125     369.417   1.137e-01   7.227e-02   9.806e-02   0.000e+00   3.112e-02   1.262e-01  0.0000        2472  [    3     10        960          8 ]
           4      176261     388.197   1.137e-01   7.227e-02   9.806e-02   0.000e+00   3.078e-02   1.251e-01  0.0000        2507  [    2     80        480          4 ]
           4      190387     421.781   1.137e-01   7.227e-02   9.806e-02   0.000e+00   3.011e-02   1.222e-01  0.0000        2568  [    2     90        480          8 ]
           4      202329     452.056   1.137e-01   7.227e-02   9.806e-02   0.000e+00   2.970e-02   1.214e-01  0.0000        2600  [    2    100        480          5 ]
           4      214800     482.646   1.091e-01   7.227e-02   7.110e-02   0.000e+00   2.914e-02   1.186e-01  0.0000        2670  [    2    110        480          8 ]
           4      226701     515.034   1.091e-01   7.227e-02   7.110e-02   0.000e+00   2.890e-02   1.170e-01  0.0000        2675  [    2    120        480          8 ]
           4      244520     551.084   1.091e-01   7.227e-02   7.110e-02   0.000e+00   2.786e-02   1.134e-01  0.0000        2701  [    2    130        480          8 ]
           4      256622     584.772   5.556e-02   7.227e-02   7.110e-02   0.000e+00   2.750e-02   1.116e-01  0.0000        2694  [    2    140        480          7 ]
           4      268332     618.583   5.556e-02   7.227e-02   7.110e-02   0.000e+00   2.745e-02   1.114e-01  0.0000        2696  [    2    150        480          5 ]
           4      273272     633.602   5.556e-02   7.227e-02   7.110e-02   0.000e+00   2.736e-02   1.113e-01  0.0000        2730  [    3     20        960         13 ]
           4      280321     654.679   5.556e-02   7.227e-02   7.110e-02   0.000e+00   2.736e-02   1.113e-01  0.0000        2740  [    2    160        480         13 ]
           4      293903     692.674   5.556e-02   7.227e-02   7.110e-02   0.000e+00   2.722e-02   1.110e-01  0.0000        2713  [    2    170        480          9 ]
           4      306145     727.218   5.556e-02   7.227e-02   7.110e-02   0.000e+00   2.707e-02   1.100e-01  0.0000        2715  [    2    180        480          9 ]
           4      318300     761.477   5.556e-02   7.227e-02   7.110e-02   0.000e+00   2.668e-02   1.079e-01  0.0000        2758  [    2    190        480          4 ]
           4      334377     802.172   5.556e-02   6.859e-02   7.110e-02   0.000e+00   2.584e-02   1.053e-01  0.0000        2797  [    2    200        480          6 ]
           4      349028     843.429   5.556e-02   5.650e-02   7.110e-02   0.000e+00   2.515e-02   1.017e-01  0.0000        2803  [    2    210        480          7 ]
           4      361767     877.349   4.799e-02   5.650e-02   7.110e-02   0.000e+00   2.460e-02   9.913e-02  1.0000        2855  [    2    220        480          8 ]
           4      373766     916.195   4.799e-02   5.650e-02   7.110e-02   0.000e+00   2.445e-02   9.856e-02  1.0000        2860  [    2    230        480         10 ]
           4      378680     933.162   4.799e-02   5.650e-02   7.110e-02   0.000e+00   2.445e-02   9.854e-02  1.0000        2871  [    3     30        960         15 ]
           4      385759     957.568   4.799e-02   5.650e-02   7.110e-02   0.000e+00   2.439e-02   9.839e-02  1.0000        2854  [    2    240        480         13 ]
           4      399730     997.159   4.799e-02   5.650e-02   7.110e-02   0.000e+00   2.440e-02   9.838e-02  1.0000        2848  [    2    250        480          8 ]
           4      415224    1040.816   4.799e-02   5.650e-02   7.110e-02   0.000e+00   2.420e-02   9.752e-02  1.0000        2830  [    2    260        480          6 ]
           4      426935    1077.344   4.799e-02   5.650e-02   7.110e-02   0.000e+00   2.417e-02   9.747e-02  1.0000        2833  [    2    270        480         11 ]
           4      438643    1118.410   4.799e-02   5.650e-02   7.110e-02   0.000e+00   2.415e-02   9.741e-02  1.0000        2785  [    2    280        480          7 ]
           4      452246    1156.814   4.799e-02   5.650e-02   7.110e-02   0.000e+00   2.415e-02   9.741e-02  1.0000        2776  [    2    290        480          8 ]
           4      464516    1191.426   4.799e-02   5.650e-02   7.110e-02   0.000e+00   2.413e-02   9.732e-02  1.0000        2802  [    2    300        480          8 ]
           4      475801    1227.924   4.799e-02   5.650e-02   7.110e-02   0.000e+00   2.413e-02   9.732e-02  1.0000        2795  [    2    310        480          4 ]
           4      480675    1243.099   4.799e-02   5.650e-02   7.110e-02   0.000e+00   2.412e-02   9.729e-02  1.0000        2834  [    3     40        960         13 ]
           4      487865    1266.354   4.799e-02   5.650e-02   7.110e-02   0.000e+00   2.405e-02   9.685e-02  1.0000        2845  [    2    320        480         12 ]
           4      505611    1312.862   4.799e-02   5.650e-02   6.253e-02   0.000e+00   2.369e-02   9.546e-02  1.0000        2815  [    2    330        480         11 ]
           4      517159    1345.065   4.241e-02   5.650e-02   6.253e-02   0.000e+00   2.354e-02   9.468e-02  1.0000        2861  [    2    340        480          7 ]
           4      528924    1383.957   4.241e-02   5.650e-02   6.253e-02   0.000e+00   2.343e-02   9.416e-02  1.0000        2886  [    2    350        480          5 ]
           4      541923    1425.467   4.241e-02   5.318e-02   6.253e-02   0.000e+00   2.311e-02   9.139e-02  1.0000        2934  [    2    360        480          9 ]
           4      556044    1467.319   4.241e-02   5.318e-02   6.253e-02   0.000e+00   2.306e-02   9.073e-02  1.0000        2926  [    2    370        480         14 ]
           4      568165    1504.928   4.241e-02   5.318e-02   6.253e-02   0.000e+00   2.301e-02   9.056e-02  1.0000        2921  [    2    380        480          7 ]
           4      584662    1551.176   3.556e-02   5.318e-02   6.253e-02   0.000e+00   2.288e-02   8.971e-02  1.0000        2929  [    2    390        480          7 ]
           4      589854    1570.049   3.556e-02   5.318e-02   6.253e-02   0.000e+00   2.284e-02   8.943e-02  1.0000        2946  [    3     50        960         17 ]
           4      597176    1596.946   3.556e-02   5.318e-02   6.253e-02   0.000e+00   2.283e-02   8.932e-02  1.0000        2944  [    2    400        480         11 ]
           4      611859    1639.951   3.556e-02   5.318e-02   6.253e-02   0.000e+00   2.280e-02   8.883e-02  1.0000        2926  [    2    410        480          7 ]
           4      624579    1680.024   3.556e-02   5.318e-02   5.200e-02   0.000e+00   2.269e-02   8.842e-02  1.0000        2947  [    2    420        480         10 ]
           4      637169    1718.614   3.556e-02   5.318e-02   4.106e-02   0.000e+00   2.259e-02   8.776e-02  1.0000        2941  [    2    430        480          9 ]
           4      649873    1757.855   3.556e-02   5.318e-02   4.106e-02   0.000e+00   2.251e-02   8.705e-02  1.0000        2966  [    2    440        480         11 ]
           4      667578    1806.459   3.556e-02   5.318e-02   4.106e-02   0.000e+00   2.246e-02   8.693e-02  1.0000        2954  [    2    450        480          6 ]
           4      680449    1845.424   3.556e-02   5.318e-02   4.106e-02   0.000e+00   2.240e-02   8.629e-02  1.0000        2955  [    2    460        480         13 ]
           4      693206    1884.449   3.556e-02   5.318e-02   4.106e-02   0.000e+00   2.232e-02   8.564e-02  1.0000        2950  [    2    470        480          9 ]
           4      698327    1901.255   3.556e-02   5.318e-02   4.106e-02   0.000e+00   2.231e-02   8.553e-02  1.0000        2970  [    3     60        960         12 ]
           4      705579    1926.759   3.556e-02   5.318e-02   4.106e-02   0.000e+00   2.227e-02   8.513e-02  1.0000        2925  [    2    480        480         10 ]
           4      719647    1969.499   3.556e-02   5.318e-02   4.106e-02   0.000e+00   2.225e-02   8.513e-02  1.0000        2898  [    2    490        480          8 ]
           4      731207    2007.684   3.556e-02   5.318e-02   4.106e-02   0.000e+00   2.223e-02   8.510e-02  1.0000        2938  [    2    500        480          6 ]
           4      743119    2046.764   3.556e-02   5.318e-02   4.106e-02   0.000e+00   2.218e-02   8.486e-02  1.0000        2862  [    2    510        480          6 ]
           5      745176    2058.551   3.556e-02   5.318e-02   4.106e-02   0.000e+00   2.214e-02   8.481e-02  1.0000        2903  [    4      8       1920          8 ]
