# Generation  Evaluations  Time (s)  Best_obj[0]  Best_obj[1]  Hypervol.   IGD         IGDX        SR    Appr.set  [ Pop.index  Subgen.  Pop.size  Subpops ]
           0         296       5.394   5.064e+00   5.297e+00   0.000e+00   6.099e+00   5.380e+00  0.0000           2  [    0      1         90          1 ]
           1        2360       5.454   1.216e+00   1.144e+00   0.000e+00   9.154e-01   1.328e+00  0.0000          43  [    1      1        180          4 ]
           1        3119       5.552   1.059e+00   1.037e+00   0.000e+00   7.638e-01   1.088e+00  0.0000          55  [    0     10         90          3 ]
           1        5370       5.686   6.197e-01   7.421e-01   0.000e+00   4.295e-01   7.331e-01  0.0000          57  [    0     20         90          3 ]
           1        7394       5.778   4.538e-01   4.776e-01   0.000e+00   2.498e-01   4.970e-01  0.0000          85  [    0     30         90          3 ]
           1        9489       6.002   3.259e-01   3.217e-01   1.134e-04   1.505e-01   3.805e-01  0.0000         170  [    0     40         90          3 ]
           1       12404       6.455   3.070e-01   2.594e-01   4.947e-03   9.608e-02   3.127e-01  0.0000         221  [    0     50         90          3 ]
           1       14819       6.869   1.624e-01   2.182e-01   7.766e-03   5.904e-02   2.651e-01  0.0000         249  [    0     60         90          3 ]
           2       17267       7.628   1.392e-01   1.378e-01   1.101e-02   4.232e-02   2.404e-01  0.0000         403  [    2      1        360          3 ]
           2       19566       8.489   1.392e-01   1.339e-01   1.193e-02   3.732e-02   2.224e-01  0.0000         407  [    0     70         90          4 ]
           2       20531       9.369   1.392e-01   1.339e-01   1.195e-02   3.698e-02   2.221e-01  0.0000         423  [    1     10        180          4 ]
           2       22013      10.281   1.392e-01   1.339e-01   1.219e-02   3.580e-02   2.116e-01  0.0000         413  [    0     80         90          3 ]
           2       24983      11.485   9.997e-02   1.339e-01   1.310e-02   2.886e-02   1.843e-01  0.0000         398  [    0     90         90          3 ]
           2       27432      12.485   9.997e-02   7.809e-02   1.602e-02   2.109e-02   1.375e-01  0.0000         443  [    0    100         90          3 ]
           2       30130      14.098   7.808e-02   7.678e-02   1.675e-02   1.813e-02   1.168e-01  0.0000         625  [    0    110         90          4 ]
           2       32709      15.973   7.808e-02   7.678e-02   1.596e-02   1.706e-02   1.111e-01  0.0000         673  [    0    120         90          3 ]
           2       36145      18.391   7.808e-02   7.678e-02   1.727e-02   1.557e-02   1.022e-01  0.0000         783  [    0    130         90          4 ]
           2       38663      21.303   7.808e-02   7.357e-02   1.774e-02   1.446e-02   9.067e-02  0.0000         838  [    0    140         90          4 ]
           2       41066      25.317   6.483e-02   6.539e-02   1.795e-02   1.148e-02   8.420e-02  0.0000         997  [    0    150         90          3 ]
           2       42033      27.819   5.587e-02   6.539e-02   1.799e-02   1.066e-02   8.312e-02  0.0000        1046  [    1     20        180          3 ]
           2       43480      31.474   5.587e-02   6.539e-02   1.800e-02   1.035e-02   8.206e-02  0.0000        1109  [    0    160         90          3 ]
           2       46373      37.716   4.660e-02   5.240e-02   1.812e-02   8.850e-03   7.823e-02  0.0000        1218  [    0    170         90          4 ]
           2       48801      41.815   4.660e-02   5.240e-02   1.835e-02   8.043e-03   7.563e-02  0.0000         974  [    0    180         90          3 ]
           2       51315      47.700   4.660e-02   5.240e-02   1.857e-02   7.268e-03   7.141e-02  0.0000        1214  [    0    190         90          2 ]
           2       54676      53.970   4.379e-02   4.794e-02   1.778e-02   6.703e-03   6.772e-02  0.5000         901  [    0    200         90          4 ]
           2       57710      58.814   4.264e-02   4.794e-02   1.828e-02   6.155e-03   6.592e-02  0.5000         941  [    0    210         90          4 ]
           2       60273      63.904   4.264e-02   4.794e-02   1.854e-02   5.837e-03   6.447e-02  0.5000         971  [    0    220         90          4 ]
           2       62839      69.951   4.264e-02   4.794e-02   1.797e-02   5.795e-03   6.400e-02  0.5000         977  [    0    230         90          5 ]
           2       63968      73.152   4.264e-02   4.794e-02   1.802e-02   5.747e-03   6.360e-02  0.5000         974  [    1     30        180          3 ]
           2       65496      76.673   4.264e-02   4.521e-02   1.872e-02   5.686e-03   6.115e-02  0.5000        1005  [    0    240         90          3 ]
           2       68793      82.519   3.252e-02   4.521e-02   1.876e-02   5.259e-03   5.921e-02  0.5000        1054  [    0    250         90          6 ]
           2       72210      87.765   3.252e-02   4.521e-02   1.846e-02   5.139e-03   5.853e-02  0.5000        1070  [    0    260         90          4 ]
           2       75031      93.064   3.252e-02   4.201e-02   1.879e-02   4.998e-03   5.686e-02  0.5000        1091  [    0    270         90          3 ]
           2       77736      98.270   3.252e-02   4.201e-02   1.881e-02   4.981e-03   5.617e-02  0.5000        1090  [    0    280         90          3 ]
           2       80745     103.019   3.252e-02   4.201e-02   1.881e-02   4.881e-03   5.579e-02  0.5000        1115  [    0    290         90          4 ]
           2       83553     109.367   3.252e-02   4.201e-02   1.882e-02   4.763e-03   5.517e-02  0.5000        1120  [    0    300         90          4 ]
           2       86375     115.143   3.252e-02   3.509e-02   1.839e-02   4.450e-03   5.420e-02  0.5000        1108  [    0    310         90          4 ]
           2       87548     118.333   3.252e-02   3.509e-02   1.886e-02   4.433e-03   5.369e-02  0.5000        1124  [    1     40        180          3 ]
           2       89290     122.511   3.252e-02   3.509e-02   1.888e-02   4.397e-03   5.338e-02  0.5000        1136  [    0    320         90          4 ]
           2       93272     129.495   3.252e-02   3.509e-02   1.892e-02   4.338e-03   5.243e-02  0.5000        1145  [    0    330         90          5 ]
           2       95902     135.897   3.252e-02   3.509e-02   1.892e-02   4.266e-03   5.218e-02  0.5000        1140  [    0    340         90          4 ]
           2       98505     142.439   3.252e-02   3.509e-02   1.860e-02   4.228e-03   5.133e-02  0.5000        1140  [    0    350         90          4 ]
           2      101034     149.487   3.252e-02   3.509e-02   1.856e-02   4.227e-03   5.093e-02  0.5000        1139  [    0    360         90          3 ]
           2      104137     155.815   3.252e-02   3.509e-02   1.899e-02   4.124e-03   4.934e-02  0.5000        1155  [    0    370         90          4 ]
           2      106941     161.988   3.252e-02   3.509e-02   1.900e-02   4.037e-03   4.848e-02  0.5000        1151  [    0    380         90          6 ]
           2      110519     168.601   3.252e-02   3.509e-02   1.902e-02   3.980e-03   4.811e-02  0.5000        1148  [    0    390         90          4 ]
           2      111616     172.557   3.252e-02   3.509e-02   1.902e-02   3.979e-03   4.808e-02  0.5000        1158  [    1     50        180          6 ]
           2      113160     176.536   3.252e-02   3.509e-02   1.868e-02   3.973e-03   4.737e-02  0.5000        1152  [    0    400         90          4 ]
           2      116054     183.000   3.252e-02   3.509e-02   1.904e-02   3.953e-03   4.716e-02  0.5000        1160  [    0    410         90          4 ]
           2      118837     188.471   3.252e-02   3.509e-02   1.907e-02   3.904e-03   4.637e-02  0.5000        1136  [    0    420         90          4 ]
           2      121541     194.949   3.252e-02   3.509e-02   1.909e-02   3.893e-03   4.622e-02  0.5000        1158  [    0    430         90          4 ]
           2      124165     201.880   3.252e-02   3.509e-02   1.909e-02   3.858e-03   4.556e-02  0.5000        1144  [    0    440         90          5 ]
           2      127643     209.357   3.252e-02   3.509e-02   1.913e-02   3.822e-03   4.480e-02  0.5000        1140  [    0    450         90          3 ]
           2      130419     216.401   3.252e-02   3.509e-02   1.916e-02   3.764e-03   4.395e-02  0.5000        1146  [    0    460         90          4 ]
           2      133194     222.078   2.933e-02   3.319e-02   1.918e-02   3.637e-03   4.324e-02  0.5000        1233  [    0    470         90          5 ]
           2      134242     224.945   2.933e-02   3.319e-02   1.919e-02   3.632e-03   4.317e-02  0.5000        1225  [    1     60        180          4 ]
           2      136157     229.817   2.933e-02   3.319e-02   1.920e-02   3.615e-03   4.285e-02  1.0000        1218  [    0    480         90          8 ]
           2      139312     236.860   2.933e-02   3.207e-02   1.910e-02   3.549e-03   4.240e-02  1.0000        1222  [    0    490         90          5 ]
           2      141928     244.884   2.933e-02   3.176e-02   1.921e-02   3.507e-03   4.197e-02  1.0000        1221  [    0    500         90          4 ]
           2      144394     251.044   2.933e-02   3.176e-02   1.923e-02   3.473e-03   4.154e-02  1.0000        1221  [    0    510         90          5 ]
           3      144778     254.848   2.933e-02   3.176e-02   1.924e-02   3.468e-03   4.147e-02  1.0000        1215  [    2      8        360          3 ]
