# Generation  Evaluations  Time (s)  Best_obj[0]  Best_obj[1]  Best_obj[2]  Hypervol.   IGD         IGDX        SR    Appr.set  [ Pop.index  Subgen.  Pop.size  Subpops ]
           0         385       6.085   2.592e+00   3.712e+00   3.358e+00   0.000e+00   3.514e+00   5.770e+00  0.0000           1  [    0      1        120          1 ]
           1        3242       6.231   7.878e-01   7.580e-01   7.993e-01   0.000e+00   3.853e-01   8.416e-01  0.0000         395  [    1      1        240          9 ]
           1        4351       6.711   7.253e-01   7.580e-01   7.475e-01   0.000e+00   3.397e-01   7.045e-01  0.0000         468  [    0     10        120          5 ]
           1        7618       8.213   6.019e-01   4.677e-01   5.333e-01   0.000e+00   2.724e-01   5.451e-01  0.0000         588  [    0     20        120          9 ]
           1       10956       9.875   4.906e-01   4.677e-01   3.525e-01   0.000e+00   2.250e-01   4.970e-01  0.0000         730  [    0     30        120          8 ]
           1       14339      12.395   3.832e-01   4.233e-01   3.371e-01   0.000e+00   1.548e-01   3.873e-01  0.0000         899  [    0     40        120          7 ]
           1       18319      16.802   3.832e-01   3.095e-01   3.371e-01   0.000e+00   1.316e-01   3.568e-01  0.0000        1041  [    0     50        120          7 ]
           1       22026      21.259   3.832e-01   3.095e-01   1.825e-01   0.000e+00   1.234e-01   3.395e-01  0.0000        1122  [    0     60        120          9 ]
           2       26853      24.902   3.594e-01   3.083e-01   1.825e-01   0.000e+00   1.018e-01   3.173e-01  0.0000        2233  [    2      1        480         18 ]
           2       30491      37.166   3.594e-01   2.666e-01   1.825e-01   0.000e+00   9.732e-02   3.060e-01  0.0000        2270  [    0     70        120         13 ]
           2       32068      45.617   3.594e-01   2.666e-01   1.825e-01   0.000e+00   9.692e-02   3.053e-01  0.0000        2301  [    1     10        240         11 ]
           2       34259      59.459   3.563e-01   2.666e-01   1.825e-01   0.000e+00   9.484e-02   2.995e-01  0.0000        2350  [    0     80        120         10 ]
           2       38850      82.343   2.365e-01   2.385e-01   1.825e-01   0.000e+00   8.319e-02   2.589e-01  0.0000        2344  [    0     90        120          9 ]
           2       42368     100.915   2.362e-01   2.328e-01   1.825e-01   0.000e+00   7.488e-02   2.368e-01  0.0000        2419  [    0    100        120          8 ]
           2       46138     118.679   2.362e-01   2.328e-01   1.825e-01   0.000e+00   7.258e-02   2.322e-01  0.0000        2489  [    0    110        120          5 ]
           2       49623     141.675   2.362e-01   2.328e-01   1.825e-01   0.000e+00   6.659e-02   2.215e-01  0.0000        2589  [    0    120        120          7 ]
           2       54740     167.204   2.362e-01   2.180e-01   1.825e-01   0.000e+00   6.337e-02   2.132e-01  0.0000        2738  [    0    130        120         10 ]
           2       58621     195.245   2.362e-01   1.971e-01   1.825e-01   0.000e+00   6.020e-02   2.064e-01  0.0000        2842  [    0    140        120         10 ]
           2       62393     220.316   2.035e-01   1.971e-01   1.825e-01   0.000e+00   5.664e-02   1.988e-01  0.0000        2940  [    0    150        120          8 ]
           2       63929     231.731   2.035e-01   1.971e-01   1.825e-01   0.000e+00   5.654e-02   1.988e-01  0.0000        2983  [    1     20        240         15 ]
           2       66221     249.991   1.279e-01   1.971e-01   1.825e-01   0.000e+00   5.422e-02   1.963e-01  0.0000        3030  [    0    160        120          9 ]
           2       70516     275.742   1.279e-01   1.971e-01   1.773e-01   0.000e+00   5.260e-02   1.886e-01  0.0000        1919  [    0    170        120          8 ]
           2       74231     290.292   1.279e-01   1.971e-01   1.773e-01   0.000e+00   4.826e-02   1.772e-01  0.0000        2235  [    0    180        120          6 ]
           2       77858     309.705   1.279e-01   1.874e-01   1.773e-01   0.000e+00   4.494e-02   1.686e-01  0.0000        2502  [    0    190        120          7 ]
           2       82631     337.757   1.279e-01   1.874e-01   1.773e-01   0.000e+00   4.382e-02   1.674e-01  0.0000        2862  [    0    200        120          9 ]
           2       86925     367.139   1.279e-01   1.874e-01   1.599e-01   0.000e+00   4.285e-02   1.660e-01  0.0000        3018  [    0    210        120         10 ]
           2       91081     396.245   1.279e-01   1.282e-01   1.599e-01   0.000e+00   4.168e-02   1.637e-01  0.0000        3104  [    0    220        120          7 ]
           2       94847     413.505   1.279e-01   1.282e-01   1.599e-01   0.000e+00   4.151e-02   1.599e-01  0.0000        2328  [    0    230        120         11 ]
           2       96476     423.434   1.279e-01   1.282e-01   1.599e-01   0.000e+00   4.144e-02   1.598e-01  0.0000        2357  [    1     30        240         10 ]
           2       98869     437.190   1.279e-01   1.282e-01   1.599e-01   0.000e+00   4.140e-02   1.595e-01  0.0000        2413  [    0    240        120          6 ]
           2      103118     462.640   1.279e-01   1.282e-01   1.300e-01   0.000e+00   3.947e-02   1.554e-01  0.0000        2747  [    0    250        120         13 ]
           2      108071     492.152   1.279e-01   1.282e-01   1.300e-01   0.000e+00   3.890e-02   1.544e-01  0.0000        2943  [    0    260        120          9 ]
           2      111895     522.023   1.279e-01   1.282e-01   1.300e-01   0.000e+00   4.069e-02   1.549e-01  0.0000        1926  [    0    270        120          6 ]
           2      115658     539.831   1.279e-01   1.282e-01   1.300e-01   0.000e+00   3.946e-02   1.525e-01  0.0000        2141  [    0    280        120          9 ]
           2      119914     559.952   1.279e-01   1.282e-01   1.300e-01   0.000e+00   3.829e-02   1.501e-01  0.0000        2432  [    0    290        120          7 ]
           2      123847     582.446   1.279e-01   1.282e-01   1.300e-01   0.000e+00   3.744e-02   1.486e-01  0.0000        2669  [    0    300        120         10 ]
           2      127545     607.674   1.279e-01   1.282e-01   1.300e-01   0.000e+00   3.679e-02   1.475e-01  0.0000        2979  [    0    310        120          6 ]
           2      129145     622.361   1.279e-01   1.282e-01   1.300e-01   0.000e+00   3.644e-02   1.470e-01  0.0000        3084  [    1     40        240          9 ]
           2      131332     644.490   1.279e-01   1.282e-01   1.300e-01   0.000e+00   3.916e-02   1.511e-01  0.0000        1903  [    0    320        120          5 ]
           2      136196     660.956   1.279e-01   1.282e-01   1.300e-01   0.000e+00   3.829e-02   1.496e-01  0.0000        2039  [    0    330        120          4 ]
           2      139273     676.421   1.279e-01   9.397e-02   1.300e-01   0.000e+00   3.706e-02   1.454e-01  0.0000        2073  [    0    340        120          4 ]
           2      142489     693.939   1.279e-01   9.397e-02   1.289e-01   0.000e+00   3.605e-02   1.423e-01  0.0000        2100  [    0    350        120          5 ]
           2      146062     710.513   1.279e-01   9.397e-02   1.289e-01   0.000e+00   3.564e-02   1.412e-01  0.0000        2155  [    0    360        120          7 ]
           2      150127     730.121   1.279e-01   9.397e-02   1.289e-01   0.000e+00   3.514e-02   1.390e-01  0.0000        2237  [    0    370        120          8 ]
           2      153801     748.845   1.236e-01   9.397e-02   1.289e-01   0.000e+00   3.416e-02   1.342e-01  0.0000        2274  [    0    380        120          6 ]
           2      158381     773.562   1.236e-01   9.397e-02   1.289e-01   0.000e+00   3.339e-02   1.324e-01  0.0000        2397  [    0    390        120          6 ]
           2      159961     783.541   1.236e-01   9.397e-02   1.289e-01   0.000e+00   3.329e-02   1.318e-01  0.0000        2411  [    1     50        240         11 ]
           2      162195     798.622   1.236e-01   9.397e-02   1.289e-01   0.000e+00   3.300e-02   1.296e-01  0.0000        2447  [    0    400        120          9 ]
           2      166608     827.850   1.034e-01   9.397e-02   1.289e-01   0.000e+00   3.238e-02   1.285e-01  0.0000        2508  [    0    410        120         11 ]
           2      170116     852.081   1.034e-01   9.397e-02   1.289e-01   0.000e+00   3.218e-02   1.280e-01  0.0000        2516  [    0    420        120          6 ]
           2      173783     875.262   9.987e-02   9.397e-02   1.289e-01   0.000e+00   3.152e-02   1.251e-01  0.0000        2592  [    0    430        120          7 ]
           2      177454     899.771   9.987e-02   9.397e-02   1.289e-01   0.000e+00   3.085e-02   1.226e-01  0.0000        2621  [    0    440        120          5 ]
           2      182769     928.918   9.987e-02   9.397e-02   1.289e-01   0.000e+00   3.028e-02   1.208e-01  0.0000        2707  [    0    450        120          8 ]
           2      186355     954.598   9.987e-02   9.397e-02   1.289e-01   0.000e+00   3.014e-02   1.204e-01  0.0000        2723  [    0    460        120          9 ]
           2      190110     982.805   9.987e-02   9.397e-02   1.289e-01   0.000e+00   2.979e-02   1.195e-01  0.0000        2722  [    0    470        120          9 ]
           2      191630     995.012   9.987e-02   9.397e-02   1.289e-01   0.000e+00   2.969e-02   1.188e-01  0.0000        2727  [    1     60        240          7 ]
           2      193829    1013.071   9.987e-02   9.397e-02   1.289e-01   0.000e+00   2.956e-02   1.184e-01  0.0000        2763  [    0    480        120          6 ]
           2      197837    1043.671   9.392e-02   9.397e-02   1.289e-01   0.000e+00   2.914e-02   1.166e-01  0.0000        2763  [    0    490        120          6 ]
           2      201654    1072.860   9.392e-02   9.397e-02   1.289e-01   0.000e+00   2.880e-02   1.155e-01  0.0000        2801  [    0    500        120          8 ]
           2      205375    1100.613   9.328e-02   9.397e-02   1.289e-01   0.000e+00   2.851e-02   1.145e-01  0.0000        2820  [    0    510        120          9 ]
           3      213863    1115.153   7.548e-02   8.651e-02   6.407e-02   0.000e+00   2.729e-02   1.126e-01  0.0000        2967  [    3      1        960         14 ]
           3      217675    1131.111   7.548e-02   8.651e-02   6.407e-02   0.000e+00   2.708e-02   1.116e-01  0.0000        2961  [    2     10        480          6 ]
           3      229694    1169.504   7.548e-02   8.651e-02   6.407e-02   0.000e+00   2.652e-02   1.098e-01  0.0000        3022  [    2     20        480         10 ]
           3      241457    1209.125   7.548e-02   8.651e-02   6.407e-02   0.000e+00   2.618e-02   1.087e-01  0.0000        3043  [    2     30        480         10 ]
           3      253295    1249.004   7.548e-02   8.651e-02   6.407e-02   0.000e+00   2.580e-02   1.075e-01  0.0000        3089  [    2     40        480          7 ]
           3      267123    1292.498   7.548e-02   8.651e-02   6.407e-02   0.000e+00   3.055e-02   1.140e-01  0.0000        1873  [    2     50        480          9 ]
           3      278723    1316.305   7.548e-02   8.651e-02   6.407e-02   0.000e+00   2.823e-02   1.121e-01  0.0000        2898  [    2     60        480         10 ]
           4      293931    1351.568   7.514e-02   7.697e-02   6.407e-02   0.000e+00   3.031e-02   1.134e-01  0.0000        1780  [    4      1       1920         22 ]
           4      301354    1363.030   7.514e-02   7.697e-02   6.407e-02   0.000e+00   2.627e-02   1.062e-01  0.0000        3031  [    3     10        960          6 ]
           4      323976    1395.251   7.514e-02   6.176e-02   6.407e-02   0.000e+00   2.679e-02   1.049e-01  0.5000        2364  [    3     20        960         10 ]
           4      346426    1434.889   7.514e-02   6.176e-02   6.407e-02   0.000e+00   2.485e-02   1.005e-01  0.5000        2826  [    3     30        960         12 ]
           4      369639    1489.665   7.514e-02   6.176e-02   6.407e-02   0.000e+00   2.427e-02   9.877e-02  0.5000        2999  [    3     40        960          9 ]
           4      396008    1546.507   7.514e-02   6.176e-02   6.407e-02   0.000e+00   2.750e-02   1.021e-01  0.5000        2028  [    3     50        960          8 ]
           4      419018    1577.211   7.514e-02   5.438e-02   6.407e-02   0.000e+00   2.568e-02   9.865e-02  0.5000        2375  [    3     60        960          6 ]
           5      443559    1610.519   6.989e-02   4.172e-02   5.444e-02   0.000e+00   2.444e-02   9.550e-02  0.5000        2558  [    5      1       3840         14 ]
           5      465983    1647.230   6.989e-02   4.172e-02   5.444e-02   0.000e+00   2.381e-02   9.283e-02  1.0000        2619  [    3     70        960          4 ]
           5      475440    1667.346   6.989e-02   4.172e-02   5.444e-02   0.000e+00   2.374e-02   9.240e-02  1.0000        2668  [    4     10       1920          5 ]
           5      488987    1696.913   6.989e-02   4.172e-02   5.444e-02   0.000e+00   2.353e-02   9.154e-02  1.0000        2671  [    3     80        960          8 ]
           5      514745    1744.377   6.989e-02   4.172e-02   5.444e-02   0.000e+00   2.350e-02   9.144e-02  1.0000        2671  [    3     90        960          8 ]
           5      536832    1791.981   6.989e-02   4.172e-02   5.444e-02   0.000e+00   2.339e-02   9.079e-02  1.0000        2698  [    3    100        960         12 ]
           5      559298    1836.413   6.989e-02   4.172e-02   5.444e-02   0.000e+00   2.314e-02   8.929e-02  1.0000        2697  [    3    110        960         10 ]
           5      582726    1883.107   6.989e-02   4.172e-02   5.444e-02   0.000e+00   2.283e-02   8.779e-02  1.0000        2770  [    3    120        960          7 ]
           5      616763    1946.024   4.776e-02   4.172e-02   5.444e-02   0.000e+00   2.236e-02   8.567e-02  1.0000        2800  [    3    130        960          8 ]
           5      639551    1989.219   4.776e-02   4.172e-02   5.444e-02   0.000e+00   2.236e-02   8.563e-02  1.0000        2803  [    3    140        960          9 ]
           5      662237    2036.940   4.776e-02   4.172e-02   5.444e-02   0.000e+00   2.234e-02   8.547e-02  1.0000        2806  [    3    150        960         11 ]
           5      671453    2057.266   4.776e-02   4.172e-02   5.444e-02   0.000e+00   2.234e-02   8.547e-02  1.0000        2814  [    4     20       1920         15 ]
           5      684353    2086.198   4.776e-02   4.172e-02   5.444e-02   0.000e+00   2.234e-02   8.547e-02  1.0000        2814  [    3    160        960         10 ]
           5      711416    2140.888   4.776e-02   4.172e-02   4.723e-02   0.000e+00   2.218e-02   8.469e-02  1.0000        2821  [    3    170        960          6 ]
           5      734638    2186.510   4.776e-02   4.172e-02   4.723e-02   0.000e+00   2.207e-02   8.429e-02  1.0000        2839  [    3    180        960         12 ]
           5      757525    2231.471   4.776e-02   4.172e-02   4.723e-02   0.000e+00   2.202e-02   8.412e-02  1.0000        2856  [    3    190        960          6 ]
           5      789497    2291.036   4.776e-02   4.172e-02   4.723e-02   0.000e+00   2.158e-02   8.145e-02  1.0000        2831  [    3    200        960          4 ]
           5      817796    2342.027   4.776e-02   3.875e-02   4.307e-02   0.000e+00   2.121e-02   7.915e-02  1.0000        2852  [    3    210        960          6 ]
           5      840659    2393.215   4.529e-02   3.875e-02   4.307e-02   0.000e+00   2.117e-02   7.901e-02  1.0000        2884  [    3    220        960         14 ]
           5      863011    2438.621   4.529e-02   3.875e-02   4.307e-02   0.000e+00   2.116e-02   7.901e-02  1.0000        2880  [    3    230        960         11 ]
           5      872374    2463.210   4.529e-02   3.875e-02   4.307e-02   0.000e+00   2.116e-02   7.899e-02  1.0000        2895  [    4     30       1920         15 ]
           5      885393    2493.973   4.529e-02   3.875e-02   4.307e-02   0.000e+00   2.115e-02   7.897e-02  1.0000        2877  [    3    240        960          8 ]
           5      910737    2553.496   4.529e-02   3.875e-02   4.307e-02   0.000e+00   2.115e-02   7.897e-02  1.0000        2869  [    3    250        960          7 ]
           5      941326    2615.785   4.529e-02   3.875e-02   2.592e-02   0.000e+00   2.102e-02   7.830e-02  1.0000        2905  [    3    260        960          5 ]
           5      965454    2664.599   4.529e-02   3.875e-02   2.592e-02   0.000e+00   2.093e-02   7.755e-02  1.0000        2919  [    3    270        960         16 ]
           5      988286    2713.390   4.529e-02   3.875e-02   2.592e-02   0.000e+00   2.093e-02   7.755e-02  1.0000        2910  [    3    280        960         13 ]
           5     1013974    2766.133   4.529e-02   3.875e-02   2.592e-02   0.000e+00   2.093e-02   7.755e-02  1.0000        2890  [    3    290        960          9 ]
           5     1036921    2814.112   4.529e-02   3.875e-02   2.592e-02   0.000e+00   2.087e-02   7.722e-02  1.0000        2928  [    3    300        960          7 ]
           5     1060442    2861.074   4.529e-02   3.875e-02   2.592e-02   0.000e+00   2.081e-02   7.665e-02  1.0000        2932  [    3    310        960          5 ]
           5     1070191    2882.032   4.529e-02   3.875e-02   2.592e-02   0.000e+00   2.079e-02   7.632e-02  1.0000        2923  [    4     40       1920          9 ]
           5     1084365    2915.111   4.529e-02   3.875e-02   2.592e-02   0.000e+00   2.074e-02   7.592e-02  1.0000        2929  [    3    320        960          6 ]
           5     1118360    2980.124   4.529e-02   3.875e-02   2.592e-02   0.000e+00   2.067e-02   7.534e-02  1.0000        2936  [    3    330        960          8 ]
           5     1141106    3031.560   4.529e-02   3.875e-02   2.592e-02   0.000e+00   2.062e-02   7.464e-02  1.0000        2917  [    3    340        960          8 ]
           5     1164236    3073.964   4.529e-02   3.875e-02   2.592e-02   0.000e+00   2.055e-02   7.422e-02  1.0000        2897  [    3    350        960         14 ]
           5     1186555    3116.377   4.529e-02   3.875e-02   2.592e-02   0.000e+00   2.054e-02   7.409e-02  1.0000        2911  [    3    360        960          6 ]
           5     1212619    3171.211   4.529e-02   3.875e-02   2.592e-02   0.000e+00   2.052e-02   7.402e-02  1.0000        2940  [    3    370        960         12 ]
           5     1235663    3222.951   4.529e-02   3.875e-02   2.592e-02   0.000e+00   2.051e-02   7.360e-02  1.0000        2944  [    3    380        960         12 ]
           5     1266568    3282.607   4.529e-02   3.875e-02   2.592e-02   0.000e+00   2.046e-02   7.300e-02  1.0000        2942  [    3    390        960          6 ]
           5     1276257    3306.858   3.979e-02   3.875e-02   2.592e-02   0.000e+00   2.045e-02   7.254e-02  1.0000        2901  [    4     50       1920          9 ]
           5     1290165    3336.537   3.979e-02   3.875e-02   2.592e-02   0.000e+00   2.042e-02   7.195e-02  1.0000        2923  [    3    400        960          5 ]
           5     1315808    3390.761   3.979e-02   3.875e-02   2.592e-02   0.000e+00   2.041e-02   7.194e-02  1.0000        2899  [    3    410        960         10 ]
           5     1337844    3440.030   3.979e-02   3.875e-02   2.592e-02   0.000e+00   2.041e-02   7.194e-02  1.0000        2933  [    3    420        960          8 ]
           5     1360186    3487.036   3.979e-02   3.875e-02   2.592e-02   0.000e+00   2.038e-02   7.157e-02  1.0000        2930  [    3    430        960          5 ]
           5     1383656    3538.849   3.979e-02   3.875e-02   2.592e-02   0.000e+00   2.036e-02   7.139e-02  1.0000        2946  [    3    440        960          7 ]
           5     1418064    3606.041   3.979e-02   3.875e-02   2.592e-02   0.000e+00   2.033e-02   7.106e-02  1.0000        2960  [    3    450        960          6 ]
           5     1440718    3658.422   3.979e-02   3.875e-02   2.592e-02   0.000e+00   2.031e-02   7.096e-02  1.0000        2972  [    3    460        960         13 ]
           5     1463232    3706.040   3.979e-02   3.875e-02   2.592e-02   0.000e+00   2.031e-02   7.095e-02  1.0000        2921  [    3    470        960         10 ]
           5     1471928    3726.821   3.979e-02   3.875e-02   2.592e-02   0.000e+00   2.031e-02   7.095e-02  1.0000        2929  [    4     60       1920         11 ]
           5     1484606    3756.909   3.979e-02   3.875e-02   2.592e-02   0.000e+00   2.031e-02   7.095e-02  1.0000        2918  [    3    480        960         11 ]
           5     1509931    3813.476   3.979e-02   3.875e-02   2.592e-02   0.000e+00   2.031e-02   7.095e-02  1.0000        2936  [    3    490        960         14 ]
           5     1532665    3863.320   3.979e-02   3.875e-02   2.592e-02   0.000e+00   2.031e-02   7.094e-02  1.0000        2942  [    3    500        960         11 ]
           5     1555471    3916.476   3.979e-02   3.875e-02   2.592e-02   0.000e+00   2.027e-02   7.077e-02  1.0000        2959  [    3    510        960         10 ]
           6     1559200    3929.182   3.979e-02   3.875e-02   2.592e-02   0.000e+00   2.027e-02   7.077e-02  1.0000        2952  [    5      8       3840          8 ]
