# Generation  Evaluations  Time (s)  Best_obj[0]  Best_obj[1]  Best_obj[2]  Hypervol.   IGD         IGDX        SR    Appr.set  [ Pop.index  Subgen.  Pop.size  Subpops ]
           0         386       5.992   4.145e+00   4.346e+00   3.637e+00   0.000e+00   4.826e+00   7.125e+00  0.0000           1  [    0      1        120          1 ]
           1        3160       6.169   1.155e+00   1.198e+00   9.213e-01   0.000e+00   7.560e-01   1.110e+00  0.0000         308  [    1      1        240          7 ]
           1        4250       6.590   8.900e-01   1.052e+00   8.589e-01   0.000e+00   6.072e-01   9.707e-01  0.0000         366  [    0     10        120          6 ]
           1        7637       7.527   7.062e-01   7.285e-01   6.013e-01   0.000e+00   3.854e-01   7.377e-01  0.0000         347  [    0     20        120          6 ]
           1       10720       8.689   5.661e-01   4.466e-01   4.677e-01   0.000e+00   2.177e-01   5.193e-01  0.0000         466  [    0     30        120          5 ]
           1       13839      10.139   4.291e-01   3.669e-01   4.249e-01   0.000e+00   1.912e-01   4.456e-01  0.0000         507  [    0     40        120          4 ]
           1       17348      11.899   4.291e-01   2.924e-01   4.249e-01   0.000e+00   1.398e-01   3.645e-01  0.0000         723  [    0     50        120          6 ]
           1       20453      14.481   2.837e-01   2.924e-01   3.700e-01   0.000e+00   1.153e-01   3.165e-01  0.0000         867  [    0     60        120          7 ]
           2       24571      16.943   2.365e-01   2.240e-01   3.135e-01   0.000e+00   9.807e-02   2.969e-01  0.0000        1694  [    2      1        480         14 ]
           2       26589      21.794   2.365e-01   2.240e-01   3.135e-01   0.000e+00   8.889e-02   2.795e-01  0.0000        1795  [    1     10        240          9 ]
           2       32953      35.344   2.365e-01   2.084e-01   3.135e-01   0.000e+00   7.800e-02   2.585e-01  0.0000        2007  [    1     20        240          7 ]
           2       39417      51.900   2.365e-01   2.084e-01   2.600e-01   0.000e+00   6.905e-02   2.345e-01  0.0000        2212  [    1     30        240         14 ]
           2       45999      70.959   2.010e-01   2.084e-01   1.876e-01   0.000e+00   6.068e-02   2.135e-01  0.0000        2475  [    1     40        240          8 ]
           2       53532     100.286   2.010e-01   2.084e-01   1.876e-01   0.000e+00   5.426e-02   2.008e-01  0.0000        2976  [    1     50        240         10 ]
           2       60366     129.510   1.993e-01   2.084e-01   1.876e-01   0.000e+00   5.435e-02   1.987e-01  0.0000        1938  [    1     60        240          8 ]
           3       69615     143.423   1.736e-01   1.879e-01   1.036e-01   0.000e+00   4.759e-02   1.885e-01  0.0000        1856  [    3      1        960         21 ]
           3       75788     159.673   1.736e-01   1.879e-01   1.036e-01   0.000e+00   4.403e-02   1.782e-01  0.0000        2570  [    1     70        240          5 ]
           3       78336     171.026   1.736e-01   1.879e-01   1.036e-01   0.000e+00   4.326e-02   1.756e-01  0.0000        2825  [    2     10        480          7 ]
           3       82066     195.873   1.736e-01   1.879e-01   1.036e-01   0.000e+00   4.170e-02   1.688e-01  0.0000        3076  [    1     80        240          6 ]
           3       89189     217.566   1.736e-01   1.879e-01   1.036e-01   0.000e+00   4.422e-02   1.723e-01  0.0000        1900  [    1     90        240          7 ]
           3       95217     231.541   1.736e-01   1.879e-01   1.036e-01   0.000e+00   4.232e-02   1.670e-01  0.0000        2101  [    1    100        240          5 ]
           3      101676     250.969   1.736e-01   1.800e-01   1.036e-01   0.000e+00   4.025e-02   1.609e-01  0.0000        2313  [    1    110        240         10 ]
           3      108092     271.969   1.254e-01   1.800e-01   1.036e-01   0.000e+00   3.907e-02   1.591e-01  0.0000        2382  [    1    120        240         10 ]
           3      117326     297.277   1.254e-01   1.800e-01   1.036e-01   0.000e+00   3.706e-02   1.533e-01  0.0000        2514  [    1    130        240          5 ]
           3      123830     322.415   8.874e-02   1.800e-01   1.036e-01   0.000e+00   3.572e-02   1.479e-01  0.0000        2597  [    1    140        240          9 ]
           3      130584     346.660   8.874e-02   1.337e-01   1.036e-01   0.000e+00   3.539e-02   1.472e-01  0.0000        2627  [    1    150        240          9 ]
           3      133234     359.013   8.874e-02   1.337e-01   1.036e-01   0.000e+00   3.523e-02   1.467e-01  0.0000        2641  [    2     20        480         12 ]
           3      136998     377.998   8.874e-02   1.236e-01   1.036e-01   0.000e+00   3.444e-02   1.440e-01  0.0000        2649  [    1    160        240          4 ]
           3      144249     411.802   8.874e-02   1.236e-01   1.036e-01   0.000e+00   3.395e-02   1.425e-01  0.0000        2735  [    1    170        240          9 ]
           3      150586     441.118   8.874e-02   1.236e-01   1.036e-01   0.000e+00   3.336e-02   1.409e-01  0.0000        2777  [    1    180        240          9 ]
           3      157099     470.110   8.874e-02   1.236e-01   1.036e-01   0.000e+00   3.320e-02   1.399e-01  0.0000        2823  [    1    190        240          7 ]
           3      165779     508.729   8.874e-02   1.236e-01   1.036e-01   0.000e+00   3.248e-02   1.356e-01  0.0000        2902  [    1    200        240         10 ]
           3      173774     549.879   8.874e-02   1.236e-01   1.036e-01   0.000e+00   3.161e-02   1.315e-01  0.0000        2921  [    1    210        240          9 ]
           3      180485     583.909   8.123e-02   1.111e-01   1.036e-01   0.000e+00   3.045e-02   1.276e-01  0.0000        2972  [    1    220        240          8 ]
           3      187376     616.610   8.123e-02   1.111e-01   1.036e-01   0.000e+00   2.977e-02   1.245e-01  0.0000        3005  [    1    230        240         11 ]
           3      190293     632.321   8.123e-02   1.111e-01   1.036e-01   0.000e+00   2.959e-02   1.238e-01  0.0000        3016  [    2     30        480         12 ]
           3      194324     654.856   8.123e-02   1.111e-01   1.036e-01   0.000e+00   2.925e-02   1.223e-01  0.5000        3017  [    1    240        240          7 ]
           3      201881     692.699   8.123e-02   1.111e-01   1.036e-01   0.000e+00   2.871e-02   1.203e-01  0.5000        3072  [    1    250        240         11 ]
           3      210572     732.790   8.123e-02   1.111e-01   1.036e-01   0.000e+00   2.791e-02   1.183e-01  0.5000        3110  [    1    260        240          5 ]
           3      217350     759.455   8.123e-02   1.111e-01   1.008e-01   0.000e+00   3.153e-02   1.230e-01  0.0000        2038  [    1    270        240         10 ]
           3      223848     779.029   7.739e-02   1.111e-01   1.008e-01   0.000e+00   3.112e-02   1.219e-01  0.5000        2130  [    1    280        240          9 ]
           3      231235     800.769   7.739e-02   1.111e-01   1.008e-01   0.000e+00   3.042e-02   1.206e-01  0.5000        2206  [    1    290        240          7 ]
           3      237926     827.079   7.576e-02   1.111e-01   1.008e-01   0.000e+00   2.993e-02   1.196e-01  0.5000        2279  [    1    300        240         11 ]
           3      244689     849.379   7.576e-02   1.111e-01   1.008e-01   0.000e+00   2.922e-02   1.176e-01  0.5000        2364  [    1    310        240         11 ]
           3      247317     859.655   7.576e-02   1.111e-01   1.008e-01   0.000e+00   2.912e-02   1.175e-01  0.5000        2388  [    2     40        480          8 ]
           3      251295     876.117   7.576e-02   1.111e-01   1.008e-01   0.000e+00   2.867e-02   1.158e-01  0.5000        2421  [    1    320        240          7 ]
           3      260907     903.305   7.576e-02   9.844e-02   1.008e-01   0.000e+00   2.800e-02   1.132e-01  0.5000        2518  [    1    330        240         14 ]
           3      267899     929.281   7.576e-02   9.844e-02   1.008e-01   0.000e+00   2.740e-02   1.106e-01  0.5000        2537  [    1    340        240          7 ]
           3      274798     956.838   7.576e-02   9.844e-02   1.008e-01   0.000e+00   2.702e-02   1.097e-01  0.5000        2583  [    1    350        240          7 ]
           3      281334     984.099   7.576e-02   9.844e-02   1.008e-01   0.000e+00   2.680e-02   1.090e-01  0.5000        2590  [    1    360        240          9 ]
           3      289064    1013.531   7.576e-02   9.844e-02   1.008e-01   0.000e+00   2.666e-02   1.085e-01  0.5000        2611  [    1    370        240         11 ]
           3      295727    1040.284   7.576e-02   9.844e-02   1.008e-01   0.000e+00   2.659e-02   1.083e-01  0.5000        2632  [    1    380        240         10 ]
           3      304488    1070.037   7.576e-02   9.844e-02   1.008e-01   0.000e+00   2.636e-02   1.072e-01  0.5000        2646  [    1    390        240         10 ]
           3      307171    1081.869   7.576e-02   9.844e-02   1.008e-01   0.000e+00   2.633e-02   1.069e-01  0.5000        2668  [    2     50        480         11 ]
           3      311361    1101.392   7.576e-02   5.885e-02   1.008e-01   0.000e+00   2.608e-02   1.059e-01  0.5000        2649  [    1    400        240          9 ]
           3      319234    1130.850   7.576e-02   5.885e-02   1.008e-01   0.000e+00   2.582e-02   1.046e-01  0.5000        2691  [    1    410        240         11 ]
           3      326170    1158.783   5.136e-02   5.885e-02   1.008e-01   0.000e+00   2.561e-02   1.038e-01  0.5000        2697  [    1    420        240          9 ]
           3      333195    1187.015   5.136e-02   5.885e-02   1.008e-01   0.000e+00   2.539e-02   1.025e-01  0.5000        2709  [    1    430        240          6 ]
           3      340059    1215.850   5.136e-02   5.885e-02   1.008e-01   0.000e+00   2.526e-02   1.019e-01  0.5000        2719  [    1    440        240          7 ]
           3      349823    1249.868   5.136e-02   5.885e-02   7.385e-02   0.000e+00   2.497e-02   1.004e-01  0.5000        2749  [    1    450        240          7 ]
           3      356908    1278.005   5.136e-02   5.885e-02   7.385e-02   0.000e+00   2.477e-02   9.934e-02  0.5000        2743  [    1    460        240          9 ]
           3      364189    1307.416   5.136e-02   5.885e-02   7.385e-02   0.000e+00   2.456e-02   9.814e-02  0.5000        2776  [    1    470        240          8 ]
           3      366970    1319.994   5.136e-02   5.885e-02   7.385e-02   0.000e+00   2.452e-02   9.794e-02  0.5000        2786  [    2     60        480          8 ]
           3      371098    1342.451   5.136e-02   5.885e-02   7.385e-02   0.000e+00   2.435e-02   9.717e-02  0.5000        2780  [    1    480        240          5 ]
           3      378987    1376.084   5.136e-02   5.885e-02   7.385e-02   0.000e+00   2.418e-02   9.628e-02  0.5000        2755  [    1    490        240          5 ]
           3      385906    1405.162   5.136e-02   5.669e-02   6.159e-02   0.000e+00   2.394e-02   9.508e-02  0.5000        2770  [    1    500        240         10 ]
           3      392852    1434.604   5.136e-02   5.669e-02   6.159e-02   0.000e+00   2.378e-02   9.450e-02  0.5000        2766  [    1    510        240          5 ]
           4      405158    1452.584   5.136e-02   4.261e-02   6.159e-02   0.000e+00   2.359e-02   9.394e-02  0.5000        2840  [    4      1       1920         18 ]
           4      412825    1471.969   5.136e-02   4.261e-02   6.159e-02   0.000e+00   2.344e-02   9.332e-02  0.5000        2851  [    3     10        960          4 ]
           4      436028    1522.357   5.136e-02   4.261e-02   6.159e-02   0.000e+00   2.323e-02   9.244e-02  0.5000        2907  [    3     20        960         11 ]
           4      458633    1573.388   5.136e-02   4.261e-02   6.159e-02   0.000e+00   2.312e-02   9.210e-02  0.5000        2961  [    3     30        960         12 ]
           4      481938    1626.054   5.136e-02   4.261e-02   6.159e-02   0.000e+00   2.291e-02   9.107e-02  0.5000        2953  [    3     40        960          9 ]
           4      508784    1681.583   5.136e-02   3.985e-02   6.159e-02   0.000e+00   2.256e-02   8.976e-02  0.5000        2985  [    3     50        960          7 ]
           4      531844    1733.299   5.136e-02   3.985e-02   6.159e-02   0.000e+00   2.244e-02   8.930e-02  0.5000        3004  [    3     60        960          7 ]
           5      557074    1769.972   4.816e-02   3.884e-02   6.159e-02   0.000e+00   2.241e-02   8.918e-02  0.5000        3048  [    5      1       3840         27 ]
           5      578857    1820.972   4.816e-02   3.884e-02   6.159e-02   0.000e+00   2.234e-02   8.882e-02  0.5000        2997  [    3     70        960          8 ]
           5      588059    1843.856   4.816e-02   3.884e-02   6.159e-02   0.000e+00   2.233e-02   8.877e-02  0.5000        3015  [    4     10       1920          5 ]
           5      600894    1877.261   4.816e-02   3.884e-02   6.159e-02   0.000e+00   2.233e-02   8.877e-02  0.5000        3008  [    3     80        960          7 ]
           5      627789    1936.038   4.816e-02   3.884e-02   6.159e-02   0.000e+00   2.225e-02   8.818e-02  0.5000        3016  [    3     90        960          9 ]
           5      650297    1984.696   4.816e-02   3.884e-02   6.159e-02   0.000e+00   2.221e-02   8.805e-02  0.5000        3016  [    3    100        960         14 ]
           5      672692    2037.013   4.816e-02   3.884e-02   6.159e-02   0.000e+00   2.220e-02   8.796e-02  0.5000        3021  [    3    110        960          9 ]
           5      695352    2092.057   4.816e-02   3.884e-02   6.159e-02   0.000e+00   2.219e-02   8.782e-02  0.5000        3021  [    3    120        960         12 ]
           5      728908    2161.252   4.816e-02   3.884e-02   6.159e-02   0.000e+00   2.215e-02   8.766e-02  0.5000        3043  [    3    130        960          7 ]
           5      751540    2212.240   4.816e-02   3.884e-02   6.159e-02   0.000e+00   2.215e-02   8.766e-02  0.5000        3007  [    3    140        960         17 ]
           5      773852    2262.083   4.816e-02   3.884e-02   6.159e-02   0.000e+00   2.215e-02   8.766e-02  0.5000        3007  [    3    150        960         15 ]
           5      783229    2285.471   4.816e-02   3.884e-02   6.159e-02   0.000e+00   2.215e-02   8.766e-02  0.5000        3008  [    4     20       1920         15 ]
           5      796592    2316.573   4.816e-02   3.884e-02   6.159e-02   0.000e+00   2.215e-02   8.759e-02  0.5000        2999  [    3    160        960         14 ]
           5      822681    2375.544   4.816e-02   3.884e-02   6.159e-02   0.000e+00   2.206e-02   8.665e-02  0.5000        2956  [    3    170        960         11 ]
           5      845343    2423.980   4.816e-02   3.884e-02   6.159e-02   0.000e+00   2.203e-02   8.636e-02  0.5000        3012  [    3    180        960         12 ]
           5      866811    2479.112   4.816e-02   3.884e-02   6.159e-02   0.000e+00   2.203e-02   8.634e-02  0.5000        2994  [    3    190        960         12 ]
           5      895874    2547.404   4.816e-02   3.884e-02   6.159e-02   0.000e+00   2.201e-02   8.626e-02  0.5000        3005  [    3    200        960         12 ]
           5      922248    2608.942   4.816e-02   3.884e-02   6.159e-02   0.000e+00   2.196e-02   8.581e-02  0.5000        2968  [    3    210        960          5 ]
           5      946585    2657.729   4.816e-02   3.884e-02   6.159e-02   0.000e+00   2.175e-02   8.436e-02  1.0000        3017  [    3    220        960          9 ]
           5      969927    2709.902   4.816e-02   3.884e-02   6.159e-02   0.000e+00   2.152e-02   8.302e-02  1.0000        3032  [    3    230        960          9 ]
           5      979173    2732.211   4.816e-02   3.884e-02   6.159e-02   0.000e+00   2.152e-02   8.274e-02  1.0000        3027  [    4     30       1920         13 ]
           5      992749    2764.430   4.816e-02   3.884e-02   6.159e-02   0.000e+00   2.145e-02   8.253e-02  1.0000        3021  [    3    240        960          5 ]
           5     1019078    2819.478   4.816e-02   3.763e-02   6.159e-02   0.000e+00   2.142e-02   8.228e-02  1.0000        3024  [    3    250        960         14 ]
           5     1048147    2879.216   4.816e-02   3.763e-02   6.159e-02   0.000e+00   2.138e-02   8.220e-02  1.0000        3041  [    3    260        960          5 ]
           5     1069678    2928.963   4.816e-02   3.763e-02   6.159e-02   0.000e+00   2.138e-02   8.220e-02  1.0000        3046  [    3    270        960          7 ]
           5     1092504    2980.173   4.816e-02   3.763e-02   6.159e-02   0.000e+00   2.133e-02   8.190e-02  1.0000        3039  [    3    280        960          5 ]
           5     1120051    3037.568   4.816e-02   3.763e-02   5.816e-02   0.000e+00   2.124e-02   8.148e-02  1.0000        3062  [    3    290        960          9 ]
           5     1142836    3087.539   4.816e-02   3.763e-02   5.816e-02   0.000e+00   2.121e-02   8.077e-02  1.0000        3077  [    3    300        960         14 ]
           5     1165358    3138.832   4.816e-02   3.763e-02   5.816e-02   0.000e+00   2.121e-02   8.077e-02  1.0000        3075  [    3    310        960         11 ]
           5     1174754    3160.874   4.816e-02   3.763e-02   5.816e-02   0.000e+00   2.121e-02   8.077e-02  1.0000        3083  [    4     40       1920         10 ]
           5     1188131    3194.999   4.816e-02   3.763e-02   5.816e-02   0.000e+00   2.121e-02   8.067e-02  1.0000        3077  [    3    320        960         12 ]
           5     1220765    3264.166   4.816e-02   3.763e-02   5.816e-02   0.000e+00   2.116e-02   8.045e-02  1.0000        3103  [    3    330        960         15 ]
           5     1243501    3314.708   4.816e-02   3.763e-02   5.816e-02   0.000e+00   2.116e-02   8.045e-02  1.0000        3053  [    3    340        960         10 ]
           5     1266474    3366.310   4.816e-02   3.763e-02   5.816e-02   0.000e+00   2.110e-02   8.009e-02  1.0000        3053  [    3    350        960          7 ]
           5     1290054    3421.488   4.816e-02   3.763e-02   4.438e-02   0.000e+00   2.102e-02   7.961e-02  1.0000        3087  [    3    360        960         10 ]
           5     1315807    3479.495   4.816e-02   3.763e-02   4.438e-02   0.000e+00   2.102e-02   7.955e-02  1.0000        3081  [    3    370        960          9 ]
           5     1337995    3530.111   4.816e-02   3.763e-02   4.438e-02   0.000e+00   2.100e-02   7.949e-02  1.0000        3069  [    3    380        960         10 ]
           5     1368643    3587.148   4.816e-02   3.763e-02   4.438e-02   0.000e+00   2.096e-02   7.928e-02  1.0000        3046  [    3    390        960         15 ]
           5     1377980    3609.791   4.816e-02   3.763e-02   4.438e-02   0.000e+00   2.097e-02   7.924e-02  1.0000        3041  [    4     50       1920          8 ]
           5     1391665    3644.963   4.816e-02   3.763e-02   4.438e-02   0.000e+00   2.095e-02   7.913e-02  1.0000        3042  [    3    400        960          9 ]
           5     1416948    3703.145   4.816e-02   3.763e-02   4.438e-02   0.000e+00   2.095e-02   7.913e-02  1.0000        3051  [    3    410        960         10 ]
           5     1439838    3754.584   4.816e-02   3.763e-02   4.438e-02   0.000e+00   2.090e-02   7.821e-02  1.0000        3023  [    3    420        960          4 ]
           5     1464763    3811.408   4.816e-02   3.763e-02   3.892e-02   0.000e+00   2.074e-02   7.673e-02  1.0000        3068  [    3    430        960         12 ]
           5     1489093    3865.326   4.816e-02   3.763e-02   3.892e-02   0.000e+00   2.063e-02   7.587e-02  1.0000        3060  [    3    440        960          8 ]
           5     1523161    3937.599   4.816e-02   3.763e-02   3.892e-02   0.000e+00   2.055e-02   7.549e-02  1.0000        3080  [    3    450        960          5 ]
           5     1546762    3993.232   4.816e-02   3.763e-02   3.892e-02   0.000e+00   2.050e-02   7.521e-02  1.0000        3081  [    3    460        960          8 ]
           5     1570457    4047.223   4.816e-02   3.763e-02   3.892e-02   0.000e+00   2.047e-02   7.504e-02  1.0000        3099  [    3    470        960         17 ]
           5     1580059    4071.343   4.816e-02   3.763e-02   3.892e-02   0.000e+00   2.047e-02   7.504e-02  1.0000        3105  [    4     60       1920         14 ]
           5     1592912    4103.635   4.816e-02   3.763e-02   3.892e-02   0.000e+00   2.047e-02   7.504e-02  1.0000        3096  [    3    480        960          9 ]
           5     1619545    4161.091   4.816e-02   3.763e-02   3.892e-02   0.000e+00   2.044e-02   7.499e-02  1.0000        3103  [    3    490        960         16 ]
           5     1642162    4217.300   4.816e-02   3.763e-02   3.892e-02   0.000e+00   2.044e-02   7.475e-02  1.0000        3064  [    3    500        960          7 ]
           5     1664295    4268.082   4.816e-02   3.763e-02   3.892e-02   0.000e+00   2.043e-02   7.475e-02  1.0000        3071  [    3    510        960          9 ]
           6     1667957    4282.751   4.816e-02   3.763e-02   3.892e-02   0.000e+00   2.043e-02   7.475e-02  1.0000        3077  [    5      8       3840          9 ]
