# Generation  Evaluations  Time (s)  Best_obj[0]  Best_obj[1]  Best_obj[2]  Hypervol.   IGD         IGDX        SR    Appr.set  [ Pop.index  Subgen.  Pop.size  Subpops ]
           0         398       6.633   3.214e+00   3.513e+00   3.894e+00   0.000e+00   4.275e+00   4.005e+00  0.0000           3  [    0      1        120          1 ]
           1        3113       6.760   1.204e+00   6.595e-01   7.159e-01   0.000e+00   4.028e-01   9.546e-01  0.0000         184  [    1      1        240          6 ]
           1        4151       7.190   9.738e-01   4.843e-01   7.159e-01   0.000e+00   2.937e-01   6.973e-01  0.0000         242  [    0     10        120          5 ]
           1        7324       8.028   4.091e-01   4.070e-01   3.774e-01   0.000e+00   1.899e-01   4.496e-01  0.0000         387  [    0     20        120          4 ]
           1       10273       9.091   3.415e-01   3.394e-01   3.774e-01   0.000e+00   1.580e-01   4.183e-01  0.0000         467  [    0     30        120          4 ]
           1       13255      10.484   3.415e-01   2.846e-01   3.774e-01   0.000e+00   1.330e-01   3.697e-01  0.0000         618  [    0     40        120          4 ]
           1       16825      14.193   3.415e-01   2.846e-01   3.599e-01   0.000e+00   1.185e-01   3.317e-01  0.0000         810  [    0     50        120          5 ]
           1       19870      17.259   3.189e-01   2.846e-01   3.599e-01   0.000e+00   1.105e-01   3.215e-01  0.0000         948  [    0     60        120          4 ]
           2       24070      20.126   2.732e-01   2.846e-01   3.093e-01   0.000e+00   9.142e-02   2.949e-01  0.0000        1953  [    2      1        480         10 ]
           2       27252      31.928   2.732e-01   2.196e-01   2.521e-01   0.000e+00   8.236e-02   2.723e-01  0.0000        2012  [    0     70        120          7 ]
           2       28671      39.487   2.732e-01   2.196e-01   2.521e-01   0.000e+00   8.018e-02   2.687e-01  0.0000        2066  [    1     10        240          7 ]
           2       30742      51.073   2.698e-01   2.196e-01   2.521e-01   0.000e+00   7.573e-02   2.604e-01  0.0000        2074  [    0     80        120          8 ]
           2       34556      69.462   2.698e-01   2.196e-01   2.156e-01   0.000e+00   7.425e-02   2.560e-01  0.0000        2186  [    0     90        120          6 ]
           2       37771      88.573   2.698e-01   2.196e-01   1.780e-01   0.000e+00   7.197e-02   2.467e-01  0.0000        2206  [    0    100        120          8 ]
           2       41279     106.949   2.436e-01   2.196e-01   1.780e-01   0.000e+00   6.954e-02   2.429e-01  0.0000        2286  [    0    110        120          8 ]
           2       44598     128.568   2.388e-01   2.196e-01   1.780e-01   0.000e+00   6.691e-02   2.344e-01  0.0000        2338  [    0    120        120          7 ]
           2       49552     152.486   2.388e-01   2.196e-01   1.780e-01   0.000e+00   6.428e-02   2.248e-01  0.0000        2449  [    0    130        120         10 ]
           2       53041     176.025   2.388e-01   2.196e-01   1.780e-01   0.000e+00   6.267e-02   2.225e-01  0.0000        2506  [    0    140        120          5 ]
           2       56366     198.512   2.388e-01   1.950e-01   1.780e-01   0.000e+00   6.080e-02   2.179e-01  0.0000        2609  [    0    150        120          7 ]
           2       57785     210.374   2.388e-01   1.950e-01   1.780e-01   0.000e+00   6.055e-02   2.170e-01  0.0000        2652  [    1     20        240          9 ]
           2       59756     228.206   2.388e-01   1.950e-01   1.780e-01   0.000e+00   6.048e-02   2.170e-01  0.0000        2662  [    0    160        120          5 ]
           2       63584     256.900   2.285e-01   1.520e-01   1.768e-01   0.000e+00   5.721e-02   2.052e-01  0.0000        2759  [    0    170        120          9 ]
           2       67081     284.972   2.285e-01   1.520e-01   1.768e-01   0.000e+00   5.681e-02   2.039e-01  0.0000        2796  [    0    180        120          9 ]
           2       70730     312.990   2.254e-01   1.520e-01   1.768e-01   0.000e+00   5.646e-02   2.035e-01  0.0000        2815  [    0    190        120         10 ]
           2       75249     345.156   2.254e-01   1.520e-01   1.768e-01   0.000e+00   5.458e-02   1.991e-01  0.0000        2960  [    0    200        120          5 ]
           2       79516     379.186   2.254e-01   1.520e-01   1.768e-01   0.000e+00   5.357e-02   1.959e-01  0.0000        3038  [    0    210        120          7 ]
           2       83070     409.357   2.254e-01   1.520e-01   1.768e-01   0.000e+00   5.303e-02   1.940e-01  0.0000        3071  [    0    220        120          6 ]
           2       86312     442.407   1.297e-01   1.520e-01   1.768e-01   0.000e+00   5.215e-02   1.917e-01  0.0000        3094  [    0    230        120          4 ]
           2       87571     456.474   1.297e-01   1.210e-01   1.768e-01   0.000e+00   5.160e-02   1.909e-01  0.0000        3109  [    1     30        240          4 ]
           2       89446     474.006   1.297e-01   1.210e-01   1.768e-01   0.000e+00   5.415e-02   1.944e-01  0.0000        1886  [    0    240        120          7 ]
           2       93293     489.042   1.297e-01   1.210e-01   1.768e-01   0.000e+00   5.364e-02   1.935e-01  0.0000        1980  [    0    250        120          8 ]
           2       98111     506.134   1.297e-01   1.210e-01   1.768e-01   0.000e+00   5.228e-02   1.909e-01  0.0000        2218  [    0    260        120         11 ]
           2      101919     522.408   1.297e-01   1.210e-01   1.768e-01   0.000e+00   5.162e-02   1.896e-01  0.0000        2306  [    0    270        120          7 ]
           2      105431     542.299   1.297e-01   1.210e-01   1.768e-01   0.000e+00   4.949e-02   1.854e-01  0.0000        2473  [    0    280        120          8 ]
           2      109353     567.812   1.297e-01   1.210e-01   1.575e-01   0.000e+00   4.863e-02   1.847e-01  0.0000        2580  [    0    290        120          7 ]
           2      112995     593.402   1.297e-01   1.210e-01   1.575e-01   0.000e+00   4.834e-02   1.841e-01  0.0000        2635  [    0    300        120          8 ]
           2      116459     617.315   1.297e-01   1.210e-01   1.575e-01   0.000e+00   4.578e-02   1.751e-01  0.0000        2785  [    0    310        120          9 ]
           2      117917     630.033   1.297e-01   1.210e-01   1.575e-01   0.000e+00   4.578e-02   1.751e-01  0.0000        2793  [    1     40        240          9 ]
           2      120262     646.876   1.297e-01   1.210e-01   1.575e-01   0.000e+00   4.552e-02   1.749e-01  0.0000        2810  [    0    320        120          7 ]
           2      125563     680.865   1.259e-01   1.210e-01   1.575e-01   0.000e+00   4.327e-02   1.694e-01  0.0000        3031  [    0    330        120         12 ]
           2      129535     711.644   1.259e-01   1.210e-01   1.575e-01   0.000e+00   4.162e-02   1.640e-01  0.0000        3078  [    0    340        120          8 ]
           2      133169     732.437   1.259e-01   1.210e-01   1.575e-01   0.000e+00   4.260e-02   1.588e-01  0.0000        2248  [    0    350        120         10 ]
           2      136825     750.565   1.259e-01   1.210e-01   1.575e-01   0.000e+00   4.207e-02   1.577e-01  0.0000        2389  [    0    360        120         10 ]
           2      141089     773.322   1.259e-01   1.210e-01   1.575e-01   0.000e+00   4.005e-02   1.508e-01  0.0000        2650  [    0    370        120          8 ]
           2      144782     799.803   1.259e-01   1.210e-01   1.575e-01   0.000e+00   3.781e-02   1.438e-01  0.0000        2947  [    0    380        120          9 ]
           2      149591     826.273   1.259e-01   1.210e-01   1.258e-01   0.000e+00   3.922e-02   1.445e-01  0.0000        2057  [    0    390        120         10 ]
           2      151123     833.753   1.259e-01   1.210e-01   1.258e-01   0.000e+00   3.836e-02   1.420e-01  0.0000        2159  [    1     50        240         11 ]
           2      153375     844.881   1.259e-01   1.210e-01   1.258e-01   0.000e+00   3.734e-02   1.402e-01  0.0000        2304  [    0    400        120          7 ]
           2      157567     866.734   1.259e-01   1.210e-01   1.258e-01   0.000e+00   3.707e-02   1.400e-01  0.0000        2620  [    0    410        120          9 ]
           2      161400     891.290   1.259e-01   1.210e-01   1.258e-01   0.000e+00   3.575e-02   1.363e-01  0.0000        2955  [    0    420        120          8 ]
           2      165340     916.873   1.259e-01   1.210e-01   1.183e-01   0.000e+00   3.729e-02   1.366e-01  0.0000        1983  [    0    430        120          5 ]
           2      168898     932.245   1.259e-01   1.210e-01   1.183e-01   0.000e+00   3.523e-02   1.328e-01  0.0000        2346  [    0    440        120          6 ]
           2      174106     955.513   1.259e-01   1.210e-01   1.183e-01   0.000e+00   3.376e-02   1.298e-01  0.0000        2822  [    0    450        120          4 ]
           2      177684     982.795   1.259e-01   1.210e-01   1.147e-01   0.000e+00   3.328e-02   1.292e-01  0.0000        2997  [    0    460        120          7 ]
           2      181381    1012.314   1.259e-01   1.210e-01   1.147e-01   0.000e+00   3.324e-02   1.291e-01  0.0000        3074  [    0    470        120          8 ]
           2      182974    1025.781   1.259e-01   1.210e-01   1.147e-01   0.000e+00   3.656e-02   1.336e-01  0.0000        1880  [    1     60        240          8 ]
           2      185272    1034.947   1.259e-01   1.210e-01   1.147e-01   0.000e+00   3.569e-02   1.310e-01  0.0000        1932  [    0    480        120          7 ]
           2      189200    1049.818   1.259e-01   1.210e-01   1.147e-01   0.000e+00   3.494e-02   1.293e-01  0.0000        1977  [    0    490        120          8 ]
           2      192694    1064.633   1.259e-01   1.210e-01   1.147e-01   0.000e+00   3.456e-02   1.286e-01  0.0000        2041  [    0    500        120          6 ]
           2      196165    1080.157   1.259e-01   1.210e-01   1.147e-01   0.000e+00   3.444e-02   1.283e-01  0.0000        2084  [    0    510        120          7 ]
           3      203364    1089.729   8.834e-02   8.275e-02   7.119e-02   0.000e+00   3.147e-02   1.240e-01  0.0000        2446  [    3      1        960         18 ]
           3      207377    1101.044   8.834e-02   8.275e-02   7.119e-02   0.000e+00   3.101e-02   1.229e-01  0.0000        2500  [    2     10        480          7 ]
           3      219363    1128.437   8.834e-02   8.275e-02   7.119e-02   0.000e+00   2.950e-02   1.171e-01  0.0000        2645  [    2     20        480          6 ]
           3      231048    1159.461   8.834e-02   8.275e-02   7.119e-02   0.000e+00   2.875e-02   1.150e-01  0.0000        2729  [    2     30        480          9 ]
           3      242674    1192.266   8.834e-02   8.275e-02   7.119e-02   0.000e+00   2.841e-02   1.137e-01  0.0000        2817  [    2     40        480         14 ]
           3      256517    1228.022   5.459e-02   8.275e-02   4.803e-02   0.000e+00   2.758e-02   1.107e-01  0.0000        2882  [    2     50        480          7 ]
           3      268407    1264.334   5.459e-02   8.275e-02   4.803e-02   0.000e+00   2.647e-02   1.061e-01  0.5000        2998  [    2     60        480          8 ]
           4      283649    1287.489   5.459e-02   7.197e-02   3.296e-02   0.000e+00   2.569e-02   1.039e-01  0.5000        3110  [    4      1       1920         20 ]
           4      291396    1307.606   5.459e-02   7.197e-02   3.296e-02   0.000e+00   3.017e-02   1.095e-01  0.0000        1819  [    3     10        960          9 ]
           4      313880    1337.675   5.459e-02   7.197e-02   3.296e-02   0.000e+00   2.738e-02   1.026e-01  0.5000        2168  [    3     20        960         12 ]
           4      335906    1366.444   5.459e-02   7.197e-02   3.296e-02   0.000e+00   2.643e-02   1.007e-01  0.5000        2387  [    3     30        960         10 ]
           4      358258    1398.369   5.459e-02   7.197e-02   3.296e-02   0.000e+00   2.483e-02   9.746e-02  0.5000        2610  [    3     40        960         10 ]
           4      384551    1442.269   4.807e-02   7.197e-02   3.296e-02   0.000e+00   2.352e-02   9.389e-02  1.0000        2868  [    3     50        960          7 ]
           4      407898    1486.829   4.807e-02   6.086e-02   3.296e-02   0.000e+00   2.290e-02   9.206e-02  1.0000        2993  [    3     60        960         10 ]
           5      415124    1507.129   4.807e-02   6.086e-02   3.296e-02   0.000e+00   2.279e-02   9.175e-02  1.0000        3029  [    4      8       1920          9 ]
