# Generation  Evaluations  Time (s)  Best_obj[0]  Best_obj[1]  Hypervol.   IGD         IGDX        SR    Appr.set  [ Pop.index  Subgen.  Pop.size  Subpops ]
           0         287       4.453   5.079e+00   5.108e+00   0.000e+00   5.848e+00   5.049e+00  0.0000           2  [    0      1         90          1 ]
           1        2207       4.514   1.270e+00   1.489e+00   0.000e+00   1.014e+00   1.380e+00  0.0000          35  [    1      1        180          3 ]
           1        2878       4.613   1.121e+00   1.191e+00   0.000e+00   8.226e-01   1.236e+00  0.0000          33  [    0     10         90          2 ]
           1        4862       4.744   6.341e-01   6.308e-01   0.000e+00   3.594e-01   6.390e-01  0.0000          49  [    0     20         90          2 ]
           1        6878       4.945   4.817e-01   4.318e-01   0.000e+00   2.298e-01   4.929e-01  0.0000          98  [    0     30         90          2 ]
           1        8906       5.205   3.332e-01   3.421e-01   3.387e-05   1.622e-01   3.871e-01  0.0000         126  [    0     40         90          2 ]
           1       11316       5.587   2.854e-01   2.951e-01   4.427e-03   1.123e-01   3.084e-01  0.0000         191  [    0     50         90          2 ]
           1       13388       6.319   2.097e-01   2.539e-01   7.033e-03   8.638e-02   2.681e-01  0.0000         282  [    0     60         90          2 ]
           2       15627       7.240   1.737e-01   2.435e-01   8.201e-03   7.358e-02   2.475e-01  0.0000         383  [    2      1        360          4 ]
           2       16933       8.143   1.737e-01   2.351e-01   9.107e-03   6.630e-02   2.339e-01  0.0000         398  [    1     10        180          2 ]
           2       21226      10.468   1.427e-01   1.728e-01   1.142e-02   4.206e-02   1.992e-01  0.0000         708  [    1     20        180          2 ]
           2       25661      14.968   1.297e-01   1.716e-01   1.304e-02   3.420e-02   1.809e-01  0.0000         909  [    1     30        180          2 ]
           2       30038      20.350   1.268e-01   1.276e-01   1.487e-02   2.644e-02   1.564e-01  0.0000         912  [    1     40        180          2 ]
           2       34948      24.532   1.015e-01   1.212e-01   1.675e-02   2.114e-02   1.233e-01  0.0000         857  [    1     50        180          2 ]
           2       39173      29.805   8.999e-02   1.212e-01   1.729e-02   1.843e-02   1.101e-01  0.0000        1097  [    1     60        180          2 ]
           3       44466      35.419   8.981e-02   9.923e-02   1.736e-02   1.589e-02   1.047e-01  0.0000         784  [    3      1        720          4 ]
           3       48558      39.043   8.981e-02   9.391e-02   1.763e-02   1.386e-02   9.330e-02  0.0000         802  [    1     70        180          3 ]
           3       50306      41.198   7.965e-02   8.322e-02   1.768e-02   1.316e-02   8.960e-02  0.0000         836  [    2     10        360          3 ]
           3       52887      44.311   5.544e-02   7.394e-02   1.788e-02   1.108e-02   8.341e-02  0.0000         850  [    1     80        180          3 ]
           3       58057      49.973   5.544e-02   5.190e-02   1.810e-02   8.720e-03   7.748e-02  0.0000         918  [    1     90        180          3 ]
           3       62779      55.248   5.544e-02   5.190e-02   1.829e-02   7.943e-03   7.404e-02  0.0000         974  [    1    100        180          5 ]
           3       67549      60.303   5.498e-02   5.190e-02   1.843e-02   7.388e-03   7.132e-02  0.0000         977  [    1    110        180          3 ]
           3       72334      65.064   4.360e-02   5.190e-02   1.861e-02   6.338e-03   6.736e-02  0.0000        1000  [    1    120        180          3 ]
           3       79215      71.341   3.863e-02   4.803e-02   1.865e-02   5.784e-03   6.554e-02  0.5000        1089  [    1    130        180          4 ]
           3       84110      76.963   3.863e-02   4.803e-02   1.871e-02   5.484e-03   6.344e-02  0.5000        1077  [    1    140        180          6 ]
           3       88808      83.090   3.863e-02   4.803e-02   1.877e-02   5.370e-03   6.165e-02  0.5000        1070  [    1    150        180          5 ]
           3       90562      86.720   3.863e-02   4.375e-02   1.882e-02   5.334e-03   6.128e-02  0.5000        1074  [    2     20        360          3 ]
           3       93489      90.927   3.392e-02   4.375e-02   1.886e-02   5.124e-03   6.012e-02  0.5000        1081  [    1    160        180          5 ]
           3       99002      98.171   3.392e-02   4.295e-02   1.888e-02   4.829e-03   5.933e-02  0.5000        1049  [    1    170        180          4 ]
           3      103548     104.111   3.392e-02   3.775e-02   1.894e-02   4.432e-03   5.771e-02  0.5000        1048  [    1    180        180          4 ]
           3      108559     110.163   3.392e-02   3.775e-02   1.897e-02   4.154e-03   5.674e-02  0.5000        1154  [    1    190        180          5 ]
           3      114827     116.738   3.392e-02   3.712e-02   1.901e-02   4.063e-03   5.587e-02  0.5000        1182  [    1    200        180          5 ]
           3      120534     125.202   3.392e-02   3.712e-02   1.903e-02   4.036e-03   5.485e-02  0.5000        1187  [    1    210        180          6 ]
           3      125795     132.191   3.392e-02   3.712e-02   1.905e-02   3.974e-03   5.440e-02  0.5000        1167  [    1    220        180          6 ]
           3      130831     139.085   3.392e-02   3.712e-02   1.905e-02   3.972e-03   5.411e-02  0.5000        1183  [    1    230        180          5 ]
           3      132793     143.493   3.392e-02   3.712e-02   1.905e-02   3.962e-03   5.403e-02  0.5000        1202  [    2     30        360          5 ]
           3      135814     150.570   3.392e-02   3.712e-02   1.905e-02   3.931e-03   5.310e-02  0.5000        1182  [    1    240        180          6 ]
           3      141391     160.793   3.392e-02   3.712e-02   1.879e-02   3.875e-03   5.198e-02  0.5000        1193  [    1    250        180          4 ]
           3      147585     169.760   3.392e-02   3.712e-02   1.823e-02   3.819e-03   5.106e-02  0.5000        1225  [    1    260        180          5 ]
           3      152106     177.310   3.392e-02   3.517e-02   1.912e-02   3.719e-03   5.046e-02  0.5000        1179  [    1    270        180          7 ]
           3      156907     184.405   3.392e-02   3.517e-02   1.912e-02   3.687e-03   4.921e-02  0.5000        1228  [    1    280        180          7 ]
           3      162640     194.845   3.392e-02   3.517e-02   1.912e-02   3.661e-03   4.866e-02  0.5000        1232  [    1    290        180          6 ]
           3      167710     200.557   3.016e-02   3.517e-02   1.835e-02   4.386e-03   4.919e-02  0.5000         823  [    1    300        180          7 ]
           3      172417     205.344   3.016e-02   3.517e-02   1.895e-02   4.322e-03   4.878e-02  0.5000         829  [    1    310        180          5 ]
           3      174339     207.581   3.016e-02   3.517e-02   1.716e-02   4.316e-03   4.871e-02  0.5000         841  [    2     40        360          9 ]
           3      177299     210.872   3.016e-02   3.517e-02   1.895e-02   4.301e-03   4.832e-02  0.5000         847  [    1    320        180          7 ]
           3      183946     215.690   3.016e-02   3.517e-02   1.861e-02   4.254e-03   4.764e-02  0.5000         856  [    1    330        180          5 ]
           3      188793     219.408   3.016e-02   3.517e-02   1.896e-02   4.156e-03   4.656e-02  0.5000         865  [    1    340        180          6 ]
           3      193679     223.714   3.016e-02   3.517e-02   1.898e-02   4.049e-03   4.509e-02  0.5000         889  [    1    350        180          5 ]
           3      198654     227.917   3.016e-02   3.509e-02   1.900e-02   4.009e-03   4.397e-02  0.5000         889  [    1    360        180         10 ]
           3      204128     232.538   2.899e-02   3.509e-02   1.888e-02   3.935e-03   4.341e-02  0.5000         866  [    1    370        180          9 ]
           3      208980     236.800   2.899e-02   3.509e-02   1.780e-02   3.855e-03   4.301e-02  0.5000         938  [    1    380        180          5 ]
           3      215208     240.836   2.726e-02   3.509e-02   1.801e-02   3.791e-03   4.288e-02  0.5000         925  [    1    390        180          8 ]
           3      217013     243.008   2.726e-02   3.509e-02   1.872e-02   3.788e-03   4.285e-02  0.5000         922  [    2     50        360          6 ]
           3      219864     247.315   2.726e-02   3.509e-02   1.798e-02   3.774e-03   4.280e-02  0.5000         908  [    1    400        180          7 ]
           3      225060     252.820   2.726e-02   3.509e-02   1.905e-02   3.748e-03   4.268e-02  0.5000         880  [    1    410        180          6 ]
           3      229634     257.468   2.726e-02   3.509e-02   1.869e-02   3.706e-03   4.255e-02  0.5000         870  [    1    420        180          5 ]
           3      234480     263.010   2.726e-02   3.509e-02   1.905e-02   3.658e-03   4.225e-02  0.5000         889  [    1    430        180          5 ]
           3      239385     268.187   2.726e-02   3.509e-02   1.909e-02   3.586e-03   3.973e-02  1.0000         904  [    1    440        180          7 ]
           3      246374     273.694   2.726e-02   3.509e-02   1.912e-02   3.540e-03   3.848e-02  1.0000         928  [    1    450        180          8 ]
           3      251428     278.090   2.726e-02   3.509e-02   1.913e-02   3.509e-03   3.805e-02  1.0000         916  [    1    460        180          7 ]
           3      256474     282.624   2.726e-02   3.509e-02   1.916e-02   3.500e-03   3.759e-02  1.0000         945  [    1    470        180          5 ]
           3      258418     285.518   2.726e-02   3.509e-02   1.916e-02   3.500e-03   3.759e-02  1.0000         933  [    2     60        360          4 ]
           3      261270     289.915   2.726e-02   3.509e-02   1.916e-02   3.500e-03   3.759e-02  1.0000         951  [    1    480        180          9 ]
           3      266978     295.592   2.726e-02   3.403e-02   1.921e-02   3.475e-03   3.713e-02  1.0000         941  [    1    490        180          7 ]
           3      271858     300.642   2.726e-02   3.403e-02   1.921e-02   3.462e-03   3.691e-02  1.0000         943  [    1    500        180          4 ]
           3      276802     306.983   2.726e-02   3.403e-02   1.922e-02   3.449e-03   3.642e-02  1.0000         943  [    1    510        180          7 ]
           4      277662     310.026   2.726e-02   3.403e-02   1.922e-02   3.446e-03   3.642e-02  1.0000         943  [    3      8        720          7 ]
