# Generation  Evaluations  Time (s)  Best_obj[0]  Best_obj[1]  Best_obj[2]  Hypervol.   IGD         IGDX        SR    Appr.set  [ Pop.index  Subgen.  Pop.size  Subpops ]
           0         366       6.278   3.024e+00   2.884e+00   3.551e+00   0.000e+00   3.332e+00   6.430e+00  0.0000           1  [    0      1        120          1 ]
           1        3252       6.440   1.231e+00   6.862e-01   8.674e-01   0.000e+00   6.084e-01   1.038e+00  0.0000         271  [    1      1        240          7 ]
           1        4388       6.834   9.761e-01   6.862e-01   7.867e-01   0.000e+00   4.961e-01   9.308e-01  0.0000         309  [    0     10        120          7 ]
           1        8126       7.726   4.682e-01   5.037e-01   4.417e-01   0.000e+00   2.397e-01   5.546e-01  0.0000         415  [    0     20        120          9 ]
           1       11603       9.101   4.682e-01   5.037e-01   2.449e-01   0.000e+00   1.540e-01   3.784e-01  0.0000         645  [    0     30        120          9 ]
           1       15068      12.043   2.147e-01   3.805e-01   2.449e-01   0.000e+00   1.325e-01   3.529e-01  0.0000         931  [    0     40        120          4 ]
           1       18946      17.307   2.075e-01   3.805e-01   2.449e-01   0.000e+00   1.043e-01   3.061e-01  0.0000        1266  [    0     50        120          9 ]
           1       22293      23.344   2.075e-01   3.798e-01   2.449e-01   0.000e+00   9.766e-02   2.927e-01  0.0000        1360  [    0     60        120          5 ]
           2       27106      28.779   1.719e-01   3.384e-01   1.801e-01   0.000e+00   8.594e-02   2.845e-01  0.0000        2633  [    2      1        480          9 ]
           2       29092      39.024   1.719e-01   3.106e-01   1.801e-01   0.000e+00   8.002e-02   2.750e-01  0.0000        2792  [    1     10        240          8 ]
           2       35411      66.744   1.719e-01   2.932e-01   1.801e-01   0.000e+00   7.111e-02   2.450e-01  0.0000        2828  [    1     20        240          6 ]
           2       41734      94.321   1.719e-01   2.357e-01   1.801e-01   0.000e+00   6.453e-02   2.307e-01  0.0000        3075  [    1     30        240          9 ]
           2       48399     114.711   1.719e-01   2.357e-01   1.801e-01   0.000e+00   6.435e-02   2.266e-01  0.0000        1934  [    1     40        240         11 ]
           2       55977     131.508   1.719e-01   2.357e-01   1.801e-01   0.000e+00   5.628e-02   2.082e-01  0.0000        2152  [    1     50        240          6 ]
           2       62627     150.272   1.719e-01   1.164e-01   1.626e-01   0.000e+00   4.996e-02   1.930e-01  0.0000        2289  [    1     60        240          8 ]
           3       71889     163.698   1.719e-01   1.164e-01   1.123e-01   0.000e+00   4.514e-02   1.840e-01  0.0000        2687  [    3      1        960         13 ]
           3       78131     185.880   1.719e-01   1.076e-01   1.123e-01   0.000e+00   4.340e-02   1.772e-01  0.0000        2758  [    1     70        240         10 ]
           3       80928     198.692   1.719e-01   1.076e-01   1.123e-01   0.000e+00   4.270e-02   1.726e-01  0.0000        2764  [    2     10        480         10 ]
           3       84803     218.037   1.719e-01   1.076e-01   1.123e-01   0.000e+00   4.197e-02   1.692e-01  0.0000        2778  [    1     80        240          8 ]
           3       92392     249.851   1.719e-01   1.052e-01   1.123e-01   0.000e+00   3.887e-02   1.569e-01  0.0000        2828  [    1     90        240         10 ]
           3       99068     279.657   1.719e-01   1.052e-01   1.123e-01   0.000e+00   3.830e-02   1.554e-01  0.0000        2837  [    1    100        240          9 ]
           3      105491     309.335   1.186e-01   1.052e-01   1.123e-01   0.000e+00   3.757e-02   1.542e-01  0.0000        2928  [    1    110        240          8 ]
           3      112027     341.820   1.186e-01   1.052e-01   1.123e-01   0.000e+00   3.712e-02   1.522e-01  0.0000        2945  [    1    120        240          8 ]
           3      121682     382.572   1.186e-01   1.052e-01   1.123e-01   0.000e+00   3.563e-02   1.490e-01  0.0000        3009  [    1    130        240          9 ]
           3      128568     417.499   1.186e-01   1.052e-01   1.123e-01   0.000e+00   3.417e-02   1.431e-01  0.0000        3061  [    1    140        240          6 ]
           3      135314     447.093   1.186e-01   1.052e-01   1.123e-01   0.000e+00   3.739e-02   1.460e-01  0.0000        1916  [    1    150        240          8 ]
           3      137942     454.431   1.186e-01   1.052e-01   1.123e-01   0.000e+00   3.640e-02   1.431e-01  0.0000        1975  [    2     20        480          7 ]
           3      141949     465.253   1.186e-01   1.052e-01   1.123e-01   0.000e+00   3.577e-02   1.420e-01  0.0000        2064  [    1    160        240          8 ]
           3      149646     485.289   1.186e-01   1.052e-01   1.123e-01   0.000e+00   3.448e-02   1.388e-01  0.0000        2206  [    1    170        240          7 ]
           3      156290     505.470   1.186e-01   1.052e-01   1.123e-01   0.000e+00   3.343e-02   1.370e-01  0.0000        2254  [    1    180        240          4 ]
           3      162773     525.568   1.186e-01   1.052e-01   1.123e-01   0.000e+00   3.289e-02   1.358e-01  0.0000        2323  [    1    190        240          8 ]
           3      171072     550.232   1.186e-01   1.052e-01   1.123e-01   0.000e+00   3.224e-02   1.347e-01  0.0000        2405  [    1    200        240          9 ]
           3      178248     572.449   1.186e-01   1.052e-01   1.123e-01   0.000e+00   3.208e-02   1.342e-01  0.0000        2329  [    1    210        240          8 ]
           3      184453     593.690   1.186e-01   1.052e-01   1.123e-01   0.000e+00   3.200e-02   1.336e-01  0.0000        2349  [    1    220        240          8 ]
           3      190766     615.539   1.186e-01   1.052e-01   1.123e-01   0.000e+00   3.155e-02   1.319e-01  0.0000        2377  [    1    230        240          8 ]
           3      193431     624.970   1.186e-01   1.052e-01   1.123e-01   0.000e+00   3.142e-02   1.316e-01  0.0000        2391  [    2     30        480         10 ]
           3      197274     640.414   1.186e-01   1.052e-01   1.123e-01   0.000e+00   3.114e-02   1.305e-01  0.0000        2432  [    1    240        240          5 ]
           3      204774     666.007   1.186e-01   1.052e-01   1.123e-01   0.000e+00   3.074e-02   1.288e-01  0.0000        2479  [    1    250        240          7 ]
           3      213327     692.857   1.186e-01   1.052e-01   1.123e-01   0.000e+00   3.037e-02   1.276e-01  0.0000        2515  [    1    260        240          6 ]
           3      220166     717.687   1.056e-01   1.052e-01   1.123e-01   0.000e+00   2.973e-02   1.255e-01  0.0000        2557  [    1    270        240          6 ]
           3      227086     743.817   9.024e-02   1.052e-01   1.123e-01   0.000e+00   2.898e-02   1.227e-01  0.0000        2575  [    1    280        240         10 ]
           3      234814     771.870   9.024e-02   1.052e-01   1.123e-01   0.000e+00   2.848e-02   1.209e-01  0.0000        2567  [    1    290        240         10 ]
           3      241353     798.971   9.024e-02   1.052e-01   1.123e-01   0.000e+00   2.829e-02   1.199e-01  0.0000        2611  [    1    300        240          7 ]
           3      248058     826.088   9.024e-02   1.012e-01   1.050e-01   0.000e+00   2.813e-02   1.191e-01  0.0000        2662  [    1    310        240         10 ]
           3      250561     837.003   9.024e-02   1.012e-01   1.050e-01   0.000e+00   2.805e-02   1.187e-01  0.0000        2650  [    2     40        480          5 ]
           3      254472     853.291   9.024e-02   1.012e-01   1.050e-01   0.000e+00   2.781e-02   1.181e-01  0.0000        2624  [    1    320        240          4 ]
           3      264063     887.451   8.075e-02   1.012e-01   1.050e-01   0.000e+00   2.732e-02   1.162e-01  0.0000        2691  [    1    330        240          7 ]
           3      270835     915.740   8.075e-02   1.012e-01   1.050e-01   0.000e+00   2.705e-02   1.153e-01  0.0000        2733  [    1    340        240          8 ]
           3      277724     944.413   8.075e-02   1.012e-01   1.050e-01   0.000e+00   2.690e-02   1.146e-01  0.0000        2752  [    1    350        240          9 ]
           3      284663     975.179   8.075e-02   1.012e-01   1.050e-01   0.000e+00   2.672e-02   1.140e-01  0.0000        2763  [    1    360        240         10 ]
           3      292605    1004.818   8.075e-02   1.012e-01   1.036e-01   0.000e+00   2.650e-02   1.133e-01  0.0000        2794  [    1    370        240          7 ]
           3      299373    1034.989   8.075e-02   1.012e-01   1.036e-01   0.000e+00   2.634e-02   1.121e-01  0.0000        2785  [    1    380        240          7 ]
           3      308010    1068.793   8.075e-02   1.012e-01   1.036e-01   0.000e+00   2.613e-02   1.115e-01  0.0000        2797  [    1    390        240          7 ]
           3      310715    1082.064   8.075e-02   1.012e-01   1.036e-01   0.000e+00   2.606e-02   1.111e-01  0.0000        2811  [    2     50        480          9 ]
           3      314722    1101.126   8.075e-02   1.012e-01   1.036e-01   0.000e+00   2.605e-02   1.111e-01  0.0000        2817  [    1    400        240         10 ]
           3      321857    1133.315   8.075e-02   1.012e-01   1.036e-01   0.000e+00   2.602e-02   1.110e-01  0.0000        2799  [    1    410        240          6 ]
           3      328236    1161.793   8.075e-02   1.012e-01   1.036e-01   0.000e+00   2.596e-02   1.107e-01  0.0000        2791  [    1    420        240          7 ]
           3      334709    1190.148   8.075e-02   1.012e-01   1.036e-01   0.000e+00   2.588e-02   1.102e-01  0.0000        2792  [    1    430        240          6 ]
           3      341651    1219.545   8.075e-02   1.012e-01   1.036e-01   0.000e+00   2.574e-02   1.097e-01  0.0000        2808  [    1    440        240         10 ]
           3      351367    1253.122   7.103e-02   1.012e-01   1.036e-01   0.000e+00   2.560e-02   1.091e-01  0.0000        2814  [    1    450        240          7 ]
           3      358503    1284.044   7.103e-02   1.012e-01   1.036e-01   0.000e+00   2.544e-02   1.081e-01  0.0000        2795  [    1    460        240          7 ]
           3      365473    1314.835   7.103e-02   1.012e-01   1.036e-01   0.000e+00   2.531e-02   1.073e-01  0.0000        2818  [    1    470        240          7 ]
           3      368135    1327.643   7.103e-02   1.012e-01   1.036e-01   0.000e+00   2.528e-02   1.071e-01  0.0000        2835  [    2     60        480          7 ]
           3      372113    1346.958   7.103e-02   1.012e-01   1.036e-01   0.000e+00   2.523e-02   1.068e-01  0.0000        2808  [    1    480        240          6 ]
           3      379861    1380.443   7.103e-02   1.012e-01   1.036e-01   0.000e+00   2.508e-02   1.061e-01  0.5000        2788  [    1    490        240          8 ]
           3      386354    1412.493   7.103e-02   1.012e-01   1.036e-01   0.000e+00   2.497e-02   1.059e-01  0.5000        2791  [    1    500        240          8 ]
           3      392517    1442.778   7.103e-02   1.012e-01   1.036e-01   0.000e+00   2.490e-02   1.055e-01  0.5000        2828  [    1    510        240          9 ]
           4      404808    1458.327   7.078e-02   5.929e-02   1.036e-01   0.000e+00   2.475e-02   1.052e-01  0.5000        2904  [    4      1       1920         16 ]
           4      416309    1486.025   7.078e-02   5.929e-02   1.036e-01   0.000e+00   2.467e-02   1.048e-01  0.5000        2879  [    2     70        480          5 ]
           4      421413    1502.092   7.078e-02   5.929e-02   1.036e-01   0.000e+00   2.460e-02   1.045e-01  0.5000        2905  [    3     10        960          9 ]
           4      429012    1527.900   7.078e-02   5.929e-02   1.036e-01   0.000e+00   2.450e-02   1.039e-01  0.5000        2929  [    2     80        480         11 ]
           4      443188    1570.219   7.078e-02   5.929e-02   1.036e-01   0.000e+00   2.443e-02   1.036e-01  0.5000        2919  [    2     90        480          9 ]
           4      454906    1607.818   7.078e-02   5.929e-02   1.036e-01   0.000e+00   2.439e-02   1.033e-01  0.5000        2926  [    2    100        480          7 ]
           4      467084    1645.438   7.078e-02   5.929e-02   9.159e-02   0.000e+00   2.432e-02   1.029e-01  0.5000        2935  [    2    110        480         10 ]
           4      479333    1684.263   7.078e-02   5.929e-02   9.159e-02   0.000e+00   2.426e-02   1.028e-01  0.5000        2940  [    2    120        480          8 ]
           4      497108    1729.734   7.078e-02   5.929e-02   9.159e-02   0.000e+00   2.404e-02   1.018e-01  0.5000        2962  [    2    130        480          6 ]
           4      509615    1768.477   7.078e-02   5.929e-02   9.159e-02   0.000e+00   2.380e-02   1.011e-01  0.5000        2980  [    2    140        480          7 ]
           4      521911    1805.875   7.078e-02   5.929e-02   9.159e-02   0.000e+00   2.377e-02   1.009e-01  0.5000        2997  [    2    150        480          8 ]
           4      527004    1823.327   7.078e-02   5.929e-02   6.943e-02   0.000e+00   2.370e-02   1.007e-01  0.5000        2995  [    3     20        960          9 ]
           4      534169    1848.763   7.078e-02   5.929e-02   6.943e-02   0.000e+00   2.366e-02   1.003e-01  0.5000        2987  [    2    160        480          6 ]
           4      548321    1891.736   7.078e-02   5.756e-02   6.943e-02   0.000e+00   2.357e-02   9.999e-02  0.5000        2966  [    2    170        480          8 ]
           4      560437    1929.303   7.078e-02   5.756e-02   6.943e-02   0.000e+00   2.355e-02   9.987e-02  0.5000        2992  [    2    180        480         17 ]
           4      571722    1965.744   7.078e-02   5.756e-02   6.943e-02   0.000e+00   2.355e-02   9.987e-02  0.5000        2978  [    2    190        480          7 ]
           4      587182    2008.862   7.078e-02   5.756e-02   6.943e-02   0.000e+00   2.353e-02   9.972e-02  0.5000        3001  [    2    200        480          9 ]
           4      601529    2051.230   7.078e-02   5.756e-02   6.943e-02   0.000e+00   2.353e-02   9.969e-02  0.5000        3008  [    2    210        480         10 ]
           4      613712    2090.329   7.078e-02   5.756e-02   6.943e-02   0.000e+00   2.345e-02   9.919e-02  0.5000        2975  [    2    220        480          6 ]
           4      625938    2129.121   7.078e-02   5.756e-02   6.822e-02   0.000e+00   2.339e-02   9.871e-02  0.5000        3010  [    2    230        480          8 ]
           4      630768    2146.330   7.078e-02   5.756e-02   6.822e-02   0.000e+00   2.335e-02   9.848e-02  0.5000        2997  [    3     30        960          7 ]
           4      637943    2172.066   7.078e-02   5.756e-02   6.822e-02   0.000e+00   2.333e-02   9.840e-02  0.5000        2987  [    2    240        480          4 ]
           4      652178    2214.502   7.078e-02   5.756e-02   6.822e-02   0.000e+00   2.322e-02   9.808e-02  0.5000        2985  [    2    250        480          6 ]
           4      668464    2259.511   7.078e-02   5.756e-02   6.822e-02   0.000e+00   2.310e-02   9.713e-02  0.5000        3022  [    2    260        480          7 ]
           4      680991    2300.315   7.078e-02   5.756e-02   6.822e-02   0.000e+00   2.297e-02   9.675e-02  0.5000        3016  [    2    270        480          7 ]
           4      692540    2340.322   7.078e-02   5.756e-02   6.822e-02   0.000e+00   2.297e-02   9.666e-02  0.5000        2996  [    2    280        480          6 ]
           4      706448    2383.622   7.078e-02   5.756e-02   6.822e-02   0.000e+00   2.294e-02   9.655e-02  0.5000        3028  [    2    290        480         11 ]
           4      718687    2423.806   7.078e-02   5.756e-02   6.822e-02   0.000e+00   2.286e-02   9.623e-02  0.5000        3020  [    2    300        480          7 ]
           4      731338    2462.601   6.504e-02   5.756e-02   6.508e-02   0.000e+00   2.267e-02   9.509e-02  0.5000        3042  [    2    310        480         13 ]
           4      736302    2480.003   6.504e-02   5.756e-02   6.508e-02   0.000e+00   2.267e-02   9.500e-02  0.5000        3039  [    3     40        960         15 ]
           4      743489    2506.308   6.504e-02   5.756e-02   6.508e-02   0.000e+00   2.267e-02   9.500e-02  0.5000        3042  [    2    320        480          9 ]
           4      761447    2554.552   6.504e-02   5.756e-02   6.508e-02   0.000e+00   2.262e-02   9.462e-02  0.5000        3030  [    2    330        480          7 ]
           4      774135    2596.312   6.504e-02   5.756e-02   6.508e-02   0.000e+00   2.253e-02   9.419e-02  0.5000        3038  [    2    340        480         10 ]
           4      786567    2636.483   6.504e-02   5.756e-02   6.508e-02   0.000e+00   2.248e-02   9.373e-02  0.5000        3005  [    2    350        480          8 ]
           4      799341    2677.249   6.504e-02   5.756e-02   6.508e-02   0.000e+00   2.235e-02   9.293e-02  1.0000        2960  [    2    360        480          4 ]
           4      814349    2719.944   6.504e-02   5.756e-02   6.508e-02   0.000e+00   2.223e-02   9.254e-02  1.0000        2977  [    2    370        480          6 ]
           4      826631    2759.997   6.504e-02   5.756e-02   6.508e-02   0.000e+00   2.219e-02   9.210e-02  1.0000        3018  [    2    380        480          7 ]
           4      842023    2805.794   6.504e-02   5.756e-02   6.145e-02   0.000e+00   2.216e-02   9.195e-02  1.0000        2991  [    2    390        480          4 ]
           4      846900    2822.728   6.504e-02   5.756e-02   6.145e-02   0.000e+00   2.216e-02   9.195e-02  1.0000        3017  [    3     50        960         10 ]
           4      853818    2848.829   6.504e-02   5.756e-02   6.145e-02   0.000e+00   2.214e-02   9.189e-02  1.0000        3048  [    2    400        480         11 ]
           4      868004    2892.019   6.504e-02   5.756e-02   6.145e-02   0.000e+00   2.212e-02   9.174e-02  1.0000        3021  [    2    410        480          9 ]
           4      879966    2930.943   6.504e-02   5.756e-02   6.145e-02   0.000e+00   2.210e-02   9.161e-02  1.0000        3015  [    2    420        480          6 ]
           4      892039    2968.932   6.504e-02   5.756e-02   6.145e-02   0.000e+00   2.204e-02   9.139e-02  1.0000        2995  [    2    430        480          4 ]
           4      903898    3008.050   6.504e-02   5.756e-02   6.145e-02   0.000e+00   2.204e-02   9.119e-02  1.0000        3033  [    2    440        480          5 ]
           4      921887    3056.767   6.504e-02   5.756e-02   6.145e-02   0.000e+00   2.199e-02   9.064e-02  1.0000        3046  [    2    450        480         10 ]
           4      934143    3096.241   6.504e-02   5.756e-02   6.145e-02   0.000e+00   2.193e-02   9.011e-02  1.0000        3039  [    2    460        480          5 ]
           4      946659    3138.037   6.504e-02   5.756e-02   6.145e-02   0.000e+00   2.188e-02   8.988e-02  1.0000        3063  [    2    470        480         14 ]
           4      951767    3154.948   6.504e-02   5.756e-02   6.145e-02   0.000e+00   2.186e-02   8.978e-02  1.0000        3063  [    3     60        960         10 ]
           4      959321    3181.324   6.504e-02   5.756e-02   6.145e-02   0.000e+00   2.182e-02   8.938e-02  1.0000        3044  [    2    480        480         13 ]
           4      973582    3223.838   6.504e-02   5.756e-02   6.145e-02   0.000e+00   2.181e-02   8.928e-02  1.0000        3066  [    2    490        480         10 ]
           4      986252    3257.932   6.504e-02   5.756e-02   6.145e-02   0.000e+00   2.177e-02   8.896e-02  1.0000        3062  [    2    500        480         11 ]
           4      998782    3297.992   6.504e-02   5.756e-02   6.145e-02   0.000e+00   2.175e-02   8.878e-02  1.0000        3041  [    2    510        480          7 ]
           5     1000833    3310.637   6.504e-02   5.756e-02   6.145e-02   0.000e+00   2.175e-02   8.876e-02  1.0000        3036  [    4      8       1920          7 ]
