# Generation  Evaluations  Time (s)  Best_obj[0]  Best_obj[1]  Hypervol.   IGD         IGDX        SR    Appr.set  [ Pop.index  Subgen.  Pop.size  Subpops ]
           0         297       5.236   4.465e+00   4.545e+00   0.000e+00   5.024e+00   5.297e+00  0.0000           1  [    0      1         90          1 ]
           1        2385       5.287   1.219e+00   1.214e+00   0.000e+00   9.312e-01   1.299e+00  0.0000          24  [    1      1        180          4 ]
           1        3063       5.358   1.166e+00   1.209e+00   0.000e+00   8.383e-01   1.130e+00  0.0000          31  [    0     10         90          2 ]
           1        5069       5.496   5.711e-01   5.969e-01   0.000e+00   3.857e-01   6.988e-01  0.0000          87  [    0     20         90          2 ]
           1        7123       5.803   4.557e-01   5.313e-01   4.323e-05   2.616e-01   5.632e-01  0.0000         122  [    0     30         90          2 ]
           1        9209       6.222   4.094e-01   3.272e-01   9.667e-04   1.544e-01   4.323e-01  0.0000         133  [    0     40         90          2 ]
           1       11601       6.555   3.214e-01   3.249e-01   2.584e-03   1.267e-01   3.466e-01  0.0000         206  [    0     50         90          2 ]
           1       13680       7.240   2.920e-01   2.419e-01   6.173e-03   9.410e-02   2.748e-01  0.0000         251  [    0     60         90          2 ]
           2       15885       8.192   2.419e-01   2.048e-01   7.333e-03   7.975e-02   2.562e-01  0.0000         424  [    2      1        360          4 ]
           2       17921       9.367   2.195e-01   1.756e-01   8.195e-03   6.484e-02   2.234e-01  0.0000         403  [    0     70         90          2 ]
           2       18778      10.030   2.172e-01   1.454e-01   9.811e-03   5.991e-02   2.142e-01  0.0000         384  [    1     10        180          2 ]
           2       20071      10.841   1.922e-01   1.374e-01   1.156e-02   5.358e-02   2.039e-01  0.0000         486  [    0     80         90          2 ]
           2       22519      12.724   1.922e-01   1.374e-01   1.265e-02   4.810e-02   1.850e-01  0.0000         544  [    0     90         90          2 ]
           2       24694      14.651   1.801e-01   1.374e-01   1.373e-02   3.919e-02   1.681e-01  0.0000         617  [    0    100         90          2 ]
           2       26866      17.028   1.238e-01   1.374e-01   1.428e-02   2.984e-02   1.579e-01  0.0000         728  [    0    110         90          2 ]
           2       29033      20.243   1.209e-01   1.374e-01   1.495e-02   2.826e-02   1.540e-01  0.0000         807  [    0    120         90          2 ]
           2       32241      25.159   1.209e-01   1.109e-01   1.560e-02   2.525e-02   1.422e-01  0.0000         909  [    0    130         90          2 ]
           2       34523      30.345   1.195e-01   9.721e-02   1.585e-02   2.141e-02   1.339e-01  0.0000        1051  [    0    140         90          2 ]
           2       36705      35.937   1.195e-01   9.721e-02   1.644e-02   2.058e-02   1.304e-01  0.0000        1121  [    0    150         90          2 ]
           2       37594      39.588   1.195e-01   9.721e-02   1.655e-02   2.024e-02   1.237e-01  0.0000        1110  [    1     20        180          2 ]
           2       38958      43.231   1.106e-01   8.682e-02   1.696e-02   1.928e-02   1.193e-01  0.0000        1129  [    0    160         90          2 ]
           2       41608      50.201   8.372e-02   8.682e-02   1.737e-02   1.649e-02   1.082e-01  0.0000        1173  [    0    170         90          2 ]
           2       43792      57.655   8.372e-02   8.682e-02   1.785e-02   1.620e-02   1.029e-01  0.0000        1201  [    0    180         90          2 ]
           2       46144      64.958   8.372e-02   7.651e-02   1.788e-02   1.475e-02   9.451e-02  0.0000         741  [    0    190         90          2 ]
           2       49029      70.036   8.346e-02   7.336e-02   1.821e-02   1.280e-02   8.359e-02  0.0000        1014  [    0    200         90          2 ]
           2       51510      77.644   8.346e-02   7.336e-02   1.829e-02   1.232e-02   8.062e-02  0.0000         743  [    0    210         90          2 ]
           2       53761      82.310   7.512e-02   7.336e-02   1.850e-02   1.143e-02   7.613e-02  0.0000        1106  [    0    220         90          2 ]
           2       56113      87.995   7.034e-02   6.104e-02   1.852e-02   1.024e-02   7.139e-02  0.0000         782  [    0    230         90          2 ]
           2       57085      90.372   7.034e-02   6.104e-02   1.854e-02   9.897e-03   7.021e-02  0.0000         823  [    1     30        180          2 ]
           2       58575      93.356   6.013e-02   5.996e-02   1.860e-02   9.196e-03   6.844e-02  0.0000         870  [    0    240         90          2 ]
           2       61514      98.579   6.013e-02   5.996e-02   1.872e-02   8.330e-03   6.394e-02  0.0000         926  [    0    250         90          2 ]
           2       64729     103.567   5.804e-02   5.996e-02   1.875e-02   7.879e-03   6.218e-02  0.0000         966  [    0    260         90          2 ]
           2       67406     108.705   5.236e-02   5.996e-02   1.879e-02   7.170e-03   6.038e-02  0.0000         986  [    0    270         90          2 ]
           2       70103     114.165   5.236e-02   5.113e-02   1.887e-02   6.766e-03   5.785e-02  0.0000        1013  [    0    280         90          2 ]
           2       73361     119.793   5.077e-02   4.828e-02   1.891e-02   6.200e-03   5.612e-02  0.0000        1046  [    0    290         90          2 ]
           2       76307     125.167   4.909e-02   4.805e-02   1.894e-02   5.898e-03   5.500e-02  0.0000        1072  [    0    300         90          2 ]
           2       79281     131.432   4.909e-02   4.644e-02   1.898e-02   5.744e-03   5.391e-02  0.0000        1088  [    0    310         90          2 ]
           2       80431     134.461   4.746e-02   4.644e-02   1.899e-02   5.667e-03   5.367e-02  0.0000        1097  [    1     40        180          2 ]
           2       82333     139.007   4.739e-02   4.644e-02   1.902e-02   5.542e-03   5.305e-02  0.0000        1100  [    0    320         90          2 ]
           2       86320     145.734   4.718e-02   4.481e-02   1.905e-02   5.393e-03   5.244e-02  0.0000        1110  [    0    330         90          2 ]
           2       89260     152.132   4.696e-02   4.481e-02   1.907e-02   5.233e-03   5.154e-02  0.0000        1120  [    0    340         90          2 ]
           2       92248     158.701   4.696e-02   4.342e-02   1.910e-02   5.069e-03   5.067e-02  0.0000        1118  [    0    350         90          2 ]
           2       95310     165.658   4.589e-02   4.271e-02   1.912e-02   4.956e-03   5.004e-02  0.5000        1123  [    0    360         90          2 ]
           2       98573     173.624   4.422e-02   4.271e-02   1.914e-02   4.852e-03   4.964e-02  0.5000        1128  [    0    370         90          2 ]
           2      101701     179.816   4.342e-02   4.271e-02   1.914e-02   4.805e-03   4.942e-02  1.0000        1130  [    0    380         90          2 ]
           2      105093     189.078   4.342e-02   4.271e-02   1.916e-02   4.748e-03   4.908e-02  1.0000        1138  [    0    390         90          3 ]
           2      106080     192.215   4.342e-02   4.271e-02   1.916e-02   4.736e-03   4.900e-02  1.0000        1138  [    1     50        180          4 ]
           2      107696     198.574   4.342e-02   4.271e-02   1.916e-02   4.721e-03   4.888e-02  1.0000        1165  [    0    400         90          3 ]
           2      110669     206.421   4.342e-02   4.271e-02   1.917e-02   4.692e-03   4.856e-02  1.0000        1172  [    0    410         90          3 ]
           2      113307     213.918   4.342e-02   4.271e-02   1.917e-02   4.650e-03   4.804e-02  1.0000        1197  [    0    420         90          4 ]
           2      115915     221.651   4.342e-02   4.271e-02   1.853e-02   4.628e-03   4.779e-02  1.0000        1214  [    0    430         90          3 ]
           2      118727     228.375   4.241e-02   4.271e-02   1.918e-02   4.605e-03   4.754e-02  1.0000        1205  [    0    440         90          3 ]
           2      122235     236.211   4.241e-02   4.271e-02   1.919e-02   4.592e-03   4.739e-02  1.0000        1196  [    0    450         90          4 ]
           2      124699     243.123   4.241e-02   4.271e-02   1.919e-02   4.579e-03   4.718e-02  1.0000        1201  [    0    460         90          5 ]
           2      127402     248.810   4.241e-02   4.271e-02   1.913e-02   4.553e-03   4.678e-02  1.0000        1221  [    0    470         90          4 ]
           2      128416     251.897   4.241e-02   4.271e-02   1.902e-02   4.547e-03   4.675e-02  1.0000        1213  [    1     60        180          4 ]
           2      129994     255.760   4.241e-02   4.271e-02   1.920e-02   4.537e-03   4.659e-02  1.0000        1215  [    0    480         90          4 ]
           2      133214     260.853   4.241e-02   4.271e-02   1.920e-02   4.524e-03   4.635e-02  1.0000        1200  [    0    490         90          5 ]
           2      135795     266.634   4.241e-02   4.271e-02   1.921e-02   4.508e-03   4.609e-02  1.0000        1201  [    0    500         90          3 ]
           2      138495     273.189   4.241e-02   3.963e-02   1.920e-02   4.464e-03   4.568e-02  1.0000        1234  [    0    510         90          5 ]
           3      138993     276.946   4.241e-02   3.963e-02   1.887e-02   4.461e-03   4.565e-02  1.0000        1244  [    2      8        360          3 ]
