# Generation  Evaluations  Time (s)  Best_obj[0]  Best_obj[1]  Hypervol.   IGD         IGDX        SR    Appr.set  [ Pop.index  Subgen.  Pop.size  Subpops ]
           0         291       5.231   4.838e+00   4.672e+00   0.000e+00   5.374e+00   5.368e+00  0.0000           1  [    0      1         90          1 ]
           1        2084       5.269   1.002e+00   1.187e+00   0.000e+00   7.102e-01   1.013e+00  0.0000          20  [    1      1        180          4 ]
           1        2665       5.325   9.461e-01   1.011e+00   0.000e+00   5.865e-01   8.638e-01  0.0000          24  [    0     10         90          2 ]
           1        4670       5.433   4.249e-01   4.720e-01   3.596e-05   2.142e-01   4.798e-01  0.0000         129  [    0     20         90          2 ]
           1        6714       5.799   2.847e-01   3.487e-01   4.335e-04   1.322e-01   3.792e-01  0.0000         174  [    0     30         90          2 ]
           1        8799       6.154   2.375e-01   2.944e-01   3.442e-03   9.166e-02   3.087e-01  0.0000         194  [    0     40         90          2 ]
           1       11181       6.586   2.375e-01   2.944e-01   8.734e-03   7.456e-02   2.651e-01  0.0000         267  [    0     50         90          2 ]
           1       13350       7.269   1.968e-01   2.106e-01   9.452e-03   5.701e-02   2.461e-01  0.0000         424  [    0     60         90          2 ]
           2       15910       8.766   1.527e-01   1.543e-01   9.759e-03   4.334e-02   2.340e-01  0.0000         789  [    2      1        360          4 ]
           2       18163      11.599   1.430e-01   1.355e-01   9.507e-03   3.551e-02   2.141e-01  0.0000         773  [    0     70         90          2 ]
           2       19147      13.945   1.269e-01   1.355e-01   9.831e-03   3.374e-02   2.089e-01  0.0000         732  [    1     10        180          2 ]
           2       20627      16.822   1.269e-01   1.292e-01   1.076e-02   3.129e-02   2.039e-01  0.0000         718  [    0     80         90          2 ]
           2       23493      20.656   1.269e-01   1.245e-01   1.288e-02   2.725e-02   1.889e-01  0.0000         722  [    0     90         90          2 ]
           2       25880      23.585   1.269e-01   1.245e-01   1.517e-02   2.513e-02   1.645e-01  0.0000         615  [    0    100         90          2 ]
           2       28115      26.107   1.269e-01   1.245e-01   1.609e-02   2.356e-02   1.359e-01  0.0000         626  [    0    110         90          2 ]
           2       30277      29.649   1.269e-01   1.245e-01   1.727e-02   2.094e-02   1.202e-01  0.0000         663  [    0    120         90          2 ]
           2       33500      33.396   1.144e-01   1.245e-01   1.754e-02   1.816e-02   1.083e-01  0.0000         840  [    0    130         90          2 ]
           2       35752      38.395   1.088e-01   9.252e-02   1.773e-02   1.483e-02   9.727e-02  0.0000        1033  [    0    140         90          2 ]
           2       37991      45.511   9.807e-02   9.252e-02   1.797e-02   1.433e-02   9.182e-02  0.0000        1179  [    0    150         90          2 ]
           2       38936      49.834   9.807e-02   9.252e-02   1.809e-02   1.386e-02   8.969e-02  0.0000        1225  [    1     20        180          2 ]
           2       40278      54.087   7.471e-02   9.252e-02   1.802e-02   1.257e-02   8.549e-02  0.0000         931  [    0    160         90          2 ]
           2       42934      60.555   7.125e-02   8.159e-02   1.825e-02   1.168e-02   8.106e-02  0.0000         753  [    0    170         90          2 ]
           2       45208      63.325   7.125e-02   7.230e-02   1.838e-02   1.124e-02   7.879e-02  0.0000         818  [    0    180         90          2 ]
           2       47645      67.570   6.303e-02   7.230e-02   1.846e-02   1.006e-02   7.340e-02  0.0000         877  [    0    190         90          2 ]
           2       50773      72.044   6.303e-02   7.003e-02   1.854e-02   9.277e-03   6.976e-02  0.0000         933  [    0    200         90          2 ]
           2       53544      77.184   5.850e-02   5.711e-02   1.865e-02   8.053e-03   6.627e-02  0.0000         981  [    0    210         90          2 ]
           2       56138      82.809   4.327e-02   5.029e-02   1.876e-02   7.327e-03   6.223e-02  0.0000         998  [    0    220         90          2 ]
           2       58743      88.536   4.327e-02   5.029e-02   1.882e-02   6.501e-03   5.860e-02  0.0000        1007  [    0    230         90          2 ]
           2       59745      91.247   4.327e-02   5.029e-02   1.885e-02   6.366e-03   5.767e-02  0.0000        1018  [    1     30        180          2 ]
           2       61347      95.276   4.327e-02   5.029e-02   1.889e-02   6.201e-03   5.636e-02  0.0000        1037  [    0    240         90          2 ]
           2       64416     101.478   4.327e-02   4.964e-02   1.895e-02   5.852e-03   5.432e-02  0.0000        1048  [    0    250         90          2 ]
           2       67938     106.671   4.064e-02   4.715e-02   1.901e-02   5.474e-03   5.260e-02  0.0000        1073  [    0    260         90          2 ]
           2       70913     111.497   3.512e-02   3.759e-02   1.905e-02   4.870e-03   4.959e-02  0.5000        1075  [    0    270         90          2 ]
           2       73885     117.331   3.431e-02   3.759e-02   1.909e-02   4.562e-03   4.791e-02  0.5000        1094  [    0    280         90          2 ]
           2       77217     122.953   3.431e-02   3.759e-02   1.913e-02   4.333e-03   4.618e-02  0.5000        1114  [    0    290         90          2 ]
           2       80090     128.733   3.431e-02   3.380e-02   1.916e-02   4.085e-03   4.520e-02  1.0000        1122  [    0    300         90          2 ]
           2       83211     134.892   3.352e-02   3.346e-02   1.919e-02   3.803e-03   4.413e-02  1.0000        1122  [    0    310         90          2 ]
           2       84394     137.749   3.046e-02   2.984e-02   1.920e-02   3.698e-03   4.365e-02  1.0000        1127  [    1     40        180          2 ]
           2       86336     141.814   2.891e-02   2.984e-02   1.922e-02   3.468e-03   4.261e-02  1.0000        1131  [    0    320         90          2 ]
           2       90483     148.414   2.841e-02   2.984e-02   1.924e-02   3.340e-03   4.193e-02  1.0000        1132  [    0    330         90          2 ]
           2       93736     154.176   2.719e-02   2.984e-02   1.926e-02   3.230e-03   4.121e-02  1.0000        1132  [    0    340         90          2 ]
           2       96951     159.919   2.719e-02   2.984e-02   1.928e-02   3.143e-03   4.077e-02  1.0000        1133  [    0    350         90          2 ]
           2      100090     165.821   2.582e-02   2.984e-02   1.929e-02   3.066e-03   4.041e-02  1.0000        1136  [    0    360         90          2 ]
           2      103541     171.964   2.494e-02   2.984e-02   1.930e-02   3.017e-03   4.019e-02  1.0000        1138  [    0    370         90          2 ]
           2      106762     178.908   2.494e-02   2.984e-02   1.931e-02   2.946e-03   3.981e-02  1.0000        1143  [    0    380         90          2 ]
           2      110689     186.031   2.494e-02   2.944e-02   1.932e-02   2.887e-03   3.953e-02  1.0000        1144  [    0    390         90          2 ]
           2      111966     189.865   2.494e-02   2.944e-02   1.932e-02   2.882e-03   3.944e-02  1.0000        1144  [    1     50        180          2 ]
           2      113976     193.814   2.494e-02   2.944e-02   1.932e-02   2.843e-03   3.913e-02  1.0000        1143  [    0    400         90          2 ]
           2      116977     202.726   2.494e-02   2.944e-02   1.933e-02   2.821e-03   3.883e-02  1.0000        1156  [    0    410         90          3 ]
           2      119559     208.977   2.494e-02   2.944e-02   1.933e-02   2.811e-03   3.872e-02  1.0000        1158  [    0    420         90          3 ]
           2      122148     215.491   2.494e-02   2.944e-02   1.934e-02   2.800e-03   3.853e-02  1.0000        1180  [    0    430         90          3 ]
           2      124836     223.194   2.494e-02   2.944e-02   1.935e-02   2.789e-03   3.840e-02  1.0000        1163  [    0    440         90          3 ]
           2      128495     230.677   2.494e-02   2.944e-02   1.935e-02   2.783e-03   3.834e-02  1.0000        1214  [    0    450         90          6 ]
           2      131211     238.120   2.494e-02   2.944e-02   1.935e-02   2.777e-03   3.813e-02  1.0000        1194  [    0    460         90          3 ]
           2      133685     244.081   2.494e-02   2.944e-02   1.935e-02   2.771e-03   3.805e-02  1.0000        1191  [    0    470         90          4 ]
           2      134699     247.346   2.494e-02   2.944e-02   1.935e-02   2.770e-03   3.804e-02  1.0000        1191  [    1     60        180          4 ]
           2      136193     253.490   2.494e-02   2.944e-02   1.935e-02   2.768e-03   3.800e-02  1.0000        1190  [    0    480         90          4 ]
           2      139304     259.510   2.494e-02   2.944e-02   1.935e-02   2.761e-03   3.782e-02  1.0000        1178  [    0    490         90          4 ]
           2      141669     265.416   2.494e-02   2.944e-02   1.936e-02   2.758e-03   3.774e-02  1.0000        1185  [    0    500         90          3 ]
           2      144368     273.513   2.494e-02   2.944e-02   1.936e-02   2.753e-03   3.757e-02  1.0000        1197  [    0    510         90          3 ]
           3      144751     276.734   2.494e-02   2.944e-02   1.936e-02   2.752e-03   3.756e-02  1.0000        1194  [    2      8        360          4 ]
