# Generation  Evaluations  Time (s)  Best_obj[0]  Best_obj[1]  Best_obj[2]  Hypervol.   IGD         IGDX        SR    Appr.set  [ Pop.index  Subgen.  Pop.size  Subpops ]
           0         377       6.298   4.430e+00   3.697e+00   3.879e+00   0.000e+00   5.078e+00   4.093e+00  0.0000           4  [    0      1        120          1 ]
           1        2579       6.347   7.053e-01   8.537e-01   8.682e-01   0.000e+00   4.092e-01   8.338e-01  0.0000          76  [    1      1        240          5 ]
           1        3479       6.496   5.923e-01   8.257e-01   7.761e-01   0.000e+00   3.501e-01   6.970e-01  0.0000         100  [    0     10        120          5 ]
           1        6412       6.877   4.232e-01   4.069e-01   3.459e-01   0.000e+00   1.681e-01   3.947e-01  0.0000         281  [    0     20        120          4 ]
           1        9357       7.889   4.122e-01   3.858e-01   2.802e-01   0.000e+00   1.446e-01   3.647e-01  0.0000         494  [    0     30        120          6 ]
           1       12216       9.337   4.122e-01   3.629e-01   2.802e-01   0.000e+00   1.354e-01   3.486e-01  0.0000         545  [    0     40        120          5 ]
           1       15434      11.000   3.295e-01   3.629e-01   2.802e-01   0.000e+00   1.245e-01   3.368e-01  0.0000         647  [    0     50        120          6 ]
           1       18240      13.282   2.386e-01   3.629e-01   2.802e-01   0.000e+00   1.175e-01   3.269e-01  0.0000         713  [    0     60        120          4 ]
           2       21956      15.549   2.149e-01   2.462e-01   1.771e-01   0.000e+00   9.896e-02   3.019e-01  0.0000        1319  [    2      1        480          8 ]
           2       23772      19.100   2.149e-01   2.462e-01   1.771e-01   0.000e+00   8.403e-02   2.592e-01  0.0000        1244  [    1     10        240          4 ]
           2       29584      26.868   2.149e-01   2.254e-01   1.738e-01   0.000e+00   6.908e-02   2.250e-01  0.0000        1463  [    1     20        240          9 ]
           2       35490      37.428   2.149e-01   2.254e-01   1.738e-01   0.000e+00   5.961e-02   2.048e-01  0.0000        1741  [    1     30        240          5 ]
           2       41073      50.770   2.149e-01   2.254e-01   1.618e-01   0.000e+00   5.385e-02   1.919e-01  0.0000        2042  [    1     40        240          7 ]
           2       47605      70.987   1.951e-01   1.855e-01   1.618e-01   0.000e+00   4.767e-02   1.812e-01  0.0000        2463  [    1     50        240          8 ]
           2       53453      96.682   1.951e-01   1.855e-01   1.618e-01   0.000e+00   4.522e-02   1.751e-01  0.0000        2709  [    1     60        240          7 ]
           3       63135     122.934   1.599e-01   1.784e-01   1.342e-01   0.000e+00   4.422e-02   1.738e-01  0.0000        1872  [    3      1        960         22 ]
           3       66898     130.880   1.599e-01   1.784e-01   1.342e-01   0.000e+00   4.166e-02   1.627e-01  0.0000        2180  [    2     10        480          8 ]
           3       78806     154.465   1.599e-01   1.784e-01   1.342e-01   0.000e+00   4.132e-02   1.607e-01  0.0000        2490  [    2     20        480          8 ]
           3       89132     182.813   1.599e-01   1.784e-01   1.342e-01   0.000e+00   4.124e-02   1.607e-01  0.0000        2629  [    2     30        480          7 ]
           3      101045     214.563   1.599e-01   1.718e-01   1.342e-01   0.000e+00   3.906e-02   1.554e-01  0.0000        3085  [    2     40        480         11 ]
           3      113373     241.877   1.599e-01   1.718e-01   1.342e-01   0.000e+00   4.166e-02   1.584e-01  0.0000        2054  [    2     50        480          7 ]
           3      123979     260.097   1.599e-01   1.718e-01   1.221e-01   0.000e+00   4.136e-02   1.576e-01  0.0000        2129  [    2     60        480          6 ]
           4      137111     277.982   1.322e-01   1.685e-01   1.028e-01   0.000e+00   3.951e-02   1.562e-01  0.0000        1854  [    4      1       1920         32 ]
           4      144214     287.370   1.322e-01   1.685e-01   1.028e-01   0.000e+00   3.644e-02   1.451e-01  0.0000        2198  [    3     10        960         11 ]
           4      165413     322.123   1.322e-01   1.685e-01   1.028e-01   0.000e+00   3.334e-02   1.356e-01  0.0000        2874  [    3     20        960         10 ]
           4      185276     366.708   1.322e-01   1.685e-01   1.028e-01   0.000e+00   3.277e-02   1.348e-01  0.0000        2919  [    3     30        960         10 ]
           4      205018     414.572   1.322e-01   1.685e-01   1.028e-01   0.000e+00   3.511e-02   1.403e-01  0.0000        2018  [    3     40        960          7 ]
           4      227600     458.777   1.322e-01   1.067e-01   1.028e-01   0.000e+00   3.120e-02   1.352e-01  0.0000        2755  [    3     50        960         11 ]
           4      247133     506.331   1.322e-01   1.067e-01   1.028e-01   0.000e+00   3.363e-02   1.371e-01  0.0000        1934  [    3     60        960          6 ]
           5      269530     531.084   9.553e-02   8.524e-02   8.776e-02   0.000e+00   2.990e-02   1.297e-01  0.0000        2562  [    5      1       3840         30 ]
           5      290342     565.377   9.553e-02   8.524e-02   8.776e-02   0.000e+00   2.859e-02   1.237e-01  0.0000        2732  [    3     70        960         13 ]
           5      299015     585.503   9.553e-02   8.524e-02   8.776e-02   0.000e+00   2.846e-02   1.236e-01  0.0000        2766  [    4     10       1920         11 ]
           5      310301     614.627   9.553e-02   8.524e-02   8.776e-02   0.000e+00   2.846e-02   1.236e-01  0.0000        2739  [    3     80        960         10 ]
           5      333518     667.093   9.553e-02   8.524e-02   8.776e-02   0.000e+00   2.830e-02   1.228e-01  0.0000        2902  [    3     90        960          7 ]
           5      354624     715.677   9.553e-02   8.524e-02   8.776e-02   0.000e+00   2.736e-02   1.192e-01  0.0000        3002  [    3    100        960         15 ]
           5      375381     768.569   9.553e-02   8.524e-02   8.776e-02   0.000e+00   2.732e-02   1.190e-01  0.0000        3036  [    3    110        960         12 ]
           5      395634     824.020   9.553e-02   8.524e-02   8.776e-02   0.000e+00   2.731e-02   1.190e-01  0.0000        3008  [    3    120        960          5 ]
           5      427132     894.582   9.553e-02   8.524e-02   8.776e-02   0.000e+00   3.140e-02   1.237e-01  0.0000        1907  [    3    130        960          7 ]
           5      446831     919.045   9.553e-02   8.524e-02   8.776e-02   0.000e+00   3.136e-02   1.237e-01  0.0000        1935  [    3    140        960          7 ]
           5      466146     942.468   9.553e-02   8.524e-02   8.776e-02   0.000e+00   3.119e-02   1.233e-01  0.0000        2015  [    3    150        960          6 ]
           5      474380     954.426   9.553e-02   8.524e-02   8.776e-02   0.000e+00   3.085e-02   1.224e-01  0.0000        2075  [    4     20       1920         15 ]
           5      486574     972.418   9.553e-02   8.524e-02   8.776e-02   0.000e+00   3.056e-02   1.216e-01  0.0000        2115  [    3    160        960          7 ]
           5      510758    1005.440   9.015e-02   8.524e-02   8.776e-02   0.000e+00   2.941e-02   1.195e-01  0.0000        2260  [    3    170        960          9 ]
           5      530885    1039.148   9.015e-02   8.524e-02   8.776e-02   0.000e+00   2.933e-02   1.194e-01  0.0000        2297  [    3    180        960          8 ]
           5      553138    1068.082   9.015e-02   8.524e-02   8.776e-02   0.000e+00   2.932e-02   1.194e-01  0.0000        2253  [    3    190        960         10 ]
           5      579217    1109.369   9.015e-02   8.524e-02   8.776e-02   0.000e+00   2.911e-02   1.189e-01  0.0000        2352  [    3    200        960          9 ]
           5      603778    1148.812   9.015e-02   8.524e-02   8.776e-02   0.000e+00   2.906e-02   1.188e-01  0.0000        2425  [    3    210        960         12 ]
           5      624581    1182.606   8.360e-02   8.524e-02   8.776e-02   0.000e+00   2.835e-02   1.158e-01  0.0000        2470  [    3    220        960         14 ]
           5      645593    1216.163   8.360e-02   8.367e-02   8.776e-02   0.000e+00   2.802e-02   1.147e-01  0.0000        2508  [    3    230        960          7 ]
           5      654906    1234.091   8.360e-02   8.367e-02   8.776e-02   0.000e+00   2.780e-02   1.133e-01  0.0000        2488  [    4     30       1920         13 ]
           5      666493    1260.093   8.360e-02   8.367e-02   8.776e-02   0.000e+00   2.777e-02   1.131e-01  0.0000        2480  [    3    240        960          9 ]
           5      691528    1302.358   8.360e-02   8.367e-02   5.184e-02   0.000e+00   2.716e-02   1.113e-01  0.0000        2564  [    3    250        960         10 ]
           5      719499    1352.431   8.360e-02   8.367e-02   5.184e-02   0.000e+00   2.700e-02   1.102e-01  0.0000        2641  [    3    260        960         10 ]
           5      741095    1395.487   8.360e-02   8.367e-02   5.184e-02   0.000e+00   2.641e-02   1.079e-01  0.0000        2665  [    3    270        960          9 ]
           5      761491    1442.225   8.360e-02   8.367e-02   5.184e-02   0.000e+00   2.641e-02   1.079e-01  0.0000        2659  [    3    280        960          5 ]
           5      786752    1492.991   8.360e-02   8.367e-02   5.184e-02   0.000e+00   2.613e-02   1.073e-01  0.0000        2603  [    3    290        960          6 ]
           5      809046    1538.418   8.360e-02   5.716e-02   5.184e-02   0.000e+00   2.513e-02   1.017e-01  0.0000        2835  [    3    300        960          6 ]
           5      831676    1588.338   8.360e-02   5.716e-02   5.184e-02   0.000e+00   2.467e-02   9.995e-02  0.5000        2794  [    3    310        960         13 ]
           5      841690    1609.471   8.360e-02   5.716e-02   5.184e-02   0.000e+00   2.467e-02   9.994e-02  0.5000        2803  [    4     40       1920         16 ]
           5      855355    1639.519   8.360e-02   5.716e-02   5.184e-02   0.000e+00   2.467e-02   9.994e-02  0.5000        2790  [    3    320        960         11 ]
           5      885288    1706.013   8.360e-02   5.716e-02   5.184e-02   0.000e+00   2.467e-02   9.994e-02  0.5000        2804  [    3    330        960          9 ]
           5      906710    1750.659   8.360e-02   5.716e-02   5.184e-02   0.000e+00   2.465e-02   9.991e-02  0.5000        2800  [    3    340        960         10 ]
           5      926930    1799.593   8.360e-02   5.716e-02   5.184e-02   0.000e+00   2.465e-02   9.991e-02  0.5000        2832  [    3    350        960          7 ]
           5      948604    1844.044   8.360e-02   5.716e-02   5.184e-02   0.000e+00   2.450e-02   9.945e-02  0.5000        2886  [    3    360        960         13 ]
           5      972487    1890.724   8.360e-02   5.716e-02   5.184e-02   0.000e+00   2.449e-02   9.943e-02  1.0000        2825  [    3    370        960          7 ]
           5      992907    1939.715   8.360e-02   5.716e-02   5.184e-02   0.000e+00   2.437e-02   9.869e-02  1.0000        2809  [    3    380        960         10 ]
           5     1021570    1995.468   6.092e-02   5.716e-02   5.184e-02   0.000e+00   2.369e-02   9.572e-02  1.0000        2878  [    3    390        960          8 ]
           5     1030739    2019.547   6.092e-02   5.716e-02   5.184e-02   0.000e+00   2.352e-02   9.495e-02  1.0000        2904  [    4     50       1920         10 ]
           5     1044727    2050.397   6.092e-02   5.716e-02   5.184e-02   0.000e+00   2.353e-02   9.479e-02  1.0000        2924  [    3    400        960         21 ]
           5     1069691    2105.286   6.092e-02   5.716e-02   5.184e-02   0.000e+00   2.353e-02   9.479e-02  1.0000        2826  [    3    410        960          9 ]
           5     1090886    2152.472   5.667e-02   5.716e-02   5.184e-02   0.000e+00   2.345e-02   9.425e-02  1.0000        2888  [    3    420        960          7 ]
           5     1113041    2200.184   5.667e-02   5.716e-02   5.184e-02   0.000e+00   2.307e-02   9.214e-02  1.0000        2920  [    3    430        960          7 ]
           5     1134733    2248.324   5.667e-02   5.716e-02   5.184e-02   0.000e+00   2.271e-02   8.957e-02  1.0000        2877  [    3    440        960         13 ]
           5     1165768    2310.807   5.667e-02   5.716e-02   5.184e-02   0.000e+00   2.265e-02   8.947e-02  1.0000        2905  [    3    450        960          9 ]
           5     1187845    2364.591   4.525e-02   5.716e-02   5.184e-02   0.000e+00   2.252e-02   8.920e-02  1.0000        2969  [    3    460        960          4 ]
           5     1211002    2417.482   4.525e-02   5.716e-02   5.184e-02   0.000e+00   2.216e-02   8.761e-02  1.0000        3024  [    3    470        960          9 ]
           5     1220414    2440.049   4.525e-02   5.716e-02   5.184e-02   0.000e+00   2.216e-02   8.761e-02  1.0000        3030  [    4     60       1920         14 ]
           5     1232607    2474.273   4.525e-02   5.716e-02   5.184e-02   0.000e+00   2.216e-02   8.755e-02  1.0000        2915  [    3    480        960          9 ]
           5     1256969    2530.320   4.525e-02   5.716e-02   5.184e-02   0.000e+00   2.216e-02   8.755e-02  1.0000        2956  [    3    490        960          8 ]
           5     1277480    2588.280   4.525e-02   5.716e-02   5.184e-02   0.000e+00   2.215e-02   8.753e-02  1.0000        2963  [    3    500        960          6 ]
           5     1299082    2637.830   4.525e-02   5.716e-02   5.184e-02   0.000e+00   2.211e-02   8.729e-02  1.0000        2928  [    3    510        960          8 ]
           6     1302511    2651.591   4.525e-02   5.716e-02   5.184e-02   0.000e+00   2.208e-02   8.726e-02  1.0000        2913  [    5      8       3840          9 ]
