# Generation  Evaluations  Time (s)  Best_obj[0]  Best_obj[1]  Hypervol.   IGD         IGDX        SR    Appr.set  [ Pop.index  Subgen.  Pop.size  Subpops ]
           0         287       4.028   5.079e+00   5.108e+00   0.000e+00   5.848e+00   5.049e+00  0.0000           2  [    0      1         90          1 ]
           1        2108       4.079   1.332e+00   1.511e+00   0.000e+00   1.019e+00   1.449e+00  0.0000          14  [    1      1        180          4 ]
           1        2728       4.128   1.258e+00   1.295e+00   0.000e+00   9.107e-01   1.273e+00  0.0000          13  [    0     10         90          2 ]
           1        4717       4.206   5.247e-01   6.044e-01   0.000e+00   3.061e-01   5.807e-01  0.0000          62  [    0     20         90          2 ]
           1        6716       4.392   4.199e-01   3.533e-01   2.191e-05   1.716e-01   4.132e-01  0.0000         116  [    0     30         90          2 ]
           1        8778       4.793   2.188e-01   3.204e-01   2.769e-03   9.715e-02   3.357e-01  0.0000         171  [    0     40         90          2 ]
           1       11178       5.205   2.045e-01   2.374e-01   7.918e-03   7.152e-02   2.936e-01  0.0000         244  [    0     50         90          2 ]
           1       13276       5.895   1.737e-01   2.190e-01   9.880e-03   5.629e-02   2.540e-01  0.0000         280  [    0     60         90          2 ]
           2       15559       6.877   1.226e-01   1.909e-01   1.034e-02   3.952e-02   2.315e-01  0.0000         437  [    2      1        360          4 ]
           2       17606       8.255   1.226e-01   1.687e-01   1.371e-02   3.412e-02   2.060e-01  0.0000         410  [    0     70         90          2 ]
           2       18508       9.185   1.226e-01   1.687e-01   1.331e-02   3.316e-02   2.007e-01  0.0000         459  [    1     10        180          2 ]
           2       19857      10.342   1.124e-01   1.446e-01   1.384e-02   2.899e-02   1.730e-01  0.0000         495  [    0     80         90          2 ]
           2       22518      12.501   1.027e-01   1.024e-01   1.533e-02   2.040e-02   1.503e-01  0.0000         630  [    0     90         90          2 ]
           2       25032      15.942   7.293e-02   9.527e-02   1.578e-02   1.569e-02   1.340e-01  0.0000         735  [    0    100         90          2 ]
           2       27641      19.915   6.941e-02   9.527e-02   1.769e-02   1.363e-02   1.088e-01  0.0000         831  [    0    110         90          2 ]
           2       30134      25.656   5.960e-02   9.078e-02   1.829e-02   1.216e-02   9.395e-02  0.0000         937  [    0    120         90          2 ]
           2       33523      32.724   5.960e-02   8.586e-02   1.834e-02   1.133e-02   8.844e-02  0.0000        1151  [    0    130         90          2 ]
           2       35991      38.687   5.348e-02   5.800e-02   1.828e-02   1.013e-02   8.092e-02  0.0000         787  [    0    140         90          2 ]
           2       38523      41.953   5.348e-02   4.822e-02   1.840e-02   8.656e-03   7.674e-02  0.0000         865  [    0    150         90          2 ]
           2       39534      44.352   5.119e-02   4.822e-02   1.844e-02   8.351e-03   7.483e-02  0.0000         894  [    1     20        180          2 ]
           2       41127      47.904   5.119e-02   3.494e-02   1.851e-02   7.593e-03   7.154e-02  0.0000         933  [    0    160         90          2 ]
           2       44177      53.809   5.119e-02   3.494e-02   1.862e-02   6.964e-03   6.756e-02  0.0000         997  [    0    170         90          2 ]
           2       47023      58.946   3.922e-02   3.494e-02   1.870e-02   6.005e-03   6.337e-02  0.0000        1038  [    0    180         90          2 ]
           2       49864      64.540   3.922e-02   3.494e-02   1.877e-02   5.697e-03   6.115e-02  0.5000        1089  [    0    190         90          2 ]
           2       53441      71.712   3.770e-02   3.494e-02   1.886e-02   5.095e-03   5.881e-02  0.5000        1114  [    0    200         90          2 ]
           2       56883      79.072   3.368e-02   2.868e-02   1.891e-02   4.506e-03   5.649e-02  0.5000        1149  [    0    210         90          2 ]
           2       60020      86.818   2.832e-02   2.868e-02   1.897e-02   4.103e-03   5.471e-02  0.5000        1162  [    0    220         90          2 ]
           2       63230      93.038   2.832e-02   2.868e-02   1.906e-02   3.707e-03   5.280e-02  0.5000        1192  [    0    230         90          2 ]
           2       64455      96.633   2.832e-02   2.868e-02   1.907e-02   3.619e-03   5.242e-02  0.5000        1199  [    1     30        180          2 ]
           2       66482     100.591   2.832e-02   2.656e-02   1.909e-02   3.532e-03   5.154e-02  0.5000        1217  [    0    240         90          2 ]
           2       70217     107.499   2.832e-02   2.656e-02   1.914e-02   3.312e-03   5.039e-02  0.5000        1227  [    0    250         90          2 ]
           2       74096     116.159   2.327e-02   2.644e-02   1.915e-02   3.116e-03   4.951e-02  0.5000        1239  [    0    260         90          2 ]
           2       77573     123.607   2.327e-02   2.644e-02   1.918e-02   3.002e-03   4.868e-02  0.5000        1245  [    0    270         90          2 ]
           2       80942     128.497   2.327e-02   2.585e-02   1.892e-02   3.559e-03   4.890e-02  0.5000         790  [    0    280         90          2 ]
           2       84724     131.605   2.327e-02   2.585e-02   1.897e-02   3.346e-03   4.813e-02  0.5000         847  [    0    290         90          2 ]
           2       88108     135.624   2.327e-02   2.585e-02   1.901e-02   3.230e-03   4.753e-02  0.5000         880  [    0    300         90          2 ]
           2       91566     140.078   2.327e-02   2.398e-02   1.905e-02   3.106e-03   4.687e-02  0.5000         900  [    0    310         90          2 ]
           2       92807     143.178   2.327e-02   2.398e-02   1.905e-02   3.063e-03   4.669e-02  0.5000         907  [    1     40        180          2 ]
           2       95033     147.111   2.327e-02   2.398e-02   1.908e-02   3.001e-03   4.645e-02  0.5000         919  [    0    320         90          2 ]
           2       99494     151.874   2.239e-02   2.372e-02   1.910e-02   2.934e-03   4.597e-02  0.5000         932  [    0    330         90          2 ]
           2      103066     156.409   2.239e-02   2.372e-02   1.911e-02   2.889e-03   4.561e-02  0.5000         942  [    0    340         90          2 ]
           2      106533     162.035   2.121e-02   2.372e-02   1.911e-02   2.834e-03   4.536e-02  0.5000         949  [    0    350         90          2 ]
           2      110023     167.472   2.059e-02   2.372e-02   1.913e-02   2.769e-03   4.499e-02  0.5000         957  [    0    360         90          2 ]
           2      113993     173.073   2.059e-02   2.358e-02   1.914e-02   2.711e-03   4.477e-02  0.5000         965  [    0    370         90          2 ]
           2      117545     177.834   2.059e-02   2.358e-02   1.915e-02   2.669e-03   4.460e-02  0.5000         969  [    0    380         90          2 ]
           2      121737     184.002   2.059e-02   2.358e-02   1.917e-02   2.641e-03   4.441e-02  0.5000         973  [    0    390         90          2 ]
           2      123066     187.267   2.059e-02   2.358e-02   1.917e-02   2.638e-03   4.427e-02  0.5000         972  [    1     50        180          2 ]
           2      125235     191.520   2.059e-02   2.315e-02   1.917e-02   2.619e-03   4.407e-02  0.5000         973  [    0    400         90          2 ]
           2      129112     196.714   2.059e-02   2.261e-02   1.918e-02   2.565e-03   4.389e-02  0.5000         976  [    0    410         90          2 ]
           2      132568     202.346   2.059e-02   2.084e-02   1.918e-02   2.555e-03   4.379e-02  0.5000         978  [    0    420         90          2 ]
           2      136144     207.321   2.059e-02   2.084e-02   1.918e-02   2.530e-03   4.363e-02  0.5000         982  [    0    430         90          2 ]
           2      139607     212.642   2.059e-02   2.084e-02   1.918e-02   2.499e-03   4.334e-02  0.5000         985  [    0    440         90          2 ]
           2      144168     217.834   1.924e-02   2.084e-02   1.919e-02   2.470e-03   4.307e-02  0.5000         987  [    0    450         90          2 ]
           2      147504     223.396   1.924e-02   2.084e-02   1.919e-02   2.459e-03   4.297e-02  0.5000         997  [    0    460         90          3 ]
           2      150295     228.792   1.924e-02   2.084e-02   1.919e-02   2.453e-03   4.283e-02  0.5000        1030  [    0    470         90          3 ]
           2      151452     231.574   1.924e-02   2.084e-02   1.919e-02   2.451e-03   4.277e-02  0.5000        1042  [    1     60        180          3 ]
           2      153256     235.567   1.924e-02   2.084e-02   1.919e-02   2.449e-03   4.268e-02  0.5000        1040  [    0    480         90          3 ]
           2      156464     242.057   1.924e-02   2.084e-02   1.919e-02   2.447e-03   4.266e-02  0.5000        1044  [    0    490         90          4 ]
           2      159162     249.585   1.924e-02   2.084e-02   1.920e-02   2.443e-03   4.247e-02  0.5000        1032  [    0    500         90          4 ]
           2      161764     255.473   1.924e-02   2.084e-02   1.920e-02   2.442e-03   4.243e-02  0.5000        1029  [    0    510         90          4 ]
           3      165797     260.154   1.923e-02   2.084e-02   1.920e-02   2.439e-03   4.241e-02  0.5000        1055  [    3      1        720          4 ]
           3      169895     265.122   1.923e-02   2.084e-02   1.920e-02   2.433e-03   4.232e-02  0.5000        1041  [    0    520         90          4 ]
           3      172269     268.831   1.923e-02   2.084e-02   1.920e-02   2.429e-03   4.222e-02  0.5000        1051  [    0    530         90          5 ]
           3      174616     273.891   1.923e-02   2.084e-02   1.921e-02   2.426e-03   4.216e-02  0.5000        1024  [    0    540         90          4 ]
           3      176895     279.985   1.923e-02   2.084e-02   1.917e-02   2.416e-03   4.129e-02  0.5000        1042  [    0    550         90          4 ]
           3      178918     284.882   1.923e-02   2.084e-02   1.920e-02   2.409e-03   3.955e-02  0.5000        1027  [    0    560         90          4 ]
           3      181079     288.979   1.923e-02   2.084e-02   1.920e-02   2.401e-03   3.892e-02  0.5000        1018  [    0    570         90          4 ]
           3      183421     292.030   1.923e-02   2.084e-02   1.920e-02   2.396e-03   3.853e-02  0.5000        1061  [    2     10        360          6 ]
           3      184157     294.011   1.923e-02   2.084e-02   1.900e-02   2.395e-03   3.850e-02  0.5000        1047  [    0    580         90          4 ]
           3      186383     299.202   1.923e-02   2.084e-02   1.890e-02   2.390e-03   3.836e-02  0.5000        1040  [    0    590         90          4 ]
           3      188550     304.116   1.923e-02   2.084e-02   1.893e-02   2.379e-03   3.728e-02  1.0000        1035  [    0    600         90          4 ]
           3      190906     309.101   1.923e-02   2.084e-02   1.848e-02   2.361e-03   3.657e-02  1.0000        1066  [    0    610         90          4 ]
           3      192999     313.977   1.923e-02   2.084e-02   1.815e-02   2.357e-03   3.621e-02  1.0000        1067  [    0    620         90          4 ]
           3      194979     320.105   1.923e-02   2.084e-02   1.925e-02   2.351e-03   3.608e-02  1.0000        1012  [    0    630         90          3 ]
           3      197078     325.185   1.923e-02   2.084e-02   1.925e-02   2.344e-03   3.564e-02  1.0000         998  [    0    640         90          3 ]
           3      200275     330.021   1.923e-02   2.084e-02   1.893e-02   2.333e-03   3.467e-02  1.0000        1111  [    0    650         90          6 ]
           3      202629     335.581   1.923e-02   2.084e-02   1.859e-02   2.324e-03   3.415e-02  1.0000        1073  [    0    660         90          4 ]
           3      204830     340.978   1.923e-02   2.084e-02   1.919e-02   2.316e-03   3.379e-02  1.0000        1089  [    0    670         90          6 ]
           3      207159     345.671   1.923e-02   2.084e-02   1.926e-02   2.314e-03   3.356e-02  1.0000        1096  [    0    680         90          4 ]
           3      209635     350.528   1.923e-02   2.084e-02   1.927e-02   2.301e-03   3.312e-02  1.0000        1070  [    0    690         90          6 ]
           3      211754     355.063   1.923e-02   2.084e-02   1.927e-02   2.296e-03   3.303e-02  1.0000        1062  [    0    700         90          6 ]
           3      214608     360.709   1.923e-02   2.084e-02   1.885e-02   2.290e-03   3.301e-02  1.0000        1046  [    0    710         90          4 ]
           3      216814     366.247   1.923e-02   2.084e-02   1.928e-02   2.270e-03   3.221e-02  1.0000        1052  [    0    720         90          6 ]
           3      219045     372.164   1.923e-02   2.084e-02   1.929e-02   2.253e-03   3.186e-02  1.0000        1062  [    0    730         90          5 ]
           3      221481     378.132   1.923e-02   2.084e-02   1.897e-02   2.246e-03   3.150e-02  1.0000        1106  [    0    740         90          6 ]
           3      223582     383.503   1.923e-02   2.084e-02   1.886e-02   2.244e-03   3.143e-02  1.0000        1094  [    0    750         90          4 ]
           3      225727     388.683   1.923e-02   2.084e-02   1.930e-02   2.232e-03   3.092e-02  1.0000        1071  [    0    760         90          4 ]
           3      228605     394.374   1.923e-02   2.084e-02   1.931e-02   2.227e-03   3.086e-02  1.0000        1087  [    0    770         90          4 ]
           3      230605     399.282   1.923e-02   2.084e-02   1.896e-02   2.227e-03   3.083e-02  1.0000        1059  [    0    780         90          4 ]
           3      232614     404.831   1.923e-02   2.084e-02   1.897e-02   2.220e-03   3.055e-02  1.0000        1074  [    0    790         90          5 ]
           3      234807     410.430   1.923e-02   2.084e-02   1.902e-02   2.216e-03   3.027e-02  1.0000        1093  [    0    800         90          5 ]
           3      237138     416.703   1.923e-02   2.084e-02   1.931e-02   2.215e-03   3.023e-02  1.0000        1109  [    0    810         90          6 ]
           3      239526     422.323   1.923e-02   2.084e-02   1.931e-02   2.213e-03   3.021e-02  1.0000        1102  [    0    820         90          5 ]
           3      241752     427.406   1.923e-02   2.084e-02   1.931e-02   2.213e-03   3.021e-02  1.0000        1110  [    0    830         90          5 ]
           3      244661     433.186   1.923e-02   2.084e-02   1.814e-02   2.211e-03   3.019e-02  1.0000        1123  [    0    840         90          6 ]
           3      246985     439.079   1.923e-02   2.084e-02   1.932e-02   2.208e-03   3.016e-02  1.0000        1101  [    0    850         90          5 ]
           3      249087     444.155   1.923e-02   2.084e-02   1.932e-02   2.206e-03   3.013e-02  1.0000        1101  [    0    860         90          5 ]
           3      251285     449.525   1.923e-02   2.084e-02   1.932e-02   2.205e-03   3.011e-02  1.0000        1101  [    0    870         90          5 ]
           3      253504     455.134   1.923e-02   2.084e-02   1.932e-02   2.204e-03   3.007e-02  1.0000        1100  [    0    880         90          7 ]
           3      255804     460.048   1.923e-02   2.084e-02   1.932e-02   2.204e-03   3.005e-02  1.0000        1099  [    0    890         90          6 ]
           3      258584     465.486   1.923e-02   2.084e-02   1.934e-02   2.202e-03   2.996e-02  1.0000        1107  [    0    900         90          4 ]
           3      260672     471.010   1.923e-02   2.084e-02   1.934e-02   2.198e-03   2.984e-02  1.0000        1091  [    0    910         90          6 ]
           3      262870     476.041   1.923e-02   2.084e-02   1.934e-02   2.197e-03   2.980e-02  1.0000        1078  [    0    920         90          6 ]
           3      265298     481.760   1.923e-02   2.084e-02   1.934e-02   2.192e-03   2.975e-02  1.0000        1081  [    0    930         90          7 ]
           3      267615     487.661   1.923e-02   2.084e-02   1.934e-02   2.181e-03   2.954e-02  1.0000        1089  [    0    940         90          5 ]
           3      269803     493.282   1.923e-02   2.084e-02   1.934e-02   2.177e-03   2.951e-02  1.0000        1090  [    0    950         90          5 ]
           3      272090     499.132   1.923e-02   2.084e-02   1.935e-02   2.167e-03   2.917e-02  1.0000        1091  [    0    960         90          6 ]
           3      275111     504.295   1.923e-02   2.084e-02   1.828e-02   2.158e-03   2.887e-02  1.0000        1100  [    0    970         90          7 ]
           3      277343     508.518   1.923e-02   2.084e-02   1.829e-02   2.153e-03   2.877e-02  1.0000        1100  [    0    980         90          6 ]
           3      279506     512.650   1.923e-02   2.084e-02   1.926e-02   2.141e-03   2.850e-02  1.0000        1071  [    0    990         90          4 ]
           3      281809     517.555   1.923e-02   2.084e-02   1.871e-02   2.135e-03   2.833e-02  1.0000        1097  [    0   1000         90          5 ]
           3      283889     522.010   1.923e-02   2.084e-02   1.908e-02   2.134e-03   2.828e-02  1.0000        1080  [    0   1010         90          5 ]
           3      286045     527.076   1.923e-02   2.084e-02   1.939e-02   2.129e-03   2.818e-02  1.0000        1080  [    0   1020         90          6 ]
           3      290315     534.186   1.923e-02   2.084e-02   1.842e-02   2.123e-03   2.814e-02  1.0000        1098  [    0   1030         90          6 ]
           3      292446     540.233   1.923e-02   2.084e-02   1.832e-02   2.122e-03   2.810e-02  1.0000        1099  [    0   1040         90          5 ]
           3      294637     545.863   1.923e-02   2.084e-02   1.818e-02   2.119e-03   2.802e-02  1.0000        1084  [    0   1050         90          6 ]
           3      296903     551.583   1.923e-02   2.084e-02   1.939e-02   2.119e-03   2.801e-02  1.0000        1081  [    0   1060         90          5 ]
           3      299090     555.745   1.923e-02   2.084e-02   1.939e-02   2.118e-03   2.799e-02  1.0000        1085  [    0   1070         90          5 ]
           3      301404     560.271   1.923e-02   2.084e-02   1.939e-02   2.116e-03   2.798e-02  1.0000        1092  [    0   1080         90          7 ]
           3      304276     565.763   1.923e-02   2.084e-02   1.939e-02   2.116e-03   2.795e-02  1.0000        1098  [    0   1090         90          5 ]
           3      306353     570.746   1.923e-02   2.084e-02   1.939e-02   2.116e-03   2.795e-02  1.0000        1104  [    0   1100         90          7 ]
           3      308722     576.073   1.923e-02   2.084e-02   1.939e-02   2.114e-03   2.794e-02  1.0000        1094  [    0   1110         90          6 ]
           3      311386     582.174   1.923e-02   2.084e-02   1.939e-02   2.113e-03   2.792e-02  1.0000        1098  [    0   1120         90          8 ]
           3      313877     587.695   1.923e-02   2.084e-02   1.939e-02   2.113e-03   2.792e-02  1.0000        1101  [    0   1130         90          7 ]
           3      316136     593.284   1.923e-02   2.084e-02   1.939e-02   2.113e-03   2.792e-02  1.0000        1098  [    0   1140         90          5 ]
           3      318270     597.454   1.923e-02   2.084e-02   1.939e-02   2.113e-03   2.792e-02  1.0000        1091  [    0   1150         90          6 ]
           3      321292     602.667   1.923e-02   2.084e-02   1.939e-02   2.111e-03   2.783e-02  1.0000        1093  [    0   1160         90          4 ]
           3      323517     608.027   1.923e-02   2.084e-02   1.939e-02   2.110e-03   2.773e-02  1.0000        1096  [    0   1170         90          5 ]
           3      325831     613.528   1.923e-02   2.084e-02   1.939e-02   2.106e-03   2.759e-02  1.0000        1111  [    0   1180         90          7 ]
           3      328769     618.470   1.923e-02   2.084e-02   1.939e-02   2.103e-03   2.753e-02  1.0000        1112  [    0   1190         90          8 ]
           3      330909     623.401   1.923e-02   2.084e-02   1.939e-02   2.103e-03   2.753e-02  1.0000        1091  [    0   1200         90          6 ]
           3      333144     628.714   1.923e-02   2.084e-02   1.939e-02   2.103e-03   2.753e-02  1.0000        1102  [    0   1210         90          5 ]
           3      335415     632.408   1.923e-02   2.084e-02   1.820e-02   2.103e-03   2.753e-02  1.0000        1112  [    2     20        360          6 ]
           3      336068     636.294   1.923e-02   2.084e-02   1.820e-02   2.103e-03   2.753e-02  1.0000        1108  [    0   1220         90          5 ]
           3      338135     641.588   1.923e-02   2.084e-02   1.821e-02   2.099e-03   2.732e-02  1.0000        1089  [    0   1230         90          5 ]
           3      340371     645.742   1.923e-02   2.084e-02   1.941e-02   2.098e-03   2.731e-02  1.0000        1131  [    0   1240         90          5 ]
           3      342504     651.084   1.923e-02   2.084e-02   1.877e-02   2.096e-03   2.726e-02  1.0000        1130  [    0   1250         90          6 ]
           3      344742     657.208   1.923e-02   2.084e-02   1.877e-02   2.089e-03   2.709e-02  1.0000        1126  [    0   1260         90          5 ]
           3      346829     663.727   1.923e-02   2.084e-02   1.878e-02   2.081e-03   2.693e-02  1.0000        1136  [    0   1270         90          6 ]
           3      349049     669.760   1.923e-02   2.084e-02   1.884e-02   2.079e-03   2.688e-02  1.0000        1146  [    0   1280         90          5 ]
           3      351935     674.898   1.923e-02   2.084e-02   1.942e-02   2.074e-03   2.676e-02  1.0000        1135  [    0   1290         90          6 ]
           3      354066     679.443   1.923e-02   2.084e-02   1.924e-02   2.073e-03   2.671e-02  1.0000        1131  [    0   1300         90          6 ]
           3      356173     684.713   1.923e-02   2.084e-02   1.920e-02   2.066e-03   2.657e-02  1.0000        1103  [    0   1310         90          5 ]
           3      358250     690.907   1.923e-02   2.084e-02   1.919e-02   2.063e-03   2.651e-02  1.0000        1115  [    0   1320         90          5 ]
           3      360369     695.944   1.923e-02   2.084e-02   1.919e-02   2.060e-03   2.640e-02  1.0000        1107  [    0   1330         90          5 ]
           3      362687     701.534   1.923e-02   1.896e-02   1.944e-02   2.026e-03   2.630e-02  1.0000        1104  [    0   1340         90          6 ]
           3      365668     707.057   1.923e-02   1.896e-02   1.944e-02   2.025e-03   2.627e-02  1.0000        1102  [    0   1350         90          5 ]
           3      367892     712.421   1.923e-02   1.896e-02   1.944e-02   2.021e-03   2.614e-02  1.0000        1131  [    0   1360         90          5 ]
           3      369977     717.081   1.923e-02   1.896e-02   1.944e-02   2.015e-03   2.606e-02  1.0000        1123  [    0   1370         90          4 ]
           3      372233     722.475   1.923e-02   1.896e-02   1.932e-02   2.013e-03   2.598e-02  1.0000        1157  [    0   1380         90          5 ]
           3      374382     728.103   1.923e-02   1.896e-02   1.944e-02   2.009e-03   2.596e-02  1.0000        1155  [    0   1390         90          5 ]
           3      376634     734.020   1.923e-02   1.896e-02   1.889e-02   2.003e-03   2.580e-02  1.0000        1124  [    0   1400         90          7 ]
           3      379631     740.254   1.923e-02   1.896e-02   1.913e-02   2.001e-03   2.578e-02  1.0000        1134  [    0   1410         90          4 ]
           3      381773     745.076   1.923e-02   1.896e-02   1.875e-02   1.996e-03   2.564e-02  1.0000        1142  [    0   1420         90          4 ]
           3      383942     751.733   1.923e-02   1.896e-02   1.894e-02   1.993e-03   2.556e-02  1.0000        1152  [    0   1430         90          4 ]
           3      386110     757.084   1.923e-02   1.896e-02   1.945e-02   1.990e-03   2.546e-02  1.0000        1157  [    0   1440         90          5 ]
           3      388399     761.787   1.923e-02   1.896e-02   1.946e-02   1.990e-03   2.546e-02  1.0000        1146  [    0   1450         90          6 ]
           3      390810     767.407   1.923e-02   1.896e-02   1.923e-02   1.990e-03   2.544e-02  1.0000        1141  [    0   1460         90          7 ]
           3      392955     773.212   1.923e-02   1.896e-02   1.946e-02   1.990e-03   2.544e-02  1.0000        1137  [    0   1470         90          5 ]
           3      395843     779.288   1.923e-02   1.896e-02   1.946e-02   1.990e-03   2.543e-02  1.0000        1106  [    0   1480         90          5 ]
           3      398024     785.136   1.923e-02   1.896e-02   1.934e-02   1.988e-03   2.541e-02  1.0000        1090  [    0   1490         90          7 ]
           3      400368     789.753   1.923e-02   1.896e-02   1.872e-02   1.988e-03   2.541e-02  1.0000        1100  [    0   1500         90          4 ]
           3      402526     794.609   1.923e-02   1.896e-02   1.802e-02   1.986e-03   2.537e-02  1.0000        1125  [    0   1510         90          6 ]
           3      404932     799.318   1.923e-02   1.896e-02   1.946e-02   1.983e-03   2.528e-02  1.0000        1129  [    0   1520         90          7 ]
           3      407254     804.308   1.923e-02   1.896e-02   1.947e-02   1.980e-03   2.520e-02  1.0000        1138  [    0   1530         90          5 ]
           3      411470     811.342   1.923e-02   1.896e-02   1.869e-02   1.976e-03   2.509e-02  1.0000        1129  [    0   1540         90          6 ]
           3      413654     816.965   1.923e-02   1.896e-02   1.874e-02   1.971e-03   2.504e-02  1.0000        1143  [    0   1550         90          8 ]
           3      415882     821.454   1.923e-02   1.896e-02   1.947e-02   1.971e-03   2.504e-02  1.0000        1136  [    0   1560         90          6 ]
           3      418081     826.812   1.923e-02   1.896e-02   1.947e-02   1.965e-03   2.494e-02  1.0000        1124  [    0   1570         90          6 ]
           3      420543     832.377   1.923e-02   1.896e-02   1.948e-02   1.962e-03   2.484e-02  1.0000        1130  [    0   1580         90          7 ]
           3      422851     838.057   1.923e-02   1.896e-02   1.948e-02   1.958e-03   2.470e-02  1.0000        1147  [    0   1590         90          7 ]
           3      425148     843.785   1.923e-02   1.896e-02   1.948e-02   1.955e-03   2.469e-02  1.0000        1147  [    0   1600         90          7 ]
           3      428077     849.398   1.923e-02   1.896e-02   1.948e-02   1.953e-03   2.468e-02  1.0000        1157  [    0   1610         90          7 ]
           3      430304     854.420   1.923e-02   1.896e-02   1.948e-02   1.949e-03   2.463e-02  1.0000        1123  [    0   1620         90          6 ]
           3      432437     860.070   1.923e-02   1.896e-02   1.925e-02   1.947e-03   2.462e-02  1.0000        1119  [    0   1630         90          5 ]
           3      434650     865.519   1.923e-02   1.896e-02   1.863e-02   1.946e-03   2.457e-02  1.0000        1134  [    0   1640         90          7 ]
           3      436897     870.985   1.923e-02   1.896e-02   1.922e-02   1.941e-03   2.452e-02  1.0000        1086  [    0   1650         90          6 ]
           3      438981     876.964   1.923e-02   1.896e-02   1.948e-02   1.941e-03   2.451e-02  1.0000        1105  [    0   1660         90          5 ]
           3      442037     883.046   1.923e-02   1.896e-02   1.948e-02   1.939e-03   2.448e-02  1.0000        1118  [    0   1670         90          5 ]
           3      444420     888.240   1.923e-02   1.896e-02   1.900e-02   1.939e-03   2.448e-02  1.0000        1124  [    0   1680         90          7 ]
           3      446725     894.233   1.923e-02   1.896e-02   1.948e-02   1.937e-03   2.442e-02  1.0000        1140  [    0   1690         90          5 ]
           3      449101     899.423   1.923e-02   1.896e-02   1.948e-02   1.937e-03   2.442e-02  1.0000        1151  [    0   1700         90          7 ]
           3      451168     905.382   1.923e-02   1.896e-02   1.948e-02   1.937e-03   2.442e-02  1.0000        1141  [    0   1710         90          6 ]
           3      453225     911.066   1.923e-02   1.896e-02   1.948e-02   1.937e-03   2.442e-02  1.0000        1140  [    0   1720         90          4 ]
           3      456117     917.338   1.923e-02   1.896e-02   1.948e-02   1.935e-03   2.439e-02  1.0000        1141  [    0   1730         90          7 ]
           3      458399     923.191   1.923e-02   1.896e-02   1.942e-02   1.934e-03   2.439e-02  1.0000        1153  [    0   1740         90          6 ]
           3      460926     928.778   1.923e-02   1.896e-02   1.904e-02   1.933e-03   2.438e-02  1.0000        1161  [    0   1750         90          6 ]
           3      463083     935.031   1.923e-02   1.896e-02   1.904e-02   1.931e-03   2.434e-02  1.0000        1154  [    0   1760         90          7 ]
           3      465147     940.622   1.923e-02   1.896e-02   1.948e-02   1.928e-03   2.428e-02  1.0000        1134  [    0   1770         90          6 ]
           3      467210     946.344   1.923e-02   1.896e-02   1.898e-02   1.925e-03   2.423e-02  1.0000        1144  [    0   1780         90          6 ]
           3      469476     951.065   1.923e-02   1.896e-02   1.898e-02   1.922e-03   2.417e-02  1.0000        1147  [    0   1790         90          5 ]
           3      472503     956.898   1.923e-02   1.896e-02   1.949e-02   1.919e-03   2.414e-02  1.0000        1132  [    0   1800         90          7 ]
           3      474620     962.945   1.923e-02   1.896e-02   1.933e-02   1.919e-03   2.413e-02  1.0000        1132  [    0   1810         90          5 ]
           3      476637     968.220   1.923e-02   1.896e-02   1.863e-02   1.917e-03   2.409e-02  1.0000        1154  [    0   1820         90          6 ]
           3      478962     973.850   1.923e-02   1.896e-02   1.949e-02   1.917e-03   2.408e-02  1.0000        1134  [    0   1830         90          6 ]
           3      481203     979.720   1.923e-02   1.896e-02   1.949e-02   1.917e-03   2.406e-02  1.0000        1120  [    0   1840         90          6 ]
           3      483335     985.287   1.923e-02   1.896e-02   1.949e-02   1.916e-03   2.406e-02  1.0000        1143  [    0   1850         90          7 ]
           3      485559     990.962   1.923e-02   1.896e-02   1.949e-02   1.914e-03   2.404e-02  1.0000        1156  [    2     30        360          7 ]
           3      486346     994.256   1.923e-02   1.896e-02   1.889e-02   1.914e-03   2.404e-02  1.0000        1151  [    0   1860         90          7 ]
           3      488523     999.871   1.923e-02   1.896e-02   1.949e-02   1.914e-03   2.404e-02  1.0000        1128  [    0   1870         90          5 ]
           3      490537    1006.912   1.923e-02   1.896e-02   1.923e-02   1.914e-03   2.404e-02  1.0000        1138  [    0   1880         90          5 ]
           3      492734    1012.924   1.923e-02   1.896e-02   1.947e-02   1.914e-03   2.404e-02  1.0000        1147  [    0   1890         90          6 ]
           3      494983    1019.837   1.923e-02   1.896e-02   1.926e-02   1.914e-03   2.402e-02  1.0000        1149  [    0   1900         90          6 ]
           3      497389    1024.252   1.923e-02   1.896e-02   1.926e-02   1.912e-03   2.399e-02  1.0000        1152  [    0   1910         90          7 ]
           3      499532    1029.929   1.923e-02   1.896e-02   1.926e-02   1.911e-03   2.395e-02  1.0000        1150  [    0   1920         90          6 ]
           3      502453    1036.196   1.923e-02   1.896e-02   1.949e-02   1.910e-03   2.394e-02  1.0000        1122  [    0   1930         90          5 ]
           3      504566    1042.708   1.923e-02   1.896e-02   1.948e-02   1.907e-03   2.388e-02  1.0000        1106  [    0   1940         90          6 ]
           3      506718    1048.983   1.923e-02   1.896e-02   1.949e-02   1.905e-03   2.380e-02  1.0000        1117  [    0   1950         90          4 ]
           3      508919    1055.472   1.923e-02   1.896e-02   1.949e-02   1.899e-03   2.368e-02  1.0000        1113  [    0   1960         90          5 ]
           3      511047    1061.790   1.923e-02   1.809e-02   1.949e-02   1.896e-03   2.360e-02  1.0000        1099  [    0   1970         90          6 ]
           3      513236    1067.840   1.923e-02   1.809e-02   1.950e-02   1.891e-03   2.353e-02  1.0000        1094  [    0   1980         90          6 ]
           3      515932    1073.506   1.923e-02   1.809e-02   1.950e-02   1.889e-03   2.352e-02  1.0000        1081  [    0   1990         90          5 ]
           3      518169    1078.269   1.923e-02   1.809e-02   1.950e-02   1.888e-03   2.351e-02  1.0000        1148  [    0   2000         90          5 ]
           3      520590    1083.592   1.923e-02   1.809e-02   1.950e-02   1.885e-03   2.344e-02  1.0000        1147  [    0   2010         90          6 ]
           3      523048    1087.854   1.923e-02   1.809e-02   1.950e-02   1.881e-03   2.341e-02  1.0000        1145  [    0   2020         90          8 ]
           3      525058    1093.597   1.923e-02   1.809e-02   1.950e-02   1.880e-03   2.340e-02  1.0000        1143  [    0   2030         90          7 ]
           3      527383    1099.389   1.923e-02   1.809e-02   1.938e-02   1.878e-03   2.337e-02  1.0000        1138  [    0   2040         90          5 ]
           3      531651    1106.625   1.923e-02   1.809e-02   1.950e-02   1.876e-03   2.329e-02  1.0000        1154  [    0   2050         90          4 ]
           3      533850    1111.858   1.923e-02   1.809e-02   1.907e-02   1.875e-03   2.328e-02  1.0000        1163  [    0   2060         90          5 ]
           3      536003    1118.085   1.923e-02   1.809e-02   1.950e-02   1.873e-03   2.320e-02  1.0000        1145  [    0   2070         90          5 ]
           3      538057    1123.141   1.923e-02   1.809e-02   1.949e-02   1.871e-03   2.318e-02  1.0000        1155  [    0   2080         90          6 ]
           3      540171    1128.591   1.923e-02   1.809e-02   1.950e-02   1.867e-03   2.310e-02  1.0000        1136  [    0   2090         90          4 ]
           3      542382    1133.957   1.923e-02   1.809e-02   1.950e-02   1.865e-03   2.307e-02  1.0000        1133  [    0   2100         90          7 ]
           3      544646    1140.151   1.923e-02   1.809e-02   1.950e-02   1.864e-03   2.305e-02  1.0000        1134  [    0   2110         90          6 ]
           3      547348    1145.678   1.923e-02   1.809e-02   1.934e-02   1.864e-03   2.303e-02  1.0000        1132  [    0   2120         90          4 ]
           3      549403    1150.973   1.923e-02   1.809e-02   1.950e-02   1.864e-03   2.303e-02  1.0000        1135  [    0   2130         90          5 ]
           3      551436    1156.724   1.923e-02   1.809e-02   1.934e-02   1.864e-03   2.303e-02  1.0000        1152  [    0   2140         90          5 ]
           3      553582    1162.895   1.923e-02   1.809e-02   1.950e-02   1.864e-03   2.303e-02  1.0000        1155  [    0   2150         90          8 ]
           3      556339    1168.959   1.923e-02   1.809e-02   1.950e-02   1.864e-03   2.303e-02  1.0000        1155  [    0   2160         90          8 ]
           3      558856    1174.070   1.923e-02   1.809e-02   1.950e-02   1.864e-03   2.303e-02  1.0000        1136  [    0   2170         90          7 ]
           3      561753    1182.063   1.923e-02   1.809e-02   1.892e-02   1.863e-03   2.302e-02  1.0000        1090  [    0   2180         90          4 ]
           3      563909    1187.321   1.923e-02   1.809e-02   1.950e-02   1.863e-03   2.302e-02  1.0000        1111  [    0   2190         90          6 ]
           3      565895    1191.868   1.923e-02   1.809e-02   1.950e-02   1.857e-03   2.299e-02  1.0000        1066  [    0   2200         90          4 ]
           3      568081    1197.059   1.923e-02   1.809e-02   1.908e-02   1.855e-03   2.297e-02  1.0000        1094  [    0   2210         90          6 ]
           3      570327    1202.523   1.923e-02   1.809e-02   1.950e-02   1.854e-03   2.296e-02  1.0000        1127  [    0   2220         90          4 ]
           3      572425    1208.206   1.923e-02   1.809e-02   1.950e-02   1.852e-03   2.291e-02  1.0000        1107  [    0   2230         90          4 ]
           3      574555    1213.864   1.923e-02   1.809e-02   1.951e-02   1.851e-03   2.285e-02  1.0000        1104  [    0   2240         90          4 ]
           3      577433    1219.822   1.923e-02   1.809e-02   1.951e-02   1.848e-03   2.280e-02  1.0000        1116  [    0   2250         90          4 ]
           3      579555    1225.853   1.923e-02   1.809e-02   1.947e-02   1.846e-03   2.275e-02  1.0000        1109  [    0   2260         90          5 ]
           3      581795    1230.125   1.923e-02   1.809e-02   1.951e-02   1.845e-03   2.266e-02  1.0000        1122  [    0   2270         90          5 ]
           3      583930    1235.287   1.923e-02   1.809e-02   1.951e-02   1.842e-03   2.259e-02  1.0000        1107  [    0   2280         90          6 ]
           3      586013    1241.459   1.923e-02   1.809e-02   1.951e-02   1.842e-03   2.258e-02  1.0000        1119  [    0   2290         90          5 ]
           3      587991    1247.425   1.923e-02   1.809e-02   1.951e-02   1.842e-03   2.258e-02  1.0000        1108  [    0   2300         90          4 ]
           3      590823    1253.556   1.923e-02   1.809e-02   1.891e-02   1.840e-03   2.257e-02  1.0000        1127  [    0   2310         90          5 ]
           3      592860    1258.374   1.923e-02   1.809e-02   1.800e-02   1.840e-03   2.252e-02  1.0000        1117  [    0   2320         90          6 ]
           3      595047    1263.175   1.923e-02   1.809e-02   1.951e-02   1.839e-03   2.252e-02  1.0000        1119  [    0   2330         90          5 ]
           3      597357    1267.806   1.923e-02   1.809e-02   1.837e-02   1.837e-03   2.250e-02  1.0000        1119  [    0   2340         90          5 ]
           3      600016    1273.095   1.923e-02   1.809e-02   1.951e-02   1.836e-03   2.247e-02  1.0000        1122  [    0   2350         90          8 ]
           3      602745    1278.651   1.923e-02   1.809e-02   1.951e-02   1.836e-03   2.247e-02  1.0000        1122  [    0   2360         90          8 ]
           3      606160    1285.193   1.923e-02   1.809e-02   1.951e-02   1.836e-03   2.247e-02  1.0000        1120  [    0   2370         90          6 ]
           3      608327    1291.808   1.923e-02   1.809e-02   1.951e-02   1.836e-03   2.247e-02  1.0000        1118  [    0   2380         90          6 ]
           3      610161    1296.639   1.923e-02   1.809e-02   1.951e-02   1.836e-03   2.247e-02  1.0000        1096  [    0   2390         90          5 ]
           3      612265    1302.288   1.923e-02   1.809e-02   1.951e-02   1.836e-03   2.247e-02  1.0000        1130  [    0   2400         90          7 ]
           3      614338    1307.779   1.923e-02   1.809e-02   1.951e-02   1.833e-03   2.242e-02  1.0000        1135  [    0   2410         90          5 ]
           3      616622    1312.660   1.923e-02   1.809e-02   1.887e-02   1.831e-03   2.236e-02  1.0000        1155  [    0   2420         90          7 ]
           3      618920    1317.585   1.923e-02   1.809e-02   1.951e-02   1.829e-03   2.231e-02  1.0000        1141  [    0   2430         90          5 ]
           3      621641    1323.035   1.923e-02   1.809e-02   1.951e-02   1.825e-03   2.218e-02  1.0000        1131  [    0   2440         90          5 ]
           3      623749    1328.951   1.923e-02   1.809e-02   1.951e-02   1.822e-03   2.209e-02  1.0000        1125  [    0   2450         90          4 ]
           3      625955    1334.956   1.923e-02   1.809e-02   1.951e-02   1.822e-03   2.208e-02  1.0000        1132  [    0   2460         90          5 ]
           3      628217    1340.807   1.923e-02   1.809e-02   1.951e-02   1.819e-03   2.207e-02  1.0000        1139  [    0   2470         90          7 ]
           3      630409    1346.903   1.923e-02   1.809e-02   1.936e-02   1.819e-03   2.206e-02  1.0000        1127  [    0   2480         90          4 ]
           3      632687    1352.555   1.923e-02   1.809e-02   1.951e-02   1.819e-03   2.206e-02  1.0000        1128  [    0   2490         90          7 ]
           3      634980    1357.519   1.923e-02   1.809e-02   1.951e-02   1.819e-03   2.205e-02  1.0000        1145  [    2     40        360          6 ]
           3      635647    1361.874   1.923e-02   1.809e-02   1.905e-02   1.818e-03   2.205e-02  1.0000        1136  [    0   2500         90          5 ]
           3      637936    1367.224   1.923e-02   1.809e-02   1.952e-02   1.818e-03   2.203e-02  1.0000        1124  [    0   2510         90          4 ]
           3      640157    1372.121   1.923e-02   1.809e-02   1.952e-02   1.816e-03   2.202e-02  1.0000        1128  [    0   2520         90          4 ]
           3      642288    1376.964   1.923e-02   1.809e-02   1.935e-02   1.816e-03   2.201e-02  1.0000        1134  [    0   2530         90          7 ]
           3      644494    1383.493   1.923e-02   1.809e-02   1.952e-02   1.814e-03   2.197e-02  1.0000        1125  [    0   2540         90          4 ]
           3      646540    1388.538   1.923e-02   1.809e-02   1.923e-02   1.814e-03   2.197e-02  1.0000        1124  [    0   2550         90          5 ]
           3      648843    1393.556   1.923e-02   1.809e-02   1.952e-02   1.812e-03   2.194e-02  1.0000        1133  [    0   2560         90          7 ]
           3      653137    1401.361   1.923e-02   1.809e-02   1.952e-02   1.810e-03   2.190e-02  1.0000        1169  [    0   2570         90          5 ]
           3      655265    1406.636   1.923e-02   1.809e-02   1.952e-02   1.809e-03   2.187e-02  1.0000        1158  [    0   2580         90          4 ]
           3      657297    1412.549   1.923e-02   1.809e-02   1.952e-02   1.807e-03   2.182e-02  1.0000        1107  [    0   2590         90          5 ]
           3      659464    1417.752   1.923e-02   1.809e-02   1.948e-02   1.806e-03   2.179e-02  1.0000        1155  [    0   2600         90          5 ]
           3      661667    1423.131   1.923e-02   1.809e-02   1.952e-02   1.804e-03   2.175e-02  1.0000        1164  [    0   2610         90          5 ]
           3      663803    1428.857   1.923e-02   1.764e-02   1.952e-02   1.801e-03   2.173e-02  1.0000        1133  [    0   2620         90          6 ]
           3      666535    1435.110   1.923e-02   1.764e-02   1.952e-02   1.799e-03   2.164e-02  1.0000        1142  [    0   2630         90          6 ]
           3      668873    1440.889   1.923e-02   1.764e-02   1.952e-02   1.798e-03   2.162e-02  1.0000        1152  [    0   2640         90          5 ]
           3      670923    1446.697   1.923e-02   1.764e-02   1.952e-02   1.796e-03   2.160e-02  1.0000        1129  [    0   2650         90          4 ]
           3      673140    1452.290   1.923e-02   1.764e-02   1.952e-02   1.795e-03   2.157e-02  1.0000        1144  [    0   2660         90          5 ]
           3      675190    1458.337   1.923e-02   1.764e-02   1.952e-02   1.794e-03   2.157e-02  1.0000        1132  [    0   2670         90          6 ]
           3      677327    1464.399   1.923e-02   1.764e-02   1.952e-02   1.794e-03   2.156e-02  1.0000        1130  [    0   2680         90          7 ]
           3      680261    1470.237   1.923e-02   1.764e-02   1.952e-02   1.794e-03   2.156e-02  1.0000        1127  [    0   2690         90          6 ]
           3      682268    1475.660   1.923e-02   1.764e-02   1.952e-02   1.794e-03   2.156e-02  1.0000        1126  [    0   2700         90          6 ]
           3      684293    1480.721   1.923e-02   1.764e-02   1.952e-02   1.793e-03   2.152e-02  1.0000        1150  [    0   2710         90          5 ]
           3      686719    1486.069   1.923e-02   1.764e-02   1.952e-02   1.793e-03   2.152e-02  1.0000        1148  [    0   2720         90          6 ]
           3      688884    1491.802   1.923e-02   1.764e-02   1.952e-02   1.791e-03   2.147e-02  1.0000        1144  [    0   2730         90          7 ]
           3      691296    1497.058   1.907e-02   1.764e-02   1.952e-02   1.776e-03   2.140e-02  1.0000        1145  [    0   2740         90          4 ]
           3      693665    1502.596   1.907e-02   1.764e-02   1.952e-02   1.775e-03   2.138e-02  1.0000        1151  [    0   2750         90          7 ]
           3      696324    1508.071   1.907e-02   1.764e-02   1.952e-02   1.774e-03   2.137e-02  1.0000        1157  [    0   2760         90          5 ]
           3      698461    1514.460   1.907e-02   1.764e-02   1.952e-02   1.774e-03   2.137e-02  1.0000        1149  [    0   2770         90          5 ]
           3      700600    1520.229   1.907e-02   1.764e-02   1.953e-02   1.772e-03   2.134e-02  1.0000        1139  [    0   2780         90          5 ]
           3      702822    1526.594   1.907e-02   1.764e-02   1.953e-02   1.770e-03   2.130e-02  1.0000        1156  [    0   2790         90          5 ]
           3      704771    1532.692   1.907e-02   1.764e-02   1.953e-02   1.769e-03   2.129e-02  1.0000        1134  [    0   2800         90          4 ]
           3      706978    1538.100   1.907e-02   1.764e-02   1.927e-02   1.769e-03   2.128e-02  1.0000        1129  [    0   2810         90          5 ]
           3      710018    1543.812   1.907e-02   1.764e-02   1.953e-02   1.768e-03   2.127e-02  1.0000        1159  [    0   2820         90          6 ]
           3      712181    1548.576   1.907e-02   1.764e-02   1.953e-02   1.768e-03   2.127e-02  1.0000        1161  [    0   2830         90          6 ]
           3      714131    1554.298   1.907e-02   1.764e-02   1.953e-02   1.768e-03   2.127e-02  1.0000        1115  [    0   2840         90          7 ]
           3      716436    1559.394   1.907e-02   1.764e-02   1.953e-02   1.768e-03   2.127e-02  1.0000        1125  [    0   2850         90          7 ]
           3      718549    1564.739   1.907e-02   1.764e-02   1.953e-02   1.768e-03   2.124e-02  1.0000        1125  [    0   2860         90          7 ]
           3      720488    1571.067   1.907e-02   1.764e-02   1.953e-02   1.767e-03   2.122e-02  1.0000        1121  [    0   2870         90          4 ]
           3      722604    1577.165   1.907e-02   1.764e-02   1.953e-02   1.767e-03   2.122e-02  1.0000        1133  [    0   2880         90          5 ]
           3      725396    1583.599   1.860e-02   1.764e-02   1.953e-02   1.765e-03   2.121e-02  1.0000        1119  [    0   2890         90          6 ]
           3      727389    1588.315   1.860e-02   1.764e-02   1.953e-02   1.765e-03   2.121e-02  1.0000        1101  [    0   2900         90          4 ]
           3      729516    1594.202   1.860e-02   1.764e-02   1.953e-02   1.764e-03   2.117e-02  1.0000        1114  [    0   2910         90          6 ]
           3      731780    1598.861   1.860e-02   1.764e-02   1.953e-02   1.763e-03   2.116e-02  1.0000        1155  [    0   2920         90          5 ]
           3      733945    1604.815   1.860e-02   1.764e-02   1.953e-02   1.762e-03   2.114e-02  1.0000        1168  [    0   2930         90          6 ]
           3      736137    1610.971   1.860e-02   1.764e-02   1.953e-02   1.761e-03   2.110e-02  1.0000        1171  [    0   2940         90          6 ]
           3      738956    1617.995   1.860e-02   1.764e-02   1.866e-02   1.760e-03   2.109e-02  1.0000        1136  [    0   2950         90          5 ]
           3      741157    1623.360   1.860e-02   1.764e-02   1.953e-02   1.760e-03   2.109e-02  1.0000        1111  [    0   2960         90          5 ]
           3      743197    1628.387   1.860e-02   1.764e-02   1.953e-02   1.759e-03   2.106e-02  1.0000        1114  [    0   2970         90          5 ]
           3      745280    1633.785   1.860e-02   1.764e-02   1.829e-02   1.759e-03   2.106e-02  1.0000        1116  [    0   2980         90          7 ]
           3      747856    1639.041   1.860e-02   1.764e-02   1.829e-02   1.759e-03   2.106e-02  1.0000        1110  [    0   2990         90          7 ]
           3      750232    1645.816   1.860e-02   1.764e-02   1.829e-02   1.759e-03   2.106e-02  1.0000        1110  [    0   3000         90          7 ]
           3      753183    1651.398   1.860e-02   1.764e-02   1.829e-02   1.759e-03   2.106e-02  1.0000        1113  [    0   3010         90          6 ]
           3      755147    1657.177   1.860e-02   1.764e-02   1.953e-02   1.759e-03   2.106e-02  1.0000        1089  [    0   3020         90          5 ]
           3      757149    1663.495   1.860e-02   1.764e-02   1.953e-02   1.759e-03   2.106e-02  1.0000        1089  [    0   3030         90          4 ]
           3      759124    1668.633   1.860e-02   1.730e-02   1.953e-02   1.760e-03   2.103e-02  1.0000        1099  [    0   3040         90          4 ]
           3      761290    1673.626   1.860e-02   1.730e-02   1.953e-02   1.760e-03   2.102e-02  1.0000        1108  [    0   3050         90          4 ]
           3      763428    1679.356   1.860e-02   1.730e-02   1.953e-02   1.760e-03   2.101e-02  1.0000        1107  [    0   3060         90          7 ]
           3      765589    1684.650   1.860e-02   1.730e-02   1.953e-02   1.759e-03   2.100e-02  1.0000        1114  [    0   3070         90          6 ]
           3      769812    1691.755   1.860e-02   1.730e-02   1.953e-02   1.759e-03   2.098e-02  1.0000        1122  [    0   3080         90          6 ]
           3      772018    1697.751   1.860e-02   1.730e-02   1.953e-02   1.756e-03   2.096e-02  1.0000        1126  [    0   3090         90          7 ]
           3      774252    1702.937   1.860e-02   1.730e-02   1.953e-02   1.755e-03   2.094e-02  1.0000        1121  [    0   3100         90          7 ]
           3      777033    1709.334   1.860e-02   1.730e-02   1.953e-02   1.754e-03   2.090e-02  1.0000        1138  [    0   3110         90          9 ]
           3      779466    1715.256   1.860e-02   1.730e-02   1.953e-02   1.754e-03   2.089e-02  1.0000        1115  [    0   3120         90          7 ]
           3      781747    1721.410   1.860e-02   1.730e-02   1.953e-02   1.754e-03   2.089e-02  1.0000        1114  [    0   3130         90          7 ]
           3      784106    1726.428   1.860e-02   1.730e-02   1.953e-02   1.754e-03   2.089e-02  1.0000        1115  [    2     50        360          8 ]
           3      784729    1729.460   1.860e-02   1.730e-02   1.953e-02   1.754e-03   2.089e-02  1.0000        1106  [    0   3140         90          6 ]
           3      786829    1735.027   1.860e-02   1.730e-02   1.953e-02   1.754e-03   2.089e-02  1.0000        1132  [    0   3150         90          7 ]
           3      789368    1740.691   1.860e-02   1.730e-02   1.953e-02   1.752e-03   2.086e-02  1.0000        1125  [    0   3160         90          8 ]
           3      791637    1746.483   1.860e-02   1.730e-02   1.953e-02   1.752e-03   2.085e-02  1.0000        1118  [    0   3170         90          7 ]
           3      793673    1752.530   1.860e-02   1.730e-02   1.953e-02   1.752e-03   2.085e-02  1.0000        1120  [    0   3180         90          5 ]
           3      795984    1758.437   1.860e-02   1.730e-02   1.953e-02   1.752e-03   2.085e-02  1.0000        1121  [    0   3190         90          7 ]
           3      798003    1763.279   1.860e-02   1.730e-02   1.953e-02   1.752e-03   2.085e-02  1.0000        1113  [    0   3200         90          5 ]
           3      800696    1770.060   1.860e-02   1.730e-02   1.953e-02   1.750e-03   2.082e-02  1.0000        1106  [    0   3210         90          6 ]
           3      802798    1775.233   1.860e-02   1.730e-02   1.953e-02   1.750e-03   2.082e-02  1.0000        1106  [    0   3220         90          4 ]
           3      805097    1780.331   1.860e-02   1.730e-02   1.888e-02   1.750e-03   2.081e-02  1.0000        1155  [    0   3230         90          6 ]
           3      807098    1785.832   1.831e-02   1.730e-02   1.865e-02   1.749e-03   2.081e-02  1.0000        1156  [    0   3240         90          4 ]
           3      809157    1791.789   1.831e-02   1.730e-02   1.953e-02   1.748e-03   2.081e-02  1.0000        1159  [    0   3250         90          5 ]
           3      811325    1798.067   1.831e-02   1.730e-02   1.846e-02   1.748e-03   2.081e-02  1.0000        1196  [    0   3260         90          6 ]
           3      814102    1804.404   1.831e-02   1.730e-02   1.909e-02   1.747e-03   2.078e-02  1.0000        1157  [    0   3270         90          4 ]
           3      816268    1809.079   1.831e-02   1.730e-02   1.909e-02   1.746e-03   2.075e-02  1.0000        1146  [    0   3280         90          6 ]
           3      818408    1815.205   1.831e-02   1.730e-02   1.795e-02   1.746e-03   2.075e-02  1.0000        1157  [    0   3290         90          5 ]
           3      820496    1821.469   1.831e-02   1.730e-02   1.925e-02   1.746e-03   2.075e-02  1.0000        1166  [    0   3300         90          4 ]
           3      823062    1827.268   1.831e-02   1.730e-02   1.953e-02   1.745e-03   2.074e-02  1.0000        1166  [    0   3310         90          7 ]
           3      825582    1833.854   1.831e-02   1.730e-02   1.953e-02   1.743e-03   2.070e-02  1.0000        1162  [    0   3320         90          7 ]
           3      828828    1839.672   1.831e-02   1.730e-02   1.953e-02   1.741e-03   2.065e-02  1.0000        1157  [    0   3330         90          6 ]
           3      830976    1844.793   1.831e-02   1.730e-02   1.953e-02   1.741e-03   2.064e-02  1.0000        1154  [    0   3340         90          6 ]
           3      833229    1849.561   1.831e-02   1.730e-02   1.953e-02   1.740e-03   2.063e-02  1.0000        1169  [    0   3350         90          5 ]
           3      835655    1854.627   1.831e-02   1.730e-02   1.953e-02   1.739e-03   2.060e-02  1.0000        1162  [    0   3360         90          7 ]
           3      837914    1860.658   1.831e-02   1.730e-02   1.905e-02   1.739e-03   2.060e-02  1.0000        1166  [    0   3370         90          9 ]
           3      839956    1866.585   1.831e-02   1.730e-02   1.953e-02   1.739e-03   2.060e-02  1.0000        1179  [    0   3380         90          5 ]
           3      841972    1873.076   1.831e-02   1.730e-02   1.946e-02   1.739e-03   2.059e-02  1.0000        1163  [    0   3390         90          6 ]
           3      845014    1879.480   1.831e-02   1.730e-02   1.953e-02   1.739e-03   2.059e-02  1.0000        1199  [    0   3400         90          8 ]
           3      847636    1886.605   1.831e-02   1.730e-02   1.953e-02   1.739e-03   2.059e-02  1.0000        1199  [    0   3410         90          8 ]
           3      850337    1893.371   1.831e-02   1.730e-02   1.953e-02   1.739e-03   2.059e-02  1.0000        1201  [    0   3420         90         10 ]
           3      853166    1900.993   1.831e-02   1.730e-02   1.953e-02   1.739e-03   2.059e-02  1.0000        1199  [    0   3430         90          9 ]
           3      856038    1908.171   1.831e-02   1.730e-02   1.953e-02   1.739e-03   2.059e-02  1.0000        1199  [    0   3440         90          9 ]
           3      858892    1914.045   1.831e-02   1.730e-02   1.953e-02   1.739e-03   2.059e-02  1.0000        1199  [    0   3450         90          9 ]
           3      862251    1920.153   1.831e-02   1.730e-02   1.953e-02   1.739e-03   2.059e-02  1.0000        1191  [    0   3460         90          6 ]
           3      864243    1926.422   1.831e-02   1.730e-02   1.953e-02   1.739e-03   2.059e-02  1.0000        1186  [    0   3470         90          6 ]
           3      866307    1933.165   1.831e-02   1.730e-02   1.938e-02   1.739e-03   2.059e-02  1.0000        1162  [    0   3480         90          5 ]
           3      868265    1939.494   1.831e-02   1.730e-02   1.866e-02   1.739e-03   2.059e-02  1.0000        1154  [    0   3490         90          4 ]
           3      870112    1944.948   1.831e-02   1.730e-02   1.905e-02   1.739e-03   2.059e-02  1.0000        1144  [    0   3500         90          5 ]
           3      872212    1951.457   1.831e-02   1.730e-02   1.953e-02   1.739e-03   2.059e-02  1.0000        1140  [    0   3510         90          6 ]
           3      874470    1957.187   1.831e-02   1.730e-02   1.953e-02   1.739e-03   2.057e-02  1.0000        1160  [    0   3520         90          6 ]
           3      877380    1963.158   1.831e-02   1.730e-02   1.953e-02   1.739e-03   2.057e-02  1.0000        1187  [    0   3530         90          6 ]
           3      879443    1969.439   1.831e-02   1.730e-02   1.953e-02   1.739e-03   2.056e-02  1.0000        1185  [    0   3540         90          5 ]
           3      881495    1974.489   1.831e-02   1.730e-02   1.910e-02   1.736e-03   2.053e-02  1.0000        1181  [    0   3550         90          5 ]
           3      883782    1981.240   1.831e-02   1.730e-02   1.951e-02   1.736e-03   2.051e-02  1.0000        1169  [    0   3560         90          5 ]
           3      886241    1986.802   1.831e-02   1.730e-02   1.954e-02   1.733e-03   2.048e-02  1.0000        1184  [    0   3570         90          7 ]
           3      888647    1992.343   1.831e-02   1.730e-02   1.954e-02   1.733e-03   2.048e-02  1.0000        1184  [    0   3580         90          7 ]
           3      893183    1999.440   1.831e-02   1.730e-02   1.954e-02   1.729e-03   2.044e-02  1.0000        1204  [    0   3590         90          7 ]
           3      895281    2004.769   1.806e-02   1.730e-02   1.954e-02   1.728e-03   2.042e-02  1.0000        1203  [    0   3600         90          5 ]
           3      897629    2010.585   1.806e-02   1.730e-02   1.954e-02   1.725e-03   2.036e-02  1.0000        1208  [    0   3610         90          7 ]
           3      899595    2016.377   1.806e-02   1.730e-02   1.954e-02   1.725e-03   2.036e-02  1.0000        1193  [    0   3620         90          5 ]
           3      901753    2022.866   1.806e-02   1.730e-02   1.954e-02   1.725e-03   2.035e-02  1.0000        1203  [    0   3630         90          6 ]
           3      903963    2029.623   1.806e-02   1.730e-02   1.954e-02   1.724e-03   2.032e-02  1.0000        1203  [    0   3640         90          6 ]
           3      906972    2036.999   1.806e-02   1.730e-02   1.954e-02   1.723e-03   2.030e-02  1.0000        1214  [    0   3650         90          8 ]
           3      909408    2043.013   1.806e-02   1.730e-02   1.954e-02   1.723e-03   2.029e-02  1.0000        1208  [    0   3660         90          7 ]
           3      911844    2049.553   1.806e-02   1.730e-02   1.954e-02   1.719e-03   2.020e-02  1.0000        1208  [    0   3670         90          7 ]
           3      914343    2055.412   1.806e-02   1.730e-02   1.954e-02   1.719e-03   2.018e-02  1.0000        1208  [    0   3680         90          7 ]
           3      916842    2060.798   1.806e-02   1.730e-02   1.954e-02   1.719e-03   2.016e-02  1.0000        1209  [    0   3690         90          7 ]
           3      919312    2067.273   1.806e-02   1.730e-02   1.954e-02   1.718e-03   2.016e-02  1.0000        1208  [    0   3700         90          7 ]
           3      921531    2074.378   1.806e-02   1.730e-02   1.954e-02   1.718e-03   2.014e-02  1.0000        1208  [    0   3710         90          6 ]
           3      924373    2081.480   1.806e-02   1.730e-02   1.954e-02   1.716e-03   2.011e-02  1.0000        1214  [    0   3720         90          6 ]
           3      926507    2088.214   1.806e-02   1.730e-02   1.954e-02   1.715e-03   2.010e-02  1.0000        1204  [    0   3730         90          6 ]
           3      928482    2094.297   1.806e-02   1.730e-02   1.954e-02   1.715e-03   2.008e-02  1.0000        1189  [    0   3740         90          7 ]
           3      930746    2098.939   1.806e-02   1.730e-02   1.954e-02   1.715e-03   2.008e-02  1.0000        1179  [    0   3750         90          8 ]
           3      932773    2104.435   1.806e-02   1.730e-02   1.954e-02   1.713e-03   2.006e-02  1.0000        1163  [    0   3760         90          6 ]
           3      935008    2110.104   1.806e-02   1.730e-02   1.954e-02   1.712e-03   2.004e-02  1.0000        1167  [    0   3770         90          5 ]
           3      937127    2115.590   1.806e-02   1.730e-02   1.941e-02   1.711e-03   2.001e-02  1.0000        1175  [    2     60        360          5 ]
           3      937738    2119.119   1.806e-02   1.730e-02   1.941e-02   1.710e-03   1.997e-02  1.0000        1180  [    0   3780         90          5 ]
           3      939811    2125.185   1.783e-02   1.730e-02   1.844e-02   1.709e-03   1.996e-02  1.0000        1122  [    0   3790         90          4 ]
           3      941887    2130.280   1.783e-02   1.730e-02   1.954e-02   1.708e-03   1.994e-02  1.0000        1107  [    0   3800         90          5 ]
           3      944170    2136.508   1.783e-02   1.730e-02   1.954e-02   1.707e-03   1.994e-02  1.0000        1144  [    0   3810         90          6 ]
           3      946387    2141.712   1.783e-02   1.730e-02   1.954e-02   1.707e-03   1.993e-02  1.0000        1139  [    0   3820         90          6 ]
           3      948376    2147.535   1.783e-02   1.730e-02   1.954e-02   1.704e-03   1.991e-02  1.0000        1125  [    0   3830         90          5 ]
           3      950508    2152.355   1.783e-02   1.730e-02   1.954e-02   1.703e-03   1.987e-02  1.0000        1109  [    0   3840         90          5 ]
           3      953387    2158.613   1.783e-02   1.730e-02   1.896e-02   1.703e-03   1.987e-02  1.0000        1116  [    0   3850         90          5 ]
           3      955513    2165.045   1.783e-02   1.730e-02   1.908e-02   1.703e-03   1.987e-02  1.0000        1118  [    0   3860         90          6 ]
           3      957374    2170.536   1.783e-02   1.730e-02   1.954e-02   1.703e-03   1.987e-02  1.0000        1115  [    0   3870         90          4 ]
           3      959390    2176.141   1.783e-02   1.730e-02   1.913e-02   1.703e-03   1.987e-02  1.0000        1119  [    0   3880         90          5 ]
           3      961286    2181.823   1.783e-02   1.730e-02   1.954e-02   1.702e-03   1.987e-02  1.0000        1097  [    0   3890         90          4 ]
           3      963430    2186.932   1.783e-02   1.730e-02   1.946e-02   1.702e-03   1.987e-02  1.0000        1129  [    0   3900         90          5 ]
           3      966345    2192.528   1.783e-02   1.730e-02   1.952e-02   1.702e-03   1.987e-02  1.0000        1127  [    0   3910         90          5 ]
           3      968343    2196.966   1.783e-02   1.730e-02   1.954e-02   1.701e-03   1.985e-02  1.0000        1119  [    0   3920         90          5 ]
           3      970454    2201.184   1.783e-02   1.730e-02   1.954e-02   1.701e-03   1.984e-02  1.0000        1116  [    0   3930         90          6 ]
           3      972521    2206.287   1.783e-02   1.730e-02   1.954e-02   1.700e-03   1.981e-02  1.0000        1121  [    0   3940         90          6 ]
           3      974703    2212.019   1.783e-02   1.730e-02   1.914e-02   1.698e-03   1.979e-02  1.0000        1119  [    0   3950         90          6 ]
           3      976704    2217.584   1.660e-02   1.730e-02   1.856e-02   1.693e-03   1.977e-02  1.0000        1098  [    0   3960         90          4 ]
           3      979567    2223.520   1.660e-02   1.730e-02   1.950e-02   1.692e-03   1.976e-02  1.0000        1091  [    0   3970         90          5 ]
           3      981448    2228.379   1.660e-02   1.730e-02   1.950e-02   1.687e-03   1.971e-02  1.0000        1088  [    0   3980         90          4 ]
           3      983485    2233.334   1.660e-02   1.730e-02   1.954e-02   1.687e-03   1.971e-02  1.0000        1092  [    0   3990         90          5 ]
           3      985375    2239.295   1.660e-02   1.730e-02   1.927e-02   1.686e-03   1.968e-02  1.0000        1061  [    0   4000         90          4 ]
           3      987694    2246.050   1.640e-02   1.730e-02   1.954e-02   1.686e-03   1.968e-02  1.0000        1102  [    0   4010         90          5 ]
           3      989790    2251.861   1.640e-02   1.730e-02   1.882e-02   1.686e-03   1.968e-02  1.0000        1131  [    0   4020         90          5 ]
           3      991928    2256.403   1.640e-02   1.730e-02   1.954e-02   1.685e-03   1.965e-02  1.0000        1146  [    0   4030         90          5 ]
           3      994735    2262.842   1.640e-02   1.730e-02   1.954e-02   1.685e-03   1.963e-02  1.0000        1145  [    0   4040         90          5 ]
           3      996768    2268.723   1.640e-02   1.730e-02   1.954e-02   1.685e-03   1.962e-02  1.0000        1132  [    0   4050         90          4 ]
           3      999011    2274.418   1.640e-02   1.730e-02   1.954e-02   1.684e-03   1.962e-02  1.0000        1159  [    0   4060         90          6 ]
           3     1001195    2280.093   1.640e-02   1.730e-02   1.900e-02   1.683e-03   1.961e-02  1.0000        1152  [    0   4070         90          7 ]
           3     1003495    2285.267   1.640e-02   1.730e-02   1.954e-02   1.683e-03   1.960e-02  1.0000        1131  [    0   4080         90          6 ]
           3     1005730    2289.611   1.640e-02   1.730e-02   1.954e-02   1.682e-03   1.957e-02  1.0000        1128  [    0   4090         90          7 ]
           4     1007204    2294.300   1.640e-02   1.730e-02   1.954e-02   1.681e-03   1.953e-02  1.0000        1122  [    3      8        720          7 ]
