# Generation  Evaluations  Time (s)  Best_obj[0]  Best_obj[1]  Best_obj[2]  Hypervol.   IGD         IGDX        SR    Appr.set  [ Pop.index  Subgen.  Pop.size  Subpops ]
           0         386       6.134   3.307e+00   3.713e+00   3.105e+00   0.000e+00   4.184e+00   3.980e+00  0.0000           4  [    0      1        120          2 ]
           1        2574       6.192   6.922e-01   6.720e-01   1.030e+00   0.000e+00   3.862e-01   7.365e-01  0.0000          71  [    1      1        240          7 ]
           1        3426       6.334   6.535e-01   6.140e-01   9.469e-01   0.000e+00   3.125e-01   6.328e-01  0.0000          89  [    0     10        120          4 ]
           1        6174       6.718   2.936e-01   2.493e-01   4.791e-01   0.000e+00   1.371e-01   3.479e-01  0.0000         330  [    0     20        120          3 ]
           1        8944       8.207   2.474e-01   2.061e-01   3.890e-01   0.000e+00   9.973e-02   2.951e-01  0.0000         589  [    0     30        120          3 ]
           1       11683      10.338   2.474e-01   2.061e-01   2.656e-01   0.000e+00   9.050e-02   2.844e-01  0.0000         740  [    0     40        120          4 ]
           1       14799      13.794   2.474e-01   2.061e-01   2.656e-01   0.000e+00   8.627e-02   2.663e-01  0.0000         857  [    0     50        120          4 ]
           1       17553      18.272   2.405e-01   2.061e-01   2.656e-01   0.000e+00   8.219e-02   2.624e-01  0.0000         960  [    0     60        120          5 ]
           2       21733      21.829   1.926e-01   2.037e-01   1.862e-01   0.000e+00   6.529e-02   2.405e-01  0.0000        1903  [    2      1        480          8 ]
           2       24532      34.655   1.926e-01   2.037e-01   1.862e-01   0.000e+00   5.912e-02   2.234e-01  0.0000        2004  [    0     70        120          4 ]
           2       25688      42.561   1.926e-01   2.037e-01   1.862e-01   0.000e+00   5.878e-02   2.213e-01  0.0000        2049  [    1     10        240          4 ]
           2       27405      55.635   1.926e-01   2.037e-01   1.862e-01   0.000e+00   5.801e-02   2.192e-01  0.0000        2132  [    0     80        120          5 ]
           2       30836      79.648   1.926e-01   2.037e-01   1.862e-01   0.000e+00   5.532e-02   2.084e-01  0.0000        2261  [    0     90        120          5 ]
           2       33723     101.128   1.926e-01   2.037e-01   1.862e-01   0.000e+00   5.419e-02   2.031e-01  0.0000        2339  [    0    100        120          5 ]
           2       36572     123.626   1.926e-01   2.037e-01   1.862e-01   0.000e+00   5.336e-02   2.026e-01  0.0000        2426  [    0    110        120          4 ]
           2       39426     150.153   1.926e-01   2.037e-01   1.862e-01   0.000e+00   5.234e-02   1.993e-01  0.0000        2552  [    0    120        120          3 ]
           2       43853     186.359   1.926e-01   2.037e-01   1.862e-01   0.000e+00   4.750e-02   1.853e-01  0.0000        2771  [    0    130        120          4 ]
           2       46856     217.790   1.926e-01   2.037e-01   1.862e-01   0.000e+00   4.716e-02   1.847e-01  0.0000        2917  [    0    140        120         11 ]
           2       49922     252.770   1.926e-01   2.037e-01   1.862e-01   0.000e+00   4.612e-02   1.824e-01  0.0000        2996  [    0    150        120          5 ]
           2       51202     267.068   1.926e-01   2.037e-01   1.862e-01   0.000e+00   4.590e-02   1.821e-01  0.0000        3030  [    1     20        240          8 ]
           2       52955     293.057   1.926e-01   2.037e-01   1.862e-01   0.000e+00   4.554e-02   1.809e-01  0.0000        3063  [    0    160        120          5 ]
           2       56428     333.649   1.926e-01   2.037e-01   1.862e-01   0.000e+00   4.536e-02   1.805e-01  0.0000        3084  [    0    170        120          7 ]
           2       59427     361.596   1.926e-01   2.037e-01   1.862e-01   0.000e+00   4.752e-02   1.825e-01  0.0000        1896  [    0    180        120          6 ]
           2       62263     377.401   1.738e-01   2.037e-01   1.862e-01   0.000e+00   4.681e-02   1.801e-01  0.0000        2019  [    0    190        120          4 ]
           2       65794     399.624   1.738e-01   1.770e-01   1.862e-01   0.000e+00   4.552e-02   1.776e-01  0.0000        2209  [    0    200        120          5 ]
           2       69232     423.797   1.738e-01   1.770e-01   1.862e-01   0.000e+00   4.519e-02   1.763e-01  0.0000        2390  [    0    210        120          8 ]
           2       72477     447.243   1.738e-01   1.770e-01   1.862e-01   0.000e+00   4.489e-02   1.756e-01  0.0000        2474  [    0    220        120          6 ]
           2       75598     472.939   1.738e-01   1.770e-01   1.862e-01   0.000e+00   4.301e-02   1.710e-01  0.0000        2644  [    0    230        120          8 ]
           2       76888     486.993   1.203e-01   1.770e-01   1.862e-01   0.000e+00   4.280e-02   1.699e-01  0.0000        2696  [    1     30        240          5 ]
           2       78864     504.035   1.203e-01   1.770e-01   1.862e-01   0.000e+00   4.257e-02   1.691e-01  0.0000        2739  [    0    240        120          4 ]
           2       82405     537.560   1.203e-01   1.770e-01   1.862e-01   0.000e+00   4.227e-02   1.687e-01  0.0000        2841  [    0    250        120          5 ]
           2       86448     576.405   1.203e-01   1.764e-01   1.862e-01   0.000e+00   4.057e-02   1.631e-01  0.0000        3089  [    0    260        120          7 ]
           2       89717     613.111   1.203e-01   1.764e-01   1.862e-01   0.000e+00   4.047e-02   1.630e-01  0.0000        3093  [    0    270        120          8 ]
           2       93202     653.863   1.203e-01   1.764e-01   1.862e-01   0.000e+00   4.333e-02   1.678e-01  0.0000        1930  [    0    280        120          9 ]
           2       97275     671.124   1.203e-01   1.764e-01   1.842e-01   0.000e+00   4.236e-02   1.654e-01  0.0000        1987  [    0    290        120          7 ]
           2      100798     688.786   1.203e-01   1.742e-01   1.842e-01   0.000e+00   4.133e-02   1.623e-01  0.0000        2036  [    0    300        120          7 ]
           2      103990     704.941   1.203e-01   1.124e-01   1.842e-01   0.000e+00   4.114e-02   1.619e-01  0.0000        2069  [    0    310        120          6 ]
           2      105324     712.706   1.203e-01   1.124e-01   1.842e-01   0.000e+00   4.114e-02   1.619e-01  0.0000        2072  [    1     40        240          5 ]
           2      107164     726.031   1.203e-01   1.124e-01   1.842e-01   0.000e+00   4.078e-02   1.607e-01  0.0000        2098  [    0    320        120          7 ]
           2      111815     747.863   1.203e-01   1.124e-01   1.842e-01   0.000e+00   3.928e-02   1.548e-01  0.0000        2207  [    0    330        120          5 ]
           2      114795     767.718   1.203e-01   1.124e-01   1.842e-01   0.000e+00   3.894e-02   1.540e-01  0.0000        2215  [    0    340        120          5 ]
           2      118092     787.491   1.203e-01   1.124e-01   1.804e-01   0.000e+00   3.825e-02   1.486e-01  0.0000        2280  [    0    350        120          4 ]
           2      121469     808.886   1.203e-01   1.124e-01   1.804e-01   0.000e+00   3.696e-02   1.458e-01  0.0000        2353  [    0    360        120          6 ]
           2      125183     835.560   8.671e-02   1.124e-01   1.643e-01   0.000e+00   3.594e-02   1.415e-01  0.0000        2376  [    0    370        120          6 ]
           2      128329     859.532   8.671e-02   1.019e-01   1.508e-01   0.000e+00   3.489e-02   1.388e-01  0.0000        2415  [    0    380        120          5 ]
           2      132735     886.188   8.671e-02   1.019e-01   1.508e-01   0.000e+00   3.390e-02   1.361e-01  0.0000        2455  [    0    390        120          4 ]
           2      134093     896.771   8.671e-02   1.019e-01   1.508e-01   0.000e+00   3.371e-02   1.357e-01  0.0000        2504  [    1     50        240          5 ]
           2      136103     913.056   8.671e-02   1.019e-01   1.508e-01   0.000e+00   3.343e-02   1.352e-01  0.0000        2547  [    0    400        120          5 ]
           2      139768     940.872   8.671e-02   1.019e-01   1.508e-01   0.000e+00   3.329e-02   1.335e-01  0.0000        2554  [    0    410        120          9 ]
           2      143285     965.230   8.671e-02   1.019e-01   1.126e-01   0.000e+00   3.287e-02   1.312e-01  0.0000        2549  [    0    420        120          6 ]
           2      146457     990.922   8.671e-02   1.019e-01   1.126e-01   0.000e+00   3.283e-02   1.311e-01  0.0000        2567  [    0    430        120          9 ]
           2      150222    1015.257   8.671e-02   1.019e-01   1.126e-01   0.000e+00   3.267e-02   1.304e-01  0.0000        2566  [    0    440        120          9 ]
           2      155393    1044.765   8.671e-02   1.019e-01   1.126e-01   0.000e+00   3.237e-02   1.296e-01  0.0000        2583  [    0    450        120          7 ]
           2      159016    1071.259   8.671e-02   1.019e-01   1.126e-01   0.000e+00   3.219e-02   1.288e-01  0.0000        2522  [    0    460        120          6 ]
           2      163092    1097.558   8.671e-02   1.019e-01   1.126e-01   0.000e+00   3.190e-02   1.281e-01  0.0000        2561  [    0    470        120         13 ]
           2      164692    1108.945   8.671e-02   1.019e-01   1.126e-01   0.000e+00   3.188e-02   1.281e-01  0.0000        2554  [    1     60        240         10 ]
           2      166586    1126.112   8.671e-02   1.019e-01   1.126e-01   0.000e+00   3.172e-02   1.278e-01  0.0000        2561  [    0    480        120          6 ]
           2      170655    1154.631   8.671e-02   1.019e-01   1.126e-01   0.000e+00   3.161e-02   1.272e-01  0.0000        2577  [    0    490        120          7 ]
           2      174208    1181.477   8.671e-02   1.019e-01   1.126e-01   0.000e+00   3.120e-02   1.263e-01  0.0000        2585  [    0    500        120          7 ]
           2      178070    1209.017   8.671e-02   1.019e-01   1.126e-01   0.000e+00   3.096e-02   1.252e-01  0.0000        2605  [    0    510        120          8 ]
           3      186156    1224.179   6.991e-02   1.019e-01   5.572e-02   0.000e+00   2.948e-02   1.228e-01  0.0000        2810  [    3      1        960         13 ]
           3      189941    1238.214   6.991e-02   1.019e-01   5.572e-02   0.000e+00   2.864e-02   1.194e-01  0.0000        2793  [    2     10        480          7 ]
           3      200355    1275.652   6.991e-02   1.019e-01   5.572e-02   0.000e+00   2.800e-02   1.164e-01  0.0000        2848  [    2     20        480         10 ]
           3      211630    1313.761   6.991e-02   1.019e-01   5.572e-02   0.000e+00   2.729e-02   1.126e-01  0.0000        2830  [    2     30        480          8 ]
           3      222295    1354.303   6.991e-02   1.019e-01   5.572e-02   0.000e+00   2.692e-02   1.116e-01  0.0000        2922  [    2     40        480          6 ]
           3      234688    1397.513   6.991e-02   1.001e-01   5.572e-02   0.000e+00   2.649e-02   1.100e-01  0.0000        2961  [    2     50        480          8 ]
           3      246341    1443.023   6.991e-02   7.512e-02   5.572e-02   0.000e+00   2.519e-02   1.060e-01  0.0000        2970  [    2     60        480          5 ]
           4      261582    1473.094   5.147e-02   5.487e-02   5.572e-02   0.000e+00   2.429e-02   1.038e-01  0.0000        3121  [    4      1       1920         18 ]
           4      273090    1504.056   5.147e-02   5.487e-02   5.572e-02   0.000e+00   2.785e-02   1.036e-01  0.0000        2059  [    2     70        480         12 ]
           4      277974    1513.507   5.147e-02   5.487e-02   5.572e-02   0.000e+00   2.745e-02   1.028e-01  0.0000        2113  [    3     10        960          4 ]
           4      284249    1528.826   5.147e-02   5.487e-02   5.572e-02   0.000e+00   2.711e-02   1.025e-01  0.0000        2144  [    2     80        480          4 ]
           4      297112    1558.657   5.147e-02   5.487e-02   5.572e-02   0.000e+00   2.671e-02   1.017e-01  0.0000        2290  [    2     90        480          5 ]
           4      308702    1586.639   5.147e-02   5.487e-02   5.572e-02   0.000e+00   2.642e-02   1.009e-01  0.5000        2369  [    2    100        480         10 ]
           4      319785    1618.034   5.147e-02   5.487e-02   5.572e-02   0.000e+00   2.628e-02   1.001e-01  0.5000        2382  [    2    110        480          8 ]
           4      330254    1645.842   5.147e-02   5.487e-02   5.572e-02   0.000e+00   2.616e-02   9.988e-02  0.5000        2378  [    2    120        480          8 ]
           4      347013    1683.990   5.147e-02   5.487e-02   5.572e-02   0.000e+00   2.545e-02   9.727e-02  1.0000        2454  [    2    130        480          7 ]
           4      358276    1714.342   5.147e-02   5.487e-02   5.572e-02   0.000e+00   2.502e-02   9.526e-02  1.0000        2479  [    2    140        480         10 ]
           4      370044    1745.438   5.147e-02   5.487e-02   5.572e-02   0.000e+00   2.476e-02   9.424e-02  1.0000        2527  [    2    150        480         13 ]
           4      375446    1758.380   5.147e-02   5.487e-02   5.572e-02   0.000e+00   2.471e-02   9.399e-02  1.0000        2544  [    3     20        960         16 ]
           4      383355    1779.440   5.147e-02   5.487e-02   5.572e-02   0.000e+00   2.466e-02   9.374e-02  1.0000        2557  [    2    160        480         17 ]
           4      396387    1815.757   5.147e-02   5.487e-02   5.572e-02   0.000e+00   2.466e-02   9.374e-02  1.0000        2537  [    2    170        480          9 ]
           4      407716    1847.809   5.147e-02   5.487e-02   5.572e-02   0.000e+00   2.466e-02   9.374e-02  1.0000        2555  [    2    180        480          9 ]
           4      419036    1881.090   5.147e-02   5.487e-02   5.572e-02   0.000e+00   2.458e-02   9.371e-02  1.0000        2540  [    2    190        480         11 ]
           4      434333    1920.521   5.147e-02   5.487e-02   5.572e-02   0.000e+00   2.424e-02   9.225e-02  1.0000        2630  [    2    200        480          6 ]
           4      448142    1955.154   5.147e-02   5.487e-02   5.572e-02   0.000e+00   2.398e-02   9.153e-02  1.0000        2602  [    2    210        480          6 ]
           4      459783    1985.021   5.147e-02   5.487e-02   5.572e-02   0.000e+00   2.387e-02   9.074e-02  1.0000        2618  [    2    220        480         10 ]
           4      470870    2019.913   5.147e-02   5.487e-02   5.572e-02   0.000e+00   2.387e-02   9.072e-02  1.0000        2633  [    2    230        480          7 ]
           4      475592    2034.053   5.147e-02   5.487e-02   5.572e-02   0.000e+00   2.385e-02   9.056e-02  1.0000        2635  [    3     30        960          9 ]
           4      482195    2056.840   5.147e-02   5.487e-02   5.572e-02   0.000e+00   2.371e-02   8.972e-02  1.0000        2601  [    2    240        480          4 ]
           4      495108    2093.010   5.147e-02   5.487e-02   5.572e-02   0.000e+00   2.357e-02   8.874e-02  1.0000        2556  [    2    250        480          8 ]
           4      511306    2131.626   5.147e-02   5.487e-02   5.572e-02   0.000e+00   2.342e-02   8.789e-02  1.0000        2685  [    2    260        480          7 ]
           4      522049    2163.786   5.147e-02   5.487e-02   5.572e-02   0.000e+00   2.339e-02   8.767e-02  1.0000        2597  [    2    270        480          6 ]
           4      532811    2196.363   5.147e-02   5.487e-02   5.572e-02   0.000e+00   2.339e-02   8.767e-02  1.0000        2639  [    2    280        480          6 ]
           4      545858    2232.753   5.147e-02   5.487e-02   5.572e-02   0.000e+00   2.329e-02   8.701e-02  1.0000        2651  [    2    290        480         13 ]
           4      556924    2265.174   5.147e-02   5.487e-02   5.572e-02   0.000e+00   2.318e-02   8.661e-02  1.0000        2662  [    2    300        480          8 ]
           4      567780    2301.099   5.147e-02   5.487e-02   5.572e-02   0.000e+00   2.308e-02   8.634e-02  1.0000        2648  [    2    310        480          7 ]
           4      572110    2314.462   5.147e-02   5.487e-02   5.572e-02   0.000e+00   2.304e-02   8.594e-02  1.0000        2649  [    3     40        960         10 ]
           4      579238    2335.215   5.147e-02   5.141e-02   5.572e-02   0.000e+00   2.299e-02   8.561e-02  1.0000        2651  [    2    320        480         10 ]
           4      596028    2380.821   5.147e-02   5.141e-02   5.443e-02   0.000e+00   2.288e-02   8.501e-02  1.0000        2742  [    2    330        480          9 ]
           4      608022    2411.985   5.147e-02   5.141e-02   5.116e-02   0.000e+00   2.269e-02   8.393e-02  1.0000        2729  [    2    340        480          8 ]
           4      619621    2448.261   5.147e-02   5.141e-02   5.116e-02   0.000e+00   2.249e-02   8.235e-02  1.0000        2670  [    2    350        480          7 ]
           4      630907    2483.365   5.147e-02   5.141e-02   5.116e-02   0.000e+00   2.230e-02   8.160e-02  1.0000        2619  [    2    360        480          7 ]
           4      643884    2525.352   5.147e-02   5.141e-02   5.116e-02   0.000e+00   2.226e-02   8.118e-02  1.0000        2606  [    2    370        480          8 ]
           4      654486    2562.611   5.147e-02   5.141e-02   5.116e-02   0.000e+00   2.222e-02   8.101e-02  1.0000        2575  [    2    380        480          7 ]
           4      668782    2602.699   5.147e-02   5.141e-02   5.116e-02   0.000e+00   2.222e-02   8.101e-02  1.0000        2703  [    2    390        480          9 ]
           4      673567    2617.790   5.147e-02   5.141e-02   5.116e-02   0.000e+00   2.222e-02   8.101e-02  1.0000        2694  [    3     50        960         15 ]
           4      679650    2638.421   5.147e-02   5.141e-02   5.116e-02   0.000e+00   2.221e-02   8.101e-02  1.0000        2649  [    2    400        480          6 ]
           4      691867    2673.095   5.147e-02   5.141e-02   5.116e-02   0.000e+00   2.221e-02   8.101e-02  1.0000        2676  [    2    410        480         12 ]
           4      702799    2708.027   5.147e-02   5.141e-02   5.116e-02   0.000e+00   2.215e-02   8.073e-02  1.0000        2631  [    2    420        480          7 ]
           4      713820    2739.677   5.147e-02   5.141e-02   5.116e-02   0.000e+00   2.207e-02   8.028e-02  1.0000        2614  [    2    430        480          8 ]
           4      724528    2773.262   5.147e-02   5.141e-02   5.116e-02   0.000e+00   2.203e-02   7.995e-02  1.0000        2640  [    2    440        480          7 ]
           4      741512    2813.846   5.147e-02   5.141e-02   5.116e-02   0.000e+00   2.198e-02   7.895e-02  1.0000        2732  [    2    450        480          7 ]
           4      752520    2847.106   5.147e-02   3.910e-02   5.116e-02   0.000e+00   2.191e-02   7.854e-02  1.0000        2694  [    2    460        480          6 ]
           4      763850    2880.100   5.147e-02   3.910e-02   5.116e-02   0.000e+00   2.185e-02   7.806e-02  1.0000        2672  [    2    470        480          5 ]
           4      768521    2895.195   5.147e-02   3.910e-02   5.116e-02   0.000e+00   2.180e-02   7.763e-02  1.0000        2673  [    3     60        960          5 ]
           4      775257    2916.916   5.147e-02   3.910e-02   5.116e-02   0.000e+00   2.179e-02   7.743e-02  1.0000        2600  [    2    480        480          7 ]
           4      788302    2953.132   5.147e-02   3.910e-02   5.116e-02   0.000e+00   2.178e-02   7.725e-02  1.0000        2672  [    2    490        480          8 ]
           4      799440    2984.708   5.147e-02   3.910e-02   3.587e-02   0.000e+00   2.169e-02   7.683e-02  1.0000        2681  [    2    500        480          6 ]
           4      810456    3017.893   5.147e-02   3.910e-02   3.587e-02   0.000e+00   2.161e-02   7.630e-02  1.0000        2677  [    2    510        480          7 ]
           5      812256    3027.712   5.147e-02   3.910e-02   3.587e-02   0.000e+00   2.159e-02   7.629e-02  1.0000        2657  [    4      8       1920          4 ]
