 4.004863e+00  1.958323e+00      2.275565e+00  4.195998e-02  2.005296e+00  0.000000e+00            3
-3.997381e+00 -3.967748e+00      2.206083e+00  1.997642e+00  3.235845e-02  0.000000e+00            1
 3.000951e+00  4.008447e+00      8.500084e-03  2.243203e+00  2.244050e+00  0.000000e+00            3
-2.993597e+00 -2.020616e+00      2.158732e-02  2.214768e+00  2.220543e+00  0.000000e+00            1
 1.989148e+00  1.998514e+00      2.242268e+00  2.010852e+00  1.095289e-02  0.000000e+00            3
-2.016740e+00 -4.004748e+00      2.232894e+00  1.740010e-02  1.983266e+00  0.000000e+00            1
 3.019961e+00  2.748187e+00      1.251972e+00  1.232988e+00  1.264952e+00  0.000000e+00            3
-2.958556e+00 -3.238251e+00      1.238944e+00  1.224374e+00  1.290298e+00  0.000000e+00            1
-2.931672e+00 -4.086985e+00      2.088103e+00  9.357234e-01  1.071864e+00  0.000000e+00            1
 3.196390e+00  1.897662e+00      2.111491e+00  8.101000e-01  1.200759e+00  0.000000e+00            3
 2.238583e+00  2.935246e+00      1.308991e+00  1.994311e+00  9.651982e-01  0.000000e+00            3
-3.529424e+00 -2.697082e+00      8.753362e-01  2.009162e+00  1.385293e+00  0.000000e+00            1
 3.780272e+00  2.790807e+00      1.439087e+00  8.207660e-01  1.948011e+00  0.000000e+00            3
-2.228156e+00 -3.287968e+00      1.501534e+00  7.476925e-01  1.909560e+00  0.000000e+00            1
 3.365236e+00  3.384050e+00      7.160946e-01  1.522669e+00  1.944084e+00  0.000000e+00            3
-2.580493e+00 -2.646409e+00      7.706040e-01  1.472814e+00  1.961430e+00  0.000000e+00            1
-3.668613e+00 -3.391678e+00      1.543960e+00  1.776042e+00  6.927286e-01  0.000000e+00            1
 2.673405e+00  3.436904e+00      6.509541e-01  1.955645e+00  1.586874e+00  0.000000e+00            3
 2.562061e+00  2.288264e+00      1.766870e+00  1.466548e+00  6.316715e-01  0.000000e+00            3
 3.427313e+00  2.385164e+00      1.670417e+00  6.901607e-01  1.478368e+00  0.000000e+00            3
-3.467117e+00 -3.955994e+00      2.010997e+00  1.467777e+00  5.346971e-01  0.000000e+00            1
-2.494024e+00 -3.784856e+00      1.855188e+00  5.388386e-01  1.521266e+00  0.000000e+00            1
-3.092405e+00 -2.485906e+00      4.946143e-01  1.867038e+00  1.765279e+00  0.000000e+00            1
-3.264351e+00 -3.574480e+00      1.596518e+00  1.334036e+00  8.498511e-01  0.000000e+00            1
 2.089111e+00  2.413732e+00      1.829198e+00  1.955165e+00  4.232194e-01  0.000000e+00            3
 2.498334e+00  1.866114e+00      2.192063e+00  1.507623e+00  5.160060e-01  0.000000e+00            3
 2.656395e+00  2.979034e+00      1.077236e+00  1.662463e+00  1.178712e+00  0.000000e+00            3
-3.314729e+00 -3.048365e+00      1.094588e+00  1.622998e+00  1.172692e+00  0.000000e+00            1
-2.876401e+00 -3.669571e+00      1.674139e+00  9.366232e-01  1.171178e+00  0.000000e+00            1
 3.007897e+00  3.161491e+00      8.385458e-01  1.527525e+00  1.537829e+00  0.000000e+00            3
 3.575583e+00  2.003768e+00      2.077556e+00  4.244333e-01  1.575588e+00  0.000000e+00            3
 3.380035e+00  2.901815e+00      1.162083e+00  1.094361e+00  1.648565e+00  0.000000e+00            3
 2.941992e+00  2.344242e+00      1.656774e+00  1.112603e+00  1.002921e+00  0.000000e+00            3
 3.812015e+00  2.419615e+00      1.776790e+00  4.597995e-01  1.859966e+00  0.000000e+00            3
-2.587871e+00 -3.382277e+00      1.442408e+00  8.527450e-01  1.541327e+00  0.000000e+00            1
-2.869768e+00 -2.869471e+00      8.791698e-01  1.426392e+00  1.598599e+00  0.000000e+00            1
 3.236480e+00  3.719404e+00      3.669566e-01  1.881306e+00  2.117837e+00  0.000000e+00            3
-2.410688e+00 -2.950557e+00      1.118413e+00  1.126941e+00  1.904532e+00  0.000000e+00            1
-2.527883e+00 -4.126192e+00      2.177978e+00  5.427572e-01  1.477515e+00  0.000000e+00            1
-2.773234e+00 -2.366982e+00      4.313912e-01  1.806831e+00  2.042475e+00  0.000000e+00            1
-3.765961e+00 -3.720504e+00      1.883303e+00  1.787942e+00  3.645441e-01  0.000000e+00            1
 2.651076e+00  2.612238e+00      1.430954e+00  1.481362e+00  8.937200e-01  0.000000e+00            3
 2.795298e+00  1.996322e+00      2.014108e+00  1.204707e+00  7.953069e-01  0.000000e+00            3
 2.868885e+00  3.689650e+00      3.369102e-01  2.033307e+00  1.899968e+00  0.000000e+00            3
-2.099852e+00 -3.580031e+00      1.818451e+00  4.316767e-01  1.946005e+00  0.000000e+00            1
-3.629059e+00 -3.052579e+00      1.226229e+00  1.884526e+00  1.017450e+00  0.000000e+00            1
 2.303020e+00  2.107708e+00      2.016569e+00  1.700395e+00  3.215927e-01  0.000000e+00            3
-2.679468e+00 -3.098872e+00      1.144666e+00  1.128587e+00  1.598699e+00  0.000000e+00            1
 2.288836e+00  2.643642e+00      1.531490e+00  1.828211e+00  7.054793e-01  0.000000e+00            3
 2.491916e+00  3.220171e+00      9.307431e-01  1.939880e+00  1.315598e+00  0.000000e+00            3
 3.042246e+00  3.436651e+00      5.649312e-01  1.726632e+00  1.774892e+00  0.000000e+00            3
-3.175426e+00 -3.966968e+00      1.974775e+00  1.175891e+00  8.252349e-01  0.000000e+00            1
-3.768256e+00 -4.111019e+00      2.246468e+00  1.771737e+00  2.569643e-01  0.000000e+00            1
 3.167599e+00  2.159995e+00      1.847622e+00  8.476381e-01  1.178510e+00  0.000000e+00            3
-3.253456e+00 -3.311576e+00      1.335841e+00  1.430062e+00  1.015508e+00  0.000000e+00            1
-3.268068e+00 -2.706436e+00      7.555874e-01  1.811437e+00  1.486281e+00  0.000000e+00            1
 3.553757e+00  2.661737e+00      1.448308e+00  7.981404e-01  1.688804e+00  0.000000e+00            3
-3.371956e+00 -4.197623e+00      2.228878e+00  1.386116e+00  6.584029e-01  0.000000e+00            1
-2.267214e+00 -3.963166e+00      2.095470e+00  2.697412e-01  1.733177e+00  0.000000e+00            1
 3.235398e+00  2.625309e+00      1.394700e+00  9.877387e-01  1.384637e+00  0.000000e+00            3
 3.593187e+00  3.028582e+00      1.138211e+00  1.106109e+00  1.896371e+00  0.000000e+00            3
-3.504102e+00 -3.616375e+00      1.693159e+00  1.552253e+00  6.269635e-01  0.000000e+00            1
 2.770834e+00  3.205424e+00      8.269633e-01  1.721596e+00  1.430815e+00  0.000000e+00            3
 3.780925e+00  2.181562e+00      1.979030e+00  2.845323e-01  1.790156e+00  0.000000e+00            3
-2.345684e+00 -3.496662e+00      1.633440e+00  6.106116e-01  1.729193e+00  0.000000e+00            1
 2.212720e+00  1.886079e+00      2.255765e+00  1.790907e+00  2.413045e-01  0.000000e+00            3
-3.080242e+00 -3.001239e+00      1.004449e+00  1.471206e+00  1.357747e+00  0.000000e+00            1
-3.025572e+00 -3.466197e+00      1.466420e+00  1.156176e+00  1.111061e+00  0.000000e+00            1
-2.987854e+00 -2.265306e+00      2.655835e-01  1.996252e+00  2.008383e+00  0.000000e+00            1
 3.107012e+00  2.957733e+00      1.047746e+00  1.309458e+00  1.463806e+00  0.000000e+00            3
-2.845121e+00 -2.645082e+00      6.634145e-01  1.596882e+00  1.780322e+00  0.000000e+00            1
 2.506772e+00  2.782620e+00      1.313502e+00  1.685889e+00  9.323692e-01  0.000000e+00            3
-3.266387e+00 -2.347988e+00      4.382437e-01  2.081557e+00  1.807576e+00  0.000000e+00            1
 3.198015e+00  2.407813e+00      1.604453e+00  8.997170e-01  1.265524e+00  0.000000e+00            3
 3.384541e+00  2.109024e+00      1.929679e+00  6.250409e-01  1.388827e+00  0.000000e+00            3
-3.116123e+00 -3.730926e+00      1.734816e+00  1.148099e+00  9.239263e-01  0.000000e+00            1
-2.271223e+00 -3.749240e+00      1.894982e+00  3.693813e-01  1.746869e+00  0.000000e+00            1
 2.897257e+00  2.573628e+00      1.430068e+00  1.243017e+00  1.064950e+00  0.000000e+00            3
-2.934618e+00 -3.873528e+00      1.874668e+00  9.431365e-01  1.072862e+00  0.000000e+00            1
 2.091426e+00  2.202399e+00      2.014168e+00  1.919276e+00  2.220906e-01  0.000000e+00            3
 3.202552e+00  3.250275e+00      7.766043e-01  1.482940e+00  1.734739e+00  0.000000e+00            3
-2.040049e+00 -3.797137e+00      2.037451e+00  2.067788e-01  1.970421e+00  0.000000e+00            1
 2.635097e+00  3.640788e+00      5.120421e-01  2.134279e+00  1.759413e+00  0.000000e+00            3
 2.415661e+00  2.480136e+00      1.628323e+00  1.655494e+00  6.350632e-01  0.000000e+00            3
 2.855529e+00  2.974621e+00      1.035506e+00  1.503230e+00  1.296849e+00  0.000000e+00            3
-3.090668e+00 -2.802669e+00      8.077734e-01  1.619617e+00  1.503492e+00  0.000000e+00            1
-3.956518e+00 -3.763710e+00      2.006389e+00  1.970735e+00  2.402577e-01  0.000000e+00            1
-2.704328e+00 -4.043453e+00      2.064733e+00  7.056671e-01  1.296400e+00  0.000000e+00            1
-2.779525e+00 -3.312562e+00      1.330950e+00  1.039342e+00  1.400760e+00  0.000000e+00            1
-3.325023e+00 -3.758387e+00      1.788174e+00  1.346871e+00  7.169174e-01  0.000000e+00            1
 3.755241e+00  1.944932e+00      2.189451e+00  2.508778e-01  1.756104e+00  0.000000e+00            3
 2.731096e+00  2.204260e+00      1.815762e+00  1.285239e+00  7.590939e-01  0.000000e+00            3
-3.365285e+00 -2.869676e+00      9.432758e-01  1.772466e+00  1.296339e+00  0.000000e+00            1
-2.692731e+00 -2.816396e+00      8.723052e-01  1.371421e+00  1.763483e+00  0.000000e+00            1
 3.346522e+00  1.790779e+00      2.236232e+00  6.861538e-01  1.362679e+00  0.000000e+00            3
 2.721621e+00  2.807359e+00      1.224699e+00  1.511979e+00  1.082851e+00  0.000000e+00            3
-3.585241e+00 -4.120968e+00      2.200230e+00  1.589850e+00  4.320396e-01  0.000000e+00            1
-3.556299e+00 -3.249186e+00      1.367455e+00  1.727943e+00  8.721196e-01  0.000000e+00            1
-3.357542e+00 -2.550101e+00      6.560854e-01  1.986234e+00  1.585862e+00  0.000000e+00            1
 3.017471e+00  2.060458e+00      1.939621e+00  9.843870e-01  1.019266e+00  0.000000e+00            3
