# Generation  Evaluations  Time (s)  Best_obj[0]  Best_obj[1]  Hypervol.   IGD         IGDX        SR    Appr.set  [ Pop.index  Subgen.  Pop.size  Subpops ]
           0          93       2.663   6.813e-01   1.335e+00   0.000e+00   1.379e+00   4.464e+00  0.0000           8  [    0      1         30          6 ]
           0         167       2.685   6.813e-01   1.335e+00   0.000e+00   1.379e+00   3.819e+00  0.0000          16  [    0      2         30          9 ]
           0         259       2.729   1.561e-01   1.335e+00   0.000e+00   1.005e+00   2.864e+00  0.0000          20  [    0      3         30          9 ]
           0         350       2.761   1.185e-01   4.068e-01   0.000e+00   4.833e-01   2.413e+00  0.0000          24  [    0      4         30          9 ]
           0         441       2.798   1.185e-01   2.867e-01   0.000e+00   3.246e-01   2.337e+00  0.0000          35  [    0      5         30          9 ]
           0         535       2.851   1.185e-01   2.084e-01   0.000e+00   3.246e-01   2.262e+00  0.0000          41  [    0      6         30          9 ]
           0         632       2.912   1.185e-01   2.084e-01   0.000e+00   3.000e-01   2.207e+00  0.0000          50  [    0      7         30          9 ]
           0         734       2.971   1.185e-01   5.568e-02   0.000e+00   2.503e-01   2.170e+00  0.0000          57  [    0      8         30          9 ]
           1         986       3.042   1.012e-01   5.568e-02   0.000e+00   1.454e-01   1.501e+00  0.0000          64  [    1      1         60         11 ]
           1        1097       3.099   2.064e-02   3.732e-02   0.000e+00   1.359e-01   1.440e+00  0.0000          80  [    0      9         30         10 ]
           1        1254       3.189   2.064e-02   3.454e-03   1.870e-03   8.059e-02   1.262e+00  0.0000          94  [    1      2         60          9 ]
           1        1358       3.291   2.064e-02   2.534e-03   1.870e-03   7.098e-02   1.224e+00  0.0000         100  [    0     10         30          9 ]
           1        1456       3.374   1.470e-02   2.534e-03   2.201e-03   6.508e-02   9.541e-01  0.0000         111  [    0     11         30          9 ]
           1        1560       3.467   1.470e-02   2.534e-03   2.915e-03   5.489e-02   9.236e-01  0.0000         134  [    0     12         30          9 ]
           1        1660       3.578   1.470e-02   2.534e-03   2.909e-03   5.186e-02   8.931e-01  0.0000         152  [    0     13         30          9 ]
           1        1758       3.735   1.470e-02   2.534e-03   2.909e-03   5.144e-02   8.929e-01  0.0000         164  [    0     14         30          9 ]
           1        1860       3.842   9.724e-03   2.534e-03   2.909e-03   4.902e-02   8.829e-01  0.0000         177  [    0     15         30          9 ]
           1        1969       3.958   9.724e-03   5.319e-05   2.909e-03   4.289e-02   8.668e-01  0.0000         192  [    0     16         30          9 ]
           1        2072       4.141   9.724e-03   5.319e-05   2.909e-03   3.847e-02   8.165e-01  0.0000         196  [    0     17         30          9 ]
           1        2226       4.293   3.718e-03   5.319e-05   2.694e-03   3.108e-02   7.322e-01  0.0000         207  [    1      3         60          9 ]
           1        2332       4.525   3.718e-03   5.319e-05   2.694e-03   2.959e-02   7.122e-01  0.0000         223  [    0     18         30          9 ]
           1        2437       4.671   1.781e-03   5.319e-05   2.694e-03   2.836e-02   7.089e-01  0.0000         243  [    0     19         30          9 ]
           1        2537       4.832   1.781e-03   5.319e-05   1.154e-02   2.724e-02   5.747e-01  0.0000         248  [    0     20         30          9 ]
           1        2633       4.997   1.781e-03   5.319e-05   1.138e-02   2.657e-02   5.618e-01  0.0000         267  [    0     21         30          9 ]
           1        2736       5.175   1.781e-03   5.319e-05   1.299e-02   2.481e-02   5.583e-01  0.0000         284  [    0     22         30          9 ]
           1        2830       5.365   1.781e-03   5.319e-05   8.742e-03   2.449e-02   4.495e-01  0.0000         297  [    0     23         30          9 ]
           1        2925       5.616   1.781e-03   5.319e-05   8.818e-03   2.226e-02   4.418e-01  0.0000         315  [    0     24         30          9 ]
           1        3024       5.952   1.781e-03   5.319e-05   8.818e-03   2.116e-02   3.357e-01  0.0000         326  [    0     25         30          9 ]
           1        3186       6.172   1.781e-03   5.319e-05   9.361e-03   1.609e-02   3.181e-01  0.0000         381  [    1      4         60          9 ]
           1        3297       6.430   1.781e-03   5.319e-05   9.361e-03   1.554e-02   3.161e-01  0.1111         397  [    0     26         30          9 ]
           1        3399       6.740   1.781e-03   5.319e-05   9.779e-03   1.529e-02   3.007e-01  0.1111         415  [    0     27         30          9 ]
           1        3502       7.073   1.781e-03   5.319e-05   9.779e-03   1.504e-02   2.987e-01  0.1111         436  [    0     28         30          9 ]
           1        3606       7.480   1.781e-03   5.319e-05   9.779e-03   1.498e-02   2.920e-01  0.1111         452  [    0     29         30          9 ]
           1        3705       7.787   1.781e-03   5.319e-05   9.779e-03   1.350e-02   2.758e-01  0.1111         467  [    0     30         30          9 ]
           1        3808       8.106   1.781e-03   5.319e-05   9.779e-03   1.256e-02   2.362e-01  0.3333         490  [    0     31         30          9 ]
           1        3916       8.489   1.781e-03   5.319e-05   9.381e-03   1.227e-02   1.327e-01  0.3333         504  [    0     32         30          9 ]
           1        4015       8.876   1.781e-03   5.319e-05   9.381e-03   1.202e-02   1.298e-01  0.3333         512  [    0     33         30          9 ]
           1        4177       9.227   1.094e-03   5.319e-05   1.443e-02   1.037e-02   1.249e-01  0.3333         560  [    1      5         60          9 ]
           1        4272       9.612   1.094e-03   5.319e-05   1.443e-02   1.023e-02   1.197e-01  0.3333         568  [    0     34         30          9 ]
           1        4375      10.002   1.094e-03   5.319e-05   1.443e-02   9.930e-03   1.182e-01  0.3333         598  [    0     35         30          9 ]
           1        4472      10.422   1.094e-03   5.319e-05   1.443e-02   9.749e-03   1.182e-01  0.3333         622  [    0     36         30          9 ]
           1        4575      10.858   1.094e-03   5.319e-05   1.443e-02   9.675e-03   1.138e-01  0.3333         650  [    0     37         30          9 ]
           1        4676      11.330   1.094e-03   5.319e-05   1.447e-02   9.493e-03   1.126e-01  0.3333         665  [    0     38         30          9 ]
           1        4777      11.851   1.094e-03   5.319e-05   1.316e-02   9.328e-03   1.123e-01  0.4444         694  [    0     39         30          9 ]
           1        4879      12.506   1.094e-03   5.319e-05   1.356e-02   9.243e-03   1.109e-01  0.4444         715  [    0     40         30          9 ]
           1        4983      13.138   1.094e-03   5.319e-05   1.358e-02   9.184e-03   1.104e-01  0.4444         744  [    0     41         30          9 ]
           1        5141      13.875   1.094e-03   5.319e-05   1.362e-02   8.275e-03   8.515e-02  0.5556         780  [    1      6         60          9 ]
           1        5244      14.580   1.094e-03   5.319e-05   1.372e-02   8.144e-03   8.363e-02  0.5556         811  [    0     42         30          9 ]
           1        5350      15.178   1.094e-03   5.319e-05   1.372e-02   7.815e-03   8.139e-02  0.6667         842  [    0     43         30          9 ]
           1        5454      15.818   1.094e-03   5.319e-05   1.380e-02   7.662e-03   7.960e-02  0.6667         866  [    0     44         30          9 ]
           1        5556      16.597   1.094e-03   5.319e-05   1.380e-02   7.441e-03   7.889e-02  0.6667         894  [    0     45         30          9 ]
           1        5657      17.257   1.094e-03   6.251e-06   1.380e-02   7.192e-03   7.832e-02  0.6667         918  [    0     46         30          9 ]
           1        5759      18.393   1.094e-03   6.251e-06   1.418e-02   6.977e-03   7.780e-02  0.6667         946  [    0     47         30          9 ]
           1        5853      19.204   1.094e-03   6.251e-06   1.419e-02   6.923e-03   7.530e-02  0.6667         966  [    0     48         30          9 ]
           1        5954      20.173   1.094e-03   6.251e-06   1.419e-02   6.829e-03   7.476e-02  0.6667         984  [    0     49         30          9 ]
           1        6109      21.007   1.094e-03   6.251e-06   1.522e-02   6.516e-03   7.298e-02  0.6667        1046  [    1      7         60          9 ]
           1        6206      21.782   1.094e-03   6.251e-06   1.529e-02   6.447e-03   6.497e-02  0.6667        1069  [    0     50         30          9 ]
           1        6306      22.934   1.094e-03   6.251e-06   1.529e-02   6.393e-03   6.306e-02  0.6667        1095  [    0     51         30          9 ]
           1        6402      23.804   1.094e-03   6.251e-06   1.529e-02   6.385e-03   6.303e-02  0.6667        1113  [    0     52         30          9 ]
           1        6497      25.019   1.094e-03   6.251e-06   1.529e-02   6.376e-03   6.207e-02  0.6667        1125  [    0     53         30          9 ]
           1        6599      25.867   1.094e-03   6.251e-06   1.529e-02   6.318e-03   6.163e-02  0.6667        1136  [    0     54         30          9 ]
           1        6701      26.724   1.094e-03   6.251e-06   1.635e-02   6.164e-03   6.034e-02  0.7778        1152  [    0     55         30          9 ]
           1        6807      27.757   1.094e-03   6.251e-06   1.784e-02   6.002e-03   5.943e-02  0.7778        1176  [    0     56         30          9 ]
           1        6914      29.041   1.094e-03   6.251e-06   1.784e-02   5.920e-03   5.925e-02  0.7778        1203  [    0     57         30          9 ]
           1        7072      30.099   1.094e-03   6.251e-06   1.677e-02   7.153e-03   6.040e-02  0.7778         763  [    1      8         60          9 ]
           1        7173      30.716   1.094e-03   6.251e-06   1.677e-02   6.841e-03   6.005e-02  0.7778         775  [    0     58         30          9 ]
           1        7277      31.886   1.094e-03   6.251e-06   1.699e-02   6.767e-03   5.986e-02  0.7778         786  [    0     59         30          9 ]
           1        7374      32.662   1.094e-03   6.251e-06   1.699e-02   6.748e-03   5.942e-02  0.7778         788  [    0     60         30          9 ]
           1        7475      33.497   1.094e-03   6.251e-06   1.699e-02   6.694e-03   5.915e-02  0.7778         795  [    0     61         30          9 ]
           1        7571      34.744   1.094e-03   6.251e-06   1.699e-02   6.599e-03   5.902e-02  0.7778         808  [    0     62         30          9 ]
           1        7668      35.835   1.094e-03   6.251e-06   1.699e-02   6.568e-03   5.884e-02  0.7778         812  [    0     63         30          9 ]
           1        7770      36.985   1.094e-03   6.251e-06   1.699e-02   6.514e-03   5.749e-02  0.7778         816  [    0     64         30          9 ]
           2        9228      38.371   3.111e-05   6.251e-06   1.763e-02   4.773e-03   5.219e-02  0.7778        1034  [    2      1        120         13 ]
           2        9417      39.169   3.111e-05   6.251e-06   1.754e-02   4.697e-03   5.013e-02  0.7778        1037  [    1      9         60          9 ]
           2        9771      40.017   3.111e-05   6.251e-06   1.765e-02   4.557e-03   4.900e-02  0.7778        1062  [    2      2        120         13 ]
           2        9969      41.052   3.111e-05   6.251e-06   1.769e-02   4.474e-03   4.805e-02  0.7778        1075  [    1     10         60         11 ]
           2       10170      42.304   3.111e-05   6.251e-06   1.769e-02   4.442e-03   4.709e-02  0.7778        1089  [    1     11         60         12 ]
           2       10370      43.652   3.111e-05   6.251e-06   1.781e-02   4.387e-03   4.303e-02  0.7778        1074  [    1     12         60         13 ]
           2       10554      45.134   3.111e-05   6.251e-06   1.781e-02   4.367e-03   4.205e-02  0.7778        1068  [    1     13         60         12 ]
           2       10731      46.315   3.111e-05   6.251e-06   1.792e-02   4.320e-03   4.084e-02  0.7778        1070  [    1     14         60         12 ]
           2       10910      47.260   3.111e-05   6.251e-06   1.792e-02   4.283e-03   3.860e-02  0.7778        1071  [    1     15         60         12 ]
           2       11081      48.092   3.111e-05   6.251e-06   1.792e-02   4.268e-03   3.854e-02  0.7778        1076  [    1     16         60         12 ]
           2       11261      49.163   3.111e-05   6.251e-06   1.798e-02   4.229e-03   3.785e-02  0.7778        1087  [    1     17         60         13 ]
           2       11610      50.096   3.111e-05   6.251e-06   1.777e-02   4.195e-03   3.728e-02  0.7778        1095  [    2      3        120         12 ]
           2       11807      50.941   3.111e-05   6.251e-06   1.777e-02   4.153e-03   3.568e-02  0.7778        1101  [    1     18         60         13 ]
           2       11987      51.847   3.111e-05   6.251e-06   1.807e-02   4.146e-03   3.548e-02  0.7778        1101  [    1     19         60         11 ]
           2       12170      52.761   3.111e-05   6.251e-06   1.807e-02   4.131e-03   3.535e-02  0.7778        1102  [    1     20         60         10 ]
           2       12345      53.754   3.111e-05   6.251e-06   1.807e-02   4.098e-03   3.482e-02  0.7778        1116  [    1     21         60         10 ]
           2       12519      54.780   3.111e-05   6.251e-06   1.807e-02   4.055e-03   3.419e-02  0.7778        1118  [    1     22         60         10 ]
           2       12695      56.287   2.196e-05   6.251e-06   1.818e-02   4.027e-03   3.368e-02  0.7778        1129  [    1     23         60         10 ]
           2       12869      57.736   2.196e-05   6.251e-06   1.818e-02   4.002e-03   3.200e-02  0.7778        1134  [    1     24         60         10 ]
           2       13061      58.918   2.196e-05   6.251e-06   1.821e-02   3.942e-03   3.101e-02  0.7778        1148  [    1     25         60         10 ]
           2       13387      60.311   2.196e-05   6.251e-06   1.821e-02   3.908e-03   3.061e-02  0.7778        1160  [    2      4        120         11 ]
           2       13574      61.459   2.196e-05   6.251e-06   1.821e-02   3.849e-03   2.908e-02  0.8889        1169  [    1     26         60         10 ]
           2       13748      62.447   2.196e-05   6.251e-06   1.821e-02   3.828e-03   2.874e-02  0.8889        1177  [    1     27         60         10 ]
           2       13930      63.457   2.196e-05   6.251e-06   1.821e-02   3.832e-03   2.854e-02  0.8889        1181  [    1     28         60         11 ]
           2       14124      64.386   2.196e-05   6.251e-06   1.821e-02   3.806e-03   2.841e-02  0.8889        1188  [    1     29         60         12 ]
           2       14305      65.410   2.196e-05   6.251e-06   1.821e-02   3.787e-03   2.828e-02  0.8889        1195  [    1     30         60         12 ]
           2       14496      66.391   2.196e-05   6.251e-06   1.821e-02   3.769e-03   2.786e-02  0.8889        1200  [    1     31         60         11 ]
           2       14682      67.412   2.196e-05   6.251e-06   1.821e-02   3.756e-03   2.777e-02  0.8889        1202  [    1     32         60         11 ]
           2       14862      68.432   2.196e-05   6.251e-06   1.821e-02   3.703e-03   2.758e-02  0.8889        1207  [    1     33         60         11 ]
           2       15170      69.396   2.196e-05   6.251e-06   1.823e-02   3.640e-03   2.696e-02  0.8889        1219  [    2      5        120         11 ]
           2       15345      70.386   2.196e-05   6.251e-06   1.823e-02   3.611e-03   2.648e-02  0.8889        1225  [    1     34         60         12 ]
           2       15528      71.365   2.196e-05   6.251e-06   1.823e-02   3.579e-03   2.612e-02  0.8889        1228  [    1     35         60         11 ]
           2       15704      72.470   2.196e-05   6.251e-06   1.819e-02   3.566e-03   2.610e-02  0.8889        1230  [    1     36         60         10 ]
           2       15888      73.705   2.196e-05   6.251e-06   1.819e-02   3.557e-03   2.597e-02  0.8889        1231  [    1     37         60         10 ]
           2       16080      75.039   2.196e-05   6.251e-06   1.819e-02   3.556e-03   2.586e-02  0.8889        1233  [    1     38         60         10 ]
           2       16266      76.896   2.196e-05   6.251e-06   1.819e-02   3.520e-03   2.571e-02  0.8889        1240  [    1     39         60         10 ]
           2       16464      78.795   2.196e-05   6.251e-06   1.819e-02   3.513e-03   2.566e-02  0.8889        1247  [    1     40         60         10 ]
           2       16646      80.460   2.196e-05   6.251e-06   1.767e-02   5.422e-03   3.105e-02  0.8889         744  [    1     41         60         10 ]
           2       16926      81.545   2.196e-05   6.251e-06   1.774e-02   5.373e-03   3.051e-02  0.8889         752  [    2      6        120         10 ]
           2       17111      82.252   2.196e-05   6.251e-06   1.769e-02   5.293e-03   3.025e-02  0.8889         756  [    1     42         60          9 ]
           2       17280      83.217   2.196e-05   6.251e-06   1.769e-02   5.188e-03   2.978e-02  0.8889         764  [    1     43         60          9 ]
           2       17441      83.982   2.196e-05   6.251e-06   1.769e-02   5.189e-03   2.940e-02  0.8889         766  [    1     44         60          9 ]
           2       17607      84.688   2.196e-05   6.251e-06   1.770e-02   5.154e-03   2.888e-02  0.8889         768  [    1     45         60          9 ]
           2       17774      85.287   2.196e-05   6.251e-06   1.771e-02   5.113e-03   2.841e-02  0.8889         775  [    1     46         60          9 ]
           2       17939      86.057   2.196e-05   6.251e-06   1.781e-02   5.113e-03   2.834e-02  0.8889         779  [    1     47         60          9 ]
           2       18100      87.091   2.196e-05   6.251e-06   1.784e-02   5.095e-03   2.817e-02  0.8889         784  [    1     48         60          9 ]
           2       18263      88.263   2.196e-05   6.251e-06   1.784e-02   5.096e-03   2.782e-02  0.8889         788  [    1     49         60          9 ]
           2       18557      89.486   2.196e-05   6.251e-06   1.784e-02   5.060e-03   2.724e-02  0.8889         792  [    2      7        120         10 ]
           2       18730      90.560   2.196e-05   6.251e-06   1.784e-02   5.038e-03   2.721e-02  0.8889         795  [    1     50         60          9 ]
           2       18901      91.601   2.196e-05   6.251e-06   1.784e-02   5.027e-03   2.703e-02  0.8889         799  [    1     51         60          9 ]
           2       19064      92.568   2.196e-05   6.251e-06   1.784e-02   5.011e-03   2.699e-02  0.8889         801  [    1     52         60          9 ]
           2       19227      93.544   2.196e-05   6.251e-06   1.784e-02   5.001e-03   2.663e-02  0.8889         804  [    1     53         60          9 ]
           2       19385      94.561   2.196e-05   6.251e-06   1.784e-02   5.013e-03   2.660e-02  0.8889         806  [    1     54         60          9 ]
           2       19554      95.279   2.196e-05   6.251e-06   1.784e-02   4.988e-03   2.641e-02  0.8889         809  [    1     55         60          9 ]
           2       19716      96.211   2.196e-05   4.982e-07   1.784e-02   4.961e-03   2.618e-02  0.8889         810  [    1     56         60          9 ]
           2       19885      97.294   2.196e-05   4.982e-07   1.784e-02   4.898e-03   2.566e-02  0.8889         813  [    1     57         60          9 ]
           2       20191      98.301   2.196e-05   4.982e-07   1.779e-02   4.850e-03   2.497e-02  0.8889         819  [    2      8        120         10 ]
           2       20356      99.156   2.196e-05   4.982e-07   1.782e-02   4.847e-03   2.495e-02  0.8889         820  [    1     58         60          9 ]
           2       20525     100.097   2.196e-05   4.982e-07   1.783e-02   4.840e-03   2.491e-02  0.8889         821  [    1     59         60          9 ]
           2       20693     101.231   2.196e-05   4.982e-07   1.783e-02   4.833e-03   2.477e-02  0.8889         823  [    1     60         60          9 ]
           2       20859     102.194   2.196e-05   4.982e-07   1.783e-02   4.820e-03   2.470e-02  0.8889         823  [    1     61         60          9 ]
           2       21027     103.129   2.196e-05   4.982e-07   1.783e-02   4.812e-03   2.460e-02  0.8889         827  [    1     62         60          9 ]
           2       21189     104.579   2.196e-05   4.982e-07   1.778e-02   4.778e-03   2.429e-02  0.8889         834  [    1     63         60          9 ]
           2       21360     105.677   2.196e-05   4.982e-07   1.778e-02   4.778e-03   2.391e-02  1.0000         835  [    1     64         60          9 ]
           3       23178     106.652   2.196e-05   4.982e-07   1.779e-02   4.669e-03   2.336e-02  1.0000         855  [    3      1        240         16 ]
           3       23518     107.467   2.196e-05   4.982e-07   1.779e-02   4.665e-03   2.331e-02  1.0000         853  [    2      9        120         12 ]
           3       24107     108.640   2.196e-05   4.982e-07   1.779e-02   4.641e-03   2.264e-02  1.0000         859  [    3      2        240         16 ]
           3       24462     109.785   2.196e-05   4.982e-07   1.779e-02   4.636e-03   2.256e-02  1.0000         856  [    2     10        120         11 ]
           3       24763     111.025   2.196e-05   4.982e-07   1.779e-02   4.627e-03   2.245e-02  1.0000         855  [    2     11        120         10 ]
           3       25057     112.552   2.196e-05   4.982e-07   1.779e-02   4.592e-03   2.211e-02  1.0000         857  [    2     12        120          9 ]
           3       25343     113.847   2.196e-05   4.982e-07   1.779e-02   4.581e-03   2.154e-02  1.0000         857  [    2     13        120          9 ]
           3       25618     115.030   2.196e-05   4.982e-07   1.775e-02   4.578e-03   2.143e-02  1.0000         860  [    2     14        120          9 ]
           3       25902     116.027   2.196e-05   4.982e-07   1.775e-02   4.534e-03   2.119e-02  1.0000         862  [    2     15        120          9 ]
           3       26175     116.959   2.196e-05   4.982e-07   1.776e-02   4.533e-03   2.103e-02  1.0000         862  [    2     16        120          9 ]
           3       26465     118.116   2.196e-05   4.982e-07   1.776e-02   4.519e-03   2.086e-02  1.0000         862  [    2     17        120          9 ]
           3       27036     119.371   2.196e-05   4.982e-07   1.777e-02   4.503e-03   2.053e-02  1.0000         868  [    3      3        240         14 ]
           3       27364     120.890   2.196e-05   4.982e-07   1.777e-02   4.491e-03   2.036e-02  1.0000         862  [    2     18        120          9 ]
           3       27657     121.948   2.196e-05   4.982e-07   1.777e-02   4.464e-03   2.012e-02  1.0000         864  [    2     19        120          9 ]
           3       27941     123.209   2.196e-05   4.982e-07   1.777e-02   4.456e-03   1.992e-02  1.0000         866  [    2     20        120          9 ]
           3       28232     124.423   2.196e-05   4.982e-07   1.784e-02   4.418e-03   1.968e-02  1.0000         866  [    2     21        120          9 ]
           3       28529     125.179   2.196e-05   4.982e-07   1.784e-02   4.404e-03   1.959e-02  1.0000         868  [    2     22        120          9 ]
           3       28832     125.869   2.196e-05   4.982e-07   1.784e-02   4.387e-03   1.944e-02  1.0000         870  [    2     23        120          9 ]
           3       29138     127.066   2.196e-05   4.982e-07   1.784e-02   4.347e-03   1.914e-02  1.0000         871  [    2     24        120          9 ]
           3       29425     128.318   2.196e-05   4.982e-07   1.791e-02   4.332e-03   1.893e-02  1.0000         872  [    2     25        120          9 ]
           3       29982     129.211   2.196e-05   4.982e-07   1.791e-02   4.332e-03   1.878e-02  1.0000         877  [    3      4        240         12 ]
           3       30301     130.224   2.196e-05   4.982e-07   1.805e-02   4.299e-03   1.855e-02  1.0000         873  [    2     26        120          9 ]
           3       30589     130.905   2.196e-05   4.982e-07   1.805e-02   4.306e-03   1.843e-02  1.0000         873  [    2     27        120          9 ]
           3       30873     131.723   2.196e-05   4.982e-07   1.805e-02   4.301e-03   1.831e-02  1.0000         873  [    2     28        120          9 ]
           3       31162     132.778   2.196e-05   4.982e-07   1.805e-02   4.285e-03   1.815e-02  1.0000         873  [    2     29        120          9 ]
           3       31464     134.019   2.196e-05   4.982e-07   1.805e-02   4.282e-03   1.799e-02  1.0000         873  [    2     30        120          9 ]
           3       31751     135.539   2.196e-05   4.982e-07   1.805e-02   4.266e-03   1.786e-02  1.0000         875  [    2     31        120          9 ]
           3       32051     136.916   2.196e-05   4.982e-07   1.805e-02   4.257e-03   1.777e-02  1.0000         875  [    2     32        120          9 ]
           3       32347     137.953   2.196e-05   4.982e-07   1.805e-02   4.257e-03   1.774e-02  1.0000         875  [    2     33        120          9 ]
           3       32882     138.872   2.196e-05   4.982e-07   1.805e-02   4.231e-03   1.769e-02  1.0000         879  [    3      5        240         14 ]
           3       33212     139.733   2.196e-05   4.982e-07   1.805e-02   4.225e-03   1.762e-02  1.0000         878  [    2     34        120         11 ]
           3       33558     140.797   2.196e-05   4.982e-07   1.805e-02   4.217e-03   1.749e-02  1.0000         881  [    2     35        120         12 ]
           3       33882     142.116   2.196e-05   4.982e-07   1.805e-02   4.221e-03   1.743e-02  1.0000         880  [    2     36        120         12 ]
           3       34188     143.692   2.196e-05   4.982e-07   1.805e-02   4.213e-03   1.737e-02  1.0000         877  [    2     37        120         10 ]
           3       34477     145.033   2.196e-05   4.982e-07   1.805e-02   4.210e-03   1.737e-02  1.0000         876  [    2     38        120          9 ]
           3       34775     146.237   2.196e-05   4.982e-07   1.805e-02   4.204e-03   1.732e-02  1.0000         876  [    2     39        120          9 ]
           3       35060     147.723   2.196e-05   4.982e-07   1.805e-02   4.197e-03   1.721e-02  1.0000         877  [    2     40        120          9 ]
           3       35356     149.326   2.196e-05   4.982e-07   1.817e-02   4.183e-03   1.714e-02  1.0000         877  [    2     41        120          9 ]
           3       35874     150.434   2.196e-05   4.982e-07   1.817e-02   4.182e-03   1.711e-02  1.0000         881  [    3      6        240         12 ]
           3       36186     151.770   2.196e-05   4.982e-07   1.817e-02   4.183e-03   1.706e-02  1.0000         879  [    2     42        120         10 ]
           3       36501     152.932   2.196e-05   4.982e-07   1.817e-02   4.178e-03   1.702e-02  1.0000         881  [    2     43        120         12 ]
           3       36815     154.217   2.196e-05   4.982e-07   1.817e-02   4.175e-03   1.692e-02  1.0000         882  [    2     44        120         10 ]
           3       37120     155.670   2.196e-05   4.982e-07   1.817e-02   4.158e-03   1.679e-02  1.0000         881  [    2     45        120         11 ]
           3       37418     157.192   2.196e-05   4.982e-07   1.817e-02   4.158e-03   1.678e-02  1.0000         882  [    2     46        120         11 ]
           3       37712     158.797   2.196e-05   4.982e-07   1.817e-02   4.161e-03   1.676e-02  1.0000         883  [    2     47        120         11 ]
           3       38011     160.446   2.196e-05   4.982e-07   1.818e-02   4.155e-03   1.675e-02  1.0000         883  [    2     48        120         12 ]
           3       38309     161.716   2.196e-05   4.982e-07   1.818e-02   4.161e-03   1.672e-02  1.0000         882  [    2     49        120         12 ]
           3       38823     163.147   2.196e-05   4.982e-07   1.818e-02   4.165e-03   1.661e-02  1.0000         885  [    3      7        240         12 ]
           3       39125     164.588   2.196e-05   4.982e-07   1.822e-02   4.163e-03   1.661e-02  1.0000         886  [    2     50        120         13 ]
           3       39436     165.870   2.196e-05   4.982e-07   1.822e-02   4.161e-03   1.655e-02  1.0000         883  [    2     51        120         10 ]
           3       39722     167.323   2.196e-05   4.982e-07   1.822e-02   4.162e-03   1.653e-02  1.0000         880  [    2     52        120          9 ]
           3       40002     168.702   2.196e-05   4.982e-07   1.822e-02   4.140e-03   1.625e-02  1.0000         881  [    2     53        120          9 ]
           3       40285     169.854   2.196e-05   4.982e-07   1.822e-02   4.140e-03   1.624e-02  1.0000         881  [    2     54        120          9 ]
           3       40576     171.136   2.196e-05   4.982e-07   1.822e-02   4.132e-03   1.609e-02  1.0000         881  [    2     55        120          9 ]
           3       40857     172.274   2.196e-05   4.982e-07   1.822e-02   4.127e-03   1.606e-02  1.0000         881  [    2     56        120          9 ]
           3       41139     173.786   2.196e-05   4.982e-07   1.822e-02   4.108e-03   1.603e-02  1.0000         882  [    2     57        120          9 ]
           3       41631     175.164   6.065e-06   4.982e-07   1.822e-02   4.108e-03   1.602e-02  1.0000         885  [    3      8        240         10 ]
           3       41927     176.643   6.065e-06   4.982e-07   1.822e-02   4.106e-03   1.597e-02  1.0000         882  [    2     58        120          9 ]
           3       42215     178.157   6.065e-06   4.982e-07   1.822e-02   4.097e-03   1.578e-02  1.0000         882  [    2     59        120          9 ]
           3       42510     179.769   6.065e-06   4.982e-07   1.822e-02   4.089e-03   1.571e-02  1.0000         882  [    2     60        120          9 ]
           3       42809     181.391   6.065e-06   4.982e-07   1.823e-02   4.087e-03   1.563e-02  1.0000         882  [    2     61        120          9 ]
           3       43089     182.830   6.065e-06   4.982e-07   1.823e-02   4.083e-03   1.563e-02  1.0000         882  [    2     62        120          9 ]
           3       43384     184.246   1.043e-06   4.982e-07   1.827e-02   4.063e-03   1.549e-02  1.0000         884  [    2     63        120          9 ]
           3       43679     185.694   1.043e-06   4.982e-07   1.827e-02   4.060e-03   1.546e-02  1.0000         884  [    2     64        120          9 ]
           4       46146     187.345   1.043e-06   4.982e-07   1.827e-02   4.056e-03   1.546e-02  1.0000         897  [    4      1        480         20 ]
           4       46504     188.424   1.043e-06   4.982e-07   1.827e-02   4.052e-03   1.544e-02  1.0000         886  [    2     65        120         11 ]
           4       47023     189.957   1.043e-06   4.982e-07   1.834e-02   4.039e-03   1.542e-02  1.0000         886  [    3      9        240         11 ]
           4       48086     191.591   1.043e-06   4.982e-07   1.834e-02   4.053e-03   1.507e-02  1.0000         909  [    4      2        480         29 ]
           4       48504     193.154   7.738e-07   4.982e-07   1.834e-02   4.054e-03   1.503e-02  1.0000         894  [    2     66        120         19 ]
           4       48879     194.724   7.738e-07   4.982e-07   1.834e-02   4.051e-03   1.501e-02  1.0000         892  [    2     67        120         18 ]
           4       49237     196.397   7.738e-07   4.982e-07   1.834e-02   4.051e-03   1.501e-02  1.0000         896  [    2     68        120         22 ]
           4       49611     198.016   7.738e-07   4.982e-07   1.834e-02   4.049e-03   1.498e-02  1.0000         896  [    2     69        120         21 ]
           4       49973     199.517   7.738e-07   4.982e-07   1.834e-02   4.049e-03   1.498e-02  1.0000         896  [    2     70        120         20 ]
           4       50318     200.878   7.738e-07   4.982e-07   1.835e-02   4.048e-03   1.495e-02  1.0000         894  [    2     71        120         20 ]
           4       50635     202.266   7.738e-07   4.982e-07   1.835e-02   4.048e-03   1.493e-02  1.0000         892  [    2     72        120         15 ]
           4       50944     203.774   7.738e-07   4.982e-07   1.835e-02   4.048e-03   1.493e-02  1.0000         890  [    2     73        120         14 ]
           4       51519     205.173   7.738e-07   4.982e-07   1.835e-02   4.048e-03   1.488e-02  1.0000         892  [    3     10        240         17 ]
           4       51863     206.396   7.738e-07   4.982e-07   1.835e-02   4.047e-03   1.487e-02  1.0000         892  [    2     74        120         15 ]
           4       52177     207.503   7.738e-07   4.982e-07   1.835e-02   4.046e-03   1.486e-02  1.0000         890  [    2     75        120         14 ]
           4       52487     208.495   7.738e-07   4.982e-07   1.835e-02   4.037e-03   1.479e-02  1.0000         886  [    2     76        120         11 ]
           4       52805     209.456   7.738e-07   4.982e-07   1.835e-02   4.035e-03   1.472e-02  1.0000         888  [    2     77        120         14 ]
           4       53090     210.953   7.738e-07   4.982e-07   1.835e-02   4.034e-03   1.471e-02  1.0000         886  [    2     78        120         11 ]
           4       53393     212.198   7.738e-07   4.982e-07   1.838e-02   4.034e-03   1.470e-02  1.0000         886  [    2     79        120         11 ]
           4       53683     213.851   7.738e-07   4.982e-07   1.838e-02   4.034e-03   1.470e-02  1.0000         885  [    2     80        120         11 ]
           4       53966     215.303   7.738e-07   4.982e-07   1.838e-02   4.033e-03   1.465e-02  1.0000         883  [    2     81        120          9 ]
           4       54499     216.771   7.738e-07   4.982e-07   1.838e-02   4.026e-03   1.461e-02  1.0000         892  [    3     11        240         14 ]
           4       54830     218.511   7.738e-07   4.982e-07   1.838e-02   4.022e-03   1.456e-02  1.0000         890  [    2     82        120         12 ]
           4       55147     219.742   7.738e-07   4.982e-07   1.838e-02   4.022e-03   1.453e-02  1.0000         888  [    2     83        120         12 ]
           4       55488     221.026   7.738e-07   4.982e-07   1.838e-02   4.021e-03   1.453e-02  1.0000         889  [    2     84        120         13 ]
           4       55810     222.636   7.738e-07   4.982e-07   1.838e-02   4.021e-03   1.453e-02  1.0000         889  [    2     85        120         14 ]
           4       56138     224.113   7.738e-07   4.982e-07   1.838e-02   4.022e-03   1.453e-02  1.0000         891  [    2     86        120         16 ]
           4       56438     225.485   7.738e-07   4.982e-07   1.838e-02   4.028e-03   1.452e-02  1.0000         886  [    2     87        120         11 ]
           4       56723     226.421   7.738e-07   4.982e-07   1.838e-02   4.028e-03   1.452e-02  1.0000         886  [    2     88        120         11 ]
           4       57031     227.581   7.738e-07   4.982e-07   1.838e-02   4.028e-03   1.452e-02  1.0000         888  [    2     89        120         11 ]
           4       57562     228.872   7.738e-07   4.982e-07   1.838e-02   4.028e-03   1.449e-02  1.0000         892  [    3     12        240         15 ]
           4       57895     230.462   7.738e-07   4.982e-07   1.838e-02   4.019e-03   1.444e-02  1.0000         889  [    2     90        120         11 ]
           4       58200     231.655   7.738e-07   4.982e-07   1.838e-02   4.019e-03   1.443e-02  1.0000         887  [    2     91        120         11 ]
           4       58506     233.329   7.738e-07   4.982e-07   1.838e-02   4.019e-03   1.443e-02  1.0000         890  [    2     92        120         11 ]
           4       58826     234.664   7.738e-07   4.982e-07   1.838e-02   4.018e-03   1.442e-02  1.0000         890  [    2     93        120         11 ]
           4       59134     236.113   7.738e-07   4.982e-07   1.838e-02   4.018e-03   1.440e-02  1.0000         888  [    2     94        120         12 ]
           4       59474     237.357   7.738e-07   4.982e-07   1.838e-02   4.011e-03   1.435e-02  1.0000         893  [    2     95        120         12 ]
           4       59806     238.746   7.738e-07   4.982e-07   1.838e-02   4.013e-03   1.426e-02  1.0000         897  [    2     96        120         15 ]
           4       60129     239.668   7.738e-07   4.982e-07   1.838e-02   4.013e-03   1.425e-02  1.0000         886  [    2     97        120         10 ]
           4       60680     240.599   7.738e-07   4.982e-07   1.838e-02   4.012e-03   1.425e-02  1.0000         892  [    3     13        240         14 ]
           4       61000     241.710   7.738e-07   4.982e-07   1.838e-02   4.012e-03   1.425e-02  1.0000         890  [    2     98        120         12 ]
           4       61317     242.643   7.738e-07   4.982e-07   1.838e-02   4.012e-03   1.425e-02  1.0000         890  [    2     99        120         12 ]
           4       61669     243.325   7.738e-07   4.982e-07   1.838e-02   4.012e-03   1.423e-02  1.0000         892  [    2    100        120         13 ]
           4       61997     244.040   7.738e-07   4.982e-07   1.838e-02   4.010e-03   1.423e-02  1.0000         892  [    2    101        120         14 ]
           4       62296     244.790   7.738e-07   4.982e-07   1.838e-02   4.010e-03   1.423e-02  1.0000         890  [    2    102        120         12 ]
           4       62599     245.510   7.738e-07   4.982e-07   1.838e-02   4.010e-03   1.422e-02  1.0000         888  [    2    103        120         10 ]
           4       62897     246.253   7.738e-07   4.982e-07   1.838e-02   4.007e-03   1.422e-02  1.0000         889  [    2    104        120         11 ]
           4       63191     246.915   7.738e-07   4.982e-07   1.838e-02   4.023e-03   1.419e-02  1.0000         888  [    2    105        120         11 ]
           4       63716     247.691   7.738e-07   4.982e-07   1.841e-02   4.014e-03   1.418e-02  1.0000         896  [    3     14        240         17 ]
           4       64056     248.419   7.738e-07   4.982e-07   1.841e-02   4.013e-03   1.413e-02  1.0000         893  [    2    106        120         14 ]
           4       64409     249.208   7.738e-07   4.982e-07   1.843e-02   4.010e-03   1.412e-02  1.0000         902  [    2    107        120         19 ]
           4       64747     249.970   7.738e-07   4.982e-07   1.843e-02   4.005e-03   1.411e-02  1.0000         902  [    2    108        120         17 ]
           4       65092     250.723   7.738e-07   4.982e-07   1.843e-02   4.005e-03   1.411e-02  1.0000         902  [    2    109        120         17 ]
           4       65425     251.619   7.738e-07   4.982e-07   1.843e-02   4.005e-03   1.410e-02  1.0000         897  [    2    110        120         16 ]
           4       65740     252.375   7.738e-07   4.982e-07   1.843e-02   4.004e-03   1.410e-02  1.0000         900  [    2    111        120         17 ]
           4       66065     253.328   7.738e-07   4.982e-07   1.843e-02   4.003e-03   1.409e-02  1.0000         900  [    2    112        120         18 ]
           4       66389     254.362   7.738e-07   4.982e-07   1.843e-02   4.003e-03   1.408e-02  1.0000         896  [    2    113        120         18 ]
           4       66951     255.226   7.738e-07   4.982e-07   1.843e-02   4.003e-03   1.408e-02  1.0000         898  [    3     15        240         17 ]
           4       67284     256.020   7.738e-07   4.982e-07   1.843e-02   4.003e-03   1.408e-02  1.0000         901  [    2    114        120         17 ]
           4       67621     256.780   7.738e-07   4.982e-07   1.843e-02   4.002e-03   1.407e-02  1.0000         902  [    2    115        120         16 ]
           4       67946     257.981   7.738e-07   4.982e-07   1.843e-02   4.003e-03   1.404e-02  1.0000         900  [    2    116        120         16 ]
           4       68248     259.290   7.738e-07   4.982e-07   1.843e-02   4.003e-03   1.396e-02  1.0000         895  [    2    117        120         13 ]
           4       68534     260.572   7.738e-07   4.982e-07   1.843e-02   4.003e-03   1.392e-02  1.0000         892  [    2    118        120         13 ]
           4       68835     261.387   7.738e-07   4.982e-07   1.843e-02   4.003e-03   1.391e-02  1.0000         891  [    2    119        120         12 ]
           4       69138     262.364   7.738e-07   4.982e-07   1.843e-02   4.003e-03   1.391e-02  1.0000         891  [    2    120        120         12 ]
           4       69451     263.512   7.738e-07   4.982e-07   1.843e-02   4.004e-03   1.387e-02  1.0000         891  [    2    121        120         12 ]
           4       69995     264.636   7.738e-07   4.982e-07   1.843e-02   4.004e-03   1.384e-02  1.0000         898  [    3     16        240         17 ]
           4       70359     265.686   7.738e-07   4.982e-07   1.843e-02   3.999e-03   1.372e-02  1.0000         900  [    2    122        120         15 ]
           4       70716     266.752   7.738e-07   4.982e-07   1.843e-02   3.998e-03   1.371e-02  1.0000         905  [    2    123        120         20 ]
           4       71078     267.577   7.738e-07   4.982e-07   1.843e-02   3.998e-03   1.370e-02  1.0000         900  [    2    124        120         17 ]
           4       71409     268.670   7.738e-07   4.982e-07   1.843e-02   4.000e-03   1.369e-02  1.0000         905  [    2    125        120         19 ]
           4       71754     269.650   7.738e-07   4.982e-07   1.843e-02   4.000e-03   1.368e-02  1.0000         897  [    2    126        120         16 ]
           4       72073     270.555   7.738e-07   4.982e-07   1.843e-02   4.002e-03   1.364e-02  1.0000         899  [    2    127        120         14 ]
           4       72395     271.753   7.738e-07   4.982e-07   1.843e-02   4.000e-03   1.362e-02  1.0000         899  [    2    128        120         15 ]
           4       72739     272.848   7.738e-07   4.982e-07   1.843e-02   4.002e-03   1.362e-02  1.0000         896  [    2    129        120         15 ]
           4       73293     274.075   7.738e-07   4.982e-07   1.843e-02   4.002e-03   1.362e-02  1.0000         904  [    3     17        240         18 ]
           4       74354     275.566   7.738e-07   4.982e-07   1.843e-02   4.002e-03   1.359e-02  1.0000         927  [    4      3        480         31 ]
           4       74766     276.403   7.738e-07   4.982e-07   1.843e-02   4.002e-03   1.359e-02  1.0000         909  [    2    130        120         19 ]
           4       75149     277.062   7.738e-07   4.982e-07   1.843e-02   4.002e-03   1.355e-02  1.0000         905  [    2    131        120         19 ]
           4       75503     278.017   7.738e-07   4.982e-07   1.843e-02   4.002e-03   1.351e-02  1.0000         905  [    2    132        120         20 ]
           4       75875     278.901   7.738e-07   4.982e-07   1.843e-02   4.002e-03   1.351e-02  1.0000         913  [    2    133        120         22 ]
           4       76226     280.250   7.738e-07   4.982e-07   1.843e-02   4.002e-03   1.351e-02  1.0000         900  [    2    134        120         15 ]
           4       76556     281.088   7.738e-07   4.982e-07   1.843e-02   4.002e-03   1.351e-02  1.0000         897  [    2    135        120         13 ]
           4       76898     281.947   7.738e-07   4.982e-07   1.843e-02   4.002e-03   1.351e-02  1.0000         901  [    2    136        120         16 ]
           4       77258     283.089   7.738e-07   4.982e-07   1.843e-02   4.004e-03   1.346e-02  1.0000         904  [    2    137        120         18 ]
           4       77814     283.933   7.738e-07   4.982e-07   1.843e-02   4.004e-03   1.346e-02  1.0000         907  [    3     18        240         21 ]
           4       78213     284.606   7.738e-07   4.982e-07   1.843e-02   3.981e-03   1.346e-02  1.0000         902  [    2    138        120         18 ]
           4       78541     285.283   7.738e-07   4.982e-07   1.843e-02   3.981e-03   1.346e-02  1.0000         901  [    2    139        120         17 ]
           4       78861     286.039   7.738e-07   4.982e-07   1.843e-02   3.981e-03   1.346e-02  1.0000         901  [    2    140        120         15 ]
           4       79178     286.861   7.738e-07   4.982e-07   1.844e-02   3.981e-03   1.342e-02  1.0000         896  [    2    141        120         14 ]
           4       79474     287.674   7.738e-07   4.982e-07   1.844e-02   3.980e-03   1.341e-02  1.0000         894  [    2    142        120         11 ]
           4       79805     288.527   7.738e-07   4.982e-07   1.844e-02   3.985e-03   1.339e-02  1.0000         893  [    2    143        120         10 ]
           4       80104     289.408   7.738e-07   4.982e-07   1.844e-02   4.007e-03   1.337e-02  1.0000         894  [    2    144        120         11 ]
           4       80417     290.168   7.738e-07   4.982e-07   1.844e-02   4.007e-03   1.335e-02  1.0000         896  [    2    145        120         14 ]
           4       80944     290.931   7.738e-07   4.982e-07   1.844e-02   4.006e-03   1.333e-02  1.0000         897  [    3     19        240         15 ]
           4       81290     292.223   7.738e-07   4.982e-07   1.844e-02   4.006e-03   1.333e-02  1.0000         898  [    2    146        120         14 ]
           4       81611     293.470   7.738e-07   4.982e-07   1.844e-02   4.006e-03   1.333e-02  1.0000         897  [    2    147        120         13 ]
           4       81929     294.261   7.738e-07   4.982e-07   1.844e-02   4.006e-03   1.332e-02  1.0000         892  [    2    148        120         10 ]
           4       82222     295.593   7.738e-07   4.982e-07   1.844e-02   4.008e-03   1.328e-02  1.0000         893  [    2    149        120         10 ]
           4       82524     297.040   7.738e-07   4.982e-07   1.844e-02   4.008e-03   1.323e-02  1.0000         895  [    2    150        120         11 ]
           4       82838     298.752   7.738e-07   4.982e-07   1.844e-02   4.008e-03   1.322e-02  1.0000         893  [    2    151        120         10 ]
           4       83128     300.133   7.738e-07   4.982e-07   1.844e-02   4.004e-03   1.319e-02  1.0000         894  [    2    152        120         11 ]
           4       83438     301.423   7.738e-07   4.982e-07   1.845e-02   4.004e-03   1.318e-02  1.0000         896  [    2    153        120         11 ]
           4       83948     302.606   7.738e-07   4.982e-07   1.845e-02   3.999e-03   1.316e-02  1.0000         901  [    3     20        240         17 ]
           4       84294     303.827   7.738e-07   4.982e-07   1.845e-02   3.999e-03   1.316e-02  1.0000         898  [    2    154        120         13 ]
           4       84622     304.679   7.738e-07   4.982e-07   1.845e-02   3.997e-03   1.314e-02  1.0000         899  [    2    155        120         15 ]
           4       84964     306.121   7.738e-07   4.982e-07   1.845e-02   3.997e-03   1.313e-02  1.0000         896  [    2    156        120         12 ]
           4       85274     307.118   7.738e-07   4.982e-07   1.845e-02   3.987e-03   1.312e-02  1.0000         893  [    2    157        120         11 ]
           4       85571     307.877   7.738e-07   4.982e-07   1.845e-02   3.987e-03   1.312e-02  1.0000         894  [    2    158        120         12 ]
           4       85885     309.222   7.738e-07   4.982e-07   1.845e-02   3.984e-03   1.307e-02  1.0000         894  [    2    159        120         12 ]
           4       86173     310.098   7.738e-07   4.982e-07   1.845e-02   3.984e-03   1.307e-02  1.0000         894  [    2    160        120         11 ]
           4       86456     310.976   7.738e-07   4.982e-07   1.845e-02   3.983e-03   1.304e-02  1.0000         894  [    2    161        120         11 ]
           4       86978     311.780   7.738e-07   4.982e-07   1.845e-02   3.982e-03   1.304e-02  1.0000         904  [    3     21        240         18 ]
           4       87333     312.898   7.738e-07   4.982e-07   1.845e-02   3.982e-03   1.304e-02  1.0000         899  [    2    162        120         15 ]
           4       87645     314.047   7.738e-07   4.982e-07   1.845e-02   3.982e-03   1.303e-02  1.0000         898  [    2    163        120         15 ]
           4       87967     315.234   7.738e-07   4.982e-07   1.845e-02   3.982e-03   1.300e-02  1.0000         902  [    2    164        120         17 ]
           4       88281     316.018   7.738e-07   4.982e-07   1.845e-02   3.984e-03   1.300e-02  1.0000         901  [    2    165        120         15 ]
           4       88589     316.687   7.738e-07   4.982e-07   1.845e-02   3.984e-03   1.300e-02  1.0000         900  [    2    166        120         15 ]
           4       88892     317.506   7.738e-07   4.982e-07   1.845e-02   3.984e-03   1.300e-02  1.0000         898  [    2    167        120         14 ]
           4       89222     318.190   7.738e-07   4.982e-07   1.845e-02   3.983e-03   1.299e-02  1.0000         899  [    2    168        120         14 ]
           4       89522     318.879   7.738e-07   4.982e-07   1.845e-02   3.983e-03   1.297e-02  1.0000         896  [    2    169        120         12 ]
           4       90037     319.570   7.738e-07   4.982e-07   1.845e-02   3.983e-03   1.297e-02  1.0000         897  [    3     22        240         13 ]
           4       90352     320.357   7.738e-07   4.982e-07   1.845e-02   3.984e-03   1.297e-02  1.0000         898  [    2    170        120         14 ]
           4       90664     321.129   7.738e-07   4.982e-07   1.845e-02   3.984e-03   1.297e-02  1.0000         900  [    2    171        120         16 ]
           4       90973     321.897   7.738e-07   4.982e-07   1.845e-02   3.984e-03   1.297e-02  1.0000         900  [    2    172        120         15 ]
           4       91272     322.709   7.738e-07   4.982e-07   1.845e-02   3.983e-03   1.296e-02  1.0000         897  [    2    173        120         12 ]
           4       91575     323.745   7.738e-07   4.982e-07   1.845e-02   3.987e-03   1.296e-02  1.0000         899  [    2    174        120         11 ]
           4       91861     324.720   7.738e-07   4.982e-07   1.845e-02   3.986e-03   1.291e-02  1.0000         896  [    2    175        120         12 ]
           4       92170     325.596   7.738e-07   4.982e-07   1.845e-02   3.989e-03   1.291e-02  1.0000         894  [    2    176        120         10 ]
           4       92473     326.456   7.738e-07   4.982e-07   1.845e-02   3.990e-03   1.288e-02  1.0000         895  [    2    177        120         11 ]
           4       92978     327.215   7.738e-07   4.982e-07   1.845e-02   3.990e-03   1.288e-02  1.0000         898  [    3     23        240         14 ]
           4       93297     327.900   7.738e-07   4.982e-07   1.845e-02   3.989e-03   1.286e-02  1.0000         898  [    2    178        120         13 ]
           4       93628     328.622   7.738e-07   4.982e-07   1.845e-02   3.989e-03   1.286e-02  1.0000         896  [    2    179        120         12 ]
           4       93951     329.342   7.738e-07   4.982e-07   1.845e-02   3.988e-03   1.282e-02  1.0000         896  [    2    180        120         12 ]
           4       94265     330.449   7.738e-07   4.982e-07   1.845e-02   3.988e-03   1.282e-02  1.0000         894  [    2    181        120         10 ]
           4       94589     331.642   7.738e-07   4.982e-07   1.845e-02   3.990e-03   1.278e-02  1.0000         895  [    2    182        120         11 ]
           4       94917     332.782   7.738e-07   4.982e-07   1.845e-02   3.990e-03   1.277e-02  1.0000         897  [    2    183        120         10 ]
           4       95215     333.932   7.738e-07   4.982e-07   1.845e-02   3.989e-03   1.273e-02  1.0000         893  [    2    184        120          9 ]
           4       95505     334.704   7.738e-07   4.982e-07   1.845e-02   3.977e-03   1.270e-02  1.0000         893  [    2    185        120          9 ]
           4       96033     335.799   7.738e-07   4.982e-07   1.845e-02   3.977e-03   1.270e-02  1.0000         897  [    3     24        240         11 ]
           4       96354     336.693   7.738e-07   4.982e-07   1.845e-02   3.977e-03   1.269e-02  1.0000         895  [    2    186        120         10 ]
           4       96653     337.742   7.738e-07   4.982e-07   1.845e-02   3.978e-03   1.268e-02  1.0000         896  [    2    187        120         11 ]
           4       96949     338.815   7.738e-07   4.982e-07   1.845e-02   3.978e-03   1.268e-02  1.0000         896  [    2    188        120         11 ]
           4       97244     339.680   7.738e-07   4.982e-07   1.845e-02   3.980e-03   1.267e-02  1.0000         895  [    2    189        120         10 ]
           4       97531     340.566   7.738e-07   4.982e-07   1.845e-02   3.978e-03   1.263e-02  1.0000         894  [    2    190        120          9 ]
           4       97815     341.306   7.738e-07   4.982e-07   1.845e-02   3.983e-03   1.259e-02  1.0000         894  [    2    191        120          9 ]
           4       98104     341.962   7.738e-07   4.982e-07   1.845e-02   3.983e-03   1.259e-02  1.0000         894  [    2    192        120          9 ]
           4       98390     342.699   7.738e-07   4.982e-07   1.845e-02   3.983e-03   1.259e-02  1.0000         894  [    2    193        120          9 ]
           4       98889     343.523   7.738e-07   4.982e-07   1.845e-02   3.981e-03   1.259e-02  1.0000         897  [    3     25        240         10 ]
           4       99922     344.621   7.738e-07   4.982e-07   1.845e-02   3.981e-03   1.255e-02  1.0000         929  [    4      4        480         30 ]
           5      100363     345.638   7.738e-07   4.982e-07   1.845e-02   3.981e-03   1.255e-02  1.0000         907  [    4      4        480         30 ]
