# Generation  Evaluations  Time (s)  Best_obj[0]  Best_obj[1]  Best_obj[2]  Hypervol.   IGD         IGDX        SR    Appr.set  [ Pop.index  Subgen.  Pop.size  Subpops ]
           0         215       4.599   1.784e+00   1.145e+00   2.295e+00   0.000e+00   1.598e+00   1.817e+00  0.0000          12  [    0      1         80          5 ]
           0         366       4.644   1.705e+00   1.145e+00   1.295e+00   0.000e+00   1.172e+00   1.481e+00  0.0000          24  [    0      2         80          4 ]
           0         531       4.685   8.246e-01   5.111e-01   1.224e+00   0.000e+00   8.690e-01   1.174e+00  0.0000          34  [    0      3         80          2 ]
           0         697       4.741   6.372e-01   4.518e-01   9.339e-01   0.000e+00   4.589e-01   8.265e-01  0.0000          31  [    0      4         80          2 ]
           0         849       4.795   6.329e-01   4.518e-01   7.222e-01   0.000e+00   3.992e-01   7.310e-01  0.0000          71  [    0      5         80          2 ]
           0        1016       4.912   2.367e-01   3.421e-01   5.706e-01   0.000e+00   2.671e-01   5.599e-01  0.0000          86  [    0      6         80          2 ]
           0        1193       5.052   2.004e-01   2.727e-01   4.818e-01   0.000e+00   1.936e-01   4.443e-01  0.0000         132  [    0      7         80          3 ]
           0        1378       5.254   2.004e-01   2.727e-01   4.818e-01   0.000e+00   1.541e-01   3.607e-01  0.0000         147  [    0      8         80          2 ]
           1        2086       5.502   2.001e-01   2.727e-01   4.818e-01   0.000e+00   1.308e-01   3.488e-01  0.0000         317  [    1      1        160          5 ]
           1        2298       5.994   2.001e-01   2.727e-01   4.734e-01   0.000e+00   1.119e-01   3.060e-01  0.0000         352  [    0      9         80          4 ]
           1        2642       6.556   2.001e-01   2.727e-01   4.734e-01   0.000e+00   1.059e-01   2.915e-01  0.0000         386  [    1      2        160          4 ]
           1        2822       7.217   2.001e-01   2.727e-01   4.734e-01   0.000e+00   1.020e-01   2.810e-01  0.0000         416  [    0     10         80          4 ]
           1        3008       7.710   1.959e-01   2.275e-01   4.734e-01   0.000e+00   9.479e-02   2.659e-01  0.0000         431  [    0     11         80          5 ]
           1        3221       8.261   1.959e-01   2.275e-01   4.734e-01   0.000e+00   8.781e-02   2.537e-01  0.0000         453  [    0     12         80          7 ]
           1        3413       8.893   1.959e-01   2.275e-01   3.503e-01   0.000e+00   8.582e-02   2.525e-01  0.0000         481  [    0     13         80          5 ]
           1        3594       9.436   1.959e-01   2.275e-01   3.503e-01   0.000e+00   8.297e-02   2.515e-01  0.0000         517  [    0     14         80          5 ]
           1        3796      10.003   1.959e-01   2.275e-01   2.907e-01   0.000e+00   7.736e-02   2.484e-01  0.0000         549  [    0     15         80          7 ]
           1        3985      10.566   1.959e-01   2.275e-01   2.907e-01   0.000e+00   7.627e-02   2.471e-01  0.0000         574  [    0     16         80          7 ]
           1        4181      11.123   1.897e-01   2.275e-01   2.907e-01   0.000e+00   7.602e-02   2.471e-01  0.0000         574  [    0     17         80          6 ]
           1        4559      11.601   1.897e-01   2.275e-01   2.907e-01   0.000e+00   7.147e-02   2.318e-01  0.0000         653  [    1      3        160          5 ]
           1        4764      12.292   1.866e-01   2.275e-01   2.907e-01   0.000e+00   7.079e-02   2.239e-01  0.0000         663  [    0     18         80          7 ]
           1        4970      12.889   1.866e-01   2.275e-01   2.907e-01   0.000e+00   6.959e-02   2.225e-01  0.0000         678  [    0     19         80          8 ]
           1        5169      13.541   1.866e-01   2.275e-01   2.907e-01   0.000e+00   6.838e-02   2.212e-01  0.0000         690  [    0     20         80          5 ]
           1        5335      14.131   1.866e-01   1.349e-01   2.907e-01   0.000e+00   6.645e-02   2.205e-01  0.0000         692  [    0     21         80          5 ]
           1        5511      14.768   1.866e-01   1.349e-01   2.590e-01   0.000e+00   6.618e-02   2.205e-01  0.0000         712  [    0     22         80          6 ]
           1        5695      15.362   1.830e-01   1.349e-01   2.590e-01   0.000e+00   6.600e-02   2.200e-01  0.0000         727  [    0     23         80          8 ]
           1        5881      16.091   1.830e-01   1.349e-01   2.590e-01   0.000e+00   6.592e-02   2.179e-01  0.0000         734  [    0     24         80          7 ]
           1        6047      16.846   1.830e-01   1.349e-01   9.008e-02   0.000e+00   6.436e-02   2.174e-01  0.0000         737  [    0     25         80          5 ]
           1        6411      17.581   1.830e-01   1.349e-01   9.008e-02   0.000e+00   6.166e-02   2.154e-01  0.0000         792  [    1      4        160          6 ]
           1        6594      18.352   1.830e-01   1.349e-01   9.008e-02   0.000e+00   6.166e-02   2.153e-01  0.0000         812  [    0     26         80          5 ]
           1        6795      19.100   1.830e-01   1.349e-01   9.008e-02   0.000e+00   6.114e-02   2.111e-01  0.0000         827  [    0     27         80          6 ]
           1        6964      19.902   1.830e-01   1.349e-01   9.008e-02   0.000e+00   6.043e-02   2.058e-01  0.0000         843  [    0     28         80          4 ]
           1        7153      20.896   1.830e-01   1.349e-01   9.008e-02   0.000e+00   5.969e-02   2.013e-01  0.0000         854  [    0     29         80          5 ]
           1        7345      21.811   1.830e-01   1.349e-01   9.008e-02   0.000e+00   5.879e-02   1.984e-01  0.0000         859  [    0     30         80          5 ]
           1        7528      22.809   1.830e-01   1.349e-01   9.008e-02   0.000e+00   5.856e-02   1.952e-01  0.0000         876  [    0     31         80          6 ]
           1        7710      23.829   1.830e-01   1.349e-01   9.008e-02   0.000e+00   5.819e-02   1.952e-01  0.0000         876  [    0     32         80          6 ]
           1        7895      24.868   1.830e-01   1.349e-01   9.008e-02   0.000e+00   5.811e-02   1.952e-01  0.0000         884  [    0     33         80          6 ]
           1        8302      25.711   1.523e-01   1.349e-01   9.008e-02   0.000e+00   5.680e-02   1.910e-01  0.0000         953  [    1      5        160          9 ]
           1        8524      26.685   1.523e-01   1.349e-01   9.008e-02   0.000e+00   5.637e-02   1.857e-01  0.0000         965  [    0     34         80          6 ]
           1        8726      27.669   1.523e-01   1.349e-01   9.008e-02   0.000e+00   5.612e-02   1.826e-01  0.0000         961  [    0     35         80          6 ]
           1        8927      28.841   1.523e-01   1.349e-01   9.008e-02   0.000e+00   5.598e-02   1.816e-01  0.0000         974  [    0     36         80          5 ]
           1        9116      30.056   1.523e-01   1.349e-01   9.008e-02   0.000e+00   5.514e-02   1.773e-01  0.0000         980  [    0     37         80          5 ]
           1        9310      31.195   1.523e-01   1.349e-01   9.008e-02   0.000e+00   5.466e-02   1.760e-01  0.0000        1004  [    0     38         80          7 ]
           1        9507      32.375   1.523e-01   1.349e-01   9.008e-02   0.000e+00   5.432e-02   1.751e-01  0.0000        1010  [    0     39         80          6 ]
           1        9684      33.445   1.523e-01   1.349e-01   9.008e-02   0.000e+00   5.358e-02   1.736e-01  0.0000        1017  [    0     40         80          4 ]
           1        9878      34.427   1.523e-01   1.349e-01   9.008e-02   0.000e+00   5.334e-02   1.708e-01  0.0000        1024  [    0     41         80          6 ]
           1       10229      35.443   1.523e-01   1.349e-01   9.008e-02   0.000e+00   5.262e-02   1.649e-01  0.0000        1071  [    1      6        160          6 ]
           1       10421      36.501   1.523e-01   1.349e-01   9.008e-02   0.000e+00   5.257e-02   1.649e-01  0.0000        1078  [    0     42         80          7 ]
           1       10616      37.693   1.523e-01   1.349e-01   9.008e-02   0.000e+00   5.256e-02   1.649e-01  0.0000        1085  [    0     43         80          6 ]
           1       10791      38.752   1.523e-01   1.349e-01   9.008e-02   0.000e+00   5.241e-02   1.644e-01  0.0000        1095  [    0     44         80          5 ]
           1       10979      39.767   1.523e-01   1.349e-01   9.008e-02   0.000e+00   5.224e-02   1.641e-01  0.0000        1110  [    0     45         80          5 ]
           1       11177      41.012   1.523e-01   1.349e-01   9.008e-02   0.000e+00   5.122e-02   1.609e-01  0.0000        1136  [    0     46         80          6 ]
           1       11370      42.262   1.523e-01   1.349e-01   9.008e-02   0.000e+00   4.924e-02   1.588e-01  0.0000        1146  [    0     47         80          6 ]
           1       11561      43.637   1.523e-01   1.349e-01   9.008e-02   0.000e+00   4.883e-02   1.574e-01  0.0000        1159  [    0     48         80          6 ]
           1       11746      44.745   1.523e-01   1.349e-01   9.008e-02   0.000e+00   4.848e-02   1.572e-01  0.0000        1170  [    0     49         80          6 ]
           1       12106      45.884   1.523e-01   1.349e-01   9.008e-02   0.000e+00   4.677e-02   1.513e-01  0.0000        1236  [    1      7        160          5 ]
           1       12280      47.152   1.523e-01   1.349e-01   9.008e-02   0.000e+00   4.673e-02   1.513e-01  0.0000        1242  [    0     50         80          6 ]
           1       12451      48.303   1.523e-01   1.349e-01   9.008e-02   0.000e+00   4.672e-02   1.513e-01  0.0000        1245  [    0     51         80          6 ]
           1       12631      49.688   1.523e-01   1.349e-01   9.008e-02   0.000e+00   4.654e-02   1.512e-01  0.0000        1252  [    0     52         80          5 ]
           1       12817      50.885   1.523e-01   1.349e-01   9.008e-02   0.000e+00   4.627e-02   1.507e-01  0.0000        1259  [    0     53         80          6 ]
           1       13005      52.072   1.523e-01   1.349e-01   9.008e-02   0.000e+00   4.627e-02   1.507e-01  0.0000        1266  [    0     54         80          6 ]
           1       13183      53.288   1.523e-01   1.349e-01   9.008e-02   0.000e+00   4.627e-02   1.507e-01  0.0000        1264  [    0     55         80          6 ]
           1       13355      54.482   1.523e-01   1.349e-01   9.008e-02   0.000e+00   4.618e-02   1.495e-01  0.0000        1261  [    0     56         80          5 ]
           1       13536      55.648   1.523e-01   1.349e-01   9.008e-02   0.000e+00   4.616e-02   1.487e-01  0.0000        1280  [    0     57         80          5 ]
           1       13934      56.969   1.523e-01   1.349e-01   9.008e-02   0.000e+00   4.465e-02   1.439e-01  0.0000        1337  [    1      8        160          7 ]
           1       14171      58.527   1.523e-01   1.349e-01   9.008e-02   0.000e+00   4.451e-02   1.434e-01  0.0000        1357  [    0     58         80         11 ]
           1       14392      59.970   1.523e-01   1.349e-01   9.008e-02   0.000e+00   4.431e-02   1.424e-01  0.0000        1356  [    0     59         80          9 ]
           1       14598      61.349   1.523e-01   1.349e-01   9.008e-02   0.000e+00   4.419e-02   1.406e-01  0.0000        1354  [    0     60         80          8 ]
           1       14806      62.710   1.523e-01   1.349e-01   9.008e-02   0.000e+00   4.412e-02   1.402e-01  0.0000        1363  [    0     61         80          8 ]
           1       14995      64.099   1.523e-01   1.349e-01   9.008e-02   0.000e+00   4.412e-02   1.402e-01  0.0000        1355  [    0     62         80          6 ]
           1       15172      65.437   1.523e-01   1.349e-01   9.008e-02   0.000e+00   4.412e-02   1.402e-01  0.0000        1363  [    0     63         80          5 ]
           1       15361      66.778   1.523e-01   1.349e-01   9.008e-02   0.000e+00   4.412e-02   1.402e-01  0.0000        1365  [    0     64         80          7 ]
           2       18556      68.425   1.397e-01   1.349e-01   5.356e-02   0.000e+00   3.549e-02   1.328e-01  0.0000        2817  [    2      1        320         12 ]
           2       18949      73.108   1.397e-01   1.349e-01   5.356e-02   0.000e+00   3.503e-02   1.305e-01  0.0000        2827  [    1      9        160          7 ]
           2       19616      77.484   1.397e-01   1.349e-01   5.356e-02   0.000e+00   3.433e-02   1.285e-01  0.0000        2905  [    2      2        320          9 ]
           2       20031      81.656   1.397e-01   1.349e-01   5.356e-02   0.000e+00   3.409e-02   1.260e-01  0.0000        2921  [    1     10        160          9 ]
           2       20386      86.394   1.397e-01   1.349e-01   5.356e-02   0.000e+00   3.403e-02   1.259e-01  0.0000        2943  [    1     11        160          7 ]
           2       20714      90.887   1.397e-01   1.349e-01   5.356e-02   0.000e+00   3.394e-02   1.254e-01  0.0000        2968  [    1     12        160          5 ]
           2       21053      95.696   1.397e-01   1.349e-01   5.356e-02   0.000e+00   3.376e-02   1.245e-01  0.0000        3002  [    1     13        160          6 ]
           2       21439     100.059   1.397e-01   1.349e-01   5.356e-02   0.000e+00   3.366e-02   1.245e-01  0.0000        3032  [    1     14        160         10 ]
           2       21813     104.800   1.397e-01   1.349e-01   5.356e-02   0.000e+00   3.340e-02   1.244e-01  0.0000        3024  [    1     15        160          6 ]
           2       22185     109.377   1.397e-01   1.349e-01   5.356e-02   0.000e+00   3.317e-02   1.232e-01  0.0000        3057  [    1     16        160          6 ]
           2       22569     114.083   1.397e-01   1.349e-01   5.356e-02   0.000e+00   3.270e-02   1.223e-01  0.0000        3106  [    1     17        160          6 ]
           2       23256     120.293   1.397e-01   1.349e-01   5.356e-02   0.000e+00   3.548e-02   1.249e-01  0.0000        1884  [    2      3        320          5 ]
           2       23628     123.142   1.397e-01   1.349e-01   5.356e-02   0.000e+00   3.510e-02   1.224e-01  0.0000        1914  [    1     18        160          7 ]
           2       24030     125.965   1.396e-01   1.349e-01   5.356e-02   0.000e+00   3.476e-02   1.205e-01  0.0000        1944  [    1     19        160         10 ]
           2       24426     128.567   1.396e-01   1.349e-01   5.356e-02   0.000e+00   3.462e-02   1.195e-01  0.0000        1960  [    1     20        160          6 ]
           2       24813     130.860   1.396e-01   1.349e-01   5.356e-02   0.000e+00   3.446e-02   1.193e-01  0.0000        1984  [    1     21        160          8 ]
           2       25211     133.458   1.396e-01   1.349e-01   5.356e-02   0.000e+00   3.425e-02   1.189e-01  0.0000        2005  [    1     22        160          9 ]
           2       25600     136.149   1.396e-01   1.349e-01   5.356e-02   0.000e+00   3.417e-02   1.184e-01  0.0000        2003  [    1     23        160          9 ]
           2       25980     138.917   1.396e-01   1.349e-01   5.356e-02   0.000e+00   3.393e-02   1.177e-01  0.0000        2011  [    1     24        160          8 ]
           2       26339     141.365   1.396e-01   1.349e-01   5.356e-02   0.000e+00   3.351e-02   1.147e-01  0.0000        2006  [    1     25        160          6 ]
           2       27048     143.959   1.396e-01   1.349e-01   5.356e-02   0.000e+00   3.262e-02   1.129e-01  0.0000        2073  [    2      4        320          9 ]
           2       27425     146.641   1.097e-01   1.349e-01   5.356e-02   0.000e+00   3.250e-02   1.123e-01  0.0000        2083  [    1     26        160          7 ]
           2       27828     149.033   1.097e-01   1.349e-01   5.356e-02   0.000e+00   3.247e-02   1.123e-01  0.0000        2091  [    1     27        160          7 ]
           2       28245     151.630   1.097e-01   1.349e-01   5.356e-02   0.000e+00   3.232e-02   1.116e-01  0.0000        2092  [    1     28        160          8 ]
           2       28664     154.543   1.097e-01   1.349e-01   5.356e-02   0.000e+00   3.210e-02   1.115e-01  0.0000        2109  [    1     29        160          8 ]
           2       29091     157.153   1.097e-01   1.349e-01   5.356e-02   0.000e+00   3.185e-02   1.101e-01  0.0000        2118  [    1     30        160          8 ]
           2       29499     160.321   1.097e-01   1.349e-01   5.356e-02   0.000e+00   3.154e-02   1.097e-01  0.0000        2127  [    1     31        160          9 ]
           2       29899     163.015   1.097e-01   1.349e-01   5.356e-02   0.000e+00   3.138e-02   1.091e-01  0.0000        2142  [    1     32        160         10 ]
           2       30293     166.083   1.097e-01   1.349e-01   5.356e-02   0.000e+00   3.133e-02   1.091e-01  0.0000        2152  [    1     33        160          9 ]
           2       30986     169.754   1.097e-01   1.349e-01   5.356e-02   0.000e+00   3.108e-02   1.082e-01  0.0000        2189  [    2      5        320          7 ]
           2       31356     172.698   1.097e-01   1.349e-01   5.356e-02   0.000e+00   3.096e-02   1.080e-01  0.0000        2197  [    1     34        160          6 ]
           2       31713     175.345   1.097e-01   1.349e-01   5.356e-02   0.000e+00   3.090e-02   1.079e-01  0.0000        2214  [    1     35        160          8 ]
           2       32096     178.297   1.097e-01   1.349e-01   5.356e-02   0.000e+00   3.080e-02   1.078e-01  0.5000        2221  [    1     36        160          7 ]
           2       32511     181.044   1.097e-01   1.349e-01   5.356e-02   0.000e+00   3.071e-02   1.076e-01  0.5000        2231  [    1     37        160          9 ]
           2       32919     183.666   1.097e-01   1.349e-01   5.356e-02   0.000e+00   3.061e-02   1.070e-01  0.5000        2234  [    1     38        160         11 ]
           2       33333     186.751   1.097e-01   1.349e-01   5.356e-02   0.000e+00   3.052e-02   1.062e-01  0.5000        2241  [    1     39        160         13 ]
           2       33754     189.478   1.097e-01   1.349e-01   5.356e-02   0.000e+00   3.040e-02   1.056e-01  0.5000        2247  [    1     40        160         12 ]
           2       34209     192.396   1.097e-01   1.349e-01   5.356e-02   0.000e+00   3.030e-02   1.055e-01  0.5000        2268  [    1     41        160         13 ]
           2       34931     195.432   1.097e-01   1.349e-01   5.356e-02   0.000e+00   3.008e-02   1.043e-01  0.5000        2314  [    2      6        320         13 ]
           2       35359     198.622   1.097e-01   1.349e-01   5.356e-02   0.000e+00   3.005e-02   1.043e-01  0.5000        2319  [    1     42        160         15 ]
           2       35796     202.208   1.097e-01   1.349e-01   5.356e-02   0.000e+00   3.005e-02   1.043e-01  0.5000        2318  [    1     43        160         13 ]
           2       36247     205.139   1.097e-01   1.349e-01   5.356e-02   0.000e+00   3.005e-02   1.043e-01  0.5000        2321  [    1     44        160         14 ]
           2       36676     207.919   1.097e-01   1.349e-01   5.356e-02   0.000e+00   3.005e-02   1.043e-01  0.5000        2324  [    1     45        160         14 ]
           2       37098     210.953   1.097e-01   1.349e-01   5.356e-02   0.000e+00   3.005e-02   1.043e-01  0.5000        2323  [    1     46        160         12 ]
           2       37513     214.094   1.097e-01   1.349e-01   5.356e-02   0.000e+00   3.005e-02   1.043e-01  0.5000        2324  [    1     47        160         11 ]
           2       37915     217.497   1.097e-01   1.349e-01   5.356e-02   0.000e+00   3.005e-02   1.043e-01  0.5000        2323  [    1     48        160         12 ]
           2       38335     220.729   1.097e-01   1.349e-01   5.356e-02   0.000e+00   3.005e-02   1.043e-01  0.5000        2318  [    1     49        160         10 ]
           2       39047     223.754   1.097e-01   1.349e-01   5.356e-02   0.000e+00   2.984e-02   1.034e-01  0.5000        2345  [    2      7        320          6 ]
           2       39460     226.926   1.097e-01   1.349e-01   5.356e-02   0.000e+00   2.984e-02   1.034e-01  0.5000        2351  [    1     50        160          9 ]
           2       39845     229.775   1.097e-01   1.349e-01   5.356e-02   0.000e+00   2.984e-02   1.034e-01  0.5000        2341  [    1     51        160          6 ]
           2       40193     232.982   1.097e-01   1.349e-01   5.356e-02   0.000e+00   2.983e-02   1.033e-01  0.5000        2354  [    1     52        160          6 ]
           2       40526     235.882   1.097e-01   1.349e-01   5.356e-02   0.000e+00   2.982e-02   1.033e-01  0.5000        2359  [    1     53        160          7 ]
           2       40897     239.463   1.097e-01   1.349e-01   5.356e-02   0.000e+00   2.977e-02   1.033e-01  0.5000        2362  [    1     54        160         10 ]
           2       41318     242.484   1.097e-01   1.349e-01   5.356e-02   0.000e+00   2.973e-02   1.032e-01  0.5000        2366  [    1     55        160         11 ]
           2       41736     245.902   1.097e-01   1.349e-01   5.356e-02   0.000e+00   2.973e-02   1.032e-01  0.5000        2386  [    1     56        160         12 ]
           2       42107     248.778   1.097e-01   1.349e-01   5.356e-02   0.000e+00   2.972e-02   1.032e-01  0.5000        2372  [    1     57        160          8 ]
           2       42815     251.792   1.097e-01   1.326e-01   5.356e-02   0.000e+00   2.947e-02   1.023e-01  0.5000        2409  [    2      8        320          5 ]
           2       43178     254.926   1.097e-01   1.326e-01   5.356e-02   0.000e+00   2.944e-02   1.022e-01  0.5000        2420  [    1     58        160          7 ]
           2       43565     258.298   1.097e-01   1.326e-01   5.356e-02   0.000e+00   2.943e-02   1.022e-01  0.5000        2427  [    1     59        160          9 ]
           2       43967     261.356   1.097e-01   1.326e-01   5.356e-02   0.000e+00   2.943e-02   1.022e-01  0.5000        2433  [    1     60        160         11 ]
           2       44394     264.421   1.097e-01   1.326e-01   5.356e-02   0.000e+00   2.942e-02   1.022e-01  0.5000        2443  [    1     61        160         10 ]
           2       44775     267.389   1.097e-01   1.326e-01   5.356e-02   0.000e+00   2.938e-02   1.021e-01  0.5000        2435  [    1     62        160          7 ]
           2       45172     270.741   1.097e-01   1.326e-01   5.356e-02   0.000e+00   2.929e-02   1.018e-01  0.5000        2447  [    1     63        160          7 ]
           2       45530     275.052   1.097e-01   1.326e-01   5.356e-02   0.000e+00   2.929e-02   1.012e-01  0.5000        2452  [    1     64        160          6 ]
           3       51392     279.154   7.208e-02   9.382e-02   5.356e-02   0.000e+00   2.737e-02   9.956e-02  0.5000        2880  [    3      1        640          6 ]
           3       52108     284.131   7.208e-02   9.382e-02   5.356e-02   0.000e+00   2.726e-02   9.913e-02  0.5000        2880  [    2      9        320          6 ]
           3       53546     289.081   7.208e-02   9.382e-02   5.356e-02   0.000e+00   2.650e-02   9.491e-02  0.5000        2948  [    3      2        640          8 ]
           3       54277     293.553   7.208e-02   8.993e-02   5.356e-02   0.000e+00   2.634e-02   9.412e-02  0.5000        2957  [    2     10        320          8 ]
           3       54995     297.642   7.208e-02   8.993e-02   5.356e-02   0.000e+00   2.621e-02   9.407e-02  0.5000        2978  [    2     11        320          7 ]
           3       55704     302.195   7.208e-02   8.993e-02   5.356e-02   0.000e+00   2.615e-02   9.397e-02  0.5000        3002  [    2     12        320          7 ]
           3       56477     306.515   7.208e-02   8.993e-02   5.356e-02   0.000e+00   2.610e-02   9.382e-02  0.5000        3033  [    2     13        320         11 ]
           3       57204     311.516   7.208e-02   8.993e-02   5.356e-02   0.000e+00   2.607e-02   9.381e-02  0.5000        3059  [    2     14        320          9 ]
           3       57898     316.801   7.208e-02   8.993e-02   5.356e-02   0.000e+00   2.601e-02   9.338e-02  0.5000        3057  [    2     15        320          7 ]
           3       58600     321.544   7.208e-02   8.993e-02   5.356e-02   0.000e+00   2.591e-02   9.260e-02  1.0000        3073  [    2     16        320          6 ]
           3       59389     326.393   4.950e-02   8.993e-02   5.356e-02   0.000e+00   2.562e-02   9.194e-02  1.0000        3087  [    2     17        320         13 ]
           3       60727     331.858   4.950e-02   3.566e-02   5.356e-02   0.000e+00   2.517e-02   9.066e-02  1.0000        3120  [    3      3        640          6 ]
           3       61484     338.232   4.950e-02   3.566e-02   5.356e-02   0.000e+00   2.963e-02   9.677e-02  0.5000        1902  [    2     18        320          8 ]
           3       62173     340.605   4.950e-02   3.566e-02   5.356e-02   0.000e+00   2.954e-02   9.658e-02  0.5000        1905  [    2     19        320          7 ]
           3       62869     343.285   4.950e-02   3.566e-02   5.356e-02   0.000e+00   2.945e-02   9.645e-02  0.5000        1932  [    2     20        320          8 ]
           3       63613     346.328   4.950e-02   3.566e-02   5.356e-02   0.000e+00   2.930e-02   9.634e-02  0.5000        1956  [    2     21        320          8 ]
           3       64307     349.195   4.950e-02   3.566e-02   5.356e-02   0.000e+00   2.911e-02   9.587e-02  0.5000        1968  [    2     22        320          7 ]
           3       65012     351.788   4.950e-02   3.566e-02   5.356e-02   0.000e+00   2.906e-02   9.566e-02  0.5000        1980  [    2     23        320          9 ]
           3       65749     354.350   4.950e-02   3.566e-02   5.356e-02   0.000e+00   2.875e-02   9.539e-02  0.5000        1991  [    2     24        320          9 ]
           3       66419     357.591   4.950e-02   3.566e-02   5.356e-02   0.000e+00   2.867e-02   9.528e-02  0.5000        1989  [    2     25        320          5 ]
           3       67802     361.383   4.950e-02   3.566e-02   5.356e-02   0.000e+00   2.802e-02   9.397e-02  1.0000        2086  [    3      4        640          9 ]
           3       68509     364.719   4.950e-02   3.566e-02   5.356e-02   0.000e+00   2.793e-02   9.386e-02  1.0000        2103  [    2     26        320         11 ]
           3       69225     368.555   4.950e-02   3.566e-02   5.356e-02   0.000e+00   2.785e-02   9.368e-02  1.0000        2109  [    2     27        320          8 ]
           3       69982     371.409   4.950e-02   3.566e-02   5.356e-02   0.000e+00   2.783e-02   9.365e-02  1.0000        2124  [    2     28        320         11 ]
           3       70748     374.180   4.950e-02   3.566e-02   5.356e-02   0.000e+00   2.782e-02   9.364e-02  1.0000        2127  [    2     29        320         11 ]
           3       71531     376.893   4.950e-02   3.566e-02   5.356e-02   0.000e+00   2.779e-02   9.363e-02  1.0000        2130  [    2     30        320         10 ]
           3       72309     379.911   4.950e-02   3.566e-02   5.356e-02   0.000e+00   2.775e-02   9.345e-02  1.0000        2141  [    2     31        320         10 ]
           3       73039     382.922   4.950e-02   3.566e-02   5.356e-02   0.000e+00   2.775e-02   9.345e-02  1.0000        2146  [    2     32        320         10 ]
           3       73790     385.910   4.950e-02   3.566e-02   5.356e-02   0.000e+00   2.768e-02   9.343e-02  1.0000        2151  [    2     33        320          9 ]
           3       75172     389.078   4.950e-02   3.566e-02   5.356e-02   0.000e+00   2.735e-02   9.231e-02  1.0000        2205  [    3      5        640          8 ]
           3       75945     392.466   4.950e-02   3.566e-02   5.356e-02   0.000e+00   2.724e-02   9.231e-02  1.0000        2213  [    2     34        320         10 ]
           3       76661     395.701   4.950e-02   3.566e-02   5.356e-02   0.000e+00   2.724e-02   9.230e-02  1.0000        2213  [    2     35        320          9 ]
           3       77381     398.869   4.950e-02   3.566e-02   5.356e-02   0.000e+00   2.723e-02   9.230e-02  1.0000        2220  [    2     36        320          7 ]
           3       78025     402.138   4.950e-02   3.566e-02   5.356e-02   0.000e+00   2.719e-02   9.228e-02  1.0000        2219  [    2     37        320          6 ]
           3       78710     405.294   4.950e-02   3.566e-02   5.356e-02   0.000e+00   2.710e-02   9.206e-02  1.0000        2228  [    2     38        320          7 ]
           3       79373     408.510   4.950e-02   3.566e-02   5.356e-02   0.000e+00   2.700e-02   9.176e-02  1.0000        2229  [    2     39        320          8 ]
           3       80010     411.514   4.950e-02   3.566e-02   5.356e-02   0.000e+00   2.699e-02   9.164e-02  1.0000        2240  [    2     40        320          9 ]
           3       80728     414.505   4.950e-02   3.566e-02   5.356e-02   0.000e+00   2.699e-02   9.164e-02  1.0000        2246  [    2     41        320          7 ]
           3       82082     418.099   4.950e-02   3.566e-02   5.356e-02   0.000e+00   2.660e-02   9.064e-02  1.0000        2267  [    3      6        640          4 ]
           3       82798     421.744   4.950e-02   3.566e-02   5.356e-02   0.000e+00   2.658e-02   9.064e-02  1.0000        2283  [    2     42        320         10 ]
           3       83533     425.427   4.950e-02   3.566e-02   5.356e-02   0.000e+00   2.657e-02   9.064e-02  1.0000        2276  [    2     43        320          7 ]
           3       84303     428.334   4.950e-02   3.566e-02   5.356e-02   0.000e+00   2.656e-02   9.064e-02  1.0000        2293  [    2     44        320         11 ]
           3       85048     431.897   4.950e-02   3.566e-02   5.356e-02   0.000e+00   2.652e-02   9.056e-02  1.0000        2296  [    2     45        320         10 ]
           3       85753     436.386   4.950e-02   3.566e-02   5.356e-02   0.000e+00   2.651e-02   9.035e-02  1.0000        2294  [    2     46        320          8 ]
           3       86458     439.638   4.950e-02   3.566e-02   5.356e-02   0.000e+00   2.650e-02   9.035e-02  1.0000        2294  [    2     47        320          9 ]
           3       87117     443.382   4.950e-02   3.566e-02   5.356e-02   0.000e+00   2.650e-02   9.035e-02  1.0000        2293  [    2     48        320          8 ]
           3       87779     447.729   4.950e-02   3.566e-02   5.356e-02   0.000e+00   2.650e-02   9.035e-02  1.0000        2299  [    2     49        320          9 ]
           3       89278     451.613   4.950e-02   3.566e-02   5.356e-02   0.000e+00   2.605e-02   8.867e-02  1.0000        2361  [    3      7        640         10 ]
           3       89964     455.625   4.950e-02   3.566e-02   5.356e-02   0.000e+00   2.605e-02   8.867e-02  1.0000        2366  [    2     50        320          9 ]
           3       90666     458.712   4.950e-02   3.566e-02   5.356e-02   0.000e+00   2.605e-02   8.867e-02  1.0000        2372  [    2     51        320         13 ]
           3       91396     462.118   4.950e-02   3.566e-02   5.356e-02   0.000e+00   2.605e-02   8.867e-02  1.0000        2368  [    2     52        320         12 ]
           3       92109     465.651   4.950e-02   3.566e-02   5.356e-02   0.000e+00   2.605e-02   8.867e-02  1.0000        2370  [    2     53        320         10 ]
           3       92775     469.451   4.950e-02   3.566e-02   5.356e-02   0.000e+00   2.605e-02   8.867e-02  1.0000        2369  [    2     54        320          9 ]
           3       93478     472.637   4.950e-02   3.566e-02   5.356e-02   0.000e+00   2.601e-02   8.864e-02  1.0000        2374  [    2     55        320         11 ]
           3       94199     476.255   4.950e-02   3.566e-02   5.356e-02   0.000e+00   2.601e-02   8.864e-02  1.0000        2377  [    2     56        320         10 ]
           3       94930     480.431   4.950e-02   3.566e-02   5.356e-02   0.000e+00   2.599e-02   8.840e-02  1.0000        2390  [    2     57        320         11 ]
           3       96250     484.729   4.950e-02   3.566e-02   5.356e-02   0.000e+00   2.580e-02   8.798e-02  1.0000        2371  [    3      8        640          7 ]
           3       96983     489.558   4.950e-02   3.566e-02   5.356e-02   0.000e+00   2.575e-02   8.767e-02  1.0000        2377  [    2     58        320          5 ]
           3       97680     493.553   4.950e-02   3.566e-02   5.356e-02   0.000e+00   2.566e-02   8.715e-02  1.0000        2399  [    2     59        320          8 ]
           3       98350     497.850   4.950e-02   3.566e-02   5.356e-02   0.000e+00   2.560e-02   8.700e-02  1.0000        2401  [    2     60        320          6 ]
           3       99078     502.000   4.950e-02   3.566e-02   5.356e-02   0.000e+00   2.551e-02   8.660e-02  1.0000        2417  [    2     61        320          9 ]
           3       99832     505.855   4.950e-02   3.566e-02   5.356e-02   0.000e+00   2.539e-02   8.656e-02  1.0000        2428  [    2     62        320         10 ]
           3      100603     509.546   4.950e-02   3.566e-02   5.356e-02   0.000e+00   2.535e-02   8.595e-02  1.0000        2439  [    2     63        320         12 ]
           3      101358     513.503   4.950e-02   3.566e-02   5.356e-02   0.000e+00   2.529e-02   8.560e-02  1.0000        2395  [    2     64        320          9 ]
           4      109061     520.279   3.678e-02   3.390e-02   5.356e-02   0.000e+00   2.455e-02   8.451e-02  1.0000        2579  [    4      1       1280         14 ]
           4      110403     524.734   3.678e-02   3.390e-02   5.356e-02   0.000e+00   2.443e-02   8.407e-02  1.0000        2618  [    3      9        640          9 ]
           4      112943     529.968   3.678e-02   3.390e-02   5.356e-02   0.000e+00   2.418e-02   8.299e-02  1.0000        2655  [    4      2       1280         10 ]
           4      114351     535.319   3.678e-02   3.390e-02   5.356e-02   0.000e+00   2.413e-02   8.296e-02  1.0000        2663  [    3     10        640          9 ]
           4      115740     540.016   3.678e-02   3.390e-02   5.356e-02   0.000e+00   2.406e-02   8.283e-02  1.0000        2681  [    3     11        640         10 ]
           4      117073     544.410   3.678e-02   3.390e-02   5.356e-02   0.000e+00   2.402e-02   8.283e-02  1.0000        2672  [    3     12        640         11 ]
           4      118310     548.705   3.678e-02   3.390e-02   5.356e-02   0.000e+00   2.401e-02   8.283e-02  1.0000        2678  [    3     13        640          6 ]
           4      119619     553.384   3.678e-02   3.390e-02   5.356e-02   0.000e+00   2.396e-02   8.263e-02  1.0000        2704  [    3     14        640          8 ]
           4      120978     558.163   3.678e-02   3.390e-02   5.356e-02   0.000e+00   2.394e-02   8.257e-02  1.0000        2717  [    3     15        640         11 ]
           4      122398     564.208   3.678e-02   3.390e-02   5.356e-02   0.000e+00   2.390e-02   8.244e-02  1.0000        2690  [    3     16        640         10 ]
           4      123776     569.475   3.678e-02   3.390e-02   5.356e-02   0.000e+00   2.388e-02   8.243e-02  1.0000        2701  [    3     17        640         10 ]
           4      126327     574.587   3.678e-02   3.390e-02   5.356e-02   0.000e+00   2.382e-02   8.187e-02  1.0000        2736  [    4      3       1280         12 ]
           4      127654     579.030   3.678e-02   3.390e-02   5.356e-02   0.000e+00   2.377e-02   8.177e-02  1.0000        2732  [    3     18        640          9 ]
           4      129031     584.094   3.678e-02   3.390e-02   5.356e-02   0.000e+00   2.375e-02   8.160e-02  1.0000        2737  [    3     19        640         12 ]
           4      130412     588.299   3.678e-02   3.390e-02   5.356e-02   0.000e+00   2.372e-02   8.132e-02  1.0000        2741  [    3     20        640         12 ]
           4      131790     592.611   3.678e-02   3.390e-02   5.356e-02   0.000e+00   2.370e-02   8.122e-02  1.0000        2755  [    3     21        640         11 ]
           4      133100     597.240   3.678e-02   3.390e-02   5.356e-02   0.000e+00   2.368e-02   8.113e-02  1.0000        2736  [    3     22        640          7 ]
           4      134447     601.760   3.678e-02   3.390e-02   5.356e-02   0.000e+00   2.368e-02   8.113e-02  1.0000        2749  [    3     23        640         13 ]
           4      135771     606.567   3.678e-02   3.390e-02   5.356e-02   0.000e+00   2.368e-02   8.112e-02  1.0000        2741  [    3     24        640          7 ]
           4      137083     610.883   3.678e-02   3.390e-02   5.356e-02   0.000e+00   2.368e-02   8.112e-02  1.0000        2738  [    3     25        640          8 ]
           4      139414     616.138   3.678e-02   3.390e-02   5.356e-02   0.000e+00   2.357e-02   8.082e-02  1.0000        2763  [    4      4       1280         11 ]
           4      140696     620.426   3.678e-02   3.390e-02   5.356e-02   0.000e+00   2.356e-02   8.082e-02  1.0000        2736  [    3     26        640         11 ]
           4      142033     624.645   3.678e-02   3.390e-02   5.356e-02   0.000e+00   2.356e-02   8.082e-02  1.0000        2742  [    3     27        640         10 ]
           4      143302     629.052   3.678e-02   3.390e-02   5.356e-02   0.000e+00   2.356e-02   8.082e-02  1.0000        2745  [    3     28        640          9 ]
           4      144591     633.604   3.678e-02   3.390e-02   5.356e-02   0.000e+00   2.356e-02   8.082e-02  1.0000        2732  [    3     29        640         11 ]
           4      145885     637.982   3.678e-02   3.390e-02   5.356e-02   0.000e+00   2.356e-02   8.082e-02  1.0000        2740  [    3     30        640          8 ]
           4      147115     642.448   3.678e-02   3.390e-02   5.356e-02   0.000e+00   2.356e-02   8.082e-02  1.0000        2730  [    3     31        640          6 ]
           4      148386     646.719   3.678e-02   3.390e-02   5.356e-02   0.000e+00   2.356e-02   8.082e-02  1.0000        2731  [    3     32        640         10 ]
           4      149660     651.892   3.678e-02   3.390e-02   5.356e-02   0.000e+00   2.356e-02   8.082e-02  1.0000        2732  [    3     33        640          9 ]
           4      152055     656.628   3.678e-02   3.390e-02   5.356e-02   0.000e+00   2.353e-02   8.073e-02  1.0000        2753  [    4      5       1280         10 ]
           4      153423     660.904   3.678e-02   3.390e-02   5.356e-02   0.000e+00   2.353e-02   8.073e-02  1.0000        2753  [    3     34        640          9 ]
           4      154736     665.588   3.678e-02   3.390e-02   5.356e-02   0.000e+00   2.353e-02   8.073e-02  1.0000        2750  [    3     35        640          7 ]
           4      155957     669.761   3.678e-02   3.390e-02   5.356e-02   0.000e+00   2.353e-02   8.073e-02  1.0000        2737  [    3     36        640          4 ]
           4      157197     674.181   3.678e-02   3.390e-02   5.356e-02   0.000e+00   2.353e-02   8.072e-02  1.0000        2761  [    3     37        640          8 ]
           4      158524     678.923   3.678e-02   3.390e-02   5.356e-02   0.000e+00   2.352e-02   8.072e-02  1.0000        2763  [    3     38        640          9 ]
           4      159889     683.248   3.678e-02   3.390e-02   5.356e-02   0.000e+00   2.350e-02   8.072e-02  1.0000        2785  [    3     39        640          9 ]
           4      161191     687.602   3.678e-02   3.390e-02   5.356e-02   0.000e+00   2.348e-02   8.066e-02  1.0000        2796  [    3     40        640         11 ]
           4      162468     691.890   3.678e-02   3.390e-02   5.356e-02   0.000e+00   2.347e-02   8.066e-02  1.0000        2767  [    3     41        640          5 ]
           4      164913     697.005   3.678e-02   3.390e-02   5.356e-02   0.000e+00   2.346e-02   8.066e-02  1.0000        2770  [    4      6       1280         10 ]
           4      166252     701.853   3.678e-02   3.390e-02   5.356e-02   0.000e+00   2.344e-02   8.062e-02  1.0000        2773  [    3     42        640          7 ]
           4      167681     706.224   3.678e-02   3.390e-02   5.356e-02   0.000e+00   2.341e-02   8.060e-02  1.0000        2789  [    3     43        640         10 ]
           4      169060     710.479   3.678e-02   3.390e-02   5.356e-02   0.000e+00   2.338e-02   8.059e-02  1.0000        2793  [    3     44        640         10 ]
           4      170399     715.233   3.678e-02   3.390e-02   5.356e-02   0.000e+00   2.335e-02   8.058e-02  1.0000        2802  [    3     45        640         11 ]
           4      171760     719.759   3.678e-02   3.390e-02   5.356e-02   0.000e+00   2.334e-02   8.047e-02  1.0000        2800  [    3     46        640          8 ]
           4      173046     724.091   3.678e-02   3.390e-02   5.356e-02   0.000e+00   2.333e-02   8.032e-02  1.0000        2818  [    3     47        640         10 ]
           4      174361     728.375   3.678e-02   3.390e-02   5.356e-02   0.000e+00   2.331e-02   8.032e-02  1.0000        2828  [    3     48        640          8 ]
           4      175781     732.936   3.678e-02   3.390e-02   5.356e-02   0.000e+00   2.328e-02   8.023e-02  1.0000        2823  [    3     49        640          8 ]
           4      178187     738.095   3.678e-02   3.390e-02   5.356e-02   0.000e+00   2.328e-02   8.023e-02  1.0000        2825  [    4      7       1280          6 ]
           4      179609     742.830   3.678e-02   3.390e-02   5.356e-02   0.000e+00   2.324e-02   8.018e-02  1.0000        2839  [    3     50        640         12 ]
           4      180942     747.283   3.678e-02   3.390e-02   5.356e-02   0.000e+00   2.324e-02   8.018e-02  1.0000        2838  [    3     51        640          9 ]
           4      182300     751.756   3.678e-02   3.390e-02   5.356e-02   0.000e+00   2.322e-02   8.017e-02  1.0000        2843  [    3     52        640          8 ]
           4      183559     756.691   3.678e-02   3.390e-02   5.356e-02   0.000e+00   2.321e-02   8.013e-02  1.0000        2844  [    3     53        640          6 ]
           4      184808     761.300   3.678e-02   3.390e-02   5.356e-02   0.000e+00   2.321e-02   8.013e-02  1.0000        2846  [    3     54        640          9 ]
           4      186004     765.819   3.678e-02   3.390e-02   5.356e-02   0.000e+00   2.319e-02   8.013e-02  1.0000        2851  [    3     55        640          7 ]
           4      187282     770.139   3.678e-02   3.390e-02   5.356e-02   0.000e+00   2.319e-02   8.013e-02  1.0000        2858  [    3     56        640         13 ]
           4      188677     774.889   3.678e-02   3.390e-02   5.356e-02   0.000e+00   2.319e-02   8.013e-02  1.0000        2868  [    3     57        640         10 ]
           4      191177     780.119   3.678e-02   3.390e-02   5.356e-02   0.000e+00   2.312e-02   8.006e-02  1.0000        2892  [    4      8       1280          9 ]
           4      192548     785.087   3.678e-02   3.390e-02   5.356e-02   0.000e+00   2.312e-02   8.006e-02  1.0000        2891  [    3     58        640          9 ]
           4      193943     789.549   3.678e-02   3.390e-02   5.356e-02   0.000e+00   2.311e-02   8.006e-02  1.0000        2894  [    3     59        640          9 ]
           4      195428     793.983   3.678e-02   3.390e-02   5.356e-02   0.000e+00   2.310e-02   8.006e-02  1.0000        2901  [    3     60        640         11 ]
           4      196889     798.530   3.678e-02   3.390e-02   5.356e-02   0.000e+00   2.309e-02   8.006e-02  1.0000        2915  [    3     61        640         11 ]
           4      198347     803.418   3.678e-02   3.390e-02   5.356e-02   0.000e+00   2.309e-02   8.006e-02  1.0000        2906  [    3     62        640         12 ]
           4      199868     808.613   3.678e-02   3.390e-02   5.356e-02   0.000e+00   2.309e-02   8.006e-02  1.0000        2903  [    3     63        640         13 ]
           4      201354     813.120   3.678e-02   3.390e-02   5.356e-02   0.000e+00   2.307e-02   8.003e-02  1.0000        2903  [    3     64        640         14 ]
           5      213458     822.722   3.678e-02   3.062e-02   3.311e-02   0.000e+00   2.297e-02   7.964e-02  1.0000        2949  [    5      1       2560         14 ]
           5      215929     828.753   3.678e-02   3.062e-02   3.311e-02   0.000e+00   2.296e-02   7.964e-02  1.0000        2936  [    4      9       1280          7 ]
           5      220821     837.902   3.678e-02   3.062e-02   3.311e-02   0.000e+00   2.273e-02   7.776e-02  1.0000        2941  [    5      2       2560         10 ]
           5      223321     843.929   3.678e-02   3.062e-02   3.311e-02   0.000e+00   2.270e-02   7.774e-02  1.0000        2940  [    4     10       1280         11 ]
           5      225738     849.774   3.678e-02   3.062e-02   3.311e-02   0.000e+00   2.269e-02   7.766e-02  1.0000        2938  [    4     11       1280          7 ]
           5      228359     855.537   3.678e-02   3.062e-02   3.311e-02   0.000e+00   2.266e-02   7.760e-02  1.0000        2969  [    4     12       1280         15 ]
           5      230970     861.416   3.678e-02   3.062e-02   3.311e-02   0.000e+00   2.261e-02   7.686e-02  1.0000        2960  [    4     13       1280          8 ]
           5      233433     867.836   3.678e-02   3.062e-02   3.311e-02   0.000e+00   2.261e-02   7.686e-02  1.0000        2967  [    4     14       1280         11 ]
           5      235985     874.350   3.678e-02   3.062e-02   3.311e-02   0.000e+00   2.259e-02   7.673e-02  1.0000        2970  [    4     15       1280          8 ]
           5      238487     880.002   3.678e-02   3.062e-02   3.311e-02   0.000e+00   2.258e-02   7.665e-02  1.0000        2982  [    4     16       1280         13 ]
           5      241074     885.947   3.678e-02   3.062e-02   3.311e-02   0.000e+00   2.257e-02   7.661e-02  1.0000        2973  [    4     17       1280          9 ]
           5      245766     893.593   3.678e-02   3.062e-02   3.311e-02   0.000e+00   2.247e-02   7.575e-02  1.0000        2982  [    5      3       2560          5 ]
           5      248334     899.423   3.678e-02   3.062e-02   3.311e-02   0.000e+00   2.243e-02   7.559e-02  1.0000        2973  [    4     18       1280         11 ]
           5      250936     904.992   3.678e-02   3.062e-02   3.311e-02   0.000e+00   2.242e-02   7.556e-02  1.0000        2969  [    4     19       1280         10 ]
           5      253575     910.710   3.678e-02   3.062e-02   3.311e-02   0.000e+00   2.242e-02   7.556e-02  1.0000        2988  [    4     20       1280         12 ]
           5      256027     916.382   3.678e-02   3.062e-02   3.311e-02   0.000e+00   2.242e-02   7.556e-02  1.0000        2972  [    4     21       1280         10 ]
           5      258597     922.851   3.678e-02   3.062e-02   3.311e-02   0.000e+00   2.241e-02   7.556e-02  1.0000        2973  [    4     22       1280         11 ]
           5      261189     931.414   3.678e-02   3.062e-02   3.311e-02   0.000e+00   2.241e-02   7.556e-02  1.0000        2968  [    4     23       1280         10 ]
           5      263780     938.345   3.678e-02   3.062e-02   3.311e-02   0.000e+00   2.241e-02   7.556e-02  1.0000        2973  [    4     24       1280         11 ]
           5      266315     945.664   3.678e-02   3.062e-02   3.311e-02   0.000e+00   2.239e-02   7.544e-02  1.0000        2973  [    4     25       1280         10 ]
           5      271480     953.507   3.678e-02   3.062e-02   3.311e-02   0.000e+00   2.225e-02   7.478e-02  1.0000        2999  [    5      4       2560          9 ]
           5      273955     959.324   3.678e-02   3.062e-02   3.311e-02   0.000e+00   2.225e-02   7.478e-02  1.0000        2987  [    4     26       1280          9 ]
           5      276342     965.242   3.678e-02   3.062e-02   3.311e-02   0.000e+00   2.225e-02   7.478e-02  1.0000        2992  [    4     27       1280         10 ]
           5      278720     971.135   3.678e-02   3.062e-02   3.311e-02   0.000e+00   2.225e-02   7.477e-02  1.0000        2997  [    4     28       1280          8 ]
           5      281113     980.011   3.678e-02   3.062e-02   3.311e-02   0.000e+00   2.225e-02   7.477e-02  1.0000        3014  [    4     29       1280         12 ]
           5      283563     987.302   3.678e-02   3.062e-02   3.311e-02   0.000e+00   2.221e-02   7.458e-02  1.0000        3006  [    4     30       1280          8 ]
           5      286082     995.490   3.678e-02   3.062e-02   3.311e-02   0.000e+00   2.220e-02   7.453e-02  1.0000        3017  [    4     31       1280          8 ]
           5      288641    1004.101   3.678e-02   3.062e-02   3.311e-02   0.000e+00   2.216e-02   7.445e-02  1.0000        3018  [    4     32       1280          9 ]
           5      291295    1011.965   3.678e-02   3.062e-02   3.311e-02   0.000e+00   2.212e-02   7.405e-02  1.0000        3044  [    4     33       1280         15 ]
           5      296421    1020.906   3.678e-02   3.062e-02   3.311e-02   0.000e+00   2.202e-02   7.370e-02  1.0000        3054  [    5      5       2560         14 ]
           5      298956    1027.578   3.678e-02   3.062e-02   3.311e-02   0.000e+00   2.196e-02   7.361e-02  1.0000        3045  [    4     34       1280         11 ]
           5      301549    1033.446   3.678e-02   3.062e-02   3.311e-02   0.000e+00   2.190e-02   7.346e-02  1.0000        3044  [    4     35       1280          9 ]
           5      304084    1039.827   3.678e-02   3.062e-02   3.311e-02   0.000e+00   2.189e-02   7.331e-02  1.0000        3042  [    4     36       1280          9 ]
           5      306680    1046.761   3.678e-02   3.062e-02   3.311e-02   0.000e+00   2.184e-02   7.326e-02  1.0000        3057  [    4     37       1280         12 ]
           5      309267    1053.770   3.678e-02   3.062e-02   3.311e-02   0.000e+00   2.184e-02   7.307e-02  1.0000        3055  [    4     38       1280         15 ]
           5      311732    1060.250   3.678e-02   3.062e-02   3.311e-02   0.000e+00   2.183e-02   7.307e-02  1.0000        3072  [    4     39       1280         12 ]
           5      314160    1066.046   3.678e-02   3.062e-02   3.311e-02   0.000e+00   2.183e-02   7.307e-02  1.0000        3075  [    4     40       1280         12 ]
           5      316632    1072.517   3.678e-02   3.062e-02   3.311e-02   0.000e+00   2.183e-02   7.307e-02  1.0000        3076  [    4     41       1280         10 ]
           5      321391    1081.769   3.678e-02   3.062e-02   3.311e-02   0.000e+00   2.178e-02   7.264e-02  1.0000        3080  [    5      6       2560          9 ]
           5      323901    1087.784   3.678e-02   3.062e-02   3.311e-02   0.000e+00   2.178e-02   7.264e-02  1.0000        3081  [    4     42       1280         10 ]
           5      326411    1094.185   3.678e-02   3.062e-02   3.311e-02   0.000e+00   2.178e-02   7.264e-02  1.0000        3085  [    4     43       1280         10 ]
           5      328879    1100.939   3.678e-02   3.062e-02   3.311e-02   0.000e+00   2.178e-02   7.264e-02  1.0000        3092  [    4     44       1280         12 ]
           5      331330    1107.711   3.678e-02   3.062e-02   3.311e-02   0.000e+00   2.178e-02   7.264e-02  1.0000        3095  [    4     45       1280         14 ]
           5      333798    1115.755   3.678e-02   3.062e-02   3.311e-02   0.000e+00   2.178e-02   7.264e-02  1.0000        3085  [    4     46       1280         10 ]
           5      336397    1122.733   3.678e-02   3.062e-02   3.311e-02   0.000e+00   2.178e-02   7.264e-02  1.0000        3097  [    4     47       1280         15 ]
           5      338889    1131.018   3.678e-02   3.062e-02   3.311e-02   0.000e+00   2.178e-02   7.264e-02  1.0000        3094  [    4     48       1280         12 ]
           5      341409    1138.595   3.678e-02   3.062e-02   3.311e-02   0.000e+00   2.178e-02   7.264e-02  1.0000        3088  [    4     49       1280          8 ]
           5      346038    1147.498   3.678e-02   3.062e-02   3.311e-02   0.000e+00   2.176e-02   7.260e-02  1.0000        3110  [    5      7       2560          6 ]
           5      348422    1153.775   3.678e-02   3.062e-02   3.311e-02   0.000e+00   2.176e-02   7.260e-02  1.0000        3091  [    4     50       1280          4 ]
           5      350756    1159.771   3.678e-02   3.062e-02   3.311e-02   0.000e+00   2.174e-02   7.251e-02  1.0000        3096  [    4     51       1280          6 ]
           5      353385    1167.121   3.678e-02   3.062e-02   3.311e-02   0.000e+00   2.173e-02   7.250e-02  1.0000        3102  [    4     52       1280         12 ]
           5      356134    1175.366   3.678e-02   3.062e-02   3.311e-02   0.000e+00   2.172e-02   7.248e-02  1.0000        3113  [    4     53       1280         15 ]
           5      358676    1183.769   3.678e-02   3.062e-02   3.311e-02   0.000e+00   2.172e-02   7.248e-02  1.0000        3098  [    4     54       1280          8 ]
           5      361199    1189.940   3.678e-02   3.062e-02   3.311e-02   0.000e+00   2.172e-02   7.248e-02  1.0000        3105  [    4     55       1280          8 ]
           5      363783    1198.029   3.678e-02   3.062e-02   3.311e-02   0.000e+00   2.172e-02   7.248e-02  1.0000        3112  [    4     56       1280         11 ]
           5      366347    1204.775   3.678e-02   3.062e-02   3.311e-02   0.000e+00   2.172e-02   7.248e-02  1.0000        3113  [    4     57       1280         13 ]
           5      371091    1214.364   3.678e-02   3.062e-02   3.311e-02   0.000e+00   2.171e-02   7.235e-02  1.0000        3124  [    5      8       2560          8 ]
           5      373657    1220.730   3.678e-02   3.062e-02   3.311e-02   0.000e+00   2.171e-02   7.235e-02  1.0000        3114  [    4     58       1280          9 ]
           5      376346    1226.896   3.678e-02   3.062e-02   3.311e-02   0.000e+00   2.171e-02   7.235e-02  1.0000        3119  [    4     59       1280         10 ]
           5      378882    1233.167   3.678e-02   3.062e-02   3.311e-02   0.000e+00   2.171e-02   7.235e-02  1.0000        3121  [    4     60       1280          7 ]
           5      381397    1240.759   3.678e-02   3.062e-02   3.311e-02   0.000e+00   2.726e-02   8.106e-02  1.0000        1823  [    4     61       1280         11 ]
           5      383862    1243.894   3.678e-02   3.062e-02   3.311e-02   0.000e+00   2.725e-02   8.101e-02  1.0000        1852  [    4     62       1280          8 ]
           5      386086    1247.809   3.678e-02   3.062e-02   3.311e-02   0.000e+00   2.689e-02   8.080e-02  1.0000        2067  [    4     63       1280          9 ]
           5      388483    1251.631   3.678e-02   3.062e-02   3.311e-02   0.000e+00   2.665e-02   8.066e-02  1.0000        2167  [    4     64       1280          6 ]
           6      405707    1270.703   3.678e-02   3.062e-02   3.311e-02   0.000e+00   2.650e-02   8.162e-02  1.0000        1937  [    6      1       5120          9 ]
           6      408260    1274.259   3.678e-02   3.062e-02   3.311e-02   0.000e+00   2.646e-02   8.159e-02  1.0000        1962  [    4     65       1280         15 ]
           6      412980    1279.686   3.678e-02   3.062e-02   3.311e-02   0.000e+00   2.601e-02   8.099e-02  1.0000        2052  [    5      9       2560         12 ]
           6      421855    1290.312   3.678e-02   3.062e-02   3.311e-02   0.000e+00   2.575e-02   7.949e-02  1.0000        2086  [    6      2       5120          6 ]
           6      424458    1294.293   3.678e-02   3.062e-02   3.311e-02   0.000e+00   2.575e-02   7.949e-02  1.0000        2095  [    4     66       1280          9 ]
           6      426857    1298.165   3.678e-02   3.062e-02   3.311e-02   0.000e+00   2.575e-02   7.949e-02  1.0000        2104  [    4     67       1280         11 ]
           6      429376    1302.002   3.678e-02   3.062e-02   3.311e-02   0.000e+00   2.575e-02   7.945e-02  1.0000        2105  [    4     68       1280         11 ]
           6      431978    1306.589   3.678e-02   3.062e-02   3.311e-02   0.000e+00   2.575e-02   7.945e-02  1.0000        2112  [    4     69       1280         12 ]
           6      434530    1310.807   3.678e-02   3.062e-02   3.311e-02   0.000e+00   2.575e-02   7.945e-02  1.0000        2122  [    4     70       1280         15 ]
           6      437076    1314.805   3.678e-02   3.062e-02   3.311e-02   0.000e+00   2.575e-02   7.945e-02  1.0000        2127  [    4     71       1280         12 ]
           6      439497    1318.796   3.678e-02   3.062e-02   3.311e-02   0.000e+00   2.574e-02   7.945e-02  1.0000        2117  [    4     72       1280         12 ]
           6      442047    1322.660   3.678e-02   3.062e-02   3.311e-02   0.000e+00   2.574e-02   7.945e-02  1.0000        2123  [    4     73       1280         13 ]
           6      446770    1328.357   3.678e-02   3.062e-02   3.311e-02   0.000e+00   2.570e-02   7.942e-02  1.0000        2137  [    5     10       2560          6 ]
           6      449246    1332.599   3.678e-02   3.062e-02   3.311e-02   0.000e+00   2.569e-02   7.942e-02  1.0000        2141  [    4     74       1280          8 ]
           6      451678    1336.617   3.678e-02   3.062e-02   3.311e-02   0.000e+00   2.569e-02   7.942e-02  1.0000        2143  [    4     75       1280         10 ]
           6      454052    1340.510   3.678e-02   3.062e-02   3.311e-02   0.000e+00   2.569e-02   7.942e-02  1.0000        2148  [    4     76       1280          9 ]
           6      456451    1344.324   3.678e-02   3.062e-02   3.311e-02   0.000e+00   2.569e-02   7.942e-02  1.0000        2153  [    4     77       1280         11 ]
           6      458981    1348.198   3.678e-02   3.062e-02   3.311e-02   0.000e+00   2.569e-02   7.942e-02  1.0000        2158  [    4     78       1280         10 ]
           6      461582    1352.284   3.678e-02   3.062e-02   3.311e-02   0.000e+00   2.568e-02   7.942e-02  1.0000        2152  [    4     79       1280          9 ]
           6      464081    1356.484   3.678e-02   3.062e-02   3.311e-02   0.000e+00   2.567e-02   7.942e-02  1.0000        2165  [    4     80       1280         14 ]
           6      466662    1360.696   3.678e-02   3.062e-02   3.311e-02   0.000e+00   2.567e-02   7.942e-02  1.0000        2158  [    4     81       1280         11 ]
           6      471332    1366.037   3.678e-02   3.062e-02   3.311e-02   0.000e+00   2.557e-02   7.929e-02  1.0000        2199  [    5     11       2560          9 ]
           6      473941    1370.351   3.678e-02   3.062e-02   3.311e-02   0.000e+00   2.557e-02   7.929e-02  1.0000        2207  [    4     82       1280         14 ]
           6      476535    1374.511   3.678e-02   3.062e-02   3.311e-02   0.000e+00   2.557e-02   7.929e-02  1.0000        2197  [    4     83       1280         11 ]
           6      479209    1378.748   3.678e-02   3.062e-02   3.311e-02   0.000e+00   2.557e-02   7.929e-02  1.0000        2199  [    4     84       1280         12 ]
           6      481843    1382.881   3.678e-02   3.062e-02   3.311e-02   0.000e+00   2.557e-02   7.929e-02  1.0000        2213  [    4     85       1280         14 ]
           6      484437    1386.901   3.678e-02   3.062e-02   3.311e-02   0.000e+00   2.557e-02   7.929e-02  1.0000        2208  [    4     86       1280         14 ]
           6      487011    1391.052   3.678e-02   3.062e-02   3.311e-02   0.000e+00   2.557e-02   7.929e-02  1.0000        2213  [    4     87       1280         15 ]
           6      489712    1395.126   3.678e-02   3.062e-02   3.311e-02   0.000e+00   2.557e-02   7.929e-02  1.0000        2215  [    4     88       1280         18 ]
           6      492411    1399.230   3.678e-02   3.062e-02   3.311e-02   0.000e+00   2.557e-02   7.929e-02  1.0000        2203  [    4     89       1280         13 ]
           6      497092    1405.238   3.678e-02   3.062e-02   3.311e-02   0.000e+00   2.550e-02   7.901e-02  1.0000        2218  [    5     12       2560         10 ]
           6      499702    1409.860   3.678e-02   3.062e-02   3.311e-02   0.000e+00   2.550e-02   7.901e-02  1.0000        2216  [    4     90       1280         11 ]
           6      502297    1414.308   3.678e-02   3.062e-02   3.311e-02   0.000e+00   2.549e-02   7.901e-02  1.0000        2224  [    4     91       1280         11 ]
           6      504915    1418.465   3.678e-02   3.062e-02   3.311e-02   0.000e+00   2.548e-02   7.900e-02  1.0000        2243  [    4     92       1280         15 ]
           6      507498    1422.894   3.678e-02   3.062e-02   3.311e-02   0.000e+00   2.548e-02   7.900e-02  1.0000        2227  [    4     93       1280         14 ]
           6      510066    1426.983   3.678e-02   3.062e-02   3.311e-02   0.000e+00   2.548e-02   7.900e-02  1.0000        2222  [    4     94       1280         10 ]
           6      512579    1431.179   3.678e-02   3.062e-02   3.311e-02   0.000e+00   2.548e-02   7.900e-02  1.0000        2217  [    4     95       1280         11 ]
           6      515100    1435.402   3.678e-02   3.062e-02   3.311e-02   0.000e+00   2.547e-02   7.899e-02  1.0000        2221  [    4     96       1280         11 ]
           6      517614    1439.559   3.678e-02   3.062e-02   3.311e-02   0.000e+00   2.547e-02   7.899e-02  1.0000        2229  [    4     97       1280         15 ]
           6      522500    1445.279   3.678e-02   3.062e-02   3.311e-02   0.000e+00   2.543e-02   7.894e-02  1.0000        2277  [    5     13       2560         14 ]
           6      525183    1449.555   3.678e-02   3.062e-02   3.311e-02   0.000e+00   2.543e-02   7.894e-02  1.0000        2264  [    4     98       1280         10 ]
           6      527685    1453.626   3.678e-02   3.062e-02   3.311e-02   0.000e+00   2.543e-02   7.894e-02  1.0000        2253  [    4     99       1280         11 ]
           6      530149    1457.905   3.678e-02   3.062e-02   3.311e-02   0.000e+00   2.543e-02   7.894e-02  1.0000        2260  [    4    100       1280         11 ]
           6      532667    1462.112   3.678e-02   3.062e-02   3.311e-02   0.000e+00   2.543e-02   7.894e-02  1.0000        2266  [    4    101       1280         11 ]
           6      535127    1466.448   3.678e-02   3.062e-02   3.311e-02   0.000e+00   2.543e-02   7.894e-02  1.0000        2267  [    4    102       1280         12 ]
           6      537561    1471.558   3.678e-02   3.062e-02   3.311e-02   0.000e+00   2.542e-02   7.889e-02  1.0000        2265  [    4    103       1280         10 ]
           6      540013    1475.915   3.678e-02   3.062e-02   3.311e-02   0.000e+00   2.542e-02   7.889e-02  1.0000        2262  [    4    104       1280          7 ]
           6      542576    1480.561   3.678e-02   3.062e-02   3.311e-02   0.000e+00   2.536e-02   7.884e-02  1.0000        2279  [    4    105       1280          7 ]
           6      547368    1486.848   3.678e-02   3.062e-02   3.311e-02   0.000e+00   2.535e-02   7.883e-02  1.0000        2273  [    5     14       2560          6 ]
           6      549848    1491.918   3.678e-02   3.062e-02   3.311e-02   0.000e+00   2.526e-02   7.883e-02  1.0000        2287  [    4    106       1280          8 ]
           6      552408    1496.396   3.678e-02   3.062e-02   3.311e-02   0.000e+00   2.523e-02   7.878e-02  1.0000        2304  [    4    107       1280          7 ]
           6      555003    1500.657   3.678e-02   3.062e-02   3.311e-02   0.000e+00   2.516e-02   7.856e-02  1.0000        2316  [    4    108       1280          8 ]
           6      557700    1504.952   3.678e-02   3.062e-02   3.311e-02   0.000e+00   2.507e-02   7.850e-02  1.0000        2336  [    4    109       1280         12 ]
           6      560361    1509.354   3.678e-02   3.062e-02   3.311e-02   0.000e+00   2.502e-02   7.834e-02  1.0000        2338  [    4    110       1280         10 ]
           6      562807    1513.949   3.678e-02   3.062e-02   3.311e-02   0.000e+00   2.500e-02   7.834e-02  1.0000        2339  [    4    111       1280          6 ]
           6      565227    1518.441   3.678e-02   3.062e-02   3.311e-02   0.000e+00   2.494e-02   7.832e-02  1.0000        2341  [    4    112       1280          7 ]
           6      567884    1522.769   3.678e-02   3.062e-02   3.311e-02   0.000e+00   2.489e-02   7.827e-02  1.0000        2358  [    4    113       1280          8 ]
           6      572755    1529.215   3.678e-02   3.062e-02   3.311e-02   0.000e+00   2.482e-02   7.809e-02  1.0000        2369  [    5     15       2560          6 ]
           6      575180    1534.345   3.678e-02   3.062e-02   3.311e-02   0.000e+00   2.478e-02   7.799e-02  1.0000        2382  [    4    114       1280         10 ]
           6      577626    1538.995   3.678e-02   3.062e-02   3.311e-02   0.000e+00   2.478e-02   7.799e-02  1.0000        2382  [    4    115       1280          7 ]
           6      580005    1543.606   3.678e-02   3.062e-02   3.311e-02   0.000e+00   2.478e-02   7.799e-02  1.0000        2385  [    4    116       1280         11 ]
           6      582446    1548.473   3.678e-02   3.062e-02   3.311e-02   0.000e+00   2.478e-02   7.799e-02  1.0000        2378  [    4    117       1280          8 ]
           6      584991    1553.162   3.678e-02   3.062e-02   3.311e-02   0.000e+00   2.478e-02   7.799e-02  1.0000        2384  [    4    118       1280         11 ]
           6      587448    1558.128   3.678e-02   3.062e-02   3.311e-02   0.000e+00   2.478e-02   7.778e-02  1.0000        2391  [    4    119       1280          7 ]
           6      590000    1562.808   3.678e-02   3.062e-02   3.311e-02   0.000e+00   2.477e-02   7.777e-02  1.0000        2394  [    4    120       1280          9 ]
           6      592499    1567.748   3.678e-02   3.062e-02   3.311e-02   0.000e+00   2.477e-02   7.777e-02  1.0000        2398  [    4    121       1280         10 ]
           6      597586    1574.526   3.678e-02   3.062e-02   3.311e-02   0.000e+00   2.467e-02   7.748e-02  1.0000        2434  [    5     16       2560          8 ]
           6      600177    1579.622   3.678e-02   3.062e-02   3.311e-02   0.000e+00   2.467e-02   7.748e-02  1.0000        2443  [    4    122       1280          8 ]
           6      602678    1584.394   3.678e-02   3.062e-02   3.311e-02   0.000e+00   2.467e-02   7.748e-02  1.0000        2450  [    4    123       1280         13 ]
           6      605305    1589.480   3.678e-02   3.062e-02   3.311e-02   0.000e+00   2.467e-02   7.748e-02  1.0000        2435  [    4    124       1280         12 ]
           6      607911    1594.426   3.678e-02   3.062e-02   3.311e-02   0.000e+00   2.467e-02   7.748e-02  1.0000        2431  [    4    125       1280         11 ]
           6      610478    1599.014   3.678e-02   3.062e-02   3.311e-02   0.000e+00   2.467e-02   7.748e-02  1.0000        2429  [    4    126       1280         11 ]
           6      612960    1604.016   3.678e-02   3.062e-02   3.311e-02   0.000e+00   2.467e-02   7.748e-02  1.0000        2419  [    4    127       1280         11 ]
           6      615496    1608.589   3.678e-02   3.062e-02   3.311e-02   0.000e+00   2.467e-02   7.748e-02  1.0000        2435  [    4    128       1280         12 ]
           6      618054    1613.000   3.678e-02   3.062e-02   3.311e-02   0.000e+00   2.467e-02   7.748e-02  1.0000        2416  [    4    129       1280          9 ]
           6      623202    1621.041   3.678e-02   3.062e-02   3.311e-02   0.000e+00   2.452e-02   7.722e-02  1.0000        2438  [    5     17       2560         11 ]
           6      632509    1632.937   3.678e-02   3.062e-02   3.311e-02   0.000e+00   2.432e-02   7.677e-02  1.0000        2443  [    6      3       5120          5 ]
           6      635002    1638.007   3.678e-02   3.062e-02   3.311e-02   0.000e+00   2.432e-02   7.677e-02  1.0000        2444  [    4    130       1280          7 ]
           6      637273    1643.437   3.678e-02   3.062e-02   3.311e-02   0.000e+00   2.432e-02   7.677e-02  1.0000        2448  [    4    131       1280          6 ]
           6      639644    1649.343   3.678e-02   3.062e-02   3.311e-02   0.000e+00   2.432e-02   7.677e-02  1.0000        2439  [    4    132       1280          5 ]
           6      642148    1654.001   3.678e-02   3.062e-02   3.311e-02   0.000e+00   2.432e-02   7.677e-02  1.0000        2455  [    4    133       1280          9 ]
           6      644713    1658.887   3.678e-02   3.062e-02   3.311e-02   0.000e+00   2.431e-02   7.677e-02  1.0000        2463  [    4    134       1280          8 ]
           6      647244    1663.814   3.678e-02   3.062e-02   3.311e-02   0.000e+00   2.431e-02   7.677e-02  1.0000        2466  [    4    135       1280         11 ]
           6      649867    1668.746   3.678e-02   3.062e-02   3.311e-02   0.000e+00   2.431e-02   7.677e-02  1.0000        2472  [    4    136       1280         10 ]
           6      652316    1673.548   3.678e-02   3.062e-02   3.311e-02   0.000e+00   2.431e-02   7.677e-02  1.0000        2463  [    4    137       1280          9 ]
           6      657339    1680.646   3.678e-02   3.062e-02   3.311e-02   0.000e+00   2.420e-02   7.645e-02  1.0000        2483  [    5     18       2560          9 ]
           6      659764    1685.823   3.678e-02   3.062e-02   3.311e-02   0.000e+00   2.420e-02   7.645e-02  1.0000        2484  [    4    138       1280          9 ]
           6      662231    1690.913   3.678e-02   3.062e-02   3.311e-02   0.000e+00   2.420e-02   7.645e-02  1.0000        2480  [    4    139       1280          7 ]
           6      664829    1695.943   3.678e-02   3.062e-02   3.311e-02   0.000e+00   2.419e-02   7.645e-02  1.0000        2485  [    4    140       1280         11 ]
           6      667410    1700.872   3.678e-02   3.062e-02   3.311e-02   0.000e+00   2.418e-02   7.644e-02  1.0000        2489  [    4    141       1280         10 ]
           6      669943    1705.893   3.678e-02   3.062e-02   3.311e-02   0.000e+00   2.418e-02   7.644e-02  1.0000        2491  [    4    142       1280          9 ]
           6      672554    1711.943   3.678e-02   3.062e-02   3.311e-02   0.000e+00   2.418e-02   7.644e-02  1.0000        2499  [    4    143       1280         10 ]
           6      675069    1716.860   3.678e-02   3.062e-02   3.311e-02   0.000e+00   2.418e-02   7.644e-02  1.0000        2491  [    4    144       1280         10 ]
           6      677622    1722.053   3.678e-02   3.062e-02   3.311e-02   0.000e+00   2.418e-02   7.644e-02  1.0000        2497  [    4    145       1280         10 ]
           6      682691    1729.377   3.678e-02   3.062e-02   3.311e-02   0.000e+00   2.412e-02   7.619e-02  1.0000        2504  [    5     19       2560          8 ]
           6      685185    1734.577   3.678e-02   3.062e-02   3.311e-02   0.000e+00   2.410e-02   7.619e-02  1.0000        2507  [    4    146       1280         10 ]
           6      687670    1739.854   3.678e-02   3.062e-02   3.311e-02   0.000e+00   2.410e-02   7.619e-02  1.0000        2503  [    4    147       1280         11 ]
           6      690249    1744.899   3.678e-02   3.062e-02   3.311e-02   0.000e+00   2.410e-02   7.619e-02  1.0000        2503  [    4    148       1280         11 ]
           6      692846    1750.598   3.678e-02   3.062e-02   3.311e-02   0.000e+00   2.410e-02   7.619e-02  1.0000        2505  [    4    149       1280         11 ]
           6      695498    1755.761   3.678e-02   3.062e-02   3.311e-02   0.000e+00   2.410e-02   7.619e-02  1.0000        2501  [    4    150       1280         11 ]
           6      698072    1760.850   3.678e-02   3.062e-02   3.311e-02   0.000e+00   2.410e-02   7.619e-02  1.0000        2492  [    4    151       1280         11 ]
           6      700705    1765.834   3.678e-02   3.062e-02   3.311e-02   0.000e+00   2.410e-02   7.619e-02  1.0000        2492  [    4    152       1280         10 ]
           6      703390    1770.766   3.678e-02   3.062e-02   3.311e-02   0.000e+00   2.410e-02   7.619e-02  1.0000        2504  [    4    153       1280         12 ]
           6      707971    1777.780   3.678e-02   3.062e-02   3.311e-02   0.000e+00   2.410e-02   7.612e-02  1.0000        2506  [    5     20       2560          8 ]
           6      710626    1783.707   3.678e-02   3.062e-02   3.311e-02   0.000e+00   2.410e-02   7.612e-02  1.0000        2510  [    4    154       1280         10 ]
           6      713223    1788.938   3.678e-02   3.062e-02   3.311e-02   0.000e+00   2.410e-02   7.612e-02  1.0000        2512  [    4    155       1280         15 ]
           6      715925    1793.952   3.678e-02   3.062e-02   3.311e-02   0.000e+00   2.410e-02   7.612e-02  1.0000        2521  [    4    156       1280         17 ]
           6      718676    1798.898   3.678e-02   3.062e-02   3.311e-02   0.000e+00   2.410e-02   7.612e-02  1.0000        2523  [    4    157       1280         18 ]
           6      721419    1804.177   3.678e-02   3.062e-02   3.311e-02   0.000e+00   2.410e-02   7.612e-02  1.0000        2514  [    4    158       1280         12 ]
           6      724004    1809.379   3.678e-02   3.062e-02   3.311e-02   0.000e+00   2.410e-02   7.612e-02  1.0000        2512  [    4    159       1280         11 ]
           6      726736    1814.821   3.678e-02   3.062e-02   3.311e-02   0.000e+00   2.410e-02   7.612e-02  1.0000        2517  [    4    160       1280         15 ]
           6      729472    1819.611   3.678e-02   3.062e-02   3.311e-02   0.000e+00   2.410e-02   7.612e-02  1.0000        2511  [    4    161       1280         15 ]
           6      734286    1825.956   3.678e-02   3.062e-02   3.311e-02   0.000e+00   2.410e-02   7.612e-02  1.0000        2519  [    5     21       2560          9 ]
           6      736958    1831.067   3.678e-02   3.062e-02   3.311e-02   0.000e+00   2.410e-02   7.612e-02  1.0000        2540  [    4    162       1280         17 ]
           6      739626    1835.994   3.678e-02   3.062e-02   3.311e-02   0.000e+00   2.410e-02   7.612e-02  1.0000        2526  [    4    163       1280         15 ]
           6      742344    1841.080   3.678e-02   3.062e-02   3.311e-02   0.000e+00   2.410e-02   7.612e-02  1.0000        2524  [    4    164       1280         14 ]
           6      744984    1846.134   3.678e-02   3.062e-02   3.311e-02   0.000e+00   2.410e-02   7.612e-02  1.0000        2532  [    4    165       1280         16 ]
           6      747702    1851.499   3.678e-02   3.062e-02   3.311e-02   0.000e+00   2.410e-02   7.612e-02  1.0000        2533  [    4    166       1280         17 ]
           6      750389    1856.602   3.678e-02   3.062e-02   3.311e-02   0.000e+00   2.410e-02   7.612e-02  1.0000        2531  [    4    167       1280         14 ]
           6      753046    1861.651   3.678e-02   3.062e-02   3.311e-02   0.000e+00   2.410e-02   7.612e-02  1.0000        2525  [    4    168       1280         11 ]
           6      755563    1866.607   3.678e-02   3.062e-02   3.311e-02   0.000e+00   2.410e-02   7.612e-02  1.0000        2512  [    4    169       1280         10 ]
           6      760103    1873.177   3.678e-02   3.062e-02   3.311e-02   0.000e+00   2.410e-02   7.612e-02  1.0000        2522  [    5     22       2560         12 ]
           6      762594    1878.081   3.678e-02   3.062e-02   3.311e-02   0.000e+00   2.409e-02   7.612e-02  1.0000        2520  [    4    170       1280         12 ]
           6      765115    1883.275   3.678e-02   3.062e-02   3.311e-02   0.000e+00   2.409e-02   7.612e-02  1.0000        2517  [    4    171       1280         10 ]
           6      767711    1888.040   3.678e-02   3.062e-02   3.311e-02   0.000e+00   2.409e-02   7.612e-02  1.0000        2516  [    4    172       1280         10 ]
           6      770180    1893.194   3.678e-02   3.062e-02   3.311e-02   0.000e+00   2.409e-02   7.612e-02  1.0000        2515  [    4    173       1280          8 ]
           6      772625    1898.210   3.678e-02   3.062e-02   3.311e-02   0.000e+00   2.409e-02   7.612e-02  1.0000        2521  [    4    174       1280         11 ]
           6      775170    1903.105   3.678e-02   3.062e-02   3.311e-02   0.000e+00   2.408e-02   7.612e-02  1.0000        2522  [    4    175       1280          8 ]
           6      777523    1907.858   3.678e-02   3.062e-02   3.311e-02   0.000e+00   2.408e-02   7.612e-02  1.0000        2518  [    4    176       1280          7 ]
           6      779925    1913.092   3.678e-02   3.062e-02   3.311e-02   0.000e+00   2.408e-02   7.612e-02  1.0000        2530  [    4    177       1280         11 ]
           6      784841    1920.563   3.678e-02   3.062e-02   3.311e-02   0.000e+00   2.408e-02   7.612e-02  1.0000        2532  [    5     23       2560         15 ]
           6      787307    1925.997   3.678e-02   3.062e-02   3.311e-02   0.000e+00   2.408e-02   7.612e-02  1.0000        2526  [    4    178       1280          9 ]
           6      789974    1930.930   3.678e-02   3.062e-02   3.311e-02   0.000e+00   2.408e-02   7.612e-02  1.0000        2547  [    4    179       1280         15 ]
           6      792650    1936.097   3.678e-02   3.062e-02   3.311e-02   0.000e+00   2.408e-02   7.612e-02  1.0000        2536  [    4    180       1280         12 ]
           6      795318    1941.166   3.678e-02   3.062e-02   3.311e-02   0.000e+00   2.408e-02   7.611e-02  1.0000        2535  [    4    181       1280         11 ]
           6      797685    1946.520   3.678e-02   3.062e-02   3.311e-02   0.000e+00   2.408e-02   7.611e-02  1.0000        2528  [    4    182       1280          9 ]
           6      800167    1951.238   3.678e-02   3.062e-02   3.311e-02   0.000e+00   2.408e-02   7.611e-02  1.0000        2544  [    4    183       1280         11 ]
           6      802661    1956.060   3.678e-02   3.062e-02   3.311e-02   0.000e+00   2.408e-02   7.611e-02  1.0000        2529  [    4    184       1280          7 ]
           6      805040    1960.979   3.678e-02   3.062e-02   3.311e-02   0.000e+00   2.406e-02   7.609e-02  1.0000        2522  [    4    185       1280          9 ]
           6      810035    1967.202   3.678e-02   3.062e-02   3.311e-02   0.000e+00   2.406e-02   7.609e-02  1.0000        2533  [    5     24       2560         14 ]
           6      812701    1971.988   3.678e-02   3.062e-02   3.311e-02   0.000e+00   2.403e-02   7.604e-02  1.0000        2548  [    4    186       1280         17 ]
           6      815342    1976.801   3.678e-02   3.062e-02   3.311e-02   0.000e+00   2.400e-02   7.593e-02  1.0000        2542  [    4    187       1280         13 ]
           6      817956    1981.724   3.678e-02   3.062e-02   3.311e-02   0.000e+00   2.397e-02   7.582e-02  1.0000        2531  [    4    188       1280         10 ]
           6      820562    1986.632   3.678e-02   3.062e-02   3.311e-02   0.000e+00   2.397e-02   7.582e-02  1.0000        2535  [    4    189       1280         11 ]
           6      823158    1991.632   3.678e-02   3.062e-02   3.311e-02   0.000e+00   2.397e-02   7.582e-02  1.0000        2537  [    4    190       1280         12 ]
           6      825648    1996.497   3.678e-02   3.062e-02   3.311e-02   0.000e+00   2.397e-02   7.573e-02  1.0000        2539  [    4    191       1280         13 ]
           6      828311    2001.739   3.678e-02   3.062e-02   3.311e-02   0.000e+00   2.397e-02   7.573e-02  1.0000        2539  [    4    192       1280          8 ]
           6      830761    2006.939   3.678e-02   3.062e-02   3.311e-02   0.000e+00   2.397e-02   7.573e-02  1.0000        2531  [    4    193       1280          7 ]
           6      835646    2013.636   3.678e-02   3.062e-02   3.311e-02   0.000e+00   2.397e-02   7.573e-02  1.0000        2539  [    5     25       2560          6 ]
           6      845486    2024.633   3.678e-02   3.062e-02   3.311e-02   0.000e+00   2.363e-02   7.497e-02  1.0000        2557  [    6      4       5120          5 ]
           6      847949    2029.748   3.678e-02   3.062e-02   3.311e-02   0.000e+00   2.363e-02   7.489e-02  1.0000        2568  [    4    194       1280          8 ]
           6      850372    2035.155   3.678e-02   3.062e-02   3.311e-02   0.000e+00   2.363e-02   7.489e-02  1.0000        2553  [    4    195       1280          9 ]
           6      852873    2040.577   3.678e-02   3.062e-02   3.311e-02   0.000e+00   2.362e-02   7.486e-02  1.0000        2552  [    4    196       1280          8 ]
           6      855315    2045.862   3.678e-02   3.062e-02   3.311e-02   0.000e+00   2.360e-02   7.483e-02  1.0000        2550  [    4    197       1280          5 ]
           6      857716    2051.005   3.678e-02   3.062e-02   3.311e-02   0.000e+00   2.355e-02   7.471e-02  1.0000        2561  [    4    198       1280         10 ]
           6      860225    2056.161   3.678e-02   3.062e-02   3.311e-02   0.000e+00   2.355e-02   7.471e-02  1.0000        2558  [    4    199       1280          6 ]
           6      862597    2061.254   3.678e-02   3.062e-02   3.311e-02   0.000e+00   2.355e-02   7.471e-02  1.0000        2550  [    4    200       1280          7 ]
           6      865014    2066.493   3.678e-02   3.062e-02   3.311e-02   0.000e+00   2.355e-02   7.471e-02  1.0000        2547  [    4    201       1280          8 ]
           6      869554    2073.254   3.678e-02   3.062e-02   3.311e-02   0.000e+00   2.355e-02   7.471e-02  1.0000        2548  [    5     26       2560          7 ]
           6      871946    2078.527   3.678e-02   3.062e-02   3.311e-02   0.000e+00   2.355e-02   7.471e-02  1.0000        2563  [    4    202       1280          9 ]
           6      874430    2083.579   3.678e-02   3.062e-02   3.311e-02   0.000e+00   2.355e-02   7.471e-02  1.0000        2560  [    4    203       1280          8 ]
           6      877013    2088.648   3.678e-02   3.062e-02   3.311e-02   0.000e+00   2.355e-02   7.471e-02  1.0000        2566  [    4    204       1280         12 ]
           6      879541    2094.014   3.678e-02   3.062e-02   3.311e-02   0.000e+00   2.354e-02   7.470e-02  1.0000        2571  [    4    205       1280         12 ]
           6      882073    2099.124   3.678e-02   3.062e-02   3.311e-02   0.000e+00   2.354e-02   7.470e-02  1.0000        2561  [    4    206       1280         14 ]
           6      884684    2104.226   3.678e-02   3.062e-02   3.311e-02   0.000e+00   2.354e-02   7.470e-02  1.0000        2556  [    4    207       1280         11 ]
           6      887289    2109.226   3.678e-02   3.062e-02   3.311e-02   0.000e+00   2.353e-02   7.470e-02  1.0000        2558  [    4    208       1280         13 ]
           6      889886    2114.283   3.678e-02   3.062e-02   3.311e-02   0.000e+00   2.353e-02   7.470e-02  1.0000        2560  [    4    209       1280         12 ]
           6      894821    2121.456   3.678e-02   3.062e-02   3.311e-02   0.000e+00   2.353e-02   7.470e-02  1.0000        2567  [    5     27       2560          9 ]
           6      897343    2126.600   3.678e-02   3.062e-02   3.311e-02   0.000e+00   2.353e-02   7.470e-02  1.0000        2566  [    4    210       1280          8 ]
           6      899951    2132.250   3.678e-02   3.062e-02   3.311e-02   0.000e+00   2.353e-02   7.470e-02  1.0000        2565  [    4    211       1280         11 ]
           6      902515    2137.683   3.678e-02   3.062e-02   3.311e-02   0.000e+00   2.353e-02   7.470e-02  1.0000        2568  [    4    212       1280         12 ]
           6      905234    2143.037   3.678e-02   3.062e-02   3.311e-02   0.000e+00   2.353e-02   7.470e-02  1.0000        2572  [    4    213       1280         12 ]
           6      907866    2148.276   3.678e-02   3.062e-02   3.311e-02   0.000e+00   2.353e-02   7.470e-02  1.0000        2569  [    4    214       1280         11 ]
           6      910438    2153.504   3.678e-02   3.062e-02   3.311e-02   0.000e+00   2.353e-02   7.470e-02  1.0000        2564  [    4    215       1280          9 ]
           6      913124    2158.671   3.678e-02   3.062e-02   3.311e-02   0.000e+00   2.353e-02   7.470e-02  1.0000        2575  [    4    216       1280         11 ]
           6      915704    2164.191   3.678e-02   3.062e-02   3.311e-02   0.000e+00   2.353e-02   7.470e-02  1.0000        2566  [    4    217       1280         10 ]
           6      920376    2171.398   3.678e-02   3.062e-02   3.311e-02   0.000e+00   2.353e-02   7.470e-02  1.0000        2582  [    5     28       2560         15 ]
           6      922978    2176.764   3.678e-02   3.062e-02   3.311e-02   0.000e+00   2.353e-02   7.470e-02  1.0000        2576  [    4    218       1280         10 ]
           6      925429    2181.767   3.678e-02   3.062e-02   3.311e-02   0.000e+00   2.353e-02   7.470e-02  1.0000        2569  [    4    219       1280          7 ]
           6      927922    2186.843   3.678e-02   3.062e-02   3.311e-02   0.000e+00   2.352e-02   7.465e-02  1.0000        2576  [    4    220       1280         11 ]
           6      930456    2192.065   3.678e-02   3.062e-02   3.311e-02   0.000e+00   2.352e-02   7.465e-02  1.0000        2577  [    4    221       1280         13 ]
           6      933108    2197.239   3.678e-02   3.062e-02   3.311e-02   0.000e+00   2.352e-02   7.465e-02  1.0000        2584  [    4    222       1280         12 ]
           6      935642    2202.365   3.678e-02   3.062e-02   3.311e-02   0.000e+00   2.352e-02   7.465e-02  1.0000        2573  [    4    223       1280         11 ]
           6      938279    2207.401   3.678e-02   3.062e-02   3.311e-02   0.000e+00   2.351e-02   7.463e-02  1.0000        2577  [    4    224       1280         11 ]
           6      940890    2212.820   3.678e-02   3.062e-02   3.311e-02   0.000e+00   2.351e-02   7.463e-02  1.0000        2580  [    4    225       1280         12 ]
           6      945727    2219.686   3.678e-02   3.062e-02   3.311e-02   0.000e+00   2.351e-02   7.463e-02  1.0000        2586  [    5     29       2560         13 ]
           6      948296    2224.935   3.678e-02   3.062e-02   3.311e-02   0.000e+00   2.351e-02   7.463e-02  1.0000        2577  [    4    226       1280          7 ]
           6      950752    2230.163   3.678e-02   3.062e-02   3.311e-02   0.000e+00   2.351e-02   7.463e-02  1.0000        2579  [    4    227       1280          8 ]
           6      953326    2235.311   3.678e-02   3.062e-02   3.311e-02   0.000e+00   2.351e-02   7.463e-02  1.0000        2582  [    4    228       1280         11 ]
           6      955911    2240.411   3.678e-02   3.062e-02   3.311e-02   0.000e+00   2.351e-02   7.463e-02  1.0000        2595  [    4    229       1280         14 ]
           6      958643    2245.754   3.678e-02   3.062e-02   3.311e-02   0.000e+00   2.351e-02   7.463e-02  1.0000        2595  [    4    230       1280         13 ]
           6      961236    2251.061   3.678e-02   3.062e-02   3.311e-02   0.000e+00   2.351e-02   7.463e-02  1.0000        2594  [    4    231       1280         12 ]
           6      963850    2256.304   3.678e-02   3.062e-02   3.311e-02   0.000e+00   2.351e-02   7.463e-02  1.0000        2597  [    4    232       1280         14 ]
           6      966433    2261.593   3.678e-02   3.062e-02   3.311e-02   0.000e+00   2.351e-02   7.463e-02  1.0000        2598  [    4    233       1280         12 ]
           6      971290    2268.046   3.678e-02   3.062e-02   3.311e-02   0.000e+00   2.351e-02   7.463e-02  1.0000        2595  [    5     30       2560         12 ]
           6      973843    2273.018   3.678e-02   3.062e-02   3.311e-02   0.000e+00   2.350e-02   7.463e-02  1.0000        2593  [    4    234       1280         12 ]
           6      976451    2278.314   3.678e-02   3.062e-02   3.311e-02   0.000e+00   2.350e-02   7.463e-02  1.0000        2590  [    4    235       1280         11 ]
           6      979117    2283.469   3.678e-02   3.062e-02   3.311e-02   0.000e+00   2.350e-02   7.463e-02  1.0000        2589  [    4    236       1280         12 ]
           6      981757    2288.560   3.678e-02   3.062e-02   3.311e-02   0.000e+00   2.350e-02   7.463e-02  1.0000        2594  [    4    237       1280         12 ]
           6      984437    2293.663   3.678e-02   3.062e-02   3.311e-02   0.000e+00   2.350e-02   7.463e-02  1.0000        2599  [    4    238       1280         14 ]
           6      986892    2298.973   3.678e-02   3.062e-02   3.311e-02   0.000e+00   2.350e-02   7.463e-02  1.0000        2584  [    4    239       1280         11 ]
           6      989449    2304.073   3.678e-02   3.062e-02   3.311e-02   0.000e+00   2.350e-02   7.463e-02  1.0000        2580  [    4    240       1280         13 ]
           6      991874    2309.403   3.678e-02   3.062e-02   3.311e-02   0.000e+00   2.350e-02   7.463e-02  1.0000        2565  [    4    241       1280          6 ]
           6      996674    2316.107   3.678e-02   3.062e-02   3.311e-02   0.000e+00   2.350e-02   7.463e-02  1.0000        2573  [    5     31       2560          9 ]
           6      999075    2321.180   3.678e-02   3.062e-02   3.311e-02   0.000e+00   2.350e-02   7.463e-02  1.0000        2575  [    4    242       1280          8 ]
           7     1001483    2326.346   3.678e-02   3.062e-02   3.311e-02   0.000e+00   2.350e-02   7.463e-02  1.0000        2570  [    6      4       5120          5 ]
