# Generation  Evaluations  Time (s)  Best_obj[0]  Best_obj[1]  Hypervol.   IGD         IGDX        SR    Appr.set  [ Pop.index  Subgen.  Pop.size  Subpops ]
           0          75       2.833   3.386e+00   1.661e+00   0.000e+00   2.991e+00   6.339e+00  0.0000           5  [    0      1         30          3 ]
           0         143       2.848   3.322e-01   1.661e+00   0.000e+00   1.719e+00   5.811e+00  0.0000           8  [    0      2         30          4 ]
           0         214       2.870   4.301e-02   1.089e-01   0.000e+00   6.587e-01   5.758e+00  0.0000          11  [    0      3         30          4 ]
           0         282       2.901   1.733e-02   1.089e-01   0.000e+00   4.324e-01   5.660e+00  0.0000          18  [    0      4         30          4 ]
           0         353       2.946   1.596e-02   1.990e-02   0.000e+00   2.904e-01   5.707e+00  0.0000          36  [    0      5         30          4 ]
           0         430       2.998   1.596e-02   1.990e-02   0.000e+00   2.210e-01   5.704e+00  0.0000          53  [    0      6         30          4 ]
           0         511       3.062   4.906e-03   1.990e-02   0.000e+00   1.928e-01   5.703e+00  0.0000          72  [    0      7         30          4 ]
           0         587       3.125   4.906e-03   1.990e-02   0.000e+00   1.616e-01   5.699e+00  0.0000          87  [    0      8         30          4 ]
           1         888       3.256   4.906e-03   1.990e-02   0.000e+00   1.217e-01   1.692e+00  0.0000         183  [    1      1         60          9 ]
           1         998       3.463   4.906e-03   3.692e-03   0.000e+00   1.155e-01   1.657e+00  0.0000         202  [    0      9         30          8 ]
           1        1166       3.659   4.906e-03   3.692e-03   0.000e+00   8.711e-02   1.060e+00  0.0000         202  [    1      2         60          9 ]
           1        1272       3.838   4.906e-03   3.692e-03   0.000e+00   8.027e-02   9.648e-01  0.0000         205  [    0     10         30          9 ]
           1        1382       3.974   4.906e-03   3.692e-03   8.915e-05   6.513e-02   9.183e-01  0.0000         218  [    0     11         30          9 ]
           1        1480       4.168   4.906e-03   3.692e-03   8.915e-05   6.422e-02   9.417e-01  0.0000         233  [    0     12         30          9 ]
           1        1580       4.327   4.906e-03   3.692e-03   8.915e-05   5.446e-02   8.373e-01  0.0000         247  [    0     13         30          9 ]
           1        1676       4.492   4.906e-03   3.692e-03   8.947e-04   5.181e-02   8.172e-01  0.0000         257  [    0     14         30          9 ]
           1        1772       4.773   4.906e-03   3.692e-03   5.681e-03   4.661e-02   7.766e-01  0.0000         266  [    0     15         30          9 ]
           1        1875       5.027   4.906e-03   3.692e-03   5.681e-03   4.169e-02   7.242e-01  0.0000         193  [    0     16         30          9 ]
           1        1974       5.206   4.906e-03   3.692e-03   4.966e-03   4.064e-02   7.291e-01  0.0000         204  [    0     17         30          9 ]
           1        2136       5.410   4.906e-03   1.429e-03   6.212e-03   3.625e-02   7.207e-01  0.0000         218  [    1      3         60         10 ]
           1        2237       5.634   4.906e-03   1.429e-03   6.340e-03   3.500e-02   7.141e-01  0.0000         229  [    0     18         30         10 ]
           1        2343       5.854   4.906e-03   1.429e-03   6.466e-03   3.384e-02   6.900e-01  0.0000         251  [    0     19         30         10 ]
           1        2444       6.087   4.906e-03   1.429e-03   6.466e-03   3.243e-02   6.873e-01  0.0000         258  [    0     20         30         10 ]
           1        2552       6.262   4.906e-03   1.429e-03   7.064e-03   2.957e-02   6.814e-01  0.0000         263  [    0     21         30         10 ]
           1        2652       6.437   4.906e-03   1.429e-03   7.064e-03   2.844e-02   6.807e-01  0.0000         280  [    0     22         30         10 ]
           1        2758       6.631   4.906e-03   1.429e-03   8.683e-03   2.740e-02   6.791e-01  0.0000         284  [    0     23         30         10 ]
           1        2864       6.891   4.906e-03   1.429e-03   8.683e-03   2.652e-02   6.634e-01  0.0000         303  [    0     24         30         10 ]
           1        2967       7.194   4.906e-03   1.429e-03   9.297e-03   2.555e-02   6.435e-01  0.0000         302  [    0     25         30         10 ]
           1        3135       7.438   4.906e-03   1.429e-03   1.068e-02   2.259e-02   6.181e-01  0.0000         326  [    1      4         60         11 ]
           1        3248       7.658   4.195e-03   1.429e-03   1.039e-02   2.247e-02   4.704e-01  0.0000         340  [    0     26         30         12 ]
           1        3371       7.888   4.195e-03   1.429e-03   1.039e-02   2.170e-02   4.690e-01  0.0000         361  [    0     27         30         14 ]
           1        3493       8.175   4.195e-03   1.429e-03   9.797e-03   2.158e-02   4.686e-01  0.1111         364  [    0     28         30         15 ]
           1        3613       8.431   4.195e-03   1.429e-03   9.797e-03   2.142e-02   5.273e-01  0.1111         368  [    0     29         30         12 ]
           1        3724       8.839   4.195e-03   1.429e-03   9.797e-03   2.133e-02   4.588e-01  0.1111         374  [    0     30         30         11 ]
           1        3829       9.131   4.195e-03   1.429e-03   9.825e-03   1.916e-02   4.372e-01  0.1111         376  [    0     31         30         11 ]
           1        3945       9.530   4.195e-03   1.429e-03   9.825e-03   1.843e-02   4.329e-01  0.1111         384  [    0     32         30         12 ]
           1        4063       9.902   1.409e-03   1.429e-03   9.825e-03   1.814e-02   4.325e-01  0.1111         396  [    0     33         30         12 ]
           1        4232      10.173   1.409e-03   1.429e-03   1.073e-02   1.737e-02   4.273e-01  0.1111         413  [    1      5         60         13 ]
           1        4350      10.453   2.147e-04   1.429e-03   1.075e-02   1.675e-02   4.229e-01  0.2222         424  [    0     34         30         12 ]
           1        4466      10.754   2.147e-04   1.429e-03   1.078e-02   1.629e-02   4.196e-01  0.2222         431  [    0     35         30         12 ]
           1        4586      11.129   2.147e-04   1.429e-03   1.078e-02   1.551e-02   4.136e-01  0.2222         442  [    0     36         30         13 ]
           1        4708      11.462   2.147e-04   1.429e-03   1.078e-02   1.494e-02   4.093e-01  0.3333         455  [    0     37         30         12 ]
           1        4824      11.816   2.147e-04   1.429e-03   1.078e-02   1.447e-02   4.080e-01  0.4444         475  [    0     38         30         12 ]
           1        4942      12.241   2.147e-04   1.429e-03   1.078e-02   1.442e-02   4.024e-01  0.4444         481  [    0     39         30         12 ]
           1        5059      12.630   2.147e-04   1.429e-03   1.078e-02   1.404e-02   4.015e-01  0.4444         489  [    0     40         30         12 ]
           1        5171      13.009   5.392e-05   1.429e-03   1.078e-02   1.360e-02   4.002e-01  0.4444         494  [    0     41         30         10 ]
           1        5332      13.439   5.392e-05   1.429e-03   1.078e-02   1.342e-02   4.000e-01  0.4444         509  [    1      6         60         10 ]
           1        5432      13.900   5.392e-05   1.429e-03   1.070e-02   1.339e-02   4.000e-01  0.4444         513  [    0     42         30          9 ]
           1        5524      14.252   5.392e-05   1.429e-03   1.070e-02   1.337e-02   3.153e-01  0.4444         503  [    0     43         30          9 ]
           1        5618      14.597   5.392e-05   1.429e-03   1.070e-02   1.331e-02   2.697e-01  0.4444         504  [    0     44         30          9 ]
           1        5715      14.988   5.392e-05   1.429e-03   1.070e-02   1.274e-02   2.696e-01  0.4444         513  [    0     45         30          9 ]
           1        5811      15.364   5.392e-05   1.429e-03   1.070e-02   1.252e-02   2.695e-01  0.4444         525  [    0     46         30          9 ]
           1        5905      15.856   5.392e-05   1.429e-03   1.182e-02   1.213e-02   2.486e-01  0.4444         533  [    0     47         30          9 ]
           1        6004      16.331   5.392e-05   1.429e-03   1.182e-02   1.181e-02   2.484e-01  0.4444         541  [    0     48         30          9 ]
           1        6105      16.731   5.392e-05   1.429e-03   1.224e-02   1.147e-02   2.471e-01  0.4444         559  [    0     49         30          9 ]
           1        6255      17.131   5.392e-05   1.429e-03   1.224e-02   1.114e-02   2.462e-01  0.4444         567  [    1      7         60         10 ]
           1        6368      17.627   5.392e-05   1.429e-03   1.317e-02   1.095e-02   2.457e-01  0.4444         581  [    0     50         30         10 ]
           1        6473      18.237   5.392e-05   1.429e-03   1.317e-02   1.079e-02   2.456e-01  0.4444         594  [    0     51         30         11 ]
           1        6591      18.801   5.392e-05   1.429e-03   1.297e-02   1.040e-02   2.443e-01  0.4444         602  [    0     52         30         12 ]
           1        6700      19.243   5.392e-05   1.429e-03   1.297e-02   1.009e-02   2.441e-01  0.4444         616  [    0     53         30         12 ]
           1        6819      19.696   5.392e-05   1.429e-03   1.297e-02   1.001e-02   2.441e-01  0.4444         625  [    0     54         30         13 ]
           1        6935      20.185   5.392e-05   1.429e-03   1.297e-02   9.972e-03   2.441e-01  0.4444         631  [    0     55         30         13 ]
           1        7052      20.656   5.392e-05   1.429e-03   1.297e-02   9.853e-03   2.437e-01  0.4444         624  [    0     56         30         12 ]
           1        7159      21.178   5.392e-05   1.429e-03   1.340e-02   9.712e-03   2.433e-01  0.4444         628  [    0     57         30         11 ]
           1        7320      21.669   5.392e-05   1.429e-03   1.340e-02   9.283e-03   2.399e-01  0.4444         652  [    1      8         60         11 ]
           1        7430      22.239   5.392e-05   1.429e-03   1.340e-02   9.157e-03   2.370e-01  0.4444         664  [    0     58         30         11 ]
           1        7540      23.248   5.392e-05   1.429e-03   1.340e-02   9.056e-03   2.351e-01  0.4444         672  [    0     59         30         12 ]
           1        7652      24.031   5.392e-05   1.429e-03   1.340e-02   8.748e-03   1.828e-01  0.5556         672  [    0     60         30         12 ]
           1        7775      24.807   5.392e-05   1.429e-03   1.345e-02   8.402e-03   1.827e-01  0.5556         690  [    0     61         30         13 ]
           1        7897      25.499   5.392e-05   1.429e-03   1.345e-02   8.255e-03   1.826e-01  0.5556         700  [    0     62         30         13 ]
           1        8020      26.077   5.392e-05   1.429e-03   1.345e-02   8.346e-03   1.822e-01  0.5556         709  [    0     63         30         12 ]
           1        8139      26.610   5.392e-05   1.429e-03   1.345e-02   8.341e-03   1.822e-01  0.5556         697  [    0     64         30         11 ]
           2        9488      27.126   5.392e-05   5.139e-04   1.537e-02   4.850e-03   1.584e-01  0.5556        1231  [    2      1        120         17 ]
           2        9722      28.350   5.392e-05   5.139e-04   1.539e-02   4.795e-03   1.566e-01  0.6667        1248  [    1      9         60         14 ]
           2       10126      29.722   5.392e-05   5.139e-04   1.596e-02   6.772e-03   1.583e-01  0.6667         748  [    2      2        120         19 ]
           2       10390      30.266   5.392e-05   5.139e-04   1.596e-02   6.761e-03   9.691e-02  0.6667         738  [    1     10         60         15 ]
           2       10603      30.851   5.392e-05   5.139e-04   1.604e-02   6.914e-03   7.206e-02  0.7778         744  [    1     11         60         15 ]
           2       10822      31.442   5.392e-05   5.139e-04   1.581e-02   6.798e-03   7.152e-02  0.7778         771  [    1     12         60         14 ]
           2       11022      32.060   5.392e-05   5.139e-04   1.581e-02   6.743e-03   7.118e-02  0.7778         788  [    1     13         60         14 ]
           2       11225      32.708   5.392e-05   5.139e-04   1.581e-02   6.629e-03   7.089e-02  0.7778         807  [    1     14         60         14 ]
           2       11425      33.685   5.392e-05   5.139e-04   1.581e-02   6.458e-03   7.072e-02  0.7778         828  [    1     15         60         13 ]
           2       11627      34.540   5.392e-05   5.139e-04   1.581e-02   6.407e-03   7.065e-02  0.7778         855  [    1     16         60         13 ]
           2       11819      35.175   5.392e-05   5.139e-04   1.581e-02   6.317e-03   7.010e-02  0.7778         873  [    1     17         60         12 ]
           2       12153      35.868   5.392e-05   5.139e-04   1.600e-02   6.102e-03   6.905e-02  0.7778         912  [    2      3        120         16 ]
           2       12374      36.571   5.392e-05   5.139e-04   1.600e-02   5.969e-03   6.811e-02  0.8889         959  [    1     18         60         16 ]
           2       12620      37.345   5.392e-05   5.139e-04   1.600e-02   5.894e-03   6.801e-02  0.8889         982  [    1     19         60         17 ]
           2       12828      38.161   5.392e-05   5.139e-04   1.692e-02   5.833e-03   6.755e-02  0.8889         978  [    1     20         60         14 ]
           2       13032      39.005   5.392e-05   5.139e-04   1.699e-02   5.734e-03   6.661e-02  0.8889         996  [    1     21         60         14 ]
           2       13242      39.769   5.392e-05   5.139e-04   1.695e-02   5.714e-03   4.412e-02  0.8889        1009  [    1     22         60         13 ]
           2       13449      40.746   5.392e-05   5.139e-04   1.695e-02   5.680e-03   3.786e-02  0.8889        1030  [    1     23         60         12 ]
           2       13649      41.892   5.392e-05   5.139e-04   1.682e-02   5.563e-03   3.286e-02  0.8889        1056  [    1     24         60         12 ]
           2       13844      42.782   5.392e-05   2.864e-04   1.690e-02   5.368e-03   3.247e-02  0.8889        1075  [    1     25         60         12 ]
           2       14166      43.649   5.392e-05   2.864e-04   1.690e-02   5.269e-03   3.172e-02  0.8889        1125  [    2      4        120         15 ]
           2       14383      44.726   5.392e-05   2.864e-04   1.690e-02   5.246e-03   3.110e-02  0.8889        1139  [    1     26         60         16 ]
           2       14609      45.799   5.392e-05   2.864e-04   1.690e-02   5.241e-03   3.108e-02  0.8889        1144  [    1     27         60         15 ]
           2       14827      46.751   5.392e-05   2.864e-04   1.690e-02   5.200e-03   3.106e-02  0.8889        1154  [    1     28         60         15 ]
           2       15037      47.668   5.392e-05   2.864e-04   1.699e-02   5.157e-03   3.061e-02  0.8889        1162  [    1     29         60         15 ]
           2       15268      48.732   5.392e-05   2.864e-04   1.700e-02   4.928e-03   3.049e-02  0.8889        1173  [    1     30         60         15 ]
           2       15495      49.699   5.392e-05   2.864e-04   1.700e-02   4.909e-03   3.046e-02  0.8889        1188  [    1     31         60         13 ]
           2       15714      50.739   5.392e-05   1.132e-05   1.704e-02   4.860e-03   3.022e-02  0.8889        1208  [    1     32         60         12 ]
           2       15918      52.082   5.392e-05   1.132e-05   1.702e-02   4.832e-03   2.948e-02  1.0000        1224  [    1     33         60         12 ]
           2       16235      53.216   5.392e-05   1.132e-05   1.697e-02   4.799e-03   2.890e-02  1.0000        1250  [    2      5        120         14 ]
           2       16466      54.283   5.392e-05   1.132e-05   1.643e-02   6.354e-03   3.088e-02  1.0000         757  [    1     34         60         15 ]
           2       16662      54.824   5.392e-05   1.132e-05   1.643e-02   6.322e-03   3.073e-02  1.0000         752  [    1     35         60         12 ]
           2       16857      55.463   5.392e-05   1.132e-05   1.643e-02   6.245e-03   3.014e-02  1.0000         753  [    1     36         60         12 ]
           2       17032      56.179   5.392e-05   1.132e-05   1.640e-02   6.195e-03   3.014e-02  1.0000         759  [    1     37         60         12 ]
           2       17207      56.851   5.117e-05   1.132e-05   1.640e-02   6.157e-03   3.006e-02  1.0000         763  [    1     38         60         12 ]
           2       17386      57.435   5.117e-05   1.132e-05   1.640e-02   6.146e-03   3.001e-02  1.0000         766  [    1     39         60         12 ]
           2       17560      58.297   5.117e-05   1.132e-05   1.640e-02   6.118e-03   2.997e-02  1.0000         769  [    1     40         60         11 ]
           2       17723      59.228   5.117e-05   1.132e-05   1.640e-02   6.102e-03   2.989e-02  1.0000         769  [    1     41         60          9 ]
           2       18033      60.030   5.117e-05   1.132e-05   1.640e-02   6.081e-03   2.986e-02  1.0000         778  [    2      6        120         12 ]
           2       18219      60.752   5.117e-05   1.132e-05   1.661e-02   5.974e-03   2.932e-02  1.0000         784  [    1     42         60         11 ]
           2       18409      61.503   5.117e-05   1.132e-05   1.661e-02   5.916e-03   2.907e-02  1.0000         791  [    1     43         60         12 ]
           2       18580      62.248   5.117e-05   1.132e-05   1.661e-02   5.899e-03   2.900e-02  1.0000         789  [    1     44         60         11 ]
           2       18749      62.847   5.117e-05   1.132e-05   1.661e-02   5.874e-03   2.900e-02  1.0000         795  [    1     45         60         11 ]
           2       18916      63.529   5.117e-05   1.132e-05   1.661e-02   5.854e-03   2.893e-02  1.0000         803  [    1     46         60         10 ]
           2       19088      64.159   5.117e-05   1.132e-05   1.727e-02   5.824e-03   2.836e-02  1.0000         806  [    1     47         60         11 ]
           2       19261      64.743   5.117e-05   1.132e-05   1.727e-02   5.749e-03   2.726e-02  1.0000         816  [    1     48         60         11 ]
           2       19427      65.359   5.117e-05   1.132e-05   1.727e-02   5.731e-03   2.711e-02  1.0000         816  [    1     49         60         10 ]
           2       19722      65.956   5.117e-05   1.132e-05   1.727e-02   5.692e-03   2.706e-02  1.0000         825  [    2      7        120         13 ]
           2       19909      66.696   5.117e-05   1.132e-05   1.727e-02   5.679e-03   2.671e-02  1.0000         827  [    1     50         60         13 ]
           2       20114      67.380   5.117e-05   1.132e-05   1.714e-02   5.623e-03   2.668e-02  1.0000         836  [    1     51         60         14 ]
           2       20320      68.107   5.117e-05   1.132e-05   1.714e-02   5.622e-03   2.667e-02  1.0000         840  [    1     52         60         15 ]
           2       20518      68.760   5.117e-05   1.132e-05   1.714e-02   5.595e-03   2.650e-02  1.0000         831  [    1     53         60         13 ]
           2       20709      69.517   5.117e-05   1.132e-05   1.714e-02   5.575e-03   2.648e-02  1.0000         835  [    1     54         60         13 ]
           2       20896      70.261   5.117e-05   1.132e-05   1.714e-02   5.567e-03   2.611e-02  1.0000         838  [    1     55         60         12 ]
           2       21087      70.870   5.117e-05   1.132e-05   1.714e-02   5.541e-03   2.604e-02  1.0000         840  [    1     56         60         12 ]
           2       21285      71.549   5.117e-05   1.132e-05   1.724e-02   5.458e-03   2.564e-02  1.0000         847  [    1     57         60         12 ]
           2       21590      72.210   5.117e-05   1.132e-05   1.724e-02   5.443e-03   2.559e-02  1.0000         853  [    2      8        120         15 ]
           2       21796      72.931   5.117e-05   1.132e-05   1.724e-02   5.412e-03   2.552e-02  1.0000         851  [    1     58         60         14 ]
           2       22010      73.594   5.117e-05   1.132e-05   1.724e-02   5.402e-03   2.547e-02  1.0000         857  [    1     59         60         13 ]
           2       22195      74.230   5.117e-05   1.132e-05   1.724e-02   5.398e-03   2.547e-02  1.0000         857  [    1     60         60         12 ]
           2       22386      74.863   5.117e-05   1.132e-05   1.724e-02   5.366e-03   2.501e-02  1.0000         857  [    1     61         60         11 ]
           2       22581      75.553   5.117e-05   1.132e-05   1.756e-02   5.303e-03   2.485e-02  1.0000         865  [    1     62         60         11 ]
           2       22777      76.532   5.117e-05   1.132e-05   1.759e-02   5.288e-03   2.455e-02  1.0000         869  [    1     63         60         11 ]
           2       22956      77.284   5.117e-05   1.132e-05   1.759e-02   5.248e-03   2.372e-02  1.0000         872  [    1     64         60         11 ]
           3       24878      78.281   2.180e-05   1.132e-05   1.764e-02   4.596e-03   2.327e-02  1.0000         963  [    3      1        240         16 ]
           3       25111      79.153   2.180e-05   1.132e-05   1.764e-02   4.596e-03   2.327e-02  1.0000         964  [    1     65         60         16 ]
           3       25444      80.106   2.180e-05   1.132e-05   1.764e-02   4.578e-03   2.191e-02  1.0000         963  [    2      9        120         15 ]
           3       26047      81.099   2.180e-05   1.132e-05   1.768e-02   4.521e-03   2.177e-02  1.0000         976  [    3      2        240         16 ]
           3       26276      81.981   2.180e-05   1.132e-05   1.768e-02   4.519e-03   2.177e-02  1.0000         974  [    1     66         60         13 ]
           3       26487      82.720   2.180e-05   1.132e-05   1.775e-02   4.504e-03   2.159e-02  1.0000         975  [    1     67         60         12 ]
           3       26682      83.455   2.180e-05   1.132e-05   1.775e-02   4.491e-03   2.131e-02  1.0000         973  [    1     68         60         12 ]
           3       26880      84.256   2.180e-05   1.132e-05   1.775e-02   4.491e-03   2.131e-02  1.0000         973  [    1     69         60         12 ]
           3       27065      85.088   2.180e-05   1.132e-05   1.775e-02   4.488e-03   2.124e-02  1.0000         973  [    1     70         60         12 ]
           3       27268      86.077   2.180e-05   1.132e-05   1.775e-02   4.459e-03   2.122e-02  1.0000         978  [    1     71         60         12 ]
           3       27459      87.082   2.180e-05   1.132e-05   1.777e-02   4.455e-03   2.122e-02  1.0000         980  [    1     72         60         12 ]
           3       27658      87.874   2.180e-05   1.132e-05   1.777e-02   4.454e-03   2.122e-02  1.0000         981  [    1     73         60         12 ]
           3       28016      88.627   2.180e-05   1.132e-05   1.777e-02   4.452e-03   2.115e-02  1.0000         988  [    2     10        120         16 ]
           3       28241      89.371   2.180e-05   1.132e-05   1.777e-02   4.452e-03   2.115e-02  1.0000         988  [    1     74         60         15 ]
           3       28464      90.129   2.180e-05   1.132e-05   1.777e-02   4.412e-03   2.103e-02  1.0000         987  [    1     75         60         13 ]
           3       28667      90.887   2.180e-05   1.132e-05   1.777e-02   4.322e-03   2.070e-02  1.0000         989  [    1     76         60         14 ]
           3       28862      91.663   2.180e-05   1.132e-05   1.777e-02   4.322e-03   2.070e-02  1.0000         993  [    1     77         60         14 ]
           3       29057      92.515   2.180e-05   1.132e-05   1.777e-02   4.322e-03   2.070e-02  1.0000         988  [    1     78         60         14 ]
           3       29260      93.634   2.180e-05   1.132e-05   1.777e-02   4.316e-03   2.059e-02  1.0000         995  [    1     79         60         13 ]
           3       29458      94.589   2.180e-05   1.132e-05   1.777e-02   4.313e-03   2.059e-02  1.0000         999  [    1     80         60         13 ]
           3       29660      95.402   2.180e-05   1.132e-05   1.777e-02   4.309e-03   2.053e-02  1.0000         999  [    1     81         60         13 ]
           3       29994      96.228   2.180e-05   1.132e-05   1.777e-02   4.302e-03   2.048e-02  1.0000        1004  [    2     11        120         18 ]
           3       30206      97.080   2.180e-05   1.132e-05   1.777e-02   4.294e-03   2.037e-02  1.0000        1004  [    1     82         60         14 ]
           3       30410      98.323   2.180e-05   1.132e-05   1.777e-02   4.294e-03   2.037e-02  1.0000        1005  [    1     83         60         15 ]
           3       30610      99.222   2.180e-05   1.132e-05   1.777e-02   4.301e-03   2.037e-02  1.0000        1009  [    1     84         60         15 ]
           3       30815     100.135   2.180e-05   1.132e-05   1.777e-02   4.270e-03   2.036e-02  1.0000        1013  [    1     85         60         16 ]
           3       31044     100.916   2.180e-05   1.132e-05   1.777e-02   4.266e-03   2.030e-02  1.0000        1016  [    1     86         60         16 ]
           3       31257     101.734   2.180e-05   1.132e-05   1.777e-02   4.263e-03   2.018e-02  1.0000        1014  [    1     87         60         13 ]
           3       31469     102.636   2.180e-05   1.132e-05   1.777e-02   4.262e-03   2.017e-02  1.0000        1007  [    1     88         60         17 ]
           3       31700     103.445   2.180e-05   1.132e-05   1.777e-02   4.262e-03   2.017e-02  1.0000        1009  [    1     89         60         17 ]
           3       32051     104.305   2.180e-05   1.132e-05   1.777e-02   4.262e-03   2.017e-02  1.0000        1013  [    2     12        120         19 ]
           3       32294     105.641   2.180e-05   1.132e-05   1.777e-02   4.298e-03   2.000e-02  1.0000        1015  [    1     90         60         18 ]
           3       32511     106.553   2.180e-05   1.132e-05   1.777e-02   4.290e-03   2.000e-02  1.0000        1007  [    1     91         60         14 ]
           3       32698     107.420   2.180e-05   1.132e-05   1.777e-02   4.290e-03   2.000e-02  1.0000        1007  [    1     92         60         14 ]
           3       32891     108.193   2.180e-05   1.132e-05   1.777e-02   4.290e-03   2.000e-02  1.0000        1006  [    1     93         60         12 ]
           3       33071     108.997   2.180e-05   1.132e-05   1.777e-02   4.281e-03   1.997e-02  1.0000        1004  [    1     94         60         11 ]
           3       33236     109.746   2.180e-05   1.132e-05   1.777e-02   4.279e-03   1.995e-02  1.0000        1004  [    1     95         60         11 ]
           3       33401     110.817   2.180e-05   1.132e-05   1.777e-02   4.276e-03   1.971e-02  1.0000        1007  [    1     96         60         11 ]
           3       33569     111.857   2.180e-05   1.132e-05   1.777e-02   4.276e-03   1.971e-02  1.0000        1007  [    1     97         60         11 ]
           3       33886     112.661   2.180e-05   1.132e-05   1.777e-02   4.270e-03   1.805e-02  1.0000        1008  [    2     13        120         15 ]
           3       34090     113.459   2.180e-05   1.132e-05   1.777e-02   4.268e-03   1.804e-02  1.0000        1012  [    1     98         60         15 ]
           3       34309     114.353   2.180e-05   1.132e-05   1.777e-02   4.265e-03   1.802e-02  1.0000        1017  [    1     99         60         16 ]
           3       34524     115.176   2.180e-05   1.132e-05   1.777e-02   4.265e-03   1.802e-02  1.0000        1015  [    1    100         60         15 ]
           3       34718     116.096   2.180e-05   1.132e-05   1.777e-02   4.257e-03   1.802e-02  1.0000        1014  [    1    101         60         13 ]
           3       34905     116.966   2.180e-05   1.132e-05   1.777e-02   4.236e-03   1.801e-02  1.0000        1012  [    1    102         60         14 ]
           3       35097     117.777   2.180e-05   1.132e-05   1.777e-02   4.206e-03   1.798e-02  1.0000        1015  [    1    103         60         14 ]
           3       35287     118.612   2.180e-05   1.132e-05   1.777e-02   4.206e-03   1.798e-02  1.0000        1017  [    1    104         60         14 ]
           3       35480     119.500   2.180e-05   1.132e-05   1.781e-02   4.196e-03   1.790e-02  1.0000        1014  [    1    105         60         13 ]
           3       35797     120.524   2.180e-05   1.132e-05   1.781e-02   4.195e-03   1.787e-02  1.0000        1013  [    2     14        120         12 ]
           3       35991     121.569   2.180e-05   1.132e-05   1.781e-02   4.177e-03   1.782e-02  1.0000        1018  [    1    106         60         14 ]
           3       36182     122.351   2.180e-05   1.132e-05   1.781e-02   4.173e-03   1.758e-02  1.0000        1019  [    1    107         60         13 ]
           3       36366     123.257   2.180e-05   1.132e-05   1.781e-02   4.173e-03   1.758e-02  1.0000        1022  [    1    108         60         14 ]
           3       36574     124.039   2.180e-05   1.132e-05   1.781e-02   4.166e-03   1.754e-02  1.0000        1024  [    1    109         60         12 ]
           3       36764     124.883   2.180e-05   1.132e-05   1.781e-02   4.153e-03   1.754e-02  1.0000        1024  [    1    110         60         12 ]
           3       36946     125.771   2.180e-05   1.132e-05   1.781e-02   4.149e-03   1.748e-02  1.0000        1019  [    1    111         60         10 ]
           3       37128     126.559   2.180e-05   1.132e-05   1.781e-02   4.152e-03   1.738e-02  1.0000        1020  [    1    112         60         11 ]
           3       37312     127.698   2.180e-05   1.132e-05   1.781e-02   4.149e-03   1.729e-02  1.0000        1021  [    1    113         60          9 ]
           3       37607     128.568   2.180e-05   1.132e-05   1.781e-02   4.141e-03   1.729e-02  1.0000        1028  [    2     15        120         14 ]
           3       37786     129.780   2.180e-05   1.132e-05   1.781e-02   4.140e-03   1.729e-02  1.0000        1026  [    1    114         60         12 ]
           3       37957     130.582   2.180e-05   1.132e-05   1.781e-02   4.140e-03   1.729e-02  1.0000        1030  [    1    115         60         12 ]
           3       38136     131.629   2.180e-05   1.132e-05   1.781e-02   4.140e-03   1.729e-02  1.0000        1033  [    1    116         60         12 ]
           3       38305     132.505   2.180e-05   1.132e-05   1.781e-02   4.140e-03   1.728e-02  1.0000        1031  [    1    117         60         11 ]
           3       38472     133.286   2.180e-05   1.132e-05   1.781e-02   4.134e-03   1.725e-02  1.0000        1032  [    1    118         60         11 ]
           3       38635     134.174   2.180e-05   1.132e-05   1.790e-02   4.119e-03   1.716e-02  1.0000        1034  [    1    119         60         11 ]
           3       38803     135.081   2.180e-05   1.132e-05   1.790e-02   4.119e-03   1.713e-02  1.0000        1037  [    1    120         60         11 ]
           3       38966     136.357   2.180e-05   1.132e-05   1.790e-02   4.119e-03   1.713e-02  1.0000        1037  [    1    121         60         11 ]
           3       39253     137.378   2.180e-05   1.132e-05   1.790e-02   4.119e-03   1.713e-02  1.0000        1036  [    2     16        120         13 ]
           3       39421     138.262   2.180e-05   1.132e-05   1.790e-02   4.115e-03   1.712e-02  1.0000        1035  [    1    122         60         12 ]
           3       39591     139.125   2.180e-05   1.132e-05   1.790e-02   4.115e-03   1.712e-02  1.0000        1037  [    1    123         60         12 ]
           3       39767     140.104   2.180e-05   1.132e-05   1.790e-02   4.112e-03   1.712e-02  1.0000        1034  [    1    124         60         10 ]
           3       39931     140.878   2.180e-05   1.132e-05   1.790e-02   4.112e-03   1.712e-02  1.0000        1036  [    1    125         60         10 ]
           3       40095     141.852   2.180e-05   1.132e-05   1.790e-02   4.109e-03   1.712e-02  1.0000        1038  [    1    126         60         10 ]
           3       40257     142.976   2.180e-05   1.132e-05   1.792e-02   4.079e-03   1.692e-02  1.0000        1040  [    1    127         60         10 ]
           3       40421     143.900   2.180e-05   1.132e-05   1.792e-02   4.077e-03   1.692e-02  1.0000        1040  [    1    128         60         10 ]
           3       40582     144.686   2.180e-05   1.132e-05   1.792e-02   4.077e-03   1.692e-02  1.0000        1043  [    1    129         60         10 ]
           3       40865     145.501   2.180e-05   1.132e-05   1.792e-02   4.077e-03   1.692e-02  1.0000        1034  [    2     17        120         10 ]
           3       41407     146.348   2.180e-05   1.132e-05   1.792e-02   4.061e-03   1.689e-02  1.0000        1042  [    3      3        240         17 ]
           3       41624     147.321   2.180e-05   1.132e-05   1.792e-02   4.061e-03   1.688e-02  1.0000        1039  [    1    130         60         13 ]
           3       41798     148.162   2.180e-05   1.132e-05   1.792e-02   4.061e-03   1.688e-02  1.0000        1039  [    1    131         60         12 ]
           3       41983     149.196   2.180e-05   1.132e-05   1.792e-02   4.047e-03   1.688e-02  1.0000        1041  [    1    132         60         11 ]
           3       42163     150.032   2.180e-05   1.132e-05   1.792e-02   4.043e-03   1.682e-02  1.0000        1037  [    1    133         60         10 ]
           3       42329     150.821   2.180e-05   1.132e-05   1.792e-02   4.030e-03   1.676e-02  1.0000        1038  [    1    134         60         10 ]
           3       42486     151.619   2.180e-05   1.132e-05   1.792e-02   4.030e-03   1.676e-02  1.0000        1038  [    1    135         60         10 ]
           3       42655     152.555   2.180e-05   1.132e-05   1.792e-02   4.026e-03   1.675e-02  1.0000        1039  [    1    136         60         10 ]
           3       42830     153.528   2.180e-05   1.132e-05   1.792e-02   4.023e-03   1.674e-02  1.0000        1041  [    1    137         60         10 ]
           3       43100     154.437   2.180e-05   1.132e-05   1.836e-02   4.025e-03   1.666e-02  1.0000        1042  [    2     18        120         11 ]
           3       43274     155.230   2.180e-05   1.132e-05   1.836e-02   4.018e-03   1.663e-02  1.0000        1043  [    1    138         60         11 ]
           3       43446     156.555   2.180e-05   1.132e-05   1.836e-02   4.018e-03   1.663e-02  1.0000        1042  [    1    139         60         11 ]
           3       43617     157.830   2.180e-05   1.132e-05   1.836e-02   4.012e-03   1.656e-02  1.0000        1043  [    1    140         60         11 ]
           3       43783     159.037   2.180e-05   1.132e-05   1.836e-02   4.002e-03   1.653e-02  1.0000        1046  [    1    141         60         11 ]
           3       43950     159.886   2.180e-05   1.132e-05   1.836e-02   4.000e-03   1.654e-02  1.0000        1046  [    1    142         60         10 ]
           3       44103     160.807   2.180e-05   1.132e-05   1.836e-02   3.994e-03   1.654e-02  1.0000        1045  [    1    143         60         10 ]
           3       44258     161.631   2.180e-05   1.132e-05   1.836e-02   3.993e-03   1.642e-02  1.0000        1049  [    1    144         60         10 ]
           3       44415     162.666   2.180e-05   1.132e-05   1.835e-02   3.992e-03   1.639e-02  1.0000        1050  [    1    145         60         10 ]
           3       44690     163.541   2.180e-05   1.132e-05   1.835e-02   3.992e-03   1.630e-02  1.0000        1050  [    2     19        120         10 ]
           3       44859     164.383   2.180e-05   1.132e-05   1.835e-02   3.992e-03   1.630e-02  1.0000        1051  [    1    146         60         10 ]
           3       45023     165.182   2.180e-05   1.132e-05   1.835e-02   3.992e-03   1.630e-02  1.0000        1053  [    1    147         60         11 ]
           3       45196     165.997   2.180e-05   1.132e-05   1.835e-02   3.991e-03   1.630e-02  1.0000        1052  [    1    148         60         12 ]
           3       45362     166.998   2.180e-05   1.132e-05   1.835e-02   3.980e-03   1.625e-02  1.0000        1050  [    1    149         60         11 ]
           3       45530     168.028   2.180e-05   1.132e-05   1.835e-02   3.980e-03   1.625e-02  1.0000        1048  [    1    150         60          9 ]
           3       45680     169.014   2.180e-05   1.132e-05   1.835e-02   3.978e-03   1.620e-02  1.0000        1050  [    1    151         60          9 ]
           3       45830     169.960   2.180e-05   1.132e-05   1.835e-02   3.980e-03   1.616e-02  1.0000        1050  [    1    152         60          9 ]
           3       45977     171.241   2.180e-05   1.132e-05   1.835e-02   3.978e-03   1.615e-02  1.0000        1051  [    1    153         60          9 ]
           3       46240     172.044   2.180e-05   1.132e-05   1.835e-02   3.978e-03   1.615e-02  1.0000        1052  [    2     20        120          9 ]
           3       46388     173.001   2.180e-05   1.132e-05   1.835e-02   3.978e-03   1.615e-02  1.0000        1052  [    1    154         60          9 ]
           3       46534     173.983   2.180e-05   1.132e-05   1.835e-02   3.978e-03   1.615e-02  1.0000        1052  [    1    155         60          9 ]
           3       46687     174.972   2.180e-05   1.132e-05   1.835e-02   3.978e-03   1.615e-02  1.0000        1052  [    1    156         60          9 ]
           3       46839     175.924   2.180e-05   1.132e-05   1.835e-02   3.977e-03   1.615e-02  1.0000        1052  [    1    157         60          9 ]
           3       46999     176.744   2.180e-05   1.132e-05   1.835e-02   3.977e-03   1.615e-02  1.0000        1053  [    1    158         60          9 ]
           3       47151     177.632   2.180e-05   1.132e-05   1.835e-02   3.965e-03   1.615e-02  1.0000        1054  [    1    159         60          9 ]
           3       47306     178.490   2.180e-05   1.132e-05   1.835e-02   3.965e-03   1.614e-02  1.0000        1054  [    1    160         60          9 ]
           3       47457     179.360   2.180e-05   1.132e-05   1.836e-02   3.964e-03   1.613e-02  1.0000        1056  [    1    161         60          9 ]
           3       47724     180.517   2.180e-05   1.132e-05   1.836e-02   3.964e-03   1.613e-02  1.0000        1056  [    2     21        120          9 ]
           3       47879     181.549   2.180e-05   1.132e-05   1.836e-02   3.964e-03   1.610e-02  1.0000        1056  [    1    162         60          9 ]
           3       48030     182.593   2.180e-05   1.132e-05   1.836e-02   3.963e-03   1.608e-02  1.0000        1057  [    1    163         60          9 ]
           3       48181     183.587   2.180e-05   1.132e-05   1.836e-02   3.956e-03   1.606e-02  1.0000        1057  [    1    164         60          9 ]
           3       48336     184.529   2.180e-05   1.132e-05   1.836e-02   3.956e-03   1.606e-02  1.0000        1057  [    1    165         60          9 ]
           3       48496     185.594   2.180e-05   1.132e-05   1.836e-02   3.949e-03   1.599e-02  1.0000        1058  [    1    166         60          9 ]
           3       48642     186.597   2.180e-05   1.132e-05   1.836e-02   3.949e-03   1.599e-02  1.0000        1058  [    1    167         60          9 ]
           3       48794     187.639   2.180e-05   1.132e-05   1.836e-02   3.949e-03   1.599e-02  1.0000        1058  [    1    168         60          9 ]
           3       48951     188.578   2.180e-05   1.132e-05   1.836e-02   3.943e-03   1.590e-02  1.0000        1058  [    1    169         60          9 ]
           3       49212     189.539   2.180e-05   1.132e-05   1.836e-02   3.943e-03   1.590e-02  1.0000        1059  [    2     22        120          9 ]
           3       49365     190.357   2.180e-05   1.132e-05   1.836e-02   3.943e-03   1.590e-02  1.0000        1059  [    1    170         60          9 ]
           3       49518     191.494   2.180e-05   1.132e-05   1.836e-02   3.943e-03   1.590e-02  1.0000        1059  [    1    171         60          9 ]
           3       49675     192.293   2.180e-05   1.132e-05   1.836e-02   3.943e-03   1.590e-02  1.0000        1059  [    1    172         60          9 ]
           3       49824     193.230   2.180e-05   1.132e-05   1.836e-02   3.943e-03   1.590e-02  1.0000        1059  [    1    173         60          9 ]
           3       49982     194.093   2.180e-05   1.132e-05   1.836e-02   3.939e-03   1.590e-02  1.0000        1060  [    1    174         60          9 ]
           3       50132     195.102   2.180e-05   1.132e-05   1.836e-02   3.938e-03   1.586e-02  1.0000        1060  [    1    175         60          9 ]
           3       50286     195.924   2.180e-05   1.132e-05   1.836e-02   3.930e-03   1.584e-02  1.0000        1061  [    1    176         60          9 ]
           3       50437     196.923   2.180e-05   1.132e-05   1.836e-02   3.922e-03   1.580e-02  1.0000        1061  [    1    177         60          9 ]
           3       50696     197.840   2.180e-05   1.132e-05   1.836e-02   3.922e-03   1.580e-02  1.0000        1061  [    2     23        120          9 ]
           3       50848     198.893   2.180e-05   1.132e-05   1.836e-02   3.919e-03   1.580e-02  1.0000        1062  [    1    178         60          9 ]
           3       50997     199.766   2.180e-05   1.132e-05   1.836e-02   3.915e-03   1.580e-02  1.0000        1062  [    1    179         60          9 ]
           3       51154     200.605   2.180e-05   1.132e-05   1.836e-02   3.915e-03   1.580e-02  1.0000        1062  [    1    180         60          9 ]
           3       51310     201.456   2.180e-05   1.132e-05   1.836e-02   3.915e-03   1.580e-02  1.0000        1062  [    1    181         60          9 ]
           3       51465     202.390   2.180e-05   1.132e-05   1.836e-02   3.899e-03   1.576e-02  1.0000        1062  [    1    182         60          9 ]
           3       51618     203.368   2.180e-05   1.132e-05   1.836e-02   3.898e-03   1.576e-02  1.0000        1062  [    1    183         60          9 ]
           3       51773     204.220   2.180e-05   1.132e-05   1.836e-02   3.893e-03   1.576e-02  1.0000        1062  [    1    184         60          9 ]
           3       51926     205.033   2.180e-05   1.132e-05   1.836e-02   3.893e-03   1.576e-02  1.0000        1062  [    1    185         60          9 ]
           3       52188     205.886   2.180e-05   1.132e-05   1.836e-02   3.893e-03   1.576e-02  1.0000        1062  [    2     24        120          9 ]
           3       52335     206.703   2.180e-05   1.132e-05   1.836e-02   3.893e-03   1.576e-02  1.0000        1062  [    1    186         60          9 ]
           3       52489     207.561   2.180e-05   1.132e-05   1.837e-02   3.892e-03   1.573e-02  1.0000        1062  [    1    187         60          9 ]
           3       52641     208.526   2.180e-05   1.132e-05   1.837e-02   3.892e-03   1.573e-02  1.0000        1062  [    1    188         60          9 ]
           3       52797     209.521   2.180e-05   1.132e-05   1.837e-02   3.892e-03   1.573e-02  1.0000        1062  [    1    189         60          9 ]
           3       52952     210.399   2.180e-05   1.132e-05   1.837e-02   3.892e-03   1.573e-02  1.0000        1063  [    1    190         60          9 ]
           3       53103     211.386   2.180e-05   1.132e-05   1.837e-02   3.886e-03   1.574e-02  1.0000        1063  [    1    191         60          9 ]
           3       53254     212.249   2.180e-05   1.132e-05   1.840e-02   3.884e-03   1.574e-02  1.0000        1063  [    1    192         60          9 ]
           3       53406     213.075   2.180e-05   1.132e-05   1.840e-02   3.884e-03   1.574e-02  1.0000        1063  [    1    193         60          9 ]
           3       53671     213.953   2.180e-05   1.132e-05   1.840e-02   3.880e-03   1.573e-02  1.0000        1063  [    2     25        120          9 ]
           3       54175     215.029   2.180e-05   1.132e-05   1.840e-02   3.845e-03   1.565e-02  1.0000        1069  [    3      4        240         12 ]
           3       54368     215.931   2.180e-05   1.132e-05   1.840e-02   3.845e-03   1.565e-02  1.0000        1067  [    1    194         60         11 ]
           3       54554     216.948   2.180e-05   1.132e-05   1.840e-02   3.839e-03   1.555e-02  1.0000        1068  [    1    195         60         11 ]
           3       54730     217.875   2.180e-05   1.132e-05   1.840e-02   3.839e-03   1.555e-02  1.0000        1067  [    1    196         60         10 ]
           3       54909     218.768   2.180e-05   1.132e-05   1.840e-02   3.828e-03   1.553e-02  1.0000        1069  [    1    197         60         10 ]
           3       55075     219.623   2.180e-05   1.132e-05   1.840e-02   3.828e-03   1.553e-02  1.0000        1068  [    1    198         60         10 ]
           3       55244     220.636   2.180e-05   1.132e-05   1.840e-02   3.828e-03   1.553e-02  1.0000        1068  [    1    199         60         10 ]
           3       55410     221.441   2.180e-05   1.132e-05   1.840e-02   3.828e-03   1.553e-02  1.0000        1067  [    1    200         60          9 ]
           3       55559     222.246   2.180e-05   1.132e-05   1.845e-02   3.826e-03   1.551e-02  1.0000        1067  [    1    201         60          9 ]
           3       55838     223.435   2.180e-05   1.132e-05   1.845e-02   3.825e-03   1.543e-02  1.0000        1068  [    2     26        120          9 ]
           3       55992     224.374   2.180e-05   1.132e-05   1.845e-02   3.815e-03   1.543e-02  1.0000        1068  [    1    202         60          9 ]
           3       56143     225.388   2.180e-05   1.132e-05   1.845e-02   3.815e-03   1.543e-02  1.0000        1068  [    1    203         60          9 ]
           3       56292     226.265   2.180e-05   1.132e-05   1.845e-02   3.812e-03   1.533e-02  1.0000        1069  [    1    204         60          9 ]
           3       56441     227.147   2.180e-05   1.132e-05   1.845e-02   3.812e-03   1.533e-02  1.0000        1069  [    1    205         60          9 ]
           3       56597     228.099   2.180e-05   1.132e-05   1.845e-02   3.811e-03   1.532e-02  1.0000        1070  [    1    206         60          9 ]
           3       56747     228.970   2.180e-05   1.132e-05   1.845e-02   3.810e-03   1.532e-02  1.0000        1071  [    1    207         60          9 ]
           3       56905     229.786   2.180e-05   1.132e-05   1.845e-02   3.789e-03   1.534e-02  1.0000        1073  [    1    208         60          9 ]
           3       57059     230.857   2.180e-05   1.132e-05   1.845e-02   3.778e-03   1.529e-02  1.0000        1073  [    1    209         60          9 ]
           3       57332     231.731   2.180e-05   1.132e-05   1.845e-02   3.778e-03   1.526e-02  1.0000        1073  [    2     27        120          9 ]
           3       57485     232.562   2.180e-05   1.132e-05   1.845e-02   3.778e-03   1.526e-02  1.0000        1073  [    1    210         60          9 ]
           3       57637     233.745   2.180e-05   1.132e-05   1.845e-02   3.778e-03   1.524e-02  1.0000        1073  [    1    211         60          9 ]
           3       57792     234.611   2.180e-05   1.132e-05   1.845e-02   3.778e-03   1.524e-02  1.0000        1073  [    1    212         60          9 ]
           3       57944     235.469   2.180e-05   1.132e-05   1.845e-02   3.771e-03   1.523e-02  1.0000        1075  [    1    213         60          9 ]
           3       58098     236.314   2.180e-05   1.132e-05   1.845e-02   3.771e-03   1.515e-02  1.0000        1076  [    1    214         60          9 ]
           3       58250     237.212   2.180e-05   1.132e-05   1.845e-02   3.768e-03   1.513e-02  1.0000        1076  [    1    215         60          9 ]
           3       58403     238.128   2.180e-05   1.132e-05   1.845e-02   3.768e-03   1.512e-02  1.0000        1076  [    1    216         60          9 ]
           3       58553     239.121   2.180e-05   1.132e-05   1.845e-02   3.755e-03   1.507e-02  1.0000        1079  [    1    217         60          9 ]
           3       58853     240.014   2.180e-05   1.132e-05   1.845e-02   3.755e-03   1.507e-02  1.0000        1080  [    2     28        120         10 ]
           3       59010     240.856   2.180e-05   1.132e-05   1.845e-02   3.755e-03   1.507e-02  1.0000        1079  [    1    218         60          9 ]
           3       59159     241.693   2.180e-05   1.132e-05   1.845e-02   3.755e-03   1.507e-02  1.0000        1079  [    1    219         60          9 ]
           3       59314     242.883   2.180e-05   1.132e-05   1.845e-02   3.754e-03   1.506e-02  1.0000        1079  [    1    220         60          9 ]
           3       59468     243.948   2.180e-05   1.132e-05   1.845e-02   3.761e-03   1.506e-02  1.0000        1080  [    1    221         60          9 ]
           3       59619     244.783   2.180e-05   1.132e-05   1.845e-02   3.752e-03   1.505e-02  1.0000        1080  [    1    222         60          9 ]
           3       59775     245.645   2.180e-05   1.132e-05   1.845e-02   3.752e-03   1.505e-02  1.0000        1080  [    1    223         60          9 ]
           3       59929     246.538   2.180e-05   1.132e-05   1.845e-02   3.739e-03   1.504e-02  1.0000        1079  [    1    224         60          9 ]
           3       60076     247.457   2.180e-05   1.132e-05   1.845e-02   3.738e-03   1.501e-02  1.0000        1079  [    1    225         60          9 ]
           3       60391     248.378   2.180e-05   1.132e-05   1.845e-02   3.732e-03   1.501e-02  1.0000        1083  [    2     29        120         13 ]
           3       60569     249.209   2.180e-05   1.132e-05   1.845e-02   3.732e-03   1.501e-02  1.0000        1083  [    1    226         60         13 ]
           3       60762     250.339   2.180e-05   1.132e-05   1.845e-02   3.732e-03   1.501e-02  1.0000        1084  [    1    227         60         13 ]
           3       60947     251.344   2.180e-05   1.132e-05   1.845e-02   3.732e-03   1.501e-02  1.0000        1086  [    1    228         60         12 ]
           3       61119     252.232   2.180e-05   1.132e-05   1.845e-02   3.732e-03   1.501e-02  1.0000        1085  [    1    229         60         11 ]
           3       61287     253.097   2.180e-05   1.132e-05   1.845e-02   3.732e-03   1.501e-02  1.0000        1085  [    1    230         60         11 ]
           3       61451     253.963   2.180e-05   1.132e-05   1.845e-02   3.732e-03   1.501e-02  1.0000        1087  [    1    231         60         11 ]
           3       61619     254.848   2.180e-05   1.132e-05   1.845e-02   3.731e-03   1.499e-02  1.0000        1090  [    1    232         60         11 ]
           3       61782     255.774   2.180e-05   1.132e-05   1.845e-02   3.733e-03   1.496e-02  1.0000        1092  [    1    233         60         11 ]
           3       62094     256.640   2.180e-05   1.132e-05   1.845e-02   3.733e-03   1.496e-02  1.0000        1086  [    2     30        120         14 ]
           3       62283     257.555   2.180e-05   1.132e-05   1.845e-02   3.733e-03   1.497e-02  1.0000        1090  [    1    234         60         14 ]
           3       62482     258.718   2.180e-05   1.132e-05   1.845e-02   3.733e-03   1.497e-02  1.0000        1093  [    1    235         60         17 ]
           3       62687     259.635   2.180e-05   1.132e-05   1.845e-02   3.728e-03   1.496e-02  1.0000        1094  [    1    236         60         14 ]
           3       62904     260.480   2.180e-05   1.132e-05   1.845e-02   3.728e-03   1.494e-02  1.0000        1099  [    1    237         60         16 ]
           3       63121     261.719   2.180e-05   1.132e-05   1.845e-02   3.727e-03   1.494e-02  1.0000        1091  [    1    238         60         12 ]
           3       63297     262.666   2.180e-05   1.132e-05   1.845e-02   3.725e-03   1.493e-02  1.0000        1096  [    1    239         60         11 ]
           3       63465     263.717   2.180e-05   1.132e-05   1.845e-02   3.723e-03   1.491e-02  1.0000        1100  [    1    240         60         10 ]
           3       63624     264.585   2.180e-05   1.132e-05   1.845e-02   3.722e-03   1.489e-02  1.0000        1100  [    1    241         60         10 ]
           3       63958     265.542   2.180e-05   1.132e-05   1.845e-02   3.719e-03   1.489e-02  1.0000        1088  [    2     31        120         11 ]
           3       64130     266.579   2.180e-05   1.132e-05   1.845e-02   3.719e-03   1.489e-02  1.0000        1092  [    1    242         60         11 ]
           3       64305     267.615   2.180e-05   1.132e-05   1.845e-02   3.716e-03   1.489e-02  1.0000        1097  [    1    243         60         12 ]
           3       64476     268.627   2.180e-05   1.132e-05   1.845e-02   3.711e-03   1.484e-02  1.0000        1089  [    1    244         60         11 ]
           3       64647     269.910   2.180e-05   1.132e-05   1.845e-02   3.711e-03   1.484e-02  1.0000        1089  [    1    245         60         10 ]
           3       64810     270.938   2.180e-05   1.132e-05   1.845e-02   3.711e-03   1.484e-02  1.0000        1093  [    1    246         60         11 ]
           3       64989     271.835   2.180e-05   1.132e-05   1.845e-02   3.711e-03   1.481e-02  1.0000        1097  [    1    247         60         12 ]
           3       65175     273.028   2.180e-05   1.132e-05   1.845e-02   3.711e-03   1.481e-02  1.0000        1093  [    1    248         60         12 ]
           3       65341     274.033   2.180e-05   1.132e-05   1.845e-02   3.711e-03   1.481e-02  1.0000        1094  [    1    249         60         11 ]
           3       65669     274.987   2.180e-05   1.132e-05   1.845e-02   3.707e-03   1.481e-02  1.0000        1095  [    2     32        120         12 ]
           3       65835     275.958   2.180e-05   1.132e-05   1.845e-02   3.705e-03   1.479e-02  1.0000        1097  [    1    250         60         11 ]
           3       65994     276.934   2.180e-05   1.132e-05   1.845e-02   3.704e-03   1.479e-02  1.0000        1098  [    1    251         60         11 ]
           3       66156     277.888   2.180e-05   1.132e-05   1.845e-02   3.704e-03   1.479e-02  1.0000        1100  [    1    252         60         11 ]
           3       66322     278.931   2.180e-05   1.132e-05   1.845e-02   3.704e-03   1.479e-02  1.0000        1096  [    1    253         60         10 ]
           3       66482     279.864   2.180e-05   1.132e-05   1.845e-02   3.703e-03   1.478e-02  1.0000        1103  [    1    254         60         10 ]
           3       66640     280.778   2.180e-05   1.132e-05   1.845e-02   3.703e-03   1.478e-02  1.0000        1107  [    1    255         60         10 ]
           3       66800     281.637   2.180e-05   1.132e-05   1.845e-02   3.703e-03   1.478e-02  1.0000        1108  [    1    256         60         10 ]
           3       66959     282.581   2.180e-05   1.132e-05   1.845e-02   3.703e-03   1.478e-02  1.0000        1111  [    1    257         60         10 ]
           3       67275     283.760   2.180e-05   1.132e-05   1.845e-02   3.704e-03   1.478e-02  1.0000        1115  [    2     33        120         12 ]
           3       67772     284.772   2.180e-05   1.132e-05   1.845e-02   3.703e-03   1.478e-02  1.0000        1116  [    3      5        240         12 ]
           3       67953     286.012   2.180e-05   1.132e-05   1.845e-02   3.703e-03   1.478e-02  1.0000        1117  [    1    258         60         12 ]
           3       68130     286.914   2.180e-05   1.132e-05   1.845e-02   3.703e-03   1.478e-02  1.0000        1117  [    1    259         60         12 ]
           3       68323     287.776   2.180e-05   1.132e-05   1.845e-02   3.703e-03   1.478e-02  1.0000        1119  [    1    260         60         12 ]
           3       68497     288.631   2.180e-05   1.132e-05   1.845e-02   3.703e-03   1.478e-02  1.0000        1117  [    1    261         60         11 ]
           3       68671     289.732   2.180e-05   1.132e-05   1.845e-02   3.703e-03   1.478e-02  1.0000        1120  [    1    262         60         11 ]
           3       68848     290.730   2.180e-05   1.132e-05   1.845e-02   3.701e-03   1.478e-02  1.0000        1097  [    1    263         60         11 ]
           3       69012     291.581   2.180e-05   1.132e-05   1.845e-02   3.701e-03   1.478e-02  1.0000        1094  [    1    264         60          9 ]
           3       69158     292.469   2.180e-05   1.132e-05   1.845e-02   3.701e-03   1.478e-02  1.0000        1094  [    1    265         60          9 ]
           3       69511     293.483   2.180e-05   1.132e-05   1.845e-02   3.701e-03   1.478e-02  1.0000        1103  [    2     34        120         15 ]
           3       69710     294.457   2.180e-05   1.132e-05   1.845e-02   3.733e-03   1.475e-02  1.0000        1098  [    1    266         60         13 ]
           3       69888     295.457   2.180e-05   1.132e-05   1.845e-02   3.713e-03   1.474e-02  1.0000        1098  [    1    267         60         12 ]
           3       70070     296.498   2.180e-05   1.132e-05   1.845e-02   3.713e-03   1.474e-02  1.0000        1098  [    1    268         60         12 ]
           3       70244     297.420   2.180e-05   1.132e-05   1.845e-02   3.713e-03   1.474e-02  1.0000        1100  [    1    269         60         12 ]
           3       70417     298.559   2.180e-05   1.132e-05   1.845e-02   3.713e-03   1.474e-02  1.0000        1100  [    1    270         60         10 ]
           3       70572     299.527   2.180e-05   1.132e-05   1.845e-02   3.713e-03   1.472e-02  1.0000        1102  [    1    271         60         10 ]
           3       70728     300.551   2.180e-05   1.132e-05   1.845e-02   3.713e-03   1.472e-02  1.0000        1107  [    1    272         60         10 ]
           3       70902     301.714   2.180e-05   1.132e-05   1.845e-02   3.713e-03   1.472e-02  1.0000        1113  [    1    273         60         10 ]
           3       71239     302.713   2.180e-05   1.132e-05   1.845e-02   3.713e-03   1.472e-02  1.0000        1117  [    2     35        120         13 ]
           3       71425     303.728   2.180e-05   1.132e-05   1.845e-02   3.713e-03   1.472e-02  1.0000        1116  [    1    274         60         11 ]
           3       71601     304.683   2.180e-05   1.132e-05   1.845e-02   3.713e-03   1.472e-02  1.0000        1119  [    1    275         60         11 ]
           3       71766     305.574   2.180e-05   1.132e-05   1.845e-02   3.713e-03   1.472e-02  1.0000        1121  [    1    276         60         11 ]
           3       71928     306.970   2.180e-05   1.132e-05   1.845e-02   3.713e-03   1.472e-02  1.0000        1122  [    1    277         60         12 ]
           3       72112     308.277   2.180e-05   1.132e-05   1.845e-02   3.709e-03   1.470e-02  1.0000        1124  [    1    278         60         11 ]
           3       72278     309.182   2.180e-05   1.132e-05   1.845e-02   3.709e-03   1.470e-02  1.0000        1126  [    1    279         60         10 ]
           3       72432     310.135   2.180e-05   1.132e-05   1.845e-02   3.709e-03   1.470e-02  1.0000        1129  [    1    280         60         10 ]
           3       72591     311.151   2.180e-05   1.132e-05   1.845e-02   3.708e-03   1.470e-02  1.0000        1131  [    1    281         60         10 ]
           3       72929     312.623   2.180e-05   1.132e-05   1.845e-02   3.708e-03   1.470e-02  1.0000        1137  [    2     36        120         15 ]
           3       73116     313.637   2.180e-05   1.132e-05   1.859e-02   3.705e-03   1.470e-02  1.0000        1135  [    1    282         60         13 ]
           3       73293     314.648   2.180e-05   1.132e-05   1.859e-02   3.708e-03   1.469e-02  1.0000        1133  [    1    283         60         11 ]
           3       73463     315.692   2.180e-05   1.132e-05   1.859e-02   3.715e-03   1.467e-02  1.0000        1139  [    1    284         60         11 ]
           3       73630     316.916   2.180e-05   1.132e-05   1.859e-02   3.715e-03   1.467e-02  1.0000        1138  [    1    285         60         11 ]
           3       73788     317.978   2.180e-05   1.132e-05   1.859e-02   3.715e-03   1.467e-02  1.0000        1138  [    1    286         60         11 ]
           3       73957     318.984   2.180e-05   1.132e-05   1.859e-02   3.715e-03   1.467e-02  1.0000        1134  [    1    287         60         11 ]
           3       74122     320.156   2.180e-05   1.132e-05   1.859e-02   3.715e-03   1.467e-02  1.0000        1134  [    1    288         60         11 ]
           3       74281     321.255   2.180e-05   1.132e-05   1.859e-02   3.715e-03   1.467e-02  1.0000        1136  [    1    289         60         11 ]
           3       74634     322.322   2.180e-05   1.132e-05   1.859e-02   3.715e-03   1.467e-02  1.0000        1102  [    2     37        120         15 ]
           3       74826     323.327   2.180e-05   1.132e-05   1.859e-02   3.715e-03   1.467e-02  1.0000        1107  [    1    290         60         16 ]
           3       75031     324.159   2.180e-05   1.132e-05   1.859e-02   3.714e-03   1.464e-02  1.0000        1104  [    1    291         60         15 ]
           3       75233     325.156   2.180e-05   1.132e-05   1.859e-02   3.714e-03   1.464e-02  1.0000        1103  [    1    292         60         13 ]
           3       75426     325.983   2.180e-05   1.132e-05   1.859e-02   3.714e-03   1.463e-02  1.0000        1108  [    1    293         60         15 ]
           3       75618     326.842   2.180e-05   1.132e-05   1.859e-02   3.714e-03   1.462e-02  1.0000        1108  [    1    294         60         13 ]
           3       75797     327.761   2.180e-05   1.132e-05   1.859e-02   3.709e-03   1.462e-02  1.0000        1107  [    1    295         60         13 ]
           3       75974     328.790   2.180e-05   1.132e-05   1.859e-02   3.708e-03   1.459e-02  1.0000        1105  [    1    296         60         12 ]
           3       76139     329.806   2.180e-05   1.132e-05   1.859e-02   3.708e-03   1.458e-02  1.0000        1100  [    1    297         60         10 ]
           3       76513     330.689   2.180e-05   1.132e-05   1.859e-02   3.709e-03   1.458e-02  1.0000        1114  [    2     38        120         19 ]
           3       76711     331.596   2.180e-05   1.132e-05   1.859e-02   3.703e-03   1.458e-02  1.0000        1112  [    1    298         60         17 ]
           3       76926     332.548   2.180e-05   1.132e-05   1.859e-02   3.703e-03   1.457e-02  1.0000        1118  [    1    299         60         17 ]
           3       77145     333.485   2.180e-05   1.132e-05   1.859e-02   3.701e-03   1.454e-02  1.0000        1136  [    1    300         60         18 ]
           3       77358     334.640   2.180e-05   1.132e-05   1.859e-02   3.692e-03   1.453e-02  1.0000        1151  [    1    301         60         17 ]
           3       77576     335.700   2.180e-05   1.132e-05   1.859e-02   3.692e-03   1.453e-02  1.0000        1142  [    1    302         60         16 ]
           3       77775     336.591   2.180e-05   1.132e-05   1.859e-02   3.692e-03   1.453e-02  1.0000        1134  [    1    303         60         15 ]
           3       77975     337.467   2.180e-05   1.132e-05   1.859e-02   3.692e-03   1.452e-02  1.0000        1142  [    1    304         60         16 ]
           3       78172     338.543   2.180e-05   1.132e-05   1.859e-02   3.692e-03   1.452e-02  1.0000        1139  [    1    305         60         15 ]
           3       78535     339.600   2.180e-05   1.132e-05   1.859e-02   3.692e-03   1.452e-02  1.0000        1134  [    2     39        120         16 ]
           3       78750     340.523   2.180e-05   1.132e-05   1.859e-02   3.687e-03   1.449e-02  1.0000        1131  [    1    306         60         17 ]
           3       78963     341.413   2.180e-05   1.132e-05   1.859e-02   3.687e-03   1.449e-02  1.0000        1142  [    1    307         60         18 ]
           3       79190     342.453   2.180e-05   1.132e-05   1.859e-02   3.687e-03   1.449e-02  1.0000        1157  [    1    308         60         19 ]
           3       79422     343.503   2.180e-05   1.132e-05   1.859e-02   3.687e-03   1.449e-02  1.0000        1135  [    1    309         60         19 ]
           3       79641     344.420   2.180e-05   1.132e-05   1.859e-02   3.687e-03   1.449e-02  1.0000        1139  [    1    310         60         18 ]
           3       79862     345.302   2.180e-05   1.132e-05   1.859e-02   3.687e-03   1.449e-02  1.0000        1119  [    1    311         60         16 ]
           3       80067     346.222   2.180e-05   1.132e-05   1.859e-02   3.686e-03   1.449e-02  1.0000        1126  [    1    312         60         18 ]
           3       80281     347.317   2.180e-05   1.132e-05   1.859e-02   3.686e-03   1.449e-02  1.0000        1125  [    1    313         60         17 ]
           3       80666     348.631   2.180e-05   1.132e-05   1.859e-02   3.686e-03   1.448e-02  1.0000        1126  [    2     40        120         19 ]
           3       80899     349.590   2.180e-05   1.132e-05   1.859e-02   3.698e-03   1.450e-02  1.0000        1124  [    1    314         60         18 ]
           3       81149     350.593   2.180e-05   1.132e-05   1.859e-02   3.699e-03   1.446e-02  1.0000        1116  [    1    315         60         17 ]
           3       81358     351.428   2.180e-05   1.132e-05   1.859e-02   3.699e-03   1.446e-02  1.0000        1123  [    1    316         60         14 ]
           3       81552     352.288   2.180e-05   1.132e-05   1.859e-02   3.699e-03   1.446e-02  1.0000        1124  [    1    317         60         14 ]
           3       81751     353.264   2.180e-05   1.132e-05   1.859e-02   3.699e-03   1.446e-02  1.0000        1119  [    1    318         60         15 ]
           3       81941     354.225   2.180e-05   1.132e-05   1.859e-02   3.697e-03   1.446e-02  1.0000        1123  [    1    319         60         14 ]
           3       82131     355.162   2.180e-05   1.132e-05   1.859e-02   3.697e-03   1.446e-02  1.0000        1132  [    1    320         60         14 ]
           3       82319     356.029   2.180e-05   1.132e-05   1.859e-02   3.697e-03   1.446e-02  1.0000        1127  [    1    321         60         15 ]
           3       82675     357.034   2.180e-05   1.132e-05   1.859e-02   3.697e-03   1.446e-02  1.0000        1123  [    2     41        120         18 ]
           3       83236     358.062   2.180e-05   1.132e-05   1.859e-02   3.697e-03   1.446e-02  1.0000        1126  [    3      6        240         20 ]
           3       83470     358.920   2.180e-05   1.132e-05   1.859e-02   3.694e-03   1.442e-02  1.0000        1129  [    1    322         60         21 ]
           3       83704     359.833   2.180e-05   1.132e-05   1.859e-02   3.694e-03   1.442e-02  1.0000        1121  [    1    323         60         17 ]
           3       83922     360.700   2.180e-05   1.132e-05   1.859e-02   3.693e-03   1.442e-02  1.0000        1116  [    1    324         60         14 ]
           3       84130     361.614   2.180e-05   1.132e-05   1.859e-02   3.692e-03   1.436e-02  1.0000        1119  [    1    325         60         18 ]
           3       84348     362.951   2.180e-05   1.132e-05   1.859e-02   3.690e-03   1.435e-02  1.0000        1123  [    1    326         60         15 ]
           3       84545     364.282   2.180e-05   1.132e-05   1.859e-02   3.690e-03   1.435e-02  1.0000        1120  [    1    327         60         14 ]
           3       84742     365.249   2.180e-05   1.132e-05   1.859e-02   3.691e-03   1.436e-02  1.0000        1112  [    1    328         60         13 ]
           3       84922     366.179   2.180e-05   1.132e-05   1.859e-02   3.691e-03   1.436e-02  1.0000        1112  [    1    329         60         13 ]
           3       85265     367.204   2.180e-05   1.132e-05   1.859e-02   3.691e-03   1.436e-02  1.0000        1116  [    2     42        120         14 ]
           3       85450     368.123   2.180e-05   1.132e-05   1.859e-02   3.691e-03   1.436e-02  1.0000        1119  [    1    330         60         15 ]
           3       85636     369.257   2.180e-05   1.132e-05   1.859e-02   3.691e-03   1.436e-02  1.0000        1124  [    1    331         60         15 ]
           3       85820     370.286   2.180e-05   1.132e-05   1.859e-02   3.691e-03   1.436e-02  1.0000        1125  [    1    332         60         15 ]
           3       86010     371.202   2.180e-05   1.132e-05   1.859e-02   3.691e-03   1.432e-02  1.0000        1128  [    1    333         60         14 ]
           3       86193     372.103   2.180e-05   1.132e-05   1.859e-02   3.690e-03   1.430e-02  1.0000        1142  [    1    334         60         14 ]
           3       86377     373.033   2.180e-05   1.132e-05   1.859e-02   3.690e-03   1.430e-02  1.0000        1141  [    1    335         60         13 ]
           3       86569     373.923   2.180e-05   1.132e-05   1.859e-02   3.690e-03   1.430e-02  1.0000        1146  [    1    336         60         15 ]
           3       86768     374.789   2.180e-05   1.132e-05   1.859e-02   3.689e-03   1.428e-02  1.0000        1157  [    1    337         60         17 ]
           3       87117     375.773   2.180e-05   1.132e-05   1.859e-02   3.689e-03   1.428e-02  1.0000        1137  [    2     43        120         14 ]
           3       87320     377.049   2.180e-05   1.132e-05   1.859e-02   3.689e-03   1.428e-02  1.0000        1122  [    1    338         60         15 ]
           3       87524     377.976   2.180e-05   1.132e-05   1.859e-02   3.686e-03   1.427e-02  1.0000        1129  [    1    339         60         18 ]
           3       87751     379.262   2.180e-05   1.132e-05   1.859e-02   3.695e-03   1.425e-02  1.0000        1134  [    1    340         60         15 ]
           3       87950     380.446   2.180e-05   1.132e-05   1.859e-02   3.695e-03   1.425e-02  1.0000        1128  [    1    341         60         14 ]
           3       88135     381.307   2.180e-05   1.132e-05   1.859e-02   3.695e-03   1.425e-02  1.0000        1125  [    1    342         60         13 ]
           3       88320     382.268   2.180e-05   1.132e-05   1.859e-02   3.694e-03   1.424e-02  1.0000        1123  [    1    343         60         12 ]
           3       88496     383.276   2.180e-05   1.132e-05   1.859e-02   3.686e-03   1.423e-02  1.0000        1125  [    1    344         60         13 ]
           3       88677     384.384   2.180e-05   1.132e-05   1.859e-02   3.684e-03   1.423e-02  1.0000        1127  [    1    345         60         13 ]
           3       89042     385.776   2.180e-05   1.132e-05   1.859e-02   3.684e-03   1.423e-02  1.0000        1130  [    2     44        120         18 ]
           3       89264     386.962   2.180e-05   1.132e-05   1.859e-02   3.684e-03   1.423e-02  1.0000        1129  [    1    346         60         17 ]
           3       89492     387.861   2.180e-05   1.132e-05   1.859e-02   3.684e-03   1.423e-02  1.0000        1132  [    1    347         60         18 ]
           3       89700     388.747   1.596e-05   1.132e-05   1.859e-02   3.632e-03   1.421e-02  1.0000        1136  [    1    348         60         18 ]
           3       89923     389.630   1.596e-05   1.132e-05   1.859e-02   3.632e-03   1.421e-02  1.0000        1132  [    1    349         60         18 ]
           3       90144     390.597   1.596e-05   1.132e-05   1.859e-02   3.632e-03   1.421e-02  1.0000        1128  [    1    350         60         17 ]
           3       90342     391.558   1.596e-05   1.132e-05   1.859e-02   3.632e-03   1.421e-02  1.0000        1130  [    1    351         60         17 ]
           3       90573     392.856   1.596e-05   1.132e-05   1.859e-02   3.632e-03   1.421e-02  1.0000        1118  [    1    352         60         13 ]
           3       90758     393.990   1.596e-05   1.132e-05   1.859e-02   3.632e-03   1.421e-02  1.0000        1115  [    1    353         60         12 ]
           3       91109     394.868   1.596e-05   1.132e-05   1.859e-02   3.632e-03   1.421e-02  1.0000        1116  [    2     45        120         13 ]
           3       91316     395.890   1.596e-05   1.132e-05   1.859e-02   3.632e-03   1.421e-02  1.0000        1117  [    1    354         60         14 ]
           3       91522     396.896   1.596e-05   1.132e-05   1.859e-02   3.632e-03   1.421e-02  1.0000        1116  [    1    355         60         13 ]
           3       91722     397.878   1.596e-05   1.132e-05   1.859e-02   3.632e-03   1.421e-02  1.0000        1119  [    1    356         60         15 ]
           3       91928     398.764   1.596e-05   1.132e-05   1.859e-02   3.628e-03   1.421e-02  1.0000        1120  [    1    357         60         13 ]
           3       92115     399.820   1.596e-05   1.132e-05   1.859e-02   3.628e-03   1.421e-02  1.0000        1121  [    1    358         60         13 ]
           3       92307     400.739   1.596e-05   1.132e-05   1.859e-02   3.628e-03   1.421e-02  1.0000        1127  [    1    359         60         13 ]
           3       92497     401.673   1.596e-05   1.132e-05   1.859e-02   3.612e-03   1.419e-02  1.0000        1122  [    1    360         60         12 ]
           3       92679     402.762   1.596e-05   1.132e-05   1.859e-02   3.609e-03   1.417e-02  1.0000        1126  [    1    361         60         12 ]
           3       93020     403.839   1.596e-05   1.132e-05   1.859e-02   3.609e-03   1.417e-02  1.0000        1132  [    2     46        120         16 ]
           3       93229     404.765   1.596e-05   1.132e-05   1.859e-02   3.609e-03   1.415e-02  1.0000        1139  [    1    362         60         16 ]
           3       93450     405.760   1.596e-05   1.132e-05   1.859e-02   3.609e-03   1.415e-02  1.0000        1146  [    1    363         60         17 ]
           3       93678     406.699   1.596e-05   1.132e-05   1.859e-02   3.607e-03   1.415e-02  1.0000        1150  [    1    364         60         16 ]
           3       93890     407.821   1.596e-05   1.132e-05   1.859e-02   3.607e-03   1.415e-02  1.0000        1131  [    1    365         60         14 ]
           3       94091     408.769   1.596e-05   1.132e-05   1.859e-02   3.618e-03   1.415e-02  1.0000        1132  [    1    366         60         16 ]
           3       94292     409.773   1.596e-05   1.132e-05   1.859e-02   3.616e-03   1.407e-02  1.0000        1122  [    1    367         60         15 ]
           3       94487     410.693   1.596e-05   1.132e-05   1.859e-02   3.616e-03   1.407e-02  1.0000        1125  [    1    368         60         15 ]
           3       94689     411.626   1.596e-05   1.132e-05   1.859e-02   3.616e-03   1.407e-02  1.0000        1127  [    1    369         60         14 ]
           3       95029     412.725   1.596e-05   1.132e-05   1.859e-02   3.616e-03   1.407e-02  1.0000        1123  [    2     47        120         16 ]
           3       95236     413.850   1.596e-05   1.132e-05   1.859e-02   3.608e-03   1.407e-02  1.0000        1122  [    1    370         60         14 ]
           3       95436     414.787   1.596e-05   1.132e-05   1.859e-02   3.608e-03   1.407e-02  1.0000        1126  [    1    371         60         15 ]
           3       95644     415.748   1.596e-05   1.132e-05   1.859e-02   3.608e-03   1.407e-02  1.0000        1137  [    1    372         60         17 ]
           3       95862     416.639   1.596e-05   1.132e-05   1.859e-02   3.608e-03   1.407e-02  1.0000        1141  [    1    373         60         16 ]
           3       96067     417.592   1.596e-05   1.132e-05   1.859e-02   3.608e-03   1.407e-02  1.0000        1134  [    1    374         60         15 ]
           3       96270     419.116   1.596e-05   1.132e-05   1.859e-02   3.608e-03   1.407e-02  1.0000        1135  [    1    375         60         15 ]
           3       96467     420.420   1.596e-05   1.132e-05   1.859e-02   3.608e-03   1.407e-02  1.0000        1143  [    1    376         60         15 ]
           3       96674     421.307   1.596e-05   1.132e-05   1.859e-02   3.608e-03   1.407e-02  1.0000        1135  [    1    377         60         15 ]
           3       97050     422.423   1.596e-05   1.132e-05   1.859e-02   3.608e-03   1.407e-02  1.0000        1139  [    2     48        120         18 ]
           3       97266     423.533   1.596e-05   1.132e-05   1.859e-02   3.612e-03   1.405e-02  1.0000        1126  [    1    378         60         15 ]
           3       97461     424.704   1.596e-05   1.132e-05   1.859e-02   3.612e-03   1.405e-02  1.0000        1129  [    1    379         60         15 ]
           3       97655     425.718   1.596e-05   1.132e-05   1.859e-02   3.581e-03   1.405e-02  1.0000        1130  [    1    380         60         13 ]
           3       97848     426.730   1.596e-05   1.132e-05   1.859e-02   3.581e-03   1.405e-02  1.0000        1130  [    1    381         60         14 ]
           3       98047     427.710   1.596e-05   1.132e-05   1.859e-02   3.581e-03   1.405e-02  1.0000        1129  [    1    382         60         14 ]
           3       98231     428.649   1.596e-05   1.132e-05   1.859e-02   3.573e-03   1.398e-02  1.0000        1127  [    1    383         60         12 ]
           3       98415     429.667   1.596e-05   1.132e-05   1.859e-02   3.570e-03   1.393e-02  1.0000        1131  [    1    384         60         11 ]
           3       98588     430.783   1.596e-05   1.132e-05   1.859e-02   3.570e-03   1.393e-02  1.0000        1132  [    1    385         60         11 ]
           3       98948     431.768   1.596e-05   1.132e-05   1.859e-02   3.570e-03   1.393e-02  1.0000        1134  [    2     49        120         13 ]
           3       99537     432.805   1.596e-05   1.132e-05   1.859e-02   3.563e-03   1.381e-02  1.0000        1136  [    3      7        240         19 ]
           3       99757     433.686   1.596e-05   1.132e-05   1.859e-02   3.563e-03   1.381e-02  1.0000        1132  [    1    386         60         15 ]
           3       99963     434.554   1.596e-05   1.132e-05   1.859e-02   3.563e-03   1.381e-02  1.0000        1140  [    1    387         60         19 ]
           4      100183     435.572   1.596e-05   1.132e-05   1.859e-02   3.563e-03   1.380e-02  1.0000        1135  [    3      7        240         19 ]
