# Generation  Evaluations  Time (s)  Best_obj[0]  Best_obj[1]  Hypervol.   IGD         IGDX        SR    Appr.set  [ Pop.index  Subgen.  Pop.size  Subpops ]
           0         104       4.308   7.563e-01   1.687e+00   0.000e+00   1.681e+00   3.276e+00  0.0000          12  [    0      1         30          9 ]
           0         188       4.344   4.210e-02   2.270e-01   0.000e+00   1.062e+00   2.869e+00  0.0000          19  [    0      2         30          9 ]
           0         269       4.401   3.913e-02   2.270e-01   0.000e+00   4.703e-01   2.377e+00  0.0000          26  [    0      3         30          9 ]
           0         349       4.449   3.913e-02   2.270e-01   0.000e+00   2.781e-01   2.323e+00  0.0000          42  [    0      4         30          9 ]
           0         440       4.526   1.426e-02   1.569e-01   0.000e+00   2.051e-01   2.132e+00  0.0000          51  [    0      5         30          8 ]
           0         529       4.606   1.426e-02   1.569e-01   0.000e+00   1.703e-01   2.038e+00  0.0000          61  [    0      6         30          8 ]
           0         623       4.720   1.426e-02   1.569e-01   0.000e+00   1.327e-01   1.961e+00  0.0000          80  [    0      7         30          8 ]
           0         711       4.868   1.426e-02   3.846e-03   0.000e+00   1.063e-01   1.936e+00  0.0000         103  [    0      8         30          8 ]
           1        1039       5.058   1.426e-02   3.846e-03   1.962e-03   6.186e-02   4.800e-01  0.0000         173  [    1      1         60         13 ]
           1        1173       5.325   1.426e-02   3.846e-03   1.962e-03   6.136e-02   4.372e-01  0.0000         182  [    0      9         30         11 ]
           1        1351       5.651   1.426e-02   3.846e-03   1.962e-03   5.830e-02   3.827e-01  0.0000         193  [    1      2         60         11 ]
           1        1470       5.873   3.185e-04   3.846e-03   2.309e-03   5.357e-02   3.363e-01  0.0000         174  [    0     10         30         10 ]
           1        1578       6.134   3.185e-04   3.846e-03   2.309e-03   4.515e-02   3.189e-01  0.0000         193  [    0     11         30         10 ]
           1        1687       6.400   3.185e-04   3.846e-03   1.915e-03   3.579e-02   3.001e-01  0.0000         207  [    0     12         30          9 ]
           1        1789       6.784   3.185e-04   3.846e-03   1.915e-03   3.096e-02   2.664e-01  0.0000         228  [    0     13         30          9 ]
           1        1885       7.190   3.185e-04   3.846e-03   6.334e-03   2.799e-02   2.587e-01  0.0000         245  [    0     14         30          9 ]
           1        1985       7.627   3.185e-04   3.846e-03   4.872e-03   2.477e-02   2.365e-01  0.0000         280  [    0     15         30          9 ]
           1        2087       8.082   3.185e-04   3.846e-03   3.111e-03   2.285e-02   2.179e-01  0.0000         300  [    0     16         30          9 ]
           1        2182       8.624   3.185e-04   3.692e-03   2.902e-03   2.265e-02   2.154e-01  0.0000         316  [    0     17         30          9 ]
           1        2343       9.061   3.185e-04   1.820e-03   2.902e-03   2.211e-02   2.005e-01  0.0000         348  [    1      3         60         10 ]
           1        2450       9.591   3.185e-04   2.963e-04   3.628e-03   1.960e-02   1.962e-01  0.0000         374  [    0     18         30          9 ]
           1        2553      10.198   3.185e-04   2.963e-04   3.652e-03   1.804e-02   1.807e-01  0.0000         379  [    0     19         30          9 ]
           1        2650      10.728   3.185e-04   2.963e-04   4.703e-03   1.753e-02   1.698e-01  0.0000         397  [    0     20         30          9 ]
           1        2750      11.419   3.185e-04   2.963e-04   4.703e-03   1.674e-02   1.655e-01  0.0000         419  [    0     21         30          9 ]
           1        2848      12.193   3.185e-04   2.963e-04   4.703e-03   1.496e-02   1.610e-01  0.0000         432  [    0     22         30          9 ]
           1        2939      13.031   3.185e-04   2.963e-04   6.950e-03   1.391e-02   1.550e-01  0.0000         455  [    0     23         30          9 ]
           1        3039      13.892   3.185e-04   2.963e-04   8.168e-03   1.313e-02   1.495e-01  0.0000         493  [    0     24         30          9 ]
           1        3138      14.681   3.185e-04   2.963e-04   8.168e-03   1.289e-02   1.401e-01  0.0000         505  [    0     25         30          9 ]
           1        3291      15.596   3.185e-04   5.046e-05   8.058e-03   1.192e-02   1.316e-01  0.0000         530  [    1      4         60          9 ]
           1        3393      16.367   3.185e-04   5.046e-05   8.058e-03   1.141e-02   1.227e-01  0.1111         554  [    0     26         30          9 ]
           1        3493      17.299   3.185e-04   5.046e-05   9.138e-03   1.070e-02   1.134e-01  0.2222         564  [    0     27         30          9 ]
           1        3601      18.126   3.185e-04   5.046e-05   9.154e-03   1.039e-02   1.094e-01  0.2222         577  [    0     28         30          9 ]
           1        3703      19.190   3.185e-04   5.038e-05   9.354e-03   9.933e-03   1.050e-01  0.2222         596  [    0     29         30          9 ]
           1        3806      20.234   3.185e-04   5.038e-05   9.354e-03   9.651e-03   1.016e-01  0.2222         615  [    0     30         30          9 ]
           1        3906      21.148   3.185e-04   5.038e-05   9.337e-03   9.347e-03   9.243e-02  0.2222         645  [    0     31         30          9 ]
           1        4000      22.425   3.185e-04   5.038e-05   9.337e-03   9.306e-03   9.104e-02  0.3333         657  [    0     32         30          9 ]
           1        4098      23.591   3.185e-04   5.038e-05   9.337e-03   9.225e-03   8.826e-02  0.3333         665  [    0     33         30          9 ]
           1        4256      24.756   3.185e-04   5.038e-05   9.337e-03   8.492e-03   8.542e-02  0.3333         699  [    1      5         60          9 ]
           1        4353      26.165   3.185e-04   5.038e-05   9.337e-03   8.360e-03   8.405e-02  0.4444         714  [    0     34         30          9 ]
           1        4458      27.471   3.185e-04   5.038e-05   1.012e-02   8.180e-03   8.223e-02  0.4444         729  [    0     35         30          9 ]
           1        4557      28.552   3.185e-04   5.038e-05   9.653e-03   7.981e-03   8.154e-02  0.4444         741  [    0     36         30          9 ]
           1        4662      29.619   3.185e-04   5.038e-05   9.653e-03   7.851e-03   7.852e-02  0.4444         761  [    0     37         30          9 ]
           1        4763      30.786   3.185e-04   5.038e-05   1.078e-02   7.756e-03   7.792e-02  0.4444         790  [    0     38         30          9 ]
           1        4866      32.075   3.185e-04   5.038e-05   1.078e-02   7.635e-03   7.615e-02  0.4444         811  [    0     39         30          9 ]
           1        4963      33.568   3.185e-04   5.038e-05   1.108e-02   7.361e-03   7.515e-02  0.4444         816  [    0     40         30          9 ]
           1        5070      34.925   3.185e-04   5.038e-05   1.277e-02   7.180e-03   7.355e-02  0.4444         839  [    0     41         30          9 ]
           1        5227      36.205   3.185e-04   5.038e-05   1.357e-02   6.796e-03   7.100e-02  0.6667         889  [    1      6         60          9 ]
           1        5326      37.414   3.185e-04   5.038e-05   1.342e-02   6.735e-03   6.875e-02  0.6667         902  [    0     42         30          9 ]
           1        5429      38.911   3.185e-04   5.038e-05   1.432e-02   6.564e-03   6.819e-02  0.6667         921  [    0     43         30          9 ]
           1        5531      40.476   3.185e-04   5.038e-05   1.486e-02   6.436e-03   6.792e-02  0.6667         943  [    0     44         30          9 ]
           1        5630      41.816   3.185e-04   5.038e-05   1.507e-02   6.322e-03   6.763e-02  0.6667         965  [    0     45         30          9 ]
           1        5727      43.395   3.185e-04   5.038e-05   1.605e-02   6.176e-03   6.663e-02  0.6667         981  [    0     46         30          9 ]
           1        5832      44.981   3.185e-04   5.038e-05   1.600e-02   5.937e-03   6.459e-02  0.7778        1007  [    0     47         30          9 ]
           1        5924      46.359   3.185e-04   5.038e-05   1.600e-02   5.808e-03   6.342e-02  0.7778        1023  [    0     48         30          9 ]
           1        6029      48.372   3.185e-04   5.038e-05   1.599e-02   5.724e-03   6.117e-02  0.7778        1035  [    0     49         30          9 ]
           1        6188      50.092   3.185e-04   5.038e-05   1.599e-02   5.557e-03   5.919e-02  0.7778        1071  [    1      7         60          9 ]
           1        6280      51.889   3.185e-04   5.038e-05   1.599e-02   5.474e-03   5.857e-02  0.7778        1075  [    0     50         30          9 ]
           1        6378      53.498   3.185e-04   5.038e-05   1.599e-02   5.402e-03   5.852e-02  0.7778        1090  [    0     51         30          9 ]
           1        6478      55.652   3.185e-04   5.038e-05   1.599e-02   5.373e-03   5.809e-02  0.7778        1091  [    0     52         30          9 ]
           1        6573      57.461   3.185e-04   5.038e-05   1.599e-02   5.360e-03   5.749e-02  0.7778        1099  [    0     53         30          9 ]
           1        6674      59.730   3.185e-04   5.038e-05   1.589e-02   5.329e-03   5.729e-02  0.7778        1117  [    0     54         30          9 ]
           1        6772      61.547   3.185e-04   5.038e-05   1.589e-02   5.276e-03   5.686e-02  0.7778        1144  [    0     55         30          9 ]
           1        6875      63.749   3.185e-04   5.038e-05   1.592e-02   5.212e-03   5.663e-02  0.7778        1174  [    0     56         30          9 ]
           1        6974      65.926   3.185e-04   5.038e-05   1.606e-02   5.117e-03   5.376e-02  0.7778        1202  [    0     57         30          9 ]
           1        7129      68.300   1.039e-04   5.038e-05   1.600e-02   4.926e-03   5.210e-02  0.7778        1244  [    1      8         60          9 ]
           1        7231      70.875   1.039e-04   5.038e-05   1.551e-02   6.633e-03   5.311e-02  0.7778         761  [    0     58         30          9 ]
           1        7332      72.284   1.039e-04   5.038e-05   1.551e-02   6.567e-03   5.178e-02  0.7778         761  [    0     59         30          9 ]
           1        7435      73.632   1.039e-04   5.038e-05   1.552e-02   6.509e-03   5.055e-02  0.7778         770  [    0     60         30          9 ]
           1        7538      74.994   1.039e-04   5.038e-05   1.554e-02   6.448e-03   4.737e-02  0.7778         770  [    0     61         30          9 ]
           1        7636      76.268   1.039e-04   5.038e-05   1.554e-02   6.385e-03   4.686e-02  0.7778         779  [    0     62         30          9 ]
           1        7732      77.411   1.039e-04   5.038e-05   1.557e-02   6.359e-03   4.650e-02  0.7778         786  [    0     63         30          9 ]
           1        7831      78.586   1.039e-04   5.038e-05   1.645e-02   6.338e-03   4.632e-02  0.7778         791  [    0     64         30          9 ]
           2        9244      79.562   5.766e-06   1.734e-05   1.609e-02   5.185e-03   4.421e-02  0.7778         974  [    2      1        120         12 ]
           2        9415      81.342   5.766e-06   1.734e-05   1.608e-02   5.105e-03   4.268e-02  0.7778         976  [    1      9         60          9 ]
           2        9748      82.676   5.766e-06   1.734e-05   1.608e-02   4.937e-03   4.062e-02  0.7778         994  [    2      2        120         12 ]
           2        9920      84.298   5.766e-06   1.734e-05   1.613e-02   4.919e-03   4.005e-02  0.7778         994  [    1     10         60          9 ]
           2       10080      85.937   5.766e-06   1.734e-05   1.608e-02   4.910e-03   3.993e-02  0.7778         995  [    1     11         60          9 ]
           2       10238      87.830   5.766e-06   1.734e-05   1.673e-02   4.927e-03   3.879e-02  0.7778        1000  [    1     12         60          9 ]
           2       10393      89.821   5.766e-06   1.734e-05   1.676e-02   4.885e-03   3.666e-02  0.7778        1003  [    1     13         60          9 ]
           2       10548      91.701   5.766e-06   1.734e-05   1.676e-02   4.784e-03   3.587e-02  0.7778        1003  [    1     14         60          9 ]
           2       10712      93.335   5.766e-06   1.734e-05   1.676e-02   4.736e-03   3.474e-02  0.8889        1011  [    1     15         60          9 ]
           2       10877      95.286   5.766e-06   1.734e-05   1.676e-02   4.628e-03   3.433e-02  0.8889        1021  [    1     16         60          9 ]
           2       11031      96.935   5.766e-06   1.734e-05   1.676e-02   4.570e-03   3.349e-02  0.8889        1021  [    1     17         60          9 ]
           2       11331      98.536   5.766e-06   1.734e-05   1.688e-02   4.506e-03   3.310e-02  0.8889        1033  [    2      3        120         11 ]
           2       11514     100.451   5.766e-06   1.734e-05   1.689e-02   4.424e-03   3.285e-02  0.8889        1035  [    1     18         60          9 ]
           2       11679     101.964   5.766e-06   1.734e-05   1.689e-02   4.397e-03   3.266e-02  0.8889        1045  [    1     19         60          9 ]
           2       11840     103.464   5.766e-06   1.734e-05   1.689e-02   4.390e-03   3.251e-02  0.8889        1049  [    1     20         60          9 ]
           2       11989     105.314   5.766e-06   1.734e-05   1.684e-02   4.390e-03   3.250e-02  0.8889        1055  [    1     21         60          9 ]
           2       12157     107.031   5.766e-06   1.734e-05   1.696e-02   4.355e-03   3.176e-02  0.8889        1059  [    1     22         60          9 ]
           2       12324     108.747   5.766e-06   1.734e-05   1.711e-02   4.337e-03   3.152e-02  0.8889        1063  [    1     23         60          9 ]
           2       12493     110.414   5.766e-06   1.734e-05   1.711e-02   4.295e-03   3.141e-02  0.8889        1071  [    1     24         60          9 ]
           2       12658     112.624   5.766e-06   1.338e-06   1.711e-02   4.255e-03   3.105e-02  0.8889        1074  [    1     25         60          9 ]
           2       12972     114.328   5.766e-06   1.338e-06   1.790e-02   4.218e-03   3.020e-02  0.8889        1079  [    2      4        120         10 ]
           2       13156     115.844   5.766e-06   1.338e-06   1.793e-02   4.170e-03   2.989e-02  0.8889        1084  [    1     26         60         10 ]
           2       13315     117.541   5.766e-06   1.338e-06   1.793e-02   4.115e-03   2.968e-02  0.8889        1085  [    1     27         60          9 ]
           2       13476     119.334   5.766e-06   1.338e-06   1.793e-02   4.087e-03   2.950e-02  0.8889        1086  [    1     28         60          9 ]
           2       13642     121.387   5.766e-06   1.338e-06   1.793e-02   4.076e-03   2.938e-02  0.8889        1091  [    1     29         60          9 ]
           2       13812     123.592   5.766e-06   1.338e-06   1.793e-02   4.041e-03   2.915e-02  0.8889        1097  [    1     30         60          9 ]
           2       13972     125.620   5.766e-06   1.338e-06   1.792e-02   4.026e-03   2.881e-02  0.8889        1098  [    1     31         60          9 ]
           2       14132     127.468   5.766e-06   1.338e-06   1.792e-02   4.017e-03   2.880e-02  0.8889        1099  [    1     32         60          9 ]
           2       14300     129.507   5.766e-06   1.338e-06   1.792e-02   3.979e-03   2.867e-02  0.8889        1103  [    1     33         60          9 ]
           2       14584     131.511   5.766e-06   1.338e-06   1.808e-02   3.944e-03   2.831e-02  0.8889        1109  [    2      5        120          9 ]
           2       14748     133.678   5.766e-06   1.338e-06   1.808e-02   3.935e-03   2.819e-02  0.8889        1112  [    1     34         60          9 ]
           2       14915     135.764   5.766e-06   1.338e-06   1.809e-02   3.935e-03   2.813e-02  0.8889        1113  [    1     35         60          9 ]
           2       15083     138.057   5.766e-06   1.338e-06   1.815e-02   3.922e-03   2.793e-02  0.8889        1116  [    1     36         60          9 ]
           2       15258     140.102   5.766e-06   1.338e-06   1.815e-02   3.898e-03   2.774e-02  0.8889        1123  [    1     37         60          9 ]
           2       15423     142.203   5.766e-06   1.338e-06   1.815e-02   3.878e-03   2.766e-02  0.8889        1126  [    1     38         60          9 ]
           2       15589     143.981   5.766e-06   1.338e-06   1.818e-02   3.874e-03   2.755e-02  0.8889        1126  [    1     39         60          9 ]
           2       15759     145.914   5.766e-06   1.338e-06   1.818e-02   3.837e-03   2.729e-02  0.8889        1129  [    1     40         60          9 ]
           2       15931     147.806   5.766e-06   1.338e-06   1.818e-02   3.832e-03   2.728e-02  0.8889        1130  [    1     41         60          9 ]
           2       16207     149.680   5.766e-06   1.338e-06   1.823e-02   3.815e-03   2.692e-02  0.8889        1133  [    2      6        120          9 ]
           2       16370     151.694   5.766e-06   1.338e-06   1.823e-02   3.794e-03   2.676e-02  0.8889        1135  [    1     42         60          9 ]
           2       16543     154.005   5.766e-06   1.338e-06   1.823e-02   3.785e-03   2.664e-02  0.8889        1137  [    1     43         60          9 ]
           2       16712     156.234   5.766e-06   1.338e-06   1.823e-02   3.776e-03   2.649e-02  0.8889        1137  [    1     44         60          9 ]
           2       16873     158.319   5.766e-06   1.338e-06   1.823e-02   3.762e-03   2.639e-02  0.8889        1140  [    1     45         60          9 ]
           2       17036     160.161   5.766e-06   1.338e-06   1.823e-02   3.754e-03   2.636e-02  0.8889        1142  [    1     46         60          9 ]
           2       17207     161.965   5.766e-06   1.338e-06   1.823e-02   3.738e-03   2.614e-02  0.8889        1145  [    1     47         60          9 ]
           2       17374     163.685   5.766e-06   1.338e-06   1.823e-02   3.726e-03   2.593e-02  0.8889        1146  [    1     48         60          9 ]
           2       17545     165.406   5.766e-06   1.338e-06   1.826e-02   3.722e-03   2.587e-02  0.8889        1146  [    1     49         60          9 ]
           2       17817     167.010   5.766e-06   1.338e-06   1.827e-02   3.693e-03   2.560e-02  0.8889        1152  [    2      7        120          9 ]
           2       17991     168.752   5.766e-06   1.338e-06   1.827e-02   3.682e-03   2.553e-02  0.8889        1153  [    1     50         60          9 ]
           2       18159     170.739   5.766e-06   1.338e-06   1.827e-02   3.677e-03   2.533e-02  0.8889        1153  [    1     51         60          9 ]
           2       18319     172.958   5.766e-06   1.338e-06   1.827e-02   3.673e-03   2.532e-02  0.8889        1153  [    1     52         60          9 ]
           2       18479     175.350   5.766e-06   1.338e-06   1.826e-02   3.669e-03   2.513e-02  0.8889        1152  [    1     53         60          9 ]
           2       18648     177.449   5.766e-06   1.338e-06   1.826e-02   3.657e-03   2.497e-02  0.8889        1152  [    1     54         60          9 ]
           2       18811     179.631   5.766e-06   1.338e-06   1.826e-02   3.644e-03   2.495e-02  0.8889        1154  [    1     55         60          9 ]
           2       18981     181.541   5.766e-06   1.338e-06   1.826e-02   3.639e-03   2.484e-02  0.8889        1155  [    1     56         60          9 ]
           2       19157     183.836   5.766e-06   1.338e-06   1.826e-02   3.623e-03   2.476e-02  0.8889        1157  [    1     57         60          9 ]
           2       19432     185.557   5.766e-06   1.338e-06   1.829e-02   3.603e-03   2.437e-02  0.8889        1161  [    2      8        120          9 ]
           2       19599     187.653   5.766e-06   1.338e-06   1.829e-02   3.562e-03   2.432e-02  0.8889        1163  [    1     58         60          9 ]
           2       19763     189.653   5.766e-06   1.338e-06   1.829e-02   3.560e-03   2.428e-02  0.8889        1165  [    1     59         60          9 ]
           2       19928     191.535   5.766e-06   1.338e-06   1.829e-02   3.551e-03   2.403e-02  0.8889        1166  [    1     60         60          9 ]
           2       20096     193.673   5.766e-06   1.338e-06   1.829e-02   3.530e-03   2.391e-02  0.8889        1169  [    1     61         60          9 ]
           2       20256     195.865   5.766e-06   1.338e-06   1.829e-02   3.529e-03   2.376e-02  0.8889        1171  [    1     62         60          9 ]
           2       20426     197.513   5.766e-06   1.338e-06   1.829e-02   3.519e-03   2.375e-02  0.8889        1171  [    1     63         60          9 ]
           2       20588     199.311   5.766e-06   1.338e-06   1.829e-02   3.509e-03   2.367e-02  0.8889        1175  [    1     64         60          9 ]
           3       22879     201.203   5.766e-06   1.338e-06   1.829e-02   3.391e-03   2.311e-02  0.8889        1210  [    3      1        240         15 ]
           3       23098     203.561   5.766e-06   1.338e-06   1.829e-02   3.390e-03   2.310e-02  0.8889        1206  [    1     65         60         11 ]
           3       23395     205.611   5.766e-06   1.338e-06   1.829e-02   3.392e-03   2.292e-02  0.8889        1206  [    2      9        120         10 ]
           3       23979     207.566   5.766e-06   1.338e-06   1.829e-02   3.370e-03   2.245e-02  0.8889        1208  [    3      2        240         15 ]
           3       24206     209.911   5.766e-06   1.338e-06   1.829e-02   3.378e-03   2.236e-02  0.8889        1204  [    1     66         60         11 ]
           3       24399     212.545   5.766e-06   1.338e-06   1.829e-02   3.375e-03   2.236e-02  0.8889        1204  [    1     67         60         10 ]
           3       24590     214.860   5.766e-06   1.338e-06   1.830e-02   3.370e-03   2.233e-02  0.8889        1207  [    1     68         60         10 ]
           3       24804     216.812   5.766e-06   1.338e-06   1.830e-02   3.357e-03   2.220e-02  0.8889        1208  [    1     69         60         10 ]
           3       24986     218.830   5.766e-06   1.338e-06   1.830e-02   3.351e-03   2.212e-02  0.8889        1211  [    1     70         60         10 ]
           3       25192     221.305   5.766e-06   1.338e-06   1.830e-02   3.351e-03   2.211e-02  0.8889        1212  [    1     71         60         10 ]
           3       25386     223.393   5.766e-06   1.338e-06   1.830e-02   3.345e-03   2.207e-02  0.8889        1212  [    1     72         60         10 ]
           3       25577     225.863   5.766e-06   1.338e-06   1.830e-02   3.324e-03   2.199e-02  0.8889        1213  [    1     73         60         10 ]
           3       25896     228.375   5.766e-06   1.338e-06   1.830e-02   3.317e-03   2.183e-02  0.8889        1211  [    2     10        120         10 ]
           3       26073     230.980   5.766e-06   1.338e-06   1.830e-02   3.308e-03   2.177e-02  0.8889        1211  [    1     74         60          9 ]
           3       26250     233.164   5.766e-06   1.338e-06   1.832e-02   3.305e-03   2.167e-02  0.8889        1211  [    1     75         60          9 ]
           3       26415     235.126   5.766e-06   1.338e-06   1.842e-02   3.297e-03   2.165e-02  0.8889        1211  [    1     76         60          9 ]
           3       26583     237.538   5.766e-06   1.338e-06   1.844e-02   3.296e-03   2.160e-02  0.8889        1211  [    1     77         60          9 ]
           3       26751     239.788   5.766e-06   1.338e-06   1.844e-02   3.289e-03   2.150e-02  0.8889        1211  [    1     78         60          9 ]
           3       26915     242.357   5.766e-06   1.338e-06   1.844e-02   3.287e-03   2.140e-02  0.8889        1211  [    1     79         60          9 ]
           3       27076     244.956   5.766e-06   1.338e-06   1.844e-02   3.285e-03   2.123e-02  0.8889        1208  [    1     80         60          9 ]
           3       27239     247.606   5.766e-06   1.338e-06   1.844e-02   3.284e-03   2.123e-02  0.8889        1209  [    1     81         60          9 ]
           3       27514     249.749   5.766e-06   1.338e-06   1.844e-02   3.282e-03   2.119e-02  0.8889        1210  [    2     11        120         10 ]
           3       27693     252.017   5.766e-06   1.338e-06   1.844e-02   3.268e-03   2.101e-02  0.8889        1209  [    1     82         60          9 ]
           3       27858     254.567   5.766e-06   1.338e-06   1.844e-02   3.267e-03   2.095e-02  0.8889        1209  [    1     83         60          9 ]
           3       28025     256.345   5.766e-06   1.338e-06   1.844e-02   3.266e-03   2.082e-02  0.8889        1210  [    1     84         60          9 ]
           3       28188     258.219   5.766e-06   1.338e-06   1.844e-02   3.265e-03   2.070e-02  0.8889        1209  [    1     85         60          9 ]
           3       28354     260.432   5.766e-06   1.338e-06   1.844e-02   3.258e-03   2.041e-02  0.8889        1209  [    1     86         60          9 ]
           3       28520     262.533   5.766e-06   1.338e-06   1.844e-02   3.256e-03   2.029e-02  0.8889        1209  [    1     87         60          9 ]
           3       28682     264.504   5.766e-06   1.338e-06   1.844e-02   3.244e-03   2.022e-02  0.8889        1210  [    1     88         60          9 ]
           3       28849     266.304   5.766e-06   1.338e-06   1.844e-02   3.244e-03   2.013e-02  0.8889        1210  [    1     89         60          9 ]
           3       29139     268.898   5.766e-06   1.338e-06   1.845e-02   3.244e-03   2.009e-02  0.8889        1211  [    2     12        120         10 ]
           3       29308     271.340   5.766e-06   1.338e-06   1.845e-02   3.245e-03   2.009e-02  0.8889        1210  [    1     90         60          9 ]
           3       29469     273.151   5.766e-06   1.338e-06   1.845e-02   3.243e-03   2.003e-02  0.8889        1210  [    1     91         60          9 ]
           3       29631     274.665   5.766e-06   1.338e-06   1.845e-02   3.238e-03   1.998e-02  0.8889        1211  [    1     92         60          9 ]
           3       29804     276.644   5.766e-06   1.338e-06   1.845e-02   3.237e-03   1.992e-02  0.8889        1211  [    1     93         60          9 ]
           3       29972     278.496   5.766e-06   1.338e-06   1.849e-02   3.229e-03   1.968e-02  0.8889        1209  [    1     94         60          9 ]
           3       30133     280.370   5.766e-06   1.338e-06   1.849e-02   3.227e-03   1.966e-02  0.8889        1212  [    1     95         60          9 ]
           3       30297     282.312   5.766e-06   1.338e-06   1.849e-02   3.227e-03   1.963e-02  0.8889        1212  [    1     96         60          9 ]
           3       30473     284.275   5.766e-06   1.338e-06   1.864e-02   3.225e-03   1.957e-02  0.8889        1213  [    1     97         60          9 ]
           3       30763     286.202   5.766e-06   1.338e-06   1.864e-02   3.213e-03   1.935e-02  0.8889        1215  [    2     13        120         10 ]
           3       30937     288.034   5.766e-06   1.338e-06   1.864e-02   3.212e-03   1.925e-02  0.8889        1215  [    1     98         60          9 ]
           3       31093     290.157   5.766e-06   1.338e-06   1.864e-02   3.212e-03   1.925e-02  0.8889        1215  [    1     99         60          9 ]
           3       31265     292.231   5.766e-06   1.338e-06   1.864e-02   3.183e-03   1.898e-02  0.8889        1215  [    1    100         60          9 ]
           3       31435     294.803   5.766e-06   1.338e-06   1.864e-02   3.167e-03   1.889e-02  0.8889        1216  [    1    101         60          9 ]
           3       31598     297.229   5.766e-06   1.338e-06   1.864e-02   3.164e-03   1.880e-02  0.8889        1217  [    1    102         60          9 ]
           3       31760     299.062   5.766e-06   1.338e-06   1.864e-02   3.155e-03   1.863e-02  0.8889        1216  [    1    103         60          9 ]
           3       31927     301.040   5.766e-06   1.338e-06   1.864e-02   3.154e-03   1.862e-02  0.8889        1216  [    1    104         60          9 ]
           3       32088     303.620   5.766e-06   1.338e-06   1.868e-02   3.147e-03   1.856e-02  0.8889        1218  [    1    105         60          9 ]
           3       32378     305.635   5.766e-06   1.338e-06   1.868e-02   3.135e-03   1.834e-02  1.0000        1219  [    2     14        120          9 ]
           3       32545     307.991   5.766e-06   1.338e-06   1.868e-02   3.131e-03   1.831e-02  1.0000        1221  [    1    106         60          9 ]
           3       32719     310.285   5.766e-06   1.338e-06   1.868e-02   3.125e-03   1.829e-02  1.0000        1221  [    1    107         60          9 ]
           3       32890     312.637   5.766e-06   1.338e-06   1.868e-02   3.116e-03   1.828e-02  1.0000        1222  [    1    108         60          9 ]
           3       33058     314.657   5.766e-06   1.338e-06   1.874e-02   3.104e-03   1.819e-02  1.0000        1222  [    1    109         60          9 ]
           3       33225     317.142   5.766e-06   1.338e-06   1.874e-02   3.101e-03   1.807e-02  1.0000        1220  [    1    110         60          9 ]
           3       33394     319.653   5.766e-06   1.338e-06   1.874e-02   3.092e-03   1.778e-02  1.0000        1221  [    1    111         60          9 ]
           3       33560     322.057   5.766e-06   1.338e-06   1.874e-02   3.094e-03   1.768e-02  1.0000        1218  [    1    112         60          9 ]
           3       33735     324.024   5.766e-06   1.338e-06   1.874e-02   3.087e-03   1.765e-02  1.0000        1218  [    1    113         60          9 ]
           3       34006     326.304   5.766e-06   1.338e-06   1.874e-02   3.089e-03   1.755e-02  1.0000        1218  [    2     15        120          9 ]
           3       34174     328.161   5.766e-06   1.338e-06   1.874e-02   3.088e-03   1.754e-02  1.0000        1218  [    1    114         60          9 ]
           3       34341     330.037   5.766e-06   1.338e-06   1.874e-02   3.082e-03   1.735e-02  1.0000        1217  [    1    115         60          9 ]
           3       34510     332.344   5.766e-06   1.338e-06   1.874e-02   3.082e-03   1.735e-02  1.0000        1217  [    1    116         60          9 ]
           3       34676     334.882   5.766e-06   1.338e-06   1.874e-02   3.080e-03   1.731e-02  1.0000        1217  [    1    117         60          9 ]
           3       34842     337.031   5.766e-06   1.338e-06   1.874e-02   3.071e-03   1.724e-02  1.0000        1215  [    1    118         60          9 ]
           3       35013     339.282   5.766e-06   1.338e-06   1.874e-02   3.065e-03   1.717e-02  1.0000        1215  [    1    119         60          9 ]
           3       35185     341.229   5.766e-06   1.338e-06   1.874e-02   3.064e-03   1.716e-02  1.0000        1215  [    1    120         60          9 ]
           3       35351     343.175   5.766e-06   1.338e-06   1.874e-02   3.064e-03   1.714e-02  1.0000        1215  [    1    121         60          9 ]
           3       35616     345.676   5.766e-06   1.338e-06   1.874e-02   3.065e-03   1.711e-02  1.0000        1215  [    2     16        120          9 ]
           3       35772     348.027   5.766e-06   1.338e-06   1.874e-02   3.065e-03   1.711e-02  1.0000        1215  [    1    122         60          9 ]
           3       35935     350.603   5.766e-06   1.338e-06   1.874e-02   3.065e-03   1.705e-02  1.0000        1215  [    1    123         60          9 ]
           3       36104     352.711   5.766e-06   1.338e-06   1.874e-02   3.064e-03   1.705e-02  1.0000        1215  [    1    124         60          9 ]
           3       36269     355.043   5.766e-06   1.338e-06   1.874e-02   3.063e-03   1.704e-02  1.0000        1215  [    1    125         60          9 ]
           3       36439     356.867   5.766e-06   1.338e-06   1.874e-02   3.062e-03   1.694e-02  1.0000        1216  [    1    126         60          9 ]
           3       36614     359.049   5.766e-06   1.338e-06   1.874e-02   3.058e-03   1.691e-02  1.0000        1216  [    1    127         60          9 ]
           3       36783     361.057   5.766e-06   1.338e-06   1.874e-02   3.049e-03   1.681e-02  1.0000        1216  [    1    128         60          9 ]
           3       36953     363.089   5.766e-06   1.338e-06   1.874e-02   3.043e-03   1.678e-02  1.0000        1216  [    1    129         60          9 ]
           3       37210     365.386   5.766e-06   1.338e-06   1.874e-02   3.042e-03   1.678e-02  1.0000        1219  [    2     17        120          9 ]
           3       37789     367.255   5.766e-06   1.338e-06   1.874e-02   3.041e-03   1.677e-02  1.0000        1226  [    3      3        240         15 ]
           3       38012     369.651   5.766e-06   1.338e-06   1.874e-02   3.038e-03   1.673e-02  1.0000        1223  [    1    130         60         12 ]
           3       38207     372.120   5.766e-06   1.338e-06   1.874e-02   3.038e-03   1.673e-02  1.0000        1223  [    1    131         60         11 ]
           3       38416     374.443   5.766e-06   1.338e-06   1.874e-02   3.038e-03   1.673e-02  1.0000        1223  [    1    132         60         11 ]
           3       38613     376.572   5.766e-06   1.338e-06   1.874e-02   3.037e-03   1.673e-02  1.0000        1223  [    1    133         60         10 ]
           3       38802     378.461   5.766e-06   1.338e-06   1.874e-02   3.033e-03   1.669e-02  1.0000        1224  [    1    134         60         10 ]
           3       38984     380.336   5.766e-06   1.338e-06   1.874e-02   3.033e-03   1.665e-02  1.0000        1224  [    1    135         60         11 ]
           3       39182     382.489   5.766e-06   1.338e-06   1.874e-02   3.026e-03   1.659e-02  1.0000        1228  [    1    136         60         13 ]
           3       39376     384.992   5.766e-06   1.338e-06   1.874e-02   3.026e-03   1.657e-02  1.0000        1227  [    1    137         60         12 ]
           3       39661     387.334   5.766e-06   1.338e-06   1.874e-02   3.017e-03   1.645e-02  1.0000        1228  [    2     18        120         12 ]
           3       39843     389.186   5.766e-06   1.338e-06   1.874e-02   3.015e-03   1.641e-02  1.0000        1228  [    1    138         60         12 ]
           3       40048     390.999   5.766e-06   1.338e-06   1.874e-02   3.015e-03   1.639e-02  1.0000        1227  [    1    139         60         13 ]
           3       40250     393.338   5.766e-06   1.338e-06   1.874e-02   3.015e-03   1.639e-02  1.0000        1226  [    1    140         60         11 ]
           3       40447     395.547   5.766e-06   1.338e-06   1.874e-02   3.015e-03   1.639e-02  1.0000        1226  [    1    141         60         11 ]
           3       40646     397.571   5.766e-06   1.338e-06   1.874e-02   3.014e-03   1.635e-02  1.0000        1225  [    1    142         60         10 ]
           3       40832     400.235   5.766e-06   1.338e-06   1.876e-02   3.008e-03   1.630e-02  1.0000        1224  [    1    143         60         10 ]
           3       41015     402.541   5.766e-06   1.338e-06   1.876e-02   3.000e-03   1.625e-02  1.0000        1224  [    1    144         60         10 ]
           3       41183     404.366   5.766e-06   1.338e-06   1.876e-02   2.999e-03   1.622e-02  1.0000        1223  [    1    145         60          9 ]
           3       41451     406.269   5.766e-06   1.338e-06   1.876e-02   2.999e-03   1.622e-02  1.0000        1227  [    2     19        120         11 ]
           3       41634     407.990   5.766e-06   1.338e-06   1.876e-02   2.997e-03   1.621e-02  1.0000        1223  [    1    146         60          9 ]
           3       41793     410.178   5.766e-06   1.338e-06   1.876e-02   3.001e-03   1.611e-02  1.0000        1224  [    1    147         60          9 ]
           3       41954     411.958   5.766e-06   1.338e-06   1.876e-02   3.000e-03   1.609e-02  1.0000        1224  [    1    148         60          9 ]
           3       42118     414.071   5.766e-06   1.338e-06   1.876e-02   3.002e-03   1.608e-02  1.0000        1225  [    1    149         60          9 ]
           3       42282     416.422   5.766e-06   1.338e-06   1.876e-02   3.003e-03   1.607e-02  1.0000        1225  [    1    150         60          9 ]
           3       42440     418.794   5.766e-06   1.338e-06   1.876e-02   3.003e-03   1.605e-02  1.0000        1225  [    1    151         60          9 ]
           3       42608     421.225   5.766e-06   1.338e-06   1.876e-02   3.002e-03   1.604e-02  1.0000        1225  [    1    152         60          9 ]
           3       42781     423.779   5.766e-06   1.338e-06   1.876e-02   2.985e-03   1.592e-02  1.0000        1225  [    1    153         60          9 ]
           3       43083     426.291   5.766e-06   1.338e-06   1.876e-02   2.987e-03   1.592e-02  1.0000        1229  [    2     20        120         10 ]
           3       43264     428.341   5.766e-06   1.338e-06   1.876e-02   2.987e-03   1.592e-02  1.0000        1229  [    1    154         60         10 ]
           3       43452     430.324   5.766e-06   1.338e-06   1.876e-02   2.987e-03   1.592e-02  1.0000        1229  [    1    155         60         12 ]
           3       43639     432.557   5.766e-06   1.338e-06   1.876e-02   2.987e-03   1.591e-02  1.0000        1230  [    1    156         60         13 ]
           3       43827     434.836   5.766e-06   1.338e-06   1.876e-02   2.987e-03   1.591e-02  1.0000        1232  [    1    157         60         14 ]
           3       44009     437.249   5.766e-06   1.338e-06   1.876e-02   2.988e-03   1.591e-02  1.0000        1228  [    1    158         60         11 ]
           3       44186     439.173   5.766e-06   1.338e-06   1.876e-02   2.988e-03   1.591e-02  1.0000        1226  [    1    159         60         10 ]
           3       44364     441.175   5.766e-06   1.338e-06   1.876e-02   2.984e-03   1.585e-02  1.0000        1226  [    1    160         60         10 ]
           3       44536     443.007   5.766e-06   1.338e-06   1.876e-02   2.995e-03   1.584e-02  1.0000        1226  [    1    161         60         10 ]
           3       44818     445.604   5.766e-06   1.338e-06   1.876e-02   2.995e-03   1.584e-02  1.0000        1227  [    2     21        120         10 ]
           3       45000     447.786   5.766e-06   1.338e-06   1.876e-02   2.995e-03   1.581e-02  1.0000        1227  [    1    162         60         10 ]
           3       45197     450.198   5.766e-06   1.338e-06   1.876e-02   2.996e-03   1.581e-02  1.0000        1226  [    1    163         60         10 ]
           3       45374     452.680   5.766e-06   1.338e-06   1.876e-02   2.996e-03   1.580e-02  1.0000        1226  [    1    164         60         10 ]
           3       45566     455.193   5.766e-06   1.338e-06   1.876e-02   2.995e-03   1.580e-02  1.0000        1227  [    1    165         60         10 ]
           3       45757     457.104   5.766e-06   1.338e-06   1.876e-02   2.995e-03   1.577e-02  1.0000        1227  [    1    166         60         10 ]
           3       45941     459.264   5.766e-06   1.338e-06   1.876e-02   2.999e-03   1.565e-02  1.0000        1225  [    1    167         60          9 ]
           3       46109     461.746   5.766e-06   1.338e-06   1.876e-02   2.997e-03   1.563e-02  1.0000        1226  [    1    168         60          9 ]
           3       46273     464.142   5.766e-06   1.338e-06   1.876e-02   2.994e-03   1.562e-02  1.0000        1226  [    1    169         60          9 ]
           3       46552     465.904   5.766e-06   1.338e-06   1.876e-02   2.990e-03   1.558e-02  1.0000        1231  [    2     22        120         12 ]
           3       46743     468.120   5.766e-06   1.338e-06   1.878e-02   2.987e-03   1.551e-02  1.0000        1229  [    1    170         60         10 ]
           3       46937     469.939   5.766e-06   1.338e-06   1.878e-02   2.984e-03   1.549e-02  1.0000        1231  [    1    171         60         11 ]
           3       47119     471.771   5.766e-06   1.338e-06   1.878e-02   2.983e-03   1.547e-02  1.0000        1231  [    1    172         60         12 ]
           3       47308     473.926   5.766e-06   1.338e-06   1.878e-02   2.983e-03   1.547e-02  1.0000        1231  [    1    173         60         12 ]
           3       47504     476.098   5.766e-06   1.338e-06   1.878e-02   2.983e-03   1.547e-02  1.0000        1230  [    1    174         60         12 ]
           3       47696     478.002   5.766e-06   1.338e-06   1.878e-02   2.983e-03   1.547e-02  1.0000        1233  [    1    175         60         12 ]
           3       47886     480.678   5.766e-06   1.338e-06   1.878e-02   2.974e-03   1.546e-02  1.0000        1230  [    1    176         60         12 ]
           3       48065     483.080   5.766e-06   1.338e-06   1.878e-02   2.974e-03   1.546e-02  1.0000        1229  [    1    177         60         11 ]
           3       48389     484.881   5.766e-06   1.338e-06   1.878e-02   2.974e-03   1.546e-02  1.0000        1233  [    2     23        120         14 ]
           3       48588     487.185   5.766e-06   1.338e-06   1.878e-02   2.972e-03   1.544e-02  1.0000        1234  [    1    178         60         13 ]
           3       48768     489.486   5.766e-06   1.338e-06   1.878e-02   2.972e-03   1.544e-02  1.0000        1232  [    1    179         60         13 ]
           3       48966     491.796   5.766e-06   1.338e-06   1.878e-02   2.972e-03   1.544e-02  1.0000        1232  [    1    180         60         11 ]
           3       49143     494.117   5.766e-06   1.338e-06   1.878e-02   2.973e-03   1.541e-02  1.0000        1229  [    1    181         60         10 ]
           3       49312     496.519   5.766e-06   1.338e-06   1.878e-02   2.973e-03   1.538e-02  1.0000        1229  [    1    182         60         10 ]
           3       49498     499.039   5.766e-06   1.338e-06   1.878e-02   2.972e-03   1.538e-02  1.0000        1229  [    1    183         60         10 ]
           3       49679     501.157   5.766e-06   1.338e-06   1.878e-02   2.972e-03   1.538e-02  1.0000        1229  [    1    184         60         10 ]
           3       49859     503.363   5.766e-06   1.338e-06   1.878e-02   2.970e-03   1.537e-02  1.0000        1229  [    1    185         60         10 ]
           3       50172     505.787   5.766e-06   1.338e-06   1.878e-02   2.970e-03   1.537e-02  1.0000        1230  [    2     24        120         11 ]
           3       50354     508.179   5.766e-06   1.338e-06   1.878e-02   2.970e-03   1.537e-02  1.0000        1229  [    1    186         60         10 ]
           3       50531     510.433   5.766e-06   1.338e-06   1.878e-02   2.969e-03   1.535e-02  1.0000        1229  [    1    187         60         10 ]
           3       50707     513.075   5.766e-06   1.338e-06   1.878e-02   2.969e-03   1.535e-02  1.0000        1229  [    1    188         60         10 ]
           3       50893     515.504   5.766e-06   1.338e-06   1.878e-02   2.965e-03   1.535e-02  1.0000        1230  [    1    189         60         11 ]
           3       51090     517.756   5.766e-06   1.338e-06   1.878e-02   2.964e-03   1.534e-02  1.0000        1233  [    1    190         60         13 ]
           3       51279     520.453   5.766e-06   1.338e-06   1.878e-02   2.964e-03   1.534e-02  1.0000        1234  [    1    191         60         13 ]
           3       51472     522.579   5.766e-06   1.338e-06   1.879e-02   2.963e-03   1.533e-02  1.0000        1236  [    1    192         60         13 ]
           3       51662     524.735   5.766e-06   1.338e-06   1.879e-02   2.963e-03   1.533e-02  1.0000        1235  [    1    193         60         13 ]
           3       51966     526.996   5.766e-06   1.338e-06   1.879e-02   2.962e-03   1.533e-02  1.0000        1235  [    2     25        120         13 ]
           3       52575     529.283   5.766e-06   1.338e-06   1.880e-02   2.961e-03   1.530e-02  1.0000        1244  [    3      4        240         19 ]
           3       52834     531.517   5.766e-06   1.338e-06   1.880e-02   2.961e-03   1.518e-02  1.0000        1246  [    1    194         60         16 ]
           3       53065     533.463   5.766e-06   1.338e-06   1.880e-02   2.961e-03   1.518e-02  1.0000        1250  [    1    195         60         19 ]
           3       53310     535.257   5.766e-06   1.039e-07   1.880e-02   2.963e-03   1.518e-02  1.0000        1243  [    1    196         60         16 ]
           3       53533     537.536   5.766e-06   1.039e-07   1.880e-02   2.976e-03   1.507e-02  1.0000        1239  [    1    197         60         16 ]
           3       53750     539.617   5.766e-06   1.039e-07   1.880e-02   2.976e-03   1.506e-02  1.0000        1237  [    1    198         60         14 ]
           3       53955     541.619   5.766e-06   1.039e-07   1.880e-02   2.976e-03   1.506e-02  1.0000        1235  [    1    199         60         13 ]
           3       54169     543.943   5.766e-06   1.039e-07   1.880e-02   2.976e-03   1.505e-02  1.0000        1239  [    1    200         60         14 ]
           3       54391     545.934   5.766e-06   1.039e-07   1.880e-02   2.975e-03   1.505e-02  1.0000        1235  [    1    201         60         13 ]
           3       54718     547.889   5.766e-06   1.039e-07   1.880e-02   2.975e-03   1.505e-02  1.0000        1234  [    2     26        120         13 ]
           3       54926     549.967   5.766e-06   1.039e-07   1.880e-02   2.976e-03   1.504e-02  1.0000        1230  [    1    202         60         11 ]
           3       55113     552.039   5.766e-06   1.039e-07   1.880e-02   2.976e-03   1.504e-02  1.0000        1229  [    1    203         60         10 ]
           3       55281     553.975   5.766e-06   1.039e-07   1.881e-02   2.973e-03   1.501e-02  1.0000        1230  [    1    204         60         11 ]
           3       55461     556.041   5.766e-06   1.039e-07   1.881e-02   2.972e-03   1.499e-02  1.0000        1233  [    1    205         60         11 ]
           3       55638     558.057   5.766e-06   1.039e-07   1.881e-02   2.971e-03   1.499e-02  1.0000        1230  [    1    206         60         11 ]
           3       55817     560.273   5.766e-06   1.039e-07   1.881e-02   2.972e-03   1.498e-02  1.0000        1230  [    1    207         60         11 ]
           3       55993     562.458   5.766e-06   1.039e-07   1.881e-02   2.972e-03   1.497e-02  1.0000        1230  [    1    208         60         11 ]
           3       56171     565.024   5.766e-06   1.039e-07   1.881e-02   2.972e-03   1.496e-02  1.0000        1230  [    1    209         60         11 ]
           3       56488     567.386   5.766e-06   1.039e-07   1.881e-02   2.972e-03   1.496e-02  1.0000        1232  [    2     27        120         12 ]
           3       56682     570.021   5.766e-06   1.039e-07   1.881e-02   2.972e-03   1.496e-02  1.0000        1232  [    1    210         60         12 ]
           3       56867     572.491   5.766e-06   1.039e-07   1.881e-02   2.971e-03   1.494e-02  1.0000        1229  [    1    211         60         10 ]
           3       57040     574.560   5.766e-06   1.039e-07   1.881e-02   2.971e-03   1.493e-02  1.0000        1229  [    1    212         60         10 ]
           3       57224     576.663   5.766e-06   1.039e-07   1.881e-02   2.971e-03   1.491e-02  1.0000        1230  [    1    213         60         11 ]
           3       57407     578.511   5.766e-06   1.039e-07   1.881e-02   2.971e-03   1.491e-02  1.0000        1229  [    1    214         60         11 ]
           3       57598     580.546   5.766e-06   1.039e-07   1.881e-02   2.966e-03   1.490e-02  1.0000        1230  [    1    215         60         11 ]
           3       57783     582.447   5.766e-06   1.039e-07   1.881e-02   2.966e-03   1.489e-02  1.0000        1232  [    1    216         60         12 ]
           3       57963     584.869   5.766e-06   1.039e-07   1.881e-02   2.966e-03   1.487e-02  1.0000        1233  [    1    217         60         12 ]
           3       58272     587.311   5.766e-06   1.039e-07   1.881e-02   2.965e-03   1.487e-02  1.0000        1235  [    2     28        120         13 ]
           3       58468     589.030   5.766e-06   1.039e-07   1.881e-02   2.966e-03   1.487e-02  1.0000        1233  [    1    218         60         11 ]
           3       58645     590.914   5.766e-06   1.039e-07   1.881e-02   2.966e-03   1.487e-02  1.0000        1230  [    1    219         60         10 ]
           3       58817     592.894   5.766e-06   1.039e-07   1.881e-02   2.968e-03   1.485e-02  1.0000        1227  [    1    220         60          9 ]
           3       58988     595.255   5.766e-06   1.039e-07   1.881e-02   2.968e-03   1.485e-02  1.0000        1227  [    1    221         60          9 ]
           3       59147     597.595   5.766e-06   1.039e-07   1.881e-02   2.967e-03   1.484e-02  1.0000        1227  [    1    222         60          9 ]
           3       59312     599.720   5.766e-06   1.039e-07   1.881e-02   2.971e-03   1.481e-02  1.0000        1228  [    1    223         60          9 ]
           3       59474     601.669   5.087e-07   1.039e-07   1.881e-02   2.976e-03   1.481e-02  1.0000        1227  [    1    224         60          9 ]
           3       59640     603.646   5.087e-07   1.039e-07   1.881e-02   2.976e-03   1.481e-02  1.0000        1227  [    1    225         60          9 ]
           3       59968     605.707   5.087e-07   1.039e-07   1.881e-02   2.976e-03   1.478e-02  1.0000        1230  [    2     29        120         11 ]
           3       60168     608.016   5.087e-07   1.039e-07   1.881e-02   2.977e-03   1.477e-02  1.0000        1229  [    1    226         60         10 ]
           3       60355     610.058   5.087e-07   1.039e-07   1.881e-02   2.977e-03   1.477e-02  1.0000        1229  [    1    227         60         10 ]
           3       60533     612.210   5.087e-07   1.039e-07   1.881e-02   2.971e-03   1.476e-02  1.0000        1229  [    1    228         60         10 ]
           3       60711     614.188   5.087e-07   1.039e-07   1.881e-02   2.970e-03   1.471e-02  1.0000        1230  [    1    229         60         10 ]
           3       60894     616.460   5.087e-07   1.039e-07   1.881e-02   2.970e-03   1.469e-02  1.0000        1230  [    1    230         60         10 ]
           3       61076     618.705   5.087e-07   1.039e-07   1.881e-02   2.970e-03   1.469e-02  1.0000        1228  [    1    231         60         10 ]
           3       61253     620.699   5.087e-07   1.039e-07   1.881e-02   2.969e-03   1.468e-02  1.0000        1229  [    1    232         60         11 ]
           3       61440     622.616   5.087e-07   1.039e-07   1.881e-02   2.969e-03   1.468e-02  1.0000        1229  [    1    233         60         11 ]
           3       61767     624.594   5.087e-07   1.039e-07   1.881e-02   2.969e-03   1.468e-02  1.0000        1232  [    2     30        120         13 ]
           3       61976     626.648   5.087e-07   1.039e-07   1.881e-02   2.969e-03   1.468e-02  1.0000        1233  [    1    234         60         12 ]
           3       62160     628.615   5.087e-07   1.039e-07   1.881e-02   2.969e-03   1.465e-02  1.0000        1232  [    1    235         60         11 ]
           3       62342     631.060   5.087e-07   1.039e-07   1.881e-02   2.969e-03   1.465e-02  1.0000        1232  [    1    236         60         11 ]
           3       62524     633.305   5.087e-07   1.039e-07   1.882e-02   2.969e-03   1.463e-02  1.0000        1233  [    1    237         60         12 ]
           3       62714     635.840   5.087e-07   1.039e-07   1.882e-02   2.969e-03   1.462e-02  1.0000        1232  [    1    238         60         14 ]
           3       62911     637.837   5.087e-07   1.039e-07   1.882e-02   2.969e-03   1.462e-02  1.0000        1233  [    1    239         60         13 ]
           3       63096     640.403   5.087e-07   1.039e-07   1.882e-02   2.967e-03   1.461e-02  1.0000        1230  [    1    240         60         12 ]
           3       63281     642.455   5.087e-07   1.039e-07   1.882e-02   2.967e-03   1.461e-02  1.0000        1230  [    1    241         60         12 ]
           3       63626     644.278   5.087e-07   1.039e-07   1.882e-02   2.967e-03   1.454e-02  1.0000        1231  [    2     31        120         12 ]
           3       63822     646.681   5.087e-07   1.039e-07   1.882e-02   2.970e-03   1.453e-02  1.0000        1231  [    1    242         60         12 ]
           3       64030     649.244   5.087e-07   1.039e-07   1.882e-02   2.970e-03   1.453e-02  1.0000        1229  [    1    243         60         11 ]
           3       64225     651.840   5.087e-07   1.039e-07   1.882e-02   2.971e-03   1.449e-02  1.0000        1229  [    1    244         60         11 ]
           3       64412     654.304   5.087e-07   1.039e-07   1.882e-02   2.971e-03   1.449e-02  1.0000        1229  [    1    245         60         11 ]
           3       64602     656.287   5.087e-07   1.039e-07   1.882e-02   2.971e-03   1.449e-02  1.0000        1230  [    1    246         60         11 ]
           3       64787     658.945   5.087e-07   1.039e-07   1.882e-02   2.970e-03   1.447e-02  1.0000        1229  [    1    247         60         10 ]
           3       64965     661.290   5.087e-07   1.039e-07   1.882e-02   2.970e-03   1.443e-02  1.0000        1229  [    1    248         60         11 ]
           3       65147     663.831   5.087e-07   1.039e-07   1.882e-02   2.971e-03   1.439e-02  1.0000        1230  [    1    249         60         12 ]
           3       65461     665.768   5.087e-07   1.039e-07   1.882e-02   2.965e-03   1.427e-02  1.0000        1228  [    2     32        120         10 ]
           3       65646     667.934   5.087e-07   1.039e-07   1.882e-02   2.965e-03   1.427e-02  1.0000        1229  [    1    250         60         11 ]
           3       65839     670.420   5.087e-07   1.039e-07   1.882e-02   2.965e-03   1.427e-02  1.0000        1229  [    1    251         60         11 ]
           3       66022     672.739   5.087e-07   1.039e-07   1.882e-02   2.965e-03   1.425e-02  1.0000        1229  [    1    252         60         11 ]
           3       66209     675.251   5.087e-07   1.039e-07   1.882e-02   2.965e-03   1.425e-02  1.0000        1230  [    1    253         60         12 ]
           3       66400     677.900   5.087e-07   1.039e-07   1.882e-02   2.959e-03   1.423e-02  1.0000        1231  [    1    254         60         13 ]
           3       66584     680.564   5.087e-07   1.039e-07   1.882e-02   2.959e-03   1.417e-02  1.0000        1231  [    1    255         60         12 ]
           3       66762     683.242   5.087e-07   1.039e-07   1.882e-02   2.959e-03   1.411e-02  1.0000        1227  [    1    256         60          9 ]
           3       66935     685.330   5.087e-07   1.039e-07   1.882e-02   2.961e-03   1.405e-02  1.0000        1228  [    1    257         60          9 ]
           3       67231     687.633   5.087e-07   1.039e-07   1.882e-02   2.959e-03   1.401e-02  1.0000        1228  [    2     33        120          9 ]
           3       67798     690.140   5.087e-07   1.039e-07   1.882e-02   2.961e-03   1.397e-02  1.0000        1246  [    3      5        240         23 ]
           3       68067     692.189   5.087e-07   1.039e-07   1.882e-02   2.965e-03   1.394e-02  1.0000        1233  [    1    258         60         14 ]
           3       68286     693.986   5.087e-07   1.039e-07   1.882e-02   2.965e-03   1.386e-02  1.0000        1232  [    1    259         60         13 ]
           3       68475     695.996   5.087e-07   1.039e-07   1.882e-02   2.965e-03   1.386e-02  1.0000        1228  [    1    260         60          9 ]
           3       68639     698.103   5.087e-07   1.039e-07   1.882e-02   2.965e-03   1.383e-02  1.0000        1228  [    1    261         60          9 ]
           3       68797     700.177   5.087e-07   1.039e-07   1.882e-02   2.963e-03   1.383e-02  1.0000        1228  [    1    262         60          9 ]
           3       68957     702.255   5.087e-07   1.039e-07   1.882e-02   2.963e-03   1.381e-02  1.0000        1228  [    1    263         60          9 ]
           3       69127     704.457   5.087e-07   1.039e-07   1.882e-02   2.963e-03   1.380e-02  1.0000        1228  [    1    264         60          9 ]
           3       69297     706.760   5.087e-07   1.039e-07   1.882e-02   2.963e-03   1.380e-02  1.0000        1228  [    1    265         60          9 ]
           3       69597     709.158   5.087e-07   1.039e-07   1.882e-02   2.963e-03   1.380e-02  1.0000        1228  [    2     34        120          9 ]
           3       69764     711.363   5.087e-07   1.039e-07   1.882e-02   2.954e-03   1.376e-02  1.0000        1228  [    1    266         60          9 ]
           3       69931     713.911   5.087e-07   1.039e-07   1.882e-02   2.957e-03   1.375e-02  1.0000        1228  [    1    267         60          9 ]
           3       70102     716.000   5.087e-07   1.039e-07   1.883e-02   2.955e-03   1.373e-02  1.0000        1228  [    1    268         60          9 ]
           3       70264     718.416   5.087e-07   1.039e-07   1.883e-02   2.955e-03   1.372e-02  1.0000        1228  [    1    269         60          9 ]
           3       70426     720.739   5.087e-07   1.039e-07   1.883e-02   2.955e-03   1.369e-02  1.0000        1228  [    1    270         60          9 ]
           3       70593     722.634   5.087e-07   1.039e-07   1.883e-02   2.955e-03   1.369e-02  1.0000        1228  [    1    271         60          9 ]
           3       70752     724.783   5.087e-07   1.039e-07   1.883e-02   2.955e-03   1.369e-02  1.0000        1228  [    1    272         60          9 ]
           3       70915     726.726   5.087e-07   1.039e-07   1.883e-02   2.955e-03   1.369e-02  1.0000        1228  [    1    273         60          9 ]
           3       71212     728.766   5.087e-07   1.039e-07   1.883e-02   2.949e-03   1.368e-02  1.0000        1228  [    2     35        120          9 ]
           3       71369     730.800   5.087e-07   1.039e-07   1.883e-02   2.949e-03   1.368e-02  1.0000        1228  [    1    274         60          9 ]
           3       71537     732.766   5.087e-07   1.039e-07   1.883e-02   2.948e-03   1.364e-02  1.0000        1228  [    1    275         60          9 ]
           3       71699     735.428   5.087e-07   1.039e-07   1.883e-02   2.948e-03   1.364e-02  1.0000        1228  [    1    276         60          9 ]
           3       71861     738.036   5.087e-07   1.039e-07   1.883e-02   2.948e-03   1.364e-02  1.0000        1228  [    1    277         60          9 ]
           3       72022     740.360   5.087e-07   1.039e-07   1.883e-02   2.948e-03   1.364e-02  1.0000        1228  [    1    278         60          9 ]
           3       72193     742.656   5.087e-07   1.039e-07   1.884e-02   2.946e-03   1.350e-02  1.0000        1228  [    1    279         60          9 ]
           3       72359     744.798   5.087e-07   1.039e-07   1.884e-02   2.946e-03   1.349e-02  1.0000        1228  [    1    280         60          9 ]
           3       72522     747.203   5.087e-07   1.039e-07   1.884e-02   2.949e-03   1.346e-02  1.0000        1228  [    1    281         60          9 ]
           3       72839     749.465   5.087e-07   1.039e-07   1.884e-02   2.949e-03   1.346e-02  1.0000        1231  [    2     36        120         12 ]
           3       73024     751.727   5.087e-07   1.039e-07   1.884e-02   2.949e-03   1.345e-02  1.0000        1229  [    1    282         60          9 ]
           3       73188     753.785   5.087e-07   1.039e-07   1.884e-02   2.948e-03   1.344e-02  1.0000        1229  [    1    283         60          9 ]
           3       73351     756.024   5.087e-07   1.039e-07   1.884e-02   2.948e-03   1.344e-02  1.0000        1229  [    1    284         60          9 ]
           3       73519     758.154   5.087e-07   1.039e-07   1.884e-02   2.948e-03   1.344e-02  1.0000        1229  [    1    285         60          9 ]
           3       73690     760.129   5.087e-07   1.039e-07   1.884e-02   2.947e-03   1.342e-02  1.0000        1229  [    1    286         60          9 ]
           3       73848     762.202   5.087e-07   1.039e-07   1.884e-02   2.947e-03   1.341e-02  1.0000        1229  [    1    287         60          9 ]
           3       74016     764.139   5.087e-07   1.039e-07   1.884e-02   2.946e-03   1.338e-02  1.0000        1230  [    1    288         60          9 ]
           3       74178     765.895   5.087e-07   1.039e-07   1.884e-02   2.946e-03   1.337e-02  1.0000        1230  [    1    289         60          9 ]
           3       74485     767.721   5.087e-07   1.039e-07   1.884e-02   2.946e-03   1.337e-02  1.0000        1232  [    2     37        120         11 ]
           3       74661     770.278   5.087e-07   1.039e-07   1.884e-02   2.945e-03   1.335e-02  1.0000        1230  [    1    290         60          9 ]
           3       74824     772.623   5.087e-07   1.039e-07   1.884e-02   2.942e-03   1.329e-02  1.0000        1230  [    1    291         60          9 ]
           3       74992     775.095   5.087e-07   1.039e-07   1.884e-02   2.942e-03   1.329e-02  1.0000        1230  [    1    292         60          9 ]
           3       75151     777.585   5.087e-07   1.039e-07   1.884e-02   2.942e-03   1.329e-02  1.0000        1230  [    1    293         60          9 ]
           3       75316     779.750   5.087e-07   1.039e-07   1.884e-02   2.942e-03   1.329e-02  1.0000        1230  [    1    294         60          9 ]
           3       75481     781.627   5.087e-07   1.039e-07   1.884e-02   2.942e-03   1.329e-02  1.0000        1230  [    1    295         60          9 ]
           3       75645     783.663   5.087e-07   1.039e-07   1.884e-02   2.942e-03   1.324e-02  1.0000        1230  [    1    296         60          9 ]
           3       75807     785.570   5.087e-07   1.039e-07   1.884e-02   2.947e-03   1.324e-02  1.0000        1230  [    1    297         60          9 ]
           3       76133     787.800   5.087e-07   1.039e-07   1.884e-02   2.950e-03   1.321e-02  1.0000        1231  [    2     38        120         10 ]
           3       76311     790.074   5.087e-07   1.039e-07   1.884e-02   2.952e-03   1.321e-02  1.0000        1231  [    1    298         60         10 ]
           3       76485     792.735   5.087e-07   1.039e-07   1.884e-02   2.951e-03   1.319e-02  1.0000        1230  [    1    299         60          9 ]
           3       76646     794.828   5.087e-07   1.039e-07   1.884e-02   2.944e-03   1.315e-02  1.0000        1230  [    1    300         60          9 ]
           3       76813     797.026   5.087e-07   1.039e-07   1.884e-02   2.944e-03   1.315e-02  1.0000        1230  [    1    301         60          9 ]
           3       76976     799.531   5.087e-07   1.039e-07   1.884e-02   2.943e-03   1.315e-02  1.0000        1231  [    1    302         60          9 ]
           3       77145     801.603   5.087e-07   1.039e-07   1.884e-02   2.962e-03   1.313e-02  1.0000        1230  [    1    303         60          9 ]
           3       77312     803.698   5.087e-07   1.039e-07   1.884e-02   2.961e-03   1.306e-02  1.0000        1230  [    1    304         60          9 ]
           3       77469     805.396   5.087e-07   1.039e-07   1.884e-02   2.961e-03   1.306e-02  1.0000        1230  [    1    305         60          9 ]
           3       77776     807.452   5.087e-07   1.039e-07   1.884e-02   2.961e-03   1.306e-02  1.0000        1232  [    2     39        120         11 ]
           3       77961     809.462   5.087e-07   1.039e-07   1.884e-02   2.961e-03   1.304e-02  1.0000        1230  [    1    306         60          9 ]
           3       78123     811.906   5.087e-07   1.039e-07   1.884e-02   2.959e-03   1.303e-02  1.0000        1230  [    1    307         60          9 ]
           3       78280     813.942   5.087e-07   1.039e-07   1.884e-02   2.959e-03   1.303e-02  1.0000        1230  [    1    308         60          9 ]
           3       78440     815.664   5.087e-07   1.039e-07   1.884e-02   2.959e-03   1.303e-02  1.0000        1231  [    1    309         60          9 ]
           3       78602     817.775   5.087e-07   1.039e-07   1.884e-02   2.960e-03   1.302e-02  1.0000        1231  [    1    310         60          9 ]
           3       78765     820.164   5.087e-07   1.039e-07   1.884e-02   2.960e-03   1.302e-02  1.0000        1231  [    1    311         60          9 ]
           3       78925     822.203   5.087e-07   1.039e-07   1.884e-02   2.960e-03   1.302e-02  1.0000        1231  [    1    312         60          9 ]
           3       79085     824.402   5.087e-07   1.039e-07   1.884e-02   2.960e-03   1.302e-02  1.0000        1231  [    1    313         60          9 ]
           3       79435     826.368   5.087e-07   1.039e-07   1.884e-02   2.959e-03   1.301e-02  1.0000        1233  [    2     40        120         11 ]
           3       79619     828.522   5.087e-07   1.039e-07   1.884e-02   2.959e-03   1.300e-02  1.0000        1231  [    1    314         60          9 ]
           3       79789     830.837   5.087e-07   1.039e-07   1.884e-02   2.959e-03   1.300e-02  1.0000        1231  [    1    315         60          9 ]
           3       79957     832.977   5.087e-07   1.039e-07   1.890e-02   2.959e-03   1.299e-02  1.0000        1231  [    1    316         60          9 ]
           3       80122     834.871   5.087e-07   1.039e-07   1.890e-02   2.959e-03   1.297e-02  1.0000        1231  [    1    317         60          9 ]
           3       80277     836.854   5.087e-07   1.039e-07   1.890e-02   2.959e-03   1.297e-02  1.0000        1231  [    1    318         60          9 ]
           3       80447     838.790   5.087e-07   1.039e-07   1.890e-02   2.959e-03   1.296e-02  1.0000        1231  [    1    319         60          9 ]
           3       80612     840.547   5.087e-07   1.039e-07   1.890e-02   2.959e-03   1.296e-02  1.0000        1231  [    1    320         60          9 ]
           3       80780     842.359   5.087e-07   1.039e-07   1.890e-02   2.959e-03   1.293e-02  1.0000        1231  [    1    321         60          9 ]
           3       81143     844.925   5.087e-07   1.039e-07   1.890e-02   2.959e-03   1.293e-02  1.0000        1237  [    2     41        120         15 ]
           3       81750     847.126   5.087e-07   1.039e-07   1.891e-02   2.955e-03   1.285e-02  1.0000        1246  [    3      6        240         21 ]
           3       82024     848.960   5.087e-07   1.039e-07   1.891e-02   2.955e-03   1.285e-02  1.0000        1235  [    1    322         60         12 ]
           3       82230     850.969   5.087e-07   1.039e-07   1.891e-02   2.955e-03   1.285e-02  1.0000        1234  [    1    323         60         11 ]
           3       82417     852.665   5.087e-07   1.039e-07   1.891e-02   2.955e-03   1.282e-02  1.0000        1236  [    1    324         60         12 ]
           3       82609     855.265   5.087e-07   1.039e-07   1.891e-02   2.957e-03   1.282e-02  1.0000        1235  [    1    325         60         12 ]
           3       82800     857.174   5.087e-07   1.039e-07   1.891e-02   2.957e-03   1.282e-02  1.0000        1236  [    1    326         60         13 ]
           3       82980     859.609   5.087e-07   1.039e-07   1.891e-02   2.957e-03   1.282e-02  1.0000        1237  [    1    327         60         12 ]
           3       83162     862.259   5.087e-07   1.039e-07   1.891e-02   2.954e-03   1.281e-02  1.0000        1234  [    1    328         60         10 ]
           3       83342     864.419   5.087e-07   1.039e-07   1.891e-02   2.957e-03   1.281e-02  1.0000        1233  [    1    329         60         10 ]
           3       83715     866.377   5.087e-07   1.039e-07   1.891e-02   2.956e-03   1.278e-02  1.0000        1241  [    2     42        120         16 ]
           3       83936     868.635   5.087e-07   1.039e-07   1.891e-02   2.956e-03   1.278e-02  1.0000        1238  [    1    330         60         13 ]
           3       84158     871.102   5.087e-07   1.039e-07   1.891e-02   2.956e-03   1.278e-02  1.0000        1239  [    1    331         60         14 ]
           3       84385     873.540   5.087e-07   1.039e-07   1.891e-02   2.956e-03   1.278e-02  1.0000        1241  [    1    332         60         16 ]
           3       84618     875.693   5.087e-07   1.039e-07   1.891e-02   2.955e-03   1.277e-02  1.0000        1241  [    1    333         60         16 ]
           3       84850     877.841   5.087e-07   1.039e-07   1.891e-02   2.955e-03   1.277e-02  1.0000        1239  [    1    334         60         14 ]
           3       85087     880.077   5.087e-07   1.039e-07   1.891e-02   2.956e-03   1.272e-02  1.0000        1240  [    1    335         60         15 ]
           3       85297     882.046   5.087e-07   1.039e-07   1.891e-02   2.955e-03   1.270e-02  1.0000        1238  [    1    336         60         13 ]
           3       85499     883.955   5.087e-07   1.039e-07   1.891e-02   2.955e-03   1.270e-02  1.0000        1238  [    1    337         60         14 ]
           3       85897     885.822   5.087e-07   1.039e-07   1.891e-02   2.955e-03   1.270e-02  1.0000        1245  [    2     43        120         16 ]
           3       86134     887.850   5.087e-07   1.039e-07   1.891e-02   2.955e-03   1.270e-02  1.0000        1244  [    1    338         60         15 ]
           3       86364     890.363   5.087e-07   1.039e-07   1.891e-02   2.955e-03   1.269e-02  1.0000        1244  [    1    339         60         14 ]
           3       86586     892.888   5.087e-07   1.039e-07   1.891e-02   2.955e-03   1.269e-02  1.0000        1237  [    1    340         60         13 ]
           3       86779     894.926   5.087e-07   1.039e-07   1.891e-02   2.955e-03   1.269e-02  1.0000        1236  [    1    341         60         12 ]
           3       86967     897.532   5.087e-07   1.039e-07   1.891e-02   2.955e-03   1.263e-02  1.0000        1235  [    1    342         60         12 ]
           3       87142     899.662   5.087e-07   1.039e-07   1.891e-02   2.955e-03   1.263e-02  1.0000        1234  [    1    343         60         11 ]
           3       87315     901.914   5.087e-07   1.039e-07   1.891e-02   2.955e-03   1.263e-02  1.0000        1234  [    1    344         60         11 ]
           3       87494     904.019   5.087e-07   1.039e-07   1.891e-02   2.955e-03   1.263e-02  1.0000        1234  [    1    345         60         11 ]
           3       87863     906.299   5.087e-07   1.039e-07   1.891e-02   2.955e-03   1.263e-02  1.0000        1238  [    2     44        120         15 ]
           3       88092     908.313   5.087e-07   1.039e-07   1.891e-02   2.955e-03   1.263e-02  1.0000        1236  [    1    346         60         13 ]
           3       88294     910.813   5.087e-07   1.039e-07   1.891e-02   2.955e-03   1.263e-02  1.0000        1236  [    1    347         60         13 ]
           3       88489     913.302   5.087e-07   1.039e-07   1.891e-02   2.955e-03   1.263e-02  1.0000        1236  [    1    348         60         13 ]
           3       88692     915.868   5.087e-07   1.039e-07   1.891e-02   2.954e-03   1.258e-02  1.0000        1238  [    1    349         60         13 ]
           3       88900     918.591   5.087e-07   1.039e-07   1.891e-02   2.954e-03   1.258e-02  1.0000        1237  [    1    350         60         13 ]
           3       89101     921.124   5.087e-07   1.039e-07   1.891e-02   2.954e-03   1.258e-02  1.0000        1240  [    1    351         60         14 ]
           3       89304     923.088   5.087e-07   1.039e-07   1.891e-02   2.954e-03   1.254e-02  1.0000        1238  [    1    352         60         13 ]
           3       89518     925.206   5.087e-07   1.039e-07   1.891e-02   2.955e-03   1.253e-02  1.0000        1239  [    1    353         60         14 ]
           3       89933     927.052   5.087e-07   1.039e-07   1.891e-02   2.955e-03   1.253e-02  1.0000        1239  [    2     45        120         14 ]
           3       90176     928.866   5.087e-07   1.039e-07   1.891e-02   2.955e-03   1.253e-02  1.0000        1239  [    1    354         60         13 ]
           3       90403     930.771   5.087e-07   1.039e-07   1.891e-02   2.953e-03   1.252e-02  1.0000        1239  [    1    355         60         14 ]
           3       90624     933.099   5.087e-07   1.039e-07   1.891e-02   2.952e-03   1.252e-02  1.0000        1240  [    1    356         60         15 ]
           3       90853     935.649   5.087e-07   1.039e-07   1.891e-02   2.952e-03   1.252e-02  1.0000        1238  [    1    357         60         14 ]
           3       91070     937.910   5.087e-07   1.039e-07   1.891e-02   2.951e-03   1.249e-02  1.0000        1236  [    1    358         60         12 ]
           3       91255     940.598   5.087e-07   1.039e-07   1.891e-02   2.951e-03   1.249e-02  1.0000        1233  [    1    359         60         10 ]
           3       91434     943.080   5.087e-07   1.039e-07   1.891e-02   2.950e-03   1.248e-02  1.0000        1233  [    1    360         60         10 ]
           3       91620     945.654   5.087e-07   1.039e-07   1.891e-02   2.950e-03   1.248e-02  1.0000        1234  [    1    361         60         10 ]
           3       91984     947.672   5.087e-07   1.039e-07   1.891e-02   2.950e-03   1.248e-02  1.0000        1239  [    2     46        120         15 ]
           3       92196     950.143   5.087e-07   1.039e-07   1.891e-02   2.949e-03   1.245e-02  1.0000        1234  [    1    362         60         10 ]
           3       92365     952.607   5.087e-07   1.039e-07   1.891e-02   2.949e-03   1.245e-02  1.0000        1233  [    1    363         60         10 ]
           3       92540     955.110   5.087e-07   1.039e-07   1.891e-02   2.949e-03   1.245e-02  1.0000        1233  [    1    364         60         10 ]
           3       92717     957.732   5.087e-07   1.039e-07   1.891e-02   2.948e-03   1.244e-02  1.0000        1232  [    1    365         60          9 ]
           3       92881     960.174   5.087e-07   1.039e-07   1.891e-02   2.948e-03   1.244e-02  1.0000        1232  [    1    366         60          9 ]
           3       93043     962.765   5.087e-07   1.039e-07   1.891e-02   2.947e-03   1.244e-02  1.0000        1232  [    1    367         60          9 ]
           3       93201     965.215   5.087e-07   1.039e-07   1.891e-02   2.944e-03   1.240e-02  1.0000        1232  [    1    368         60          9 ]
           3       93365     967.344   5.087e-07   1.039e-07   1.891e-02   2.942e-03   1.240e-02  1.0000        1232  [    1    369         60          9 ]
           3       93706     969.399   5.087e-07   1.039e-07   1.891e-02   2.942e-03   1.240e-02  1.0000        1234  [    2     47        120         11 ]
           3       93892     971.519   5.087e-07   1.039e-07   1.891e-02   2.948e-03   1.240e-02  1.0000        1231  [    1    370         60          9 ]
           3       94066     973.546   5.087e-07   1.039e-07   1.891e-02   2.947e-03   1.240e-02  1.0000        1231  [    1    371         60          9 ]
           3       94229     976.216   5.087e-07   1.039e-07   1.891e-02   2.947e-03   1.238e-02  1.0000        1231  [    1    372         60          9 ]
           3       94384     978.741   5.087e-07   1.039e-07   1.891e-02   2.947e-03   1.235e-02  1.0000        1231  [    1    373         60          9 ]
           3       94545     980.838   5.087e-07   1.039e-07   1.891e-02   2.947e-03   1.234e-02  1.0000        1231  [    1    374         60          9 ]
           3       94718     982.661   5.087e-07   1.039e-07   1.891e-02   2.947e-03   1.234e-02  1.0000        1231  [    1    375         60          9 ]
           3       94885     985.279   5.087e-07   1.039e-07   1.891e-02   2.947e-03   1.232e-02  1.0000        1231  [    1    376         60          9 ]
           3       95045     987.803   5.087e-07   1.039e-07   1.891e-02   2.947e-03   1.232e-02  1.0000        1231  [    1    377         60          9 ]
           3       95369     989.804   5.087e-07   1.039e-07   1.891e-02   2.947e-03   1.232e-02  1.0000        1233  [    2     48        120         11 ]
           3       95548     991.963   5.087e-07   1.039e-07   1.891e-02   2.947e-03   1.232e-02  1.0000        1231  [    1    378         60          9 ]
           3       95708     994.436   5.087e-07   1.039e-07   1.891e-02   2.946e-03   1.229e-02  1.0000        1231  [    1    379         60          9 ]
           3       95873     996.795   5.087e-07   1.039e-07   1.891e-02   2.946e-03   1.229e-02  1.0000        1231  [    1    380         60          9 ]
           3       96042     999.404   5.087e-07   1.039e-07   1.891e-02   2.946e-03   1.227e-02  1.0000        1231  [    1    381         60          9 ]
           3       96209    1001.933   5.087e-07   1.039e-07   1.891e-02   2.946e-03   1.227e-02  1.0000        1231  [    1    382         60          9 ]
           3       96375    1004.477   5.087e-07   1.039e-07   1.891e-02   2.945e-03   1.226e-02  1.0000        1231  [    1    383         60          9 ]
           3       96546    1006.615   5.087e-07   1.039e-07   1.891e-02   2.945e-03   1.225e-02  1.0000        1231  [    1    384         60          9 ]
           3       96712    1008.909   5.087e-07   1.039e-07   1.891e-02   2.945e-03   1.225e-02  1.0000        1231  [    1    385         60          9 ]
           3       97054    1011.495   5.087e-07   1.039e-07   1.891e-02   2.945e-03   1.225e-02  1.0000        1234  [    2     49        120         11 ]
           3       97664    1013.649   5.087e-07   1.039e-07   1.891e-02   2.940e-03   1.224e-02  1.0000        1247  [    3      7        240         21 ]
           3       97930    1016.141   5.087e-07   1.039e-07   1.891e-02   2.940e-03   1.223e-02  1.0000        1237  [    1    386         60         11 ]
           3       98126    1018.599   5.087e-07   1.039e-07   1.891e-02   2.938e-03   1.222e-02  1.0000        1235  [    1    387         60         12 ]
           3       98323    1020.922   5.087e-07   1.039e-07   1.891e-02   2.938e-03   1.216e-02  1.0000        1235  [    1    388         60         11 ]
           3       98516    1023.379   5.087e-07   1.039e-07   1.891e-02   2.938e-03   1.216e-02  1.0000        1235  [    1    389         60         11 ]
           3       98709    1025.580   5.087e-07   1.039e-07   1.891e-02   2.938e-03   1.216e-02  1.0000        1236  [    1    390         60         11 ]
           3       98901    1027.839   5.087e-07   1.039e-07   1.891e-02   2.938e-03   1.216e-02  1.0000        1236  [    1    391         60         11 ]
           3       99099    1030.243   5.087e-07   1.039e-07   1.891e-02   2.938e-03   1.216e-02  1.0000        1235  [    1    392         60         11 ]
           3       99299    1032.408   5.087e-07   1.039e-07   1.891e-02   2.938e-03   1.215e-02  1.0000        1233  [    1    393         60         12 ]
           3       99631    1034.886   5.087e-07   1.039e-07   1.891e-02   2.938e-03   1.215e-02  1.0000        1238  [    2     50        120         14 ]
           3       99849    1036.957   5.087e-07   1.039e-07   1.891e-02   2.937e-03   1.211e-02  1.0000        1239  [    1    394         60         14 ]
           4      100062    1039.365   5.087e-07   1.039e-07   1.891e-02   2.937e-03   1.211e-02  1.0000        1241  [    3      7        240         21 ]
