# Generation  Evaluations  Time (s)  Best_obj[0]  Best_obj[1]  Hypervol.   IGD         IGDX        SR    Appr.set  [ Pop.index  Subgen.  Pop.size  Subpops ]
           0         119       3.789   8.946e-04   2.085e-01   5.262e-01   9.848e-02   2.355e-01  0.0000          32  [    0      1         30         11 ]
           0         234       3.885   8.946e-04   7.937e-02   6.276e-01   4.485e-02   2.084e-01  0.0000          56  [    0      2         30         14 ]
           0         377       3.991   8.946e-04   1.552e-03   5.997e-01   2.861e-02   1.651e-01  0.0000          78  [    0      3         30         19 ]
           0         525       4.136   8.946e-04   1.096e-04   6.406e-01   2.516e-02   1.566e-01  0.0000          94  [    0      4         30         20 ]
           0         689       4.295   8.946e-04   1.096e-04   5.801e-01   2.500e-02   1.188e-01  0.0000         115  [    0      5         30         24 ]
           0         881       4.473   8.946e-04   1.096e-04   6.315e-01   1.919e-02   1.195e-01  0.0000         123  [    0      6         30         24 ]
           0        1066       4.581   8.946e-04   1.096e-04   6.675e-01   1.643e-02   1.199e-01  0.0000         134  [    0      7         30         25 ]
           0        1243       4.698   8.946e-04   1.096e-04   6.833e-01   1.633e-02   1.172e-01  0.0000         139  [    0      8         30         25 ]
           1        1749       4.850   8.946e-04   1.096e-04   6.758e-01   1.062e-02   7.311e-02  0.0000         303  [    1      1         60         38 ]
           1        2013       5.167   8.946e-04   1.096e-04   6.428e-01   9.153e-03   7.019e-02  0.0000         302  [    0      9         30         36 ]
           1        2337       5.481   8.946e-04   1.096e-04   6.352e-01   8.966e-03   6.882e-02  0.0000         346  [    1      2         60         34 ]
           1        2605       5.843   5.729e-04   1.096e-04   6.549e-01   8.016e-03   6.718e-02  0.0000         358  [    0     10         30         35 ]
           1        2856       6.504   5.729e-04   1.096e-04   6.157e-01   7.668e-03   6.734e-02  0.0000         365  [    0     11         30         34 ]
           1        3119       7.134   5.729e-04   1.096e-04   6.914e-01   7.560e-03   6.741e-02  0.0000         377  [    0     12         30         34 ]
           1        3376       7.815   5.729e-04   1.096e-04   6.974e-01   7.551e-03   6.421e-02  0.0000         381  [    0     13         30         37 ]
           1        3647       8.502   5.729e-04   1.096e-04   5.576e-01   7.103e-03   6.328e-02  0.0000         402  [    0     14         30         37 ]
           1        3930       9.189   5.729e-04   1.096e-04   6.135e-01   6.444e-03   6.286e-02  0.0000         429  [    0     15         30         37 ]
           1        4210       9.872   5.729e-04   1.096e-04   6.134e-01   6.333e-03   6.168e-02  0.0000         444  [    0     16         30         38 ]
           1        4490      10.431   5.729e-04   1.096e-04   6.244e-01   6.208e-03   5.795e-02  0.0000         450  [    0     17         30         39 ]
           1        4849      11.151   1.527e-05   1.096e-04   6.093e-01   6.128e-03   5.585e-02  0.0000         486  [    1      3         60         38 ]
           1        5140      11.788   1.527e-05   1.096e-04   5.602e-01   5.314e-03   5.445e-02  0.5000         500  [    0     18         30         39 ]
           1        5450      12.522   1.527e-05   1.096e-04   6.209e-01   5.228e-03   5.392e-02  0.5000         504  [    0     19         30         38 ]
           1        5747      13.174   1.527e-05   1.096e-04   6.375e-01   5.226e-03   5.388e-02  0.5000         520  [    0     20         30         39 ]
           1        6052      13.890   1.527e-05   1.096e-04   6.111e-01   5.198e-03   5.203e-02  0.5000         539  [    0     21         30         39 ]
           1        6371      14.803   1.527e-05   1.096e-04   6.497e-01   5.033e-03   5.178e-02  0.5000         547  [    0     22         30         40 ]
           1        6694      15.710   1.527e-05   1.096e-04   5.401e-01   5.003e-03   4.648e-02  1.0000         562  [    0     23         30         42 ]
           1        7030      16.482   1.527e-05   1.096e-04   6.467e-01   4.833e-03   4.560e-02  1.0000         568  [    0     24         30         43 ]
           1        7370      17.410   1.527e-05   1.096e-04   6.501e-01   4.503e-03   4.462e-02  1.0000         544  [    0     25         30         42 ]
           1        7768      18.151   1.527e-05   1.096e-04   6.732e-01   4.287e-03   4.251e-02  1.0000         547  [    1      4         60         44 ]
           1        8120      18.942   1.527e-05   1.096e-04   5.669e-01   4.237e-03   4.197e-02  1.0000         556  [    0     26         30         46 ]
           1        8461      19.667   1.527e-05   1.096e-04   5.607e-01   4.203e-03   4.046e-02  1.0000         574  [    0     27         30         46 ]
           1        8803      20.283   1.527e-05   1.096e-04   6.695e-01   4.203e-03   4.050e-02  1.0000         581  [    0     28         30         45 ]
           1        9146      20.839   1.527e-05   1.096e-04   6.681e-01   4.203e-03   4.018e-02  1.0000         597  [    0     29         30         45 ]
           1        9497      21.644   1.527e-05   1.096e-04   6.624e-01   3.966e-03   3.809e-02  1.0000         615  [    0     30         30         45 ]
           1        9840      22.731   1.527e-05   1.096e-04   6.264e-01   3.947e-03   3.704e-02  1.0000         624  [    0     31         30         46 ]
           1       10201      23.519   1.527e-05   1.096e-04   6.567e-01   3.787e-03   3.555e-02  1.0000         641  [    0     32         30         48 ]
           1       10568      24.268   1.527e-05   1.096e-04   6.200e-01   3.731e-03   3.450e-02  1.0000         655  [    0     33         30         49 ]
           1       11012      25.079   1.527e-05   1.096e-04   5.447e-01   3.539e-03   3.347e-02  1.0000         696  [    1      5         60         51 ]
           1       11395      25.986   1.527e-05   1.096e-04   5.378e-01   3.491e-03   3.269e-02  1.0000         707  [    0     34         30         49 ]
           1       11780      27.197   1.527e-05   1.096e-04   5.605e-01   3.340e-03   3.245e-02  1.0000         722  [    0     35         30         50 ]
           1       12159      28.572   1.527e-05   1.096e-04   5.360e-01   3.330e-03   3.242e-02  1.0000         739  [    0     36         30         50 ]
           1       12546      29.497   1.527e-05   1.096e-04   5.421e-01   3.236e-03   3.204e-02  1.0000         745  [    0     37         30         50 ]
           1       12922      30.532   1.527e-05   1.096e-04   6.158e-01   3.228e-03   3.202e-02  1.0000         749  [    0     38         30         50 ]
           1       13299      31.715   1.527e-05   1.096e-04   5.356e-01   3.208e-03   3.185e-02  1.0000         759  [    0     39         30         46 ]
           1       13668      33.127   1.527e-05   1.096e-04   6.151e-01   3.200e-03   3.117e-02  1.0000         777  [    0     40         30         48 ]
           1       14047      34.513   1.527e-05   1.096e-04   5.323e-01   3.074e-03   3.084e-02  1.0000         796  [    0     41         30         50 ]
           1       14496      35.847   1.527e-05   1.096e-04   6.454e-01   2.887e-03   3.039e-02  1.0000         815  [    1      6         60         49 ]
           1       14881      37.269   1.527e-05   1.096e-04   6.428e-01   2.886e-03   3.035e-02  1.0000         830  [    0     42         30         50 ]
           1       15281      38.536   1.527e-05   1.096e-04   6.337e-01   2.886e-03   2.993e-02  1.0000         847  [    0     43         30         53 ]
           1       15684      39.937   1.527e-05   1.096e-04   6.056e-01   2.812e-03   2.969e-02  1.0000         851  [    0     44         30         51 ]
           1       16073      41.454   1.527e-05   1.096e-04   6.118e-01   2.780e-03   2.929e-02  1.0000         853  [    0     45         30         49 ]
           1       16459      43.049   1.527e-05   1.096e-04   5.348e-01   2.717e-03   2.892e-02  1.0000         858  [    0     46         30         48 ]
           1       16854      44.264   1.527e-05   1.096e-04   5.376e-01   2.680e-03   2.834e-02  1.0000         873  [    0     47         30         47 ]
           1       17216      45.760   1.527e-05   1.096e-04   5.341e-01   2.678e-03   2.804e-02  1.0000         883  [    0     48         30         46 ]
           1       17598      47.062   1.527e-05   1.096e-04   5.309e-01   2.649e-03   2.789e-02  1.0000         889  [    0     49         30         47 ]
           1       18054      48.418   1.527e-05   1.096e-04   5.310e-01   2.527e-03   2.704e-02  1.0000         899  [    1      7         60         47 ]
           1       18449      49.643   1.527e-05   1.096e-04   6.084e-01   2.520e-03   2.678e-02  1.0000         914  [    0     50         30         48 ]
           1       18837      51.290   1.527e-05   1.096e-04   6.364e-01   2.516e-03   2.672e-02  1.0000         925  [    0     51         30         49 ]
           1       19213      52.870   1.527e-05   1.096e-04   6.004e-01   2.516e-03   2.667e-02  1.0000         929  [    0     52         30         48 ]
           1       19594      54.486   1.527e-05   1.096e-04   6.014e-01   2.506e-03   2.663e-02  1.0000         941  [    0     53         30         48 ]
           1       19973      55.836   1.527e-05   1.096e-04   6.290e-01   2.506e-03   2.663e-02  1.0000         947  [    0     54         30         47 ]
           1       20343      57.298   1.527e-05   1.096e-04   5.215e-01   2.491e-03   2.653e-02  1.0000         949  [    0     55         30         46 ]
           1       20717      58.568   1.527e-05   1.096e-04   6.342e-01   2.472e-03   2.634e-02  1.0000         962  [    0     56         30         48 ]
           1       21106      60.472   1.527e-05   1.096e-04   6.087e-01   2.470e-03   2.593e-02  1.0000         953  [    0     57         30         48 ]
           1       21564      62.444   1.527e-05   1.096e-04   6.089e-01   2.416e-03   2.517e-02  1.0000         983  [    1      8         60         50 ]
           1       21946      63.989   1.527e-05   1.096e-04   6.379e-01   2.391e-03   2.444e-02  1.0000        1005  [    0     58         30         50 ]
           1       22328      65.829   1.527e-05   1.096e-04   6.364e-01   2.387e-03   2.381e-02  1.0000        1024  [    0     59         30         49 ]
           1       22712      67.142   1.527e-05   1.096e-04   5.603e-01   2.269e-03   2.357e-02  1.0000        1029  [    0     60         30         48 ]
           1       23091      68.719   1.527e-05   4.355e-07   6.260e-01   2.258e-03   2.334e-02  1.0000        1031  [    0     61         30         49 ]
           1       23455      70.454   1.527e-05   4.355e-07   5.643e-01   2.258e-03   2.334e-02  1.0000        1037  [    0     62         30         47 ]
           1       23824      72.275   1.527e-05   4.355e-07   6.407e-01   2.232e-03   2.313e-02  1.0000        1043  [    0     63         30         47 ]
           1       24203      74.145   1.527e-05   4.355e-07   6.256e-01   2.200e-03   2.259e-02  1.0000        1034  [    0     64         30         45 ]
           2       26258      75.354   1.527e-05   4.355e-07   3.820e-01   3.884e-03   4.082e-02  1.0000         753  [    2      1        120         54 ]
           2       26724      76.356   1.527e-05   4.355e-07   5.289e-01   3.977e-03   4.299e-02  1.0000         518  [    0     65         30         41 ]
           2       27148      77.154   1.527e-05   4.355e-07   5.567e-01   3.538e-03   3.991e-02  1.0000         526  [    1      9         60         34 ]
           2       27674      77.811   1.527e-05   4.355e-07   4.825e-01   3.327e-03   3.754e-02  1.0000         610  [    2      2        120         39 ]
           2       27998      78.679   1.527e-05   4.355e-07   5.909e-01   3.326e-03   3.707e-02  1.0000         622  [    0     66         30         39 ]
           2       28316      79.447   1.527e-05   4.355e-07   4.960e-01   3.275e-03   3.699e-02  1.0000         605  [    0     67         30         38 ]
           2       28629      80.134   1.527e-05   4.355e-07   5.519e-01   3.196e-03   3.692e-02  1.0000         602  [    0     68         30         35 ]
           2       28932      80.973   1.527e-05   4.355e-07   5.217e-01   3.118e-03   3.566e-02  1.0000         595  [    0     69         30         32 ]
           2       29218      81.711   1.527e-05   4.355e-07   5.588e-01   3.030e-03   3.467e-02  1.0000         616  [    0     70         30         33 ]
           2       29502      82.344   1.527e-05   4.355e-07   5.607e-01   2.999e-03   3.432e-02  1.0000         621  [    0     71         30         33 ]
           2       29790      83.252   1.527e-05   4.355e-07   5.739e-01   2.959e-03   3.348e-02  1.0000         590  [    0     72         30         32 ]
           2       30080      83.915   1.527e-05   4.355e-07   6.367e-01   2.778e-03   3.114e-02  1.0000         604  [    0     73         30         31 ]
           2       30423      84.671   1.527e-05   4.355e-07   5.795e-01   2.723e-03   3.041e-02  1.0000         595  [    1     10         60         30 ]
           2       30683      85.392   1.527e-05   4.355e-07   6.485e-01   2.673e-03   3.015e-02  1.0000         600  [    0     74         30         30 ]
           2       30946      86.167   1.527e-05   4.355e-07   6.457e-01   2.645e-03   2.970e-02  1.0000         611  [    0     75         30         30 ]
           2       31220      86.995   1.527e-05   4.355e-07   5.692e-01   2.645e-03   2.957e-02  1.0000         625  [    0     76         30         31 ]
           2       31497      87.816   1.527e-05   4.355e-07   5.740e-01   2.605e-03   2.880e-02  1.0000         643  [    0     77         30         31 ]
           2       31782      88.684   1.527e-05   4.355e-07   5.225e-01   2.579e-03   2.859e-02  1.0000         655  [    0     78         30         33 ]
           2       32061      90.033   1.527e-05   4.355e-07   5.210e-01   2.493e-03   2.830e-02  1.0000         658  [    0     79         30         33 ]
           2       32363      91.046   1.527e-05   4.355e-07   5.157e-01   2.487e-03   2.804e-02  1.0000         677  [    0     80         30         34 ]
           2       32679      92.378   1.527e-05   4.355e-07   5.178e-01   2.446e-03   2.750e-02  1.0000         695  [    0     81         30         31 ]
           2       33048      93.176   1.527e-05   4.355e-07   6.150e-01   2.412e-03   2.698e-02  1.0000         715  [    1     11         60         31 ]
           2       33338      94.238   1.527e-05   4.355e-07   5.201e-01   2.380e-03   2.686e-02  1.0000         717  [    0     82         30         31 ]
           2       33648      95.342   1.527e-05   4.355e-07   6.332e-01   2.356e-03   2.654e-02  1.0000         717  [    0     83         30         30 ]
           2       33937      96.203   1.527e-05   4.355e-07   5.618e-01   2.323e-03   2.612e-02  1.0000         661  [    0     84         30         27 ]
           2       34201      97.150   1.527e-05   4.355e-07   5.670e-01   2.323e-03   2.595e-02  1.0000         661  [    0     85         30         27 ]
           2       34462      98.055   1.527e-05   4.355e-07   6.585e-01   2.323e-03   2.596e-02  1.0000         670  [    0     86         30         29 ]
           2       34733      99.221   1.527e-05   4.355e-07   5.660e-01   2.299e-03   2.551e-02  1.0000         670  [    0     87         30         28 ]
           2       34992     100.047   1.527e-05   4.355e-07   5.617e-01   2.261e-03   2.513e-02  1.0000         687  [    0     88         30         29 ]
           2       35257     101.087   1.527e-05   4.355e-07   6.549e-01   2.250e-03   2.501e-02  1.0000         695  [    0     89         30         29 ]
           2       35626     102.338   1.527e-05   4.355e-07   5.694e-01   2.228e-03   2.451e-02  1.0000         689  [    1     12         60         29 ]
           2       35900     103.566   1.527e-05   4.355e-07   5.659e-01   2.198e-03   2.447e-02  1.0000         701  [    0     90         30         28 ]
           2       36163     104.491   1.527e-05   4.355e-07   5.617e-01   2.198e-03   2.447e-02  1.0000         704  [    0     91         30         26 ]
           2       36417     105.359   1.527e-05   4.355e-07   6.691e-01   2.197e-03   2.445e-02  1.0000         711  [    0     92         30         26 ]
           2       36676     106.374   1.527e-05   4.355e-07   5.552e-01   2.197e-03   2.443e-02  1.0000         723  [    0     93         30         26 ]
           2       36948     107.421   1.527e-05   4.355e-07   6.606e-01   2.157e-03   2.382e-02  1.0000         739  [    0     94         30         25 ]
           2       37211     108.821   1.527e-05   4.355e-07   6.583e-01   2.149e-03   2.373e-02  1.0000         754  [    0     95         30         25 ]
           2       37451     109.904   1.527e-05   4.355e-07   6.541e-01   2.144e-03   2.368e-02  1.0000         759  [    0     96         30         24 ]
           2       37704     110.868   1.527e-05   4.355e-07   6.506e-01   2.106e-03   2.356e-02  1.0000         760  [    0     97         30         25 ]
           2       38047     111.874   1.527e-05   4.355e-07   5.368e-01   2.105e-03   2.354e-02  1.0000         773  [    1     13         60         26 ]
           2       38309     112.967   1.527e-05   4.355e-07   5.876e-01   2.101e-03   2.339e-02  1.0000         780  [    0     98         30         26 ]
           2       38564     114.033   1.527e-05   4.355e-07   5.381e-01   2.101e-03   2.338e-02  1.0000         786  [    0     99         30         26 ]
           2       38821     115.195   1.527e-05   4.355e-07   5.381e-01   2.096e-03   2.336e-02  1.0000         796  [    0    100         30         26 ]
           2       39093     116.280   1.527e-05   4.355e-07   5.866e-01   2.095e-03   2.327e-02  1.0000         795  [    0    101         30         27 ]
           2       39366     117.731   1.527e-05   4.355e-07   5.880e-01   2.094e-03   2.317e-02  1.0000         802  [    0    102         30         27 ]
           2       39633     118.519   1.527e-05   4.355e-07   5.428e-01   2.086e-03   2.313e-02  1.0000         811  [    0    103         30         27 ]
           2       39905     120.048   1.527e-05   4.355e-07   5.373e-01   2.055e-03   2.290e-02  1.0000         818  [    0    104         30         27 ]
           2       40187     121.686   1.527e-05   4.355e-07   6.517e-01   2.045e-03   2.271e-02  1.0000         808  [    0    105         30         25 ]
           2       40541     122.789   1.527e-05   4.355e-07   6.064e-01   1.952e-03   2.209e-02  1.0000         833  [    1     14         60         28 ]
           2       40822     124.134   1.527e-05   4.355e-07   6.441e-01   1.952e-03   2.187e-02  1.0000         841  [    0    106         30         28 ]
           2       41101     125.223   1.527e-05   4.355e-07   6.532e-01   1.948e-03   2.155e-02  1.0000         849  [    0    107         30         28 ]
           2       41365     126.664   1.527e-05   4.355e-07   5.494e-01   1.939e-03   2.132e-02  1.0000         858  [    0    108         30         29 ]
           2       41629     128.126   1.527e-05   4.355e-07   6.416e-01   1.915e-03   2.140e-02  1.0000         862  [    0    109         30         29 ]
           2       41898     129.535   1.527e-05   4.355e-07   5.419e-01   1.915e-03   2.139e-02  1.0000         867  [    0    110         30         29 ]
           2       42165     130.817   1.527e-05   4.355e-07   5.393e-01   1.856e-03   2.110e-02  1.0000         870  [    0    111         30         28 ]
           2       42425     132.044   1.527e-05   4.355e-07   6.345e-01   1.838e-03   2.110e-02  1.0000         877  [    0    112         30         27 ]
           2       42682     133.649   1.527e-05   4.355e-07   5.374e-01   1.824e-03   2.101e-02  1.0000         881  [    0    113         30         26 ]
           2       42999     135.155   1.527e-05   4.355e-07   6.460e-01   1.801e-03   2.097e-02  1.0000         891  [    1     15         60         26 ]
           2       43265     136.460   1.527e-05   4.355e-07   6.471e-01   1.801e-03   2.097e-02  1.0000         889  [    0    114         30         25 ]
           2       43530     138.178   1.527e-05   4.355e-07   6.510e-01   1.801e-03   2.097e-02  1.0000         891  [    0    115         30         24 ]
           2       43778     139.707   1.527e-05   4.355e-07   5.414e-01   1.799e-03   2.084e-02  1.0000         907  [    0    116         30         24 ]
           2       44049     141.349   1.527e-05   4.355e-07   5.961e-01   1.796e-03   2.076e-02  1.0000         899  [    0    117         30         24 ]
           2       44300     142.740   1.527e-05   4.355e-07   6.455e-01   1.785e-03   2.066e-02  1.0000         905  [    0    118         30         24 ]
           2       44566     143.956   1.527e-05   4.355e-07   6.033e-01   1.783e-03   2.066e-02  1.0000         894  [    0    119         30         25 ]
           2       44831     145.153   1.527e-05   4.355e-07   6.664e-01   1.776e-03   2.065e-02  1.0000         871  [    0    120         30         23 ]
           2       45093     146.442   1.527e-05   4.355e-07   6.547e-01   1.771e-03   2.054e-02  1.0000         871  [    0    121         30         25 ]
           2       45433     147.658   1.527e-05   4.355e-07   6.719e-01   1.764e-03   2.045e-02  1.0000         856  [    1     16         60         26 ]
           2       45697     149.281   1.527e-05   4.355e-07   6.850e-01   1.764e-03   2.045e-02  1.0000         856  [    0    122         30         27 ]
           2       45969     150.909   1.527e-05   4.355e-07   6.044e-01   1.763e-03   2.041e-02  1.0000         858  [    0    123         30         25 ]
           2       46228     152.108   1.527e-05   4.355e-07   6.623e-01   1.763e-03   2.041e-02  1.0000         865  [    0    124         30         26 ]
           2       46495     153.489   1.527e-05   4.355e-07   6.276e-01   1.751e-03   2.019e-02  1.0000         872  [    0    125         30         26 ]
           2       46763     154.809   1.527e-05   4.355e-07   6.689e-01   1.742e-03   1.993e-02  1.0000         866  [    0    126         30         25 ]
           2       47023     155.918   1.527e-05   4.355e-07   6.056e-01   1.737e-03   1.978e-02  1.0000         849  [    0    127         30         25 ]
           2       47271     157.108   1.527e-05   4.355e-07   6.678e-01   1.736e-03   1.978e-02  1.0000         857  [    0    128         30         25 ]
           2       47535     158.580   1.527e-05   4.355e-07   7.117e-01   1.728e-03   1.972e-02  1.0000         862  [    0    129         30         24 ]
           2       47849     160.169   1.527e-05   4.355e-07   7.061e-01   1.680e-03   1.950e-02  1.0000         854  [    1     17         60         23 ]
           2       48298     161.773   1.210e-05   4.355e-07   5.894e-01   1.643e-03   1.933e-02  1.0000         851  [    2      3        120         23 ]
           2       48517     163.031   1.210e-05   4.355e-07   6.842e-01   1.641e-03   1.928e-02  1.0000         856  [    0    130         30         22 ]
           2       48742     164.315   1.210e-05   4.355e-07   6.324e-01   1.639e-03   1.915e-02  1.0000         866  [    0    131         30         22 ]
           2       48978     165.599   1.210e-05   4.355e-07   6.305e-01   1.639e-03   1.911e-02  1.0000         869  [    0    132         30         22 ]
           2       49207     167.131   1.210e-05   4.355e-07   5.811e-01   1.635e-03   1.908e-02  1.0000         880  [    0    133         30         23 ]
           2       49435     168.420   1.210e-05   4.355e-07   6.873e-01   1.635e-03   1.911e-02  1.0000         882  [    0    134         30         22 ]
           2       49650     169.464   1.210e-05   4.355e-07   6.992e-01   1.634e-03   1.905e-02  1.0000         889  [    0    135         30         21 ]
           2       49884     170.538   1.210e-05   4.355e-07   5.934e-01   1.624e-03   1.900e-02  1.0000         893  [    0    136         30         20 ]
           2       50104     172.141   1.210e-05   4.355e-07   5.913e-01   1.619e-03   1.893e-02  1.0000         897  [    0    137         30         20 ]
           2       50388     173.759   1.210e-05   4.355e-07   6.708e-01   1.587e-03   1.879e-02  1.0000         901  [    1     18         60         20 ]
           2       50625     175.234   1.210e-05   4.355e-07   6.844e-01   1.580e-03   1.853e-02  1.0000         869  [    0    138         30         19 ]
           2       50836     176.423   1.210e-05   4.355e-07   7.188e-01   1.580e-03   1.852e-02  1.0000         867  [    0    139         30         19 ]
           2       51060     177.583   1.210e-05   4.355e-07   7.192e-01   1.572e-03   1.847e-02  1.0000         875  [    0    140         30         19 ]
           2       51264     178.820   1.210e-05   4.355e-07   7.315e-01   1.491e-03   1.841e-02  1.0000         888  [    0    141         30         18 ]
           2       51465     179.998   1.210e-05   4.355e-07   7.070e-01   1.486e-03   1.837e-02  1.0000         883  [    0    142         30         16 ]
           2       51661     181.209   1.210e-05   4.355e-07   7.073e-01   1.466e-03   1.828e-02  1.0000         892  [    0    143         30         17 ]
           2       51876     182.308   1.210e-05   4.355e-07   7.076e-01   1.462e-03   1.827e-02  1.0000         895  [    0    144         30         17 ]
           2       52087     183.302   1.210e-05   4.355e-07   6.152e-01   1.454e-03   1.823e-02  1.0000         901  [    0    145         30         17 ]
           2       52371     184.643   1.210e-05   4.355e-07   7.202e-01   1.452e-03   1.820e-02  1.0000         904  [    1     19         60         16 ]
           2       52567     185.814   1.210e-05   4.355e-07   7.041e-01   1.449e-03   1.815e-02  1.0000         909  [    0    146         30         17 ]
           2       52753     187.022   1.210e-05   4.355e-07   7.068e-01   1.448e-03   1.815e-02  1.0000         910  [    0    147         30         17 ]
           2       52961     188.225   1.210e-05   4.355e-07   7.369e-01   1.424e-03   1.810e-02  1.0000         893  [    0    148         30         16 ]
           2       53160     189.527   1.210e-05   4.355e-07   7.201e-01   1.414e-03   1.804e-02  1.0000         903  [    0    149         30         15 ]
           2       53362     190.959   1.210e-05   4.355e-07   7.195e-01   1.410e-03   1.811e-02  1.0000         904  [    0    150         30         15 ]
           2       53550     192.781   1.210e-05   4.355e-07   7.176e-01   1.408e-03   1.805e-02  1.0000         908  [    0    151         30         15 ]
           2       53752     194.372   1.210e-05   4.355e-07   7.181e-01   1.404e-03   1.803e-02  1.0000         917  [    0    152         30         19 ]
           2       53954     195.718   1.210e-05   4.355e-07   7.200e-01   1.404e-03   1.802e-02  1.0000         912  [    0    153         30         19 ]
           2       54234     197.119   1.210e-05   4.355e-07   6.642e-01   1.388e-03   1.802e-02  1.0000         903  [    1     20         60         18 ]
           2       54437     198.535   1.210e-05   4.355e-07   7.356e-01   1.381e-03   1.790e-02  1.0000         909  [    0    154         30         19 ]
           2       54645     199.919   1.210e-05   4.355e-07   6.437e-01   1.356e-03   1.777e-02  1.0000         908  [    0    155         30         15 ]
           2       54832     201.126   1.210e-05   4.355e-07   7.524e-01   1.344e-03   1.772e-02  1.0000         922  [    0    156         30         18 ]
           2       55037     202.336   1.210e-05   4.355e-07   6.409e-01   1.344e-03   1.773e-02  1.0000         924  [    0    157         30         18 ]
           2       55238     203.577   1.210e-05   4.355e-07   7.296e-01   1.332e-03   1.732e-02  1.0000         923  [    0    158         30         17 ]
           2       55441     205.117   1.210e-05   4.355e-07   7.392e-01   1.326e-03   1.733e-02  1.0000         915  [    0    159         30         17 ]
           2       55661     206.643   1.210e-05   4.355e-07   7.502e-01   1.290e-03   1.730e-02  1.0000         914  [    0    160         30         18 ]
           2       55880     207.903   1.210e-05   4.355e-07   7.455e-01   1.288e-03   1.731e-02  1.0000         920  [    0    161         30         18 ]
           2       56146     209.109   1.210e-05   4.355e-07   7.507e-01   1.266e-03   1.715e-02  1.0000         923  [    1     21         60         17 ]
           2       56347     210.460   1.210e-05   4.355e-07   7.632e-01   1.266e-03   1.715e-02  1.0000         906  [    0    162         30         16 ]
           2       56542     212.311   1.210e-05   4.355e-07   7.695e-01   1.266e-03   1.713e-02  1.0000         911  [    0    163         30         15 ]
           2       56737     213.763   1.210e-05   4.355e-07   7.991e-01   1.260e-03   1.710e-02  1.0000         899  [    0    164         30         15 ]
           2       56929     215.535   1.210e-05   4.355e-07   8.064e-01   1.260e-03   1.709e-02  1.0000         893  [    0    165         30         15 ]
           2       57120     216.903   1.210e-05   4.355e-07   6.985e-01   1.257e-03   1.710e-02  1.0000         894  [    0    166         30         15 ]
           2       57291     218.376   1.210e-05   4.355e-07   6.988e-01   1.228e-03   1.700e-02  1.0000         900  [    0    167         30         15 ]
           2       57469     219.503   1.210e-05   4.355e-07   6.977e-01   1.228e-03   1.701e-02  1.0000         902  [    0    168         30         16 ]
           2       57665     220.595   1.210e-05   4.355e-07   8.077e-01   1.227e-03   1.704e-02  1.0000         902  [    0    169         30         16 ]
           2       57926     222.191   1.210e-05   4.355e-07   6.940e-01   1.221e-03   1.699e-02  1.0000         915  [    1     22         60         18 ]
           2       58128     223.670   1.210e-05   4.355e-07   8.017e-01   1.218e-03   1.698e-02  1.0000         920  [    0    170         30         18 ]
           2       58337     224.983   1.210e-05   4.355e-07   8.017e-01   1.218e-03   1.692e-02  1.0000         924  [    0    171         30         20 ]
           2       58541     226.070   1.210e-05   4.355e-07   8.018e-01   1.217e-03   1.690e-02  1.0000         933  [    0    172         30         19 ]
           2       58755     227.363   1.210e-05   4.355e-07   8.013e-01   1.206e-03   1.702e-02  1.0000         931  [    0    173         30         19 ]
           2       58960     228.824   1.210e-05   4.355e-07   7.711e-01   1.205e-03   1.701e-02  1.0000         934  [    0    174         30         19 ]
           2       59162     230.425   1.210e-05   4.355e-07   7.663e-01   1.205e-03   1.701e-02  1.0000         936  [    0    175         30         19 ]
           2       59372     231.697   1.210e-05   4.355e-07   7.532e-01   1.205e-03   1.701e-02  1.0000         950  [    0    176         30         20 ]
           2       59581     232.920   1.210e-05   4.355e-07   7.842e-01   1.205e-03   1.692e-02  1.0000         955  [    0    177         30         21 ]
           2       59862     234.523   1.210e-05   4.355e-07   7.796e-01   1.198e-03   1.671e-02  1.0000         976  [    1     23         60         21 ]
           2       60080     235.758   1.210e-05   4.355e-07   7.493e-01   1.198e-03   1.671e-02  1.0000         983  [    0    178         30         21 ]
           2       60299     237.450   1.210e-05   4.355e-07   7.486e-01   1.197e-03   1.671e-02  1.0000         976  [    0    179         30         19 ]
           2       60520     238.796   1.210e-05   4.355e-07   6.692e-01   1.197e-03   1.671e-02  1.0000         976  [    0    180         30         19 ]
           2       60726     239.878   1.210e-05   4.355e-07   6.688e-01   1.197e-03   1.661e-02  1.0000         983  [    0    181         30         18 ]
           2       60932     241.301   1.210e-05   4.355e-07   6.702e-01   1.196e-03   1.660e-02  1.0000         987  [    0    182         30         17 ]
           2       61112     242.977   1.210e-05   4.355e-07   7.802e-01   1.196e-03   1.660e-02  1.0000         988  [    0    183         30         17 ]
           2       61292     244.323   1.210e-05   4.355e-07   6.642e-01   1.195e-03   1.658e-02  1.0000         996  [    0    184         30         17 ]
           2       61494     245.941   1.210e-05   4.355e-07   7.728e-01   1.194e-03   1.658e-02  1.0000        1001  [    0    185         30         17 ]
           2       61768     247.382   1.210e-05   4.355e-07   7.416e-01   1.194e-03   1.658e-02  1.0000        1012  [    1     24         60         20 ]
           2       61989     248.794   1.210e-05   4.355e-07   7.757e-01   1.194e-03   1.658e-02  1.0000        1012  [    0    186         30         20 ]
           2       62204     250.006   1.210e-05   4.355e-07   7.755e-01   1.191e-03   1.653e-02  1.0000        1022  [    0    187         30         19 ]
           2       62403     251.792   1.210e-05   4.355e-07   6.655e-01   1.191e-03   1.653e-02  1.0000        1025  [    0    188         30         20 ]
           2       62618     253.677   1.210e-05   4.355e-07   7.445e-01   1.191e-03   1.654e-02  1.0000        1032  [    0    189         30         20 ]
           2       62820     255.376   1.210e-05   4.355e-07   6.643e-01   1.186e-03   1.655e-02  1.0000        1044  [    0    190         30         20 ]
           2       63030     257.115   1.210e-05   4.355e-07   7.610e-01   1.180e-03   1.649e-02  1.0000        1057  [    0    191         30         21 ]
           2       63245     259.136   1.210e-05   4.355e-07   6.610e-01   1.180e-03   1.649e-02  1.0000        1067  [    0    192         30         21 ]
           2       63484     261.025   1.210e-05   4.355e-07   7.590e-01   1.180e-03   1.648e-02  1.0000        1076  [    0    193         30         21 ]
           2       63768     262.770   5.904e-06   4.355e-07   7.472e-01   1.171e-03   1.640e-02  1.0000        1077  [    1     25         60         22 ]
           2       64192     264.828   5.904e-06   4.355e-07   6.531e-01   1.151e-03   1.634e-02  1.0000        1068  [    2      4        120         20 ]
           2       64407     266.557   9.645e-08   4.355e-07   7.632e-01   1.150e-03   1.636e-02  1.0000        1070  [    0    194         30         20 ]
           2       64631     268.256   9.645e-08   4.355e-07   6.534e-01   1.150e-03   1.636e-02  1.0000        1075  [    0    195         30         20 ]
           2       64845     270.388   9.645e-08   4.355e-07   7.342e-01   1.150e-03   1.635e-02  1.0000        1076  [    0    196         30         19 ]
           2       65065     272.065   9.645e-08   2.546e-08   7.688e-01   1.149e-03   1.635e-02  1.0000        1070  [    0    197         30         18 ]
           2       65291     273.999   9.645e-08   2.546e-08   7.674e-01   1.148e-03   1.646e-02  1.0000        1072  [    0    198         30         18 ]
           2       65520     275.746   9.645e-08   2.546e-08   6.519e-01   1.144e-03   1.646e-02  1.0000        1086  [    0    199         30         20 ]
           2       65750     277.531   9.645e-08   2.546e-08   7.399e-01   1.131e-03   1.644e-02  1.0000        1102  [    0    200         30         20 ]
           2       65982     278.939   9.645e-08   2.546e-08   6.454e-01   1.129e-03   1.639e-02  1.0000        1111  [    0    201         30         20 ]
           2       66283     280.570   9.645e-08   2.546e-08   6.731e-01   1.122e-03   1.633e-02  1.0000        1128  [    1     26         60         21 ]
           2       66520     282.357   9.645e-08   2.546e-08   6.719e-01   1.119e-03   1.632e-02  1.0000        1135  [    0    202         30         19 ]
           2       66737     284.104   9.645e-08   2.546e-08   7.329e-01   1.119e-03   1.632e-02  1.0000        1133  [    0    203         30         19 ]
           2       66957     285.857   9.645e-08   2.546e-08   7.548e-01   1.114e-03   1.630e-02  1.0000        1142  [    0    204         30         20 ]
           2       67181     287.435   9.645e-08   2.546e-08   7.546e-01   1.106e-03   1.625e-02  1.0000        1147  [    0    205         30         20 ]
           2       67418     288.680   9.645e-08   2.546e-08   7.558e-01   1.106e-03   1.624e-02  1.0000        1145  [    0    206         30         19 ]
           2       67637     290.604   9.645e-08   2.546e-08   7.557e-01   1.106e-03   1.612e-02  1.0000        1151  [    0    207         30         20 ]
           2       67869     292.279   9.645e-08   2.546e-08   7.513e-01   1.101e-03   1.589e-02  1.0000        1158  [    0    208         30         23 ]
           2       68121     293.845   9.645e-08   2.546e-08   6.405e-01   1.094e-03   1.575e-02  1.0000        1166  [    0    209         30         22 ]
           2       68431     296.126   9.645e-08   2.546e-08   7.554e-01   1.091e-03   1.573e-02  1.0000        1166  [    1     27         60         21 ]
           2       68666     297.592   9.645e-08   2.546e-08   7.674e-01   1.085e-03   1.566e-02  1.0000        1149  [    0    210         30         20 ]
           2       68878     299.095   9.645e-08   2.546e-08   7.680e-01   1.082e-03   1.563e-02  1.0000        1155  [    0    211         30         21 ]
           2       69101     300.670   9.645e-08   2.546e-08   6.564e-01   1.081e-03   1.563e-02  1.0000        1159  [    0    212         30         22 ]
           2       69341     302.573   9.645e-08   2.546e-08   7.133e-01   1.081e-03   1.563e-02  1.0000        1164  [    0    213         30         23 ]
           2       69565     304.214   9.645e-08   2.546e-08   7.644e-01   1.081e-03   1.563e-02  1.0000        1167  [    0    214         30         23 ]
           2       69789     306.537   9.645e-08   2.546e-08   7.072e-01   1.072e-03   1.557e-02  1.0000        1139  [    0    215         30         21 ]
           2       70019     308.302   9.645e-08   2.546e-08   7.777e-01   1.069e-03   1.554e-02  1.0000        1147  [    0    216         30         21 ]
           2       70255     309.841   9.645e-08   2.546e-08   7.739e-01   1.069e-03   1.554e-02  1.0000        1155  [    0    217         30         21 ]
           2       70546     311.398   9.645e-08   2.546e-08   7.874e-01   1.058e-03   1.527e-02  1.0000        1162  [    1     28         60         18 ]
           2       70757     313.099   9.645e-08   2.546e-08   6.785e-01   1.058e-03   1.515e-02  1.0000        1155  [    0    218         30         18 ]
           2       70957     315.221   9.645e-08   2.546e-08   7.872e-01   1.049e-03   1.493e-02  1.0000        1159  [    0    219         30         17 ]
           2       71154     317.493   9.645e-08   2.546e-08   7.723e-01   1.030e-03   1.485e-02  1.0000        1161  [    0    220         30         16 ]
           2       71337     319.196   9.645e-08   2.546e-08   6.835e-01   1.028e-03   1.484e-02  1.0000        1163  [    0    221         30         16 ]
           2       71541     320.910   9.645e-08   2.546e-08   6.870e-01   1.026e-03   1.484e-02  1.0000        1168  [    0    222         30         16 ]
           2       71734     322.328   9.645e-08   2.546e-08   7.951e-01   1.026e-03   1.484e-02  1.0000        1173  [    0    223         30         16 ]
           2       71926     324.177   9.645e-08   2.546e-08   7.958e-01   1.024e-03   1.483e-02  1.0000        1184  [    0    224         30         16 ]
           2       72125     325.698   9.645e-08   2.546e-08   7.738e-01   1.024e-03   1.483e-02  1.0000        1191  [    0    225         30         16 ]
           2       72399     327.284   9.645e-08   2.546e-08   7.818e-01   1.022e-03   1.479e-02  1.0000        1203  [    1     29         60         18 ]
           2       72614     328.684   9.645e-08   2.546e-08   6.930e-01   1.021e-03   1.477e-02  1.0000        1208  [    0    226         30         18 ]
           2       72826     330.389   9.645e-08   2.546e-08   7.811e-01   1.017e-03   1.460e-02  1.0000        1216  [    0    227         30         19 ]
           2       73056     332.250   9.645e-08   2.546e-08   7.751e-01   1.017e-03   1.462e-02  1.0000        1229  [    0    228         30         20 ]
           2       73282     333.664   9.645e-08   2.546e-08   6.689e-01   1.013e-03   1.462e-02  1.0000        1228  [    0    229         30         19 ]
           2       73504     334.878   9.645e-08   2.546e-08   7.797e-01   1.013e-03   1.462e-02  1.0000        1229  [    0    230         30         19 ]
           2       73726     336.602   9.645e-08   2.546e-08   7.818e-01   1.013e-03   1.461e-02  1.0000        1224  [    0    231         30         18 ]
           2       73951     338.473   9.645e-08   2.546e-08   6.710e-01   1.013e-03   1.460e-02  1.0000        1223  [    0    232         30         18 ]
           2       74151     340.300   9.645e-08   2.546e-08   6.693e-01   1.013e-03   1.460e-02  1.0000        1224  [    0    233         30         20 ]
           2       74456     342.240   9.645e-08   2.546e-08   7.129e-01   1.012e-03   1.460e-02  1.0000        1237  [    1     30         60         21 ]
           2       74676     344.019   9.645e-08   2.546e-08   7.759e-01   1.012e-03   1.465e-02  1.0000        1237  [    0    234         30         19 ]
           2       74895     345.405   9.645e-08   2.546e-08   7.604e-01   1.011e-03   1.464e-02  1.0000        1238  [    0    235         30         19 ]
           2       75097     347.420   9.645e-08   2.546e-08   7.756e-01   1.011e-03   1.460e-02  1.0000        1241  [    0    236         30         20 ]
           2       75326     349.024   9.645e-08   2.546e-08   7.604e-01   1.010e-03   1.460e-02  1.0000        1242  [    0    237         30         17 ]
           2       75527     350.927   9.645e-08   2.546e-08   7.714e-01   1.007e-03   1.458e-02  1.0000        1250  [    0    238         30         18 ]
           2       75746     352.400   9.645e-08   2.546e-08   7.172e-01   9.999e-04   1.455e-02  1.0000        1230  [    0    239         30         16 ]
           2       75951     353.750   9.645e-08   2.546e-08   7.169e-01   9.988e-04   1.440e-02  1.0000        1235  [    0    240         30         17 ]
           2       76169     355.305   9.645e-08   2.546e-08   7.788e-01   9.965e-04   1.436e-02  1.0000        1243  [    0    241         30         16 ]
           2       76468     357.279   9.645e-08   2.546e-08   6.615e-01   9.961e-04   1.436e-02  1.0000        1248  [    1     31         60         18 ]
           2       76675     359.297   9.645e-08   2.546e-08   6.266e-01   1.365e-03   1.867e-02  1.0000         749  [    0    242         30         18 ]
           2       76874     360.227   9.645e-08   2.546e-08   7.706e-01   1.357e-03   1.867e-02  1.0000         685  [    0    243         30         16 ]
           2       77070     361.161   9.645e-08   2.546e-08   8.151e-01   1.351e-03   1.866e-02  1.0000         647  [    0    244         30         14 ]
           2       77255     362.193   9.645e-08   2.546e-08   8.168e-01   1.344e-03   1.865e-02  1.0000         654  [    0    245         30         12 ]
           2       77428     363.312   9.645e-08   2.546e-08   7.684e-01   1.342e-03   1.862e-02  1.0000         615  [    0    246         30         14 ]
           2       77597     364.290   9.645e-08   2.546e-08   8.332e-01   1.340e-03   1.860e-02  1.0000         621  [    0    247         30         14 ]
           2       77768     365.110   9.645e-08   2.546e-08   8.327e-01   1.337e-03   1.857e-02  1.0000         629  [    0    248         30         14 ]
           2       77949     365.868   9.645e-08   2.546e-08   7.677e-01   1.337e-03   1.856e-02  1.0000         622  [    0    249         30         13 ]
           2       78183     366.671   9.645e-08   2.546e-08   7.173e-01   1.324e-03   1.847e-02  1.0000         629  [    1     32         60         14 ]
           2       78359     367.704   9.645e-08   2.546e-08   7.191e-01   1.320e-03   1.845e-02  1.0000         627  [    0    250         30         14 ]
           2       78529     368.968   9.645e-08   2.546e-08   7.185e-01   1.319e-03   1.845e-02  1.0000         636  [    0    251         30         14 ]
           2       78691     370.275   9.645e-08   2.546e-08   7.188e-01   1.312e-03   1.840e-02  1.0000         641  [    0    252         30         12 ]
           2       78850     371.229   9.645e-08   2.546e-08   7.186e-01   1.312e-03   1.840e-02  1.0000         657  [    0    253         30         12 ]
           2       78995     372.070   9.645e-08   2.546e-08   7.132e-01   1.312e-03   1.828e-02  1.0000         654  [    0    254         30         11 ]
           2       79144     372.865   9.645e-08   2.546e-08   8.231e-01   1.312e-03   1.828e-02  1.0000         654  [    0    255         30         10 ]
           2       79283     373.832   9.645e-08   2.546e-08   8.180e-01   1.307e-03   1.823e-02  1.0000         663  [    0    256         30         11 ]
           2       79437     374.774   9.645e-08   2.546e-08   8.179e-01   1.295e-03   1.810e-02  1.0000         671  [    0    257         30         12 ]
           2       79670     375.978   9.645e-08   2.546e-08   8.145e-01   1.281e-03   1.783e-02  1.0000         681  [    1     33         60         13 ]
           2       80027     377.044   9.645e-08   2.546e-08   7.125e-01   1.268e-03   1.735e-02  1.0000         694  [    2      5        120         12 ]
           2       80188     378.048   9.645e-08   2.546e-08   7.664e-01   1.267e-03   1.735e-02  1.0000         700  [    0    258         30         14 ]
           2       80341     378.973   9.645e-08   2.546e-08   7.112e-01   1.264e-03   1.734e-02  1.0000         703  [    0    259         30         14 ]
           2       80507     379.922   9.645e-08   2.546e-08   7.043e-01   1.261e-03   1.727e-02  1.0000         711  [    0    260         30         14 ]
           2       80677     380.827   9.645e-08   2.546e-08   8.140e-01   1.237e-03   1.726e-02  1.0000         719  [    0    261         30         14 ]
           2       80845     381.830   9.645e-08   2.546e-08   7.638e-01   1.235e-03   1.725e-02  1.0000         721  [    0    262         30         14 ]
           2       81022     382.727   9.645e-08   2.546e-08   7.637e-01   1.235e-03   1.725e-02  1.0000         725  [    0    263         30         13 ]
           2       81193     383.794   9.645e-08   2.546e-08   7.640e-01   1.224e-03   1.716e-02  1.0000         733  [    0    264         30         13 ]
           2       81358     384.807   9.645e-08   2.546e-08   8.174e-01   1.221e-03   1.719e-02  1.0000         730  [    0    265         30         13 ]
           2       81597     385.633   9.645e-08   2.546e-08   7.072e-01   1.221e-03   1.719e-02  1.0000         736  [    1     34         60         15 ]
           2       81774     386.398   9.645e-08   2.546e-08   8.173e-01   1.214e-03   1.716e-02  1.0000         729  [    0    266         30         14 ]
           2       81960     387.359   9.645e-08   2.546e-08   8.170e-01   1.208e-03   1.716e-02  1.0000         735  [    0    267         30         14 ]
           2       82132     388.824   9.645e-08   2.546e-08   7.070e-01   1.205e-03   1.716e-02  1.0000         743  [    0    268         30         15 ]
           2       82311     390.024   9.645e-08   2.546e-08   7.595e-01   1.202e-03   1.713e-02  1.0000         749  [    0    269         30         14 ]
           2       82487     390.997   9.645e-08   2.546e-08   8.162e-01   1.202e-03   1.712e-02  1.0000         757  [    0    270         30         14 ]
           2       82658     392.147   9.645e-08   2.546e-08   8.210e-01   1.202e-03   1.712e-02  1.0000         755  [    0    271         30         14 ]
           2       82828     393.189   9.645e-08   2.546e-08   7.448e-01   1.199e-03   1.712e-02  1.0000         701  [    0    272         30         13 ]
           2       83001     394.026   9.645e-08   2.546e-08   8.535e-01   1.197e-03   1.710e-02  1.0000         703  [    0    273         30         12 ]
           2       83231     395.066   9.645e-08   2.546e-08   8.493e-01   1.189e-03   1.710e-02  1.0000         716  [    1     35         60         14 ]
           2       83410     396.139   9.645e-08   2.546e-08   8.457e-01   1.187e-03   1.709e-02  1.0000         722  [    0    274         30         14 ]
           2       83594     396.876   9.645e-08   2.546e-08   7.868e-01   1.182e-03   1.689e-02  1.0000         727  [    0    275         30         14 ]
           2       83795     397.812   9.645e-08   2.546e-08   8.444e-01   1.182e-03   1.689e-02  1.0000         731  [    0    276         30         14 ]
           2       83983     398.608   9.645e-08   2.546e-08   8.474e-01   1.182e-03   1.688e-02  1.0000         727  [    0    277         30         14 ]
           2       84162     399.549   9.645e-08   2.546e-08   7.933e-01   1.182e-03   1.687e-02  1.0000         732  [    0    278         30         14 ]
           2       84338     400.662   9.645e-08   2.546e-08   8.423e-01   1.182e-03   1.685e-02  1.0000         744  [    0    279         30         13 ]
           2       84506     402.005   9.645e-08   2.546e-08   8.375e-01   1.180e-03   1.679e-02  1.0000         758  [    0    280         30         13 ]
           2       84670     403.407   9.645e-08   2.546e-08   8.374e-01   1.179e-03   1.677e-02  1.0000         763  [    0    281         30         13 ]
           2       84931     404.231   9.645e-08   2.546e-08   7.366e-01   1.165e-03   1.671e-02  1.0000         780  [    1     36         60         13 ]
           2       85113     405.035   9.645e-08   2.546e-08   8.338e-01   1.160e-03   1.661e-02  1.0000         789  [    0    282         30         13 ]
           2       85275     406.007   9.645e-08   2.546e-08   8.262e-01   1.160e-03   1.661e-02  1.0000         797  [    0    283         30         13 ]
           2       85446     407.166   9.645e-08   2.546e-08   7.977e-01   1.160e-03   1.661e-02  1.0000         805  [    0    284         30         14 ]
           2       85623     408.597   9.645e-08   2.546e-08   7.773e-01   1.160e-03   1.661e-02  1.0000         816  [    0    285         30         13 ]
           2       85800     410.058   9.645e-08   2.546e-08   7.919e-01   1.157e-03   1.659e-02  1.0000         829  [    0    286         30         14 ]
           2       85980     411.058   9.645e-08   2.546e-08   8.030e-01   1.155e-03   1.658e-02  1.0000         839  [    0    287         30         14 ]
           2       86177     411.860   9.645e-08   2.546e-08   8.031e-01   1.130e-03   1.606e-02  1.0000         856  [    0    288         30         14 ]
           2       86369     413.029   9.645e-08   2.546e-08   7.170e-01   1.130e-03   1.606e-02  1.0000         861  [    0    289         30         14 ]
           2       86646     413.888   9.645e-08   2.546e-08   7.169e-01   1.128e-03   1.603e-02  1.0000         865  [    1     37         60         14 ]
           2       86836     414.873   9.645e-08   2.546e-08   7.195e-01   1.128e-03   1.603e-02  1.0000         836  [    0    290         30         15 ]
           2       87032     415.888   9.645e-08   2.546e-08   7.202e-01   1.118e-03   1.595e-02  1.0000         844  [    0    291         30         15 ]
           2       87217     416.810   9.645e-08   2.546e-08   8.202e-01   1.114e-03   1.580e-02  1.0000         846  [    0    292         30         13 ]
           2       87406     417.938   9.645e-08   2.546e-08   7.934e-01   1.110e-03   1.574e-02  1.0000         855  [    0    293         30         13 ]
           2       87587     419.134   9.645e-08   2.546e-08   7.306e-01   1.102e-03   1.573e-02  1.0000         826  [    0    294         30         12 ]
           2       87771     420.276   9.645e-08   2.546e-08   7.310e-01   1.101e-03   1.572e-02  1.0000         833  [    0    295         30         12 ]
           2       87962     421.617   9.645e-08   2.546e-08   8.117e-01   1.099e-03   1.571e-02  1.0000         845  [    0    296         30         14 ]
           2       88163     422.731   9.645e-08   2.546e-08   8.311e-01   1.099e-03   1.571e-02  1.0000         851  [    0    297         30         13 ]
           2       88417     423.824   9.645e-08   2.546e-08   8.169e-01   1.096e-03   1.545e-02  1.0000         856  [    1     38         60         14 ]
           2       88613     425.295   9.645e-08   2.546e-08   8.279e-01   1.096e-03   1.545e-02  1.0000         835  [    0    298         30         12 ]
           2       88789     426.603   9.645e-08   2.546e-08   7.298e-01   1.096e-03   1.545e-02  1.0000         839  [    0    299         30         11 ]
           2       88968     427.420   9.645e-08   2.546e-08   8.341e-01   1.096e-03   1.545e-02  1.0000         849  [    0    300         30         11 ]
           2       89136     428.452   9.645e-08   2.546e-08   7.168e-01   1.096e-03   1.545e-02  1.0000         863  [    0    301         30         12 ]
           2       89312     429.453   9.645e-08   2.546e-08   8.050e-01   1.096e-03   1.545e-02  1.0000         865  [    0    302         30         14 ]
           2       89497     430.624   9.645e-08   2.546e-08   8.077e-01   1.096e-03   1.545e-02  1.0000         867  [    0    303         30         14 ]
           2       89665     431.846   9.645e-08   2.546e-08   8.241e-01   1.096e-03   1.545e-02  1.0000         872  [    0    304         30         15 ]
           2       89855     432.849   9.645e-08   2.546e-08   8.243e-01   1.095e-03   1.541e-02  1.0000         875  [    0    305         30         16 ]
           2       90124     433.923   9.645e-08   2.546e-08   8.205e-01   1.093e-03   1.542e-02  1.0000         899  [    1     39         60         17 ]
           2       90327     435.195   9.645e-08   2.546e-08   8.213e-01   1.092e-03   1.540e-02  1.0000         899  [    0    306         30         15 ]
           2       90515     436.232   9.645e-08   2.546e-08   8.220e-01   1.090e-03   1.540e-02  1.0000         898  [    0    307         30         15 ]
           2       90711     437.352   9.645e-08   2.546e-08   7.124e-01   1.089e-03   1.538e-02  1.0000         906  [    0    308         30         14 ]
           2       90892     438.734   9.645e-08   2.546e-08   8.225e-01   1.087e-03   1.538e-02  1.0000         909  [    0    309         30         14 ]
           2       91071     439.886   9.645e-08   2.546e-08   8.225e-01   1.085e-03   1.537e-02  1.0000         920  [    0    310         30         14 ]
           2       91238     441.375   9.645e-08   2.546e-08   8.234e-01   1.084e-03   1.537e-02  1.0000         926  [    0    311         30         15 ]
           2       91428     442.722   9.645e-08   2.546e-08   8.033e-01   1.077e-03   1.534e-02  1.0000         935  [    0    312         30         15 ]
           2       91629     444.650   9.645e-08   2.546e-08   8.309e-01   1.076e-03   1.534e-02  1.0000         913  [    0    313         30         13 ]
           2       91874     446.489   9.645e-08   2.546e-08   8.321e-01   1.076e-03   1.533e-02  1.0000         908  [    1     40         60         12 ]
           2       92050     447.940   9.645e-08   2.546e-08   7.614e-01   1.076e-03   1.533e-02  1.0000         911  [    0    314         30         12 ]
           2       92219     449.044   9.645e-08   2.546e-08   7.607e-01   1.075e-03   1.533e-02  1.0000         918  [    0    315         30         15 ]
           2       92401     450.502   9.645e-08   2.546e-08   8.298e-01   1.072e-03   1.532e-02  1.0000         926  [    0    316         30         15 ]
           2       92579     451.886   9.645e-08   2.546e-08   8.330e-01   1.073e-03   1.532e-02  1.0000         908  [    0    317         30         14 ]
           2       92760     453.254   9.645e-08   2.546e-08   8.336e-01   1.073e-03   1.532e-02  1.0000         904  [    0    318         30         12 ]
           2       92939     454.476   9.645e-08   2.546e-08   8.398e-01   1.073e-03   1.532e-02  1.0000         900  [    0    319         30         12 ]
           2       93108     455.452   9.645e-08   2.546e-08   8.365e-01   1.073e-03   1.532e-02  1.0000         909  [    0    320         30         12 ]
           2       93280     456.842   9.645e-08   2.546e-08   8.383e-01   1.068e-03   1.524e-02  1.0000         921  [    0    321         30         12 ]
           2       93539     458.220   9.645e-08   2.546e-08   7.732e-01   1.056e-03   1.514e-02  1.0000         927  [    1     41         60         13 ]
           2       93924     459.311   9.645e-08   2.546e-08   8.322e-01   1.046e-03   1.489e-02  1.0000         943  [    2      6        120         11 ]
           2       94106     460.493   9.645e-08   2.546e-08   7.220e-01   1.046e-03   1.492e-02  1.0000         946  [    0    322         30         14 ]
           2       94301     461.531   9.645e-08   2.546e-08   8.306e-01   1.039e-03   1.488e-02  1.0000         962  [    0    323         30         15 ]
           2       94495     462.652   9.645e-08   2.546e-08   8.289e-01   1.035e-03   1.482e-02  1.0000         969  [    0    324         30         15 ]
           2       94694     464.005   9.645e-08   2.546e-08   7.196e-01   1.032e-03   1.486e-02  1.0000         970  [    0    325         30         14 ]
           2       94876     465.116   9.645e-08   2.546e-08   8.285e-01   1.030e-03   1.481e-02  1.0000         978  [    0    326         30         14 ]
           2       95061     466.142   9.645e-08   2.546e-08   8.270e-01   1.030e-03   1.479e-02  1.0000         982  [    0    327         30         16 ]
           2       95257     467.519   9.645e-08   2.546e-08   7.782e-01   1.030e-03   1.479e-02  1.0000         982  [    0    328         30         14 ]
           2       95449     468.964   9.645e-08   2.546e-08   7.168e-01   1.028e-03   1.477e-02  1.0000         987  [    0    329         30         14 ]
           2       95706     470.166   9.645e-08   2.546e-08   8.214e-01   1.028e-03   1.477e-02  1.0000         996  [    1     42         60         14 ]
           2       95888     471.242   9.645e-08   2.546e-08   7.898e-01   1.028e-03   1.477e-02  1.0000        1002  [    0    330         30         14 ]
           2       96078     472.575   9.645e-08   2.546e-08   7.782e-01   1.028e-03   1.477e-02  1.0000        1009  [    0    331         30         14 ]
           2       96266     473.912   9.645e-08   2.546e-08   7.041e-01   1.027e-03   1.474e-02  1.0000        1018  [    0    332         30         15 ]
           2       96474     475.222   9.645e-08   2.546e-08   7.723e-01   1.027e-03   1.474e-02  1.0000        1019  [    0    333         30         15 ]
           2       96663     476.353   9.645e-08   2.546e-08   7.696e-01   1.027e-03   1.469e-02  1.0000        1025  [    0    334         30         16 ]
           2       96864     477.638   4.157e-09   2.546e-08   7.924e-01   1.022e-03   1.465e-02  1.0000        1031  [    0    335         30         16 ]
           2       97067     478.920   4.157e-09   2.546e-08   8.096e-01   1.022e-03   1.465e-02  1.0000        1034  [    0    336         30         17 ]
           2       97281     480.058   4.157e-09   2.546e-08   6.989e-01   1.022e-03   1.465e-02  1.0000        1041  [    0    337         30         17 ]
           2       97553     481.483   4.157e-09   2.546e-08   7.786e-01   1.018e-03   1.452e-02  1.0000        1020  [    1     43         60         15 ]
           2       97745     482.788   4.157e-09   2.546e-08   7.786e-01   1.018e-03   1.452e-02  1.0000        1021  [    0    338         30         16 ]
           2       97965     484.267   4.157e-09   2.546e-08   7.990e-01   1.016e-03   1.443e-02  1.0000        1025  [    0    339         30         17 ]
           2       98164     485.709   4.157e-09   2.546e-08   6.983e-01   1.015e-03   1.442e-02  1.0000        1030  [    0    340         30         17 ]
           2       98365     487.003   4.157e-09   2.546e-08   8.085e-01   1.015e-03   1.442e-02  1.0000        1030  [    0    341         30         16 ]
           2       98561     488.243   4.157e-09   2.546e-08   7.986e-01   1.015e-03   1.442e-02  1.0000        1031  [    0    342         30         17 ]
           2       98760     489.533   4.157e-09   2.546e-08   6.985e-01   1.015e-03   1.441e-02  1.0000        1034  [    0    343         30         18 ]
           2       98972     490.945   4.157e-09   2.546e-08   6.985e-01   1.011e-03   1.441e-02  1.0000        1037  [    0    344         30         18 ]
           2       99168     492.155   4.157e-09   2.546e-08   8.085e-01   1.011e-03   1.442e-02  1.0000        1040  [    0    345         30         19 ]
           2       99449     493.450   4.157e-09   2.546e-08   8.075e-01   9.954e-04   1.427e-02  1.0000        1046  [    1     44         60         17 ]
           2       99652     494.873   4.157e-09   2.546e-08   7.579e-01   9.949e-04   1.427e-02  1.0000        1055  [    0    346         30         18 ]
           2       99860     496.090   4.157e-09   2.546e-08   7.228e-01   9.938e-04   1.428e-02  1.0000        1025  [    0    347         30         17 ]
           3      100061     497.212   4.157e-09   2.546e-08   8.409e-01   9.934e-04   1.427e-02  1.0000        1021  [    2      6        120         11 ]
