# Generation  Evaluations  Time (s)  Best_obj[0]  Best_obj[1]  Hypervol.   IGD         IGDX        SR    Appr.set  [ Pop.index  Subgen.  Pop.size  Subpops ]
           0         113       3.440   3.806e-02   7.760e-02   5.971e-01   6.235e-02   2.201e-01  0.0000          32  [    0      1         30         13 ]
           0         236       3.528   3.806e-02   8.794e-03   6.338e-01   4.195e-02   1.808e-01  0.0000          59  [    0      2         30         15 ]
           0         354       3.623   4.102e-03   7.855e-04   5.716e-01   3.381e-02   1.825e-01  0.0000          70  [    0      3         30         15 ]
           0         492       3.735   4.102e-03   7.855e-04   5.283e-01   3.119e-02   1.630e-01  0.0000          97  [    0      4         30         16 ]
           0         649       3.889   4.102e-03   7.855e-04   6.733e-01   2.228e-02   1.401e-01  0.0000         114  [    0      5         30         15 ]
           0         809       4.061   4.102e-03   7.855e-04   5.873e-01   2.170e-02   1.329e-01  0.0000         126  [    0      6         30         18 ]
           0         972       4.252   4.102e-03   7.855e-04   6.166e-01   2.070e-02   1.240e-01  0.0000         123  [    0      7         30         18 ]
           0        1134       4.448   4.102e-03   7.855e-04   5.457e-01   1.754e-02   1.174e-01  0.0000         136  [    0      8         30         19 ]
           1        1621       4.660   2.281e-04   7.855e-04   4.807e-01   1.287e-02   9.168e-02  0.0000         284  [    1      1         60         34 ]
           1        1899       5.099   2.281e-04   7.855e-04   4.785e-01   1.175e-02   8.585e-02  0.0000         303  [    0      9         30         32 ]
           1        2231       5.572   2.281e-04   7.855e-04   6.117e-01   1.075e-02   8.424e-02  0.0000         317  [    1      2         60         31 ]
           1        2476       6.015   2.281e-04   7.855e-04   6.553e-01   9.990e-03   8.229e-02  0.0000         303  [    0     10         30         28 ]
           1        2715       6.414   2.281e-04   7.855e-04   6.478e-01   9.211e-03   7.551e-02  0.0000         332  [    0     11         30         27 ]
           1        2956       6.903   2.281e-04   7.855e-04   6.614e-01   8.587e-03   7.138e-02  0.0000         345  [    0     12         30         28 ]
           1        3206       7.438   2.281e-04   7.855e-04   6.519e-01   8.537e-03   6.313e-02  0.0000         356  [    0     13         30         32 ]
           1        3473       7.965   2.281e-04   7.855e-04   6.120e-01   8.432e-03   5.742e-02  0.0000         364  [    0     14         30         32 ]
           1        3725       8.481   2.281e-04   7.855e-04   6.262e-01   7.988e-03   5.590e-02  0.0000         366  [    0     15         30         31 ]
           1        3985       9.063   2.281e-04   7.855e-04   5.771e-01   7.948e-03   5.428e-02  0.0000         375  [    0     16         30         33 ]
           1        4256       9.666   2.281e-04   7.855e-04   6.337e-01   7.669e-03   5.158e-02  0.0000         380  [    0     17         30         33 ]
           1        4598      10.275   2.281e-04   7.855e-04   6.547e-01   7.268e-03   4.954e-02  1.0000         392  [    1      3         60         36 ]
           1        4886      10.907   2.281e-04   7.855e-04   5.956e-01   7.004e-03   4.630e-02  1.0000         393  [    0     18         30         33 ]
           1        5163      11.562   2.281e-04   7.855e-04   6.804e-01   5.975e-03   4.547e-02  1.0000         404  [    0     19         30         32 ]
           1        5429      12.255   2.281e-04   7.855e-04   6.392e-01   5.852e-03   4.414e-02  1.0000         423  [    0     20         30         32 ]
           1        5703      12.907   2.281e-04   7.855e-04   6.639e-01   5.305e-03   4.305e-02  1.0000         425  [    0     21         30         30 ]
           1        5960      13.601   7.281e-05   7.855e-04   6.140e-01   4.860e-03   4.256e-02  1.0000         437  [    0     22         30         31 ]
           1        6228      14.287   7.281e-05   7.855e-04   6.936e-01   4.857e-03   4.205e-02  1.0000         441  [    0     23         30         34 ]
           1        6490      14.979   7.281e-05   7.855e-04   6.078e-01   4.844e-03   4.164e-02  1.0000         451  [    0     24         30         33 ]
           1        6772      15.726   7.281e-05   7.855e-04   6.040e-01   4.541e-03   4.006e-02  1.0000         474  [    0     25         30         34 ]
           1        7119      16.306   7.281e-05   7.855e-04   5.635e-01   4.406e-03   3.828e-02  1.0000         485  [    1      4         60         36 ]
           1        7412      17.099   7.281e-05   7.855e-04   6.252e-01   4.230e-03   3.774e-02  1.0000         499  [    0     26         30         33 ]
           1        7697      17.965   7.281e-05   7.855e-04   6.790e-01   4.230e-03   3.706e-02  1.0000         524  [    0     27         30         34 ]
           1        7984      18.795   7.281e-05   7.855e-04   5.711e-01   4.208e-03   3.654e-02  1.0000         534  [    0     28         30         35 ]
           1        8276      19.673   7.281e-05   7.855e-04   6.692e-01   4.110e-03   3.627e-02  1.0000         539  [    0     29         30         36 ]
           1        8571      20.626   7.281e-05   7.855e-04   5.625e-01   4.073e-03   3.532e-02  1.0000         552  [    0     30         30         34 ]
           1        8867      21.615   7.281e-05   7.855e-04   5.937e-01   4.054e-03   3.484e-02  1.0000         562  [    0     31         30         34 ]
           1        9160      22.400   7.281e-05   7.855e-04   6.703e-01   3.999e-03   3.436e-02  1.0000         582  [    0     32         30         35 ]
           1        9454      23.221   7.281e-05   7.855e-04   6.687e-01   3.971e-03   3.434e-02  1.0000         590  [    0     33         30         34 ]
           1        9819      24.216   7.281e-05   3.263e-06   6.548e-01   3.930e-03   3.326e-02  1.0000         612  [    1      5         60         35 ]
           1       10124      25.338   7.281e-05   3.263e-06   5.547e-01   3.842e-03   3.287e-02  1.0000         621  [    0     34         30         35 ]
           1       10421      26.453   7.281e-05   3.263e-06   6.528e-01   3.820e-03   3.259e-02  1.0000         622  [    0     35         30         36 ]
           1       10740      27.532   7.281e-05   3.263e-06   6.532e-01   3.732e-03   3.216e-02  1.0000         629  [    0     36         30         36 ]
           1       11057      28.597   7.281e-05   3.263e-06   6.555e-01   3.722e-03   3.159e-02  1.0000         648  [    0     37         30         38 ]
           1       11381      29.485   7.281e-05   3.263e-06   6.666e-01   3.682e-03   3.146e-02  1.0000         660  [    0     38         30         39 ]
           1       11707      30.721   7.281e-05   3.263e-06   5.433e-01   3.601e-03   3.130e-02  1.0000         662  [    0     39         30         40 ]
           1       12032      31.881   7.281e-05   3.263e-06   5.679e-01   3.574e-03   3.092e-02  1.0000         673  [    0     40         30         40 ]
           1       12354      33.006   7.281e-05   3.263e-06   6.130e-01   3.546e-03   3.076e-02  1.0000         675  [    0     41         30         38 ]
           1       12756      33.980   7.281e-05   3.263e-06   6.182e-01   3.407e-03   2.951e-02  1.0000         676  [    1      6         60         35 ]
           1       13057      35.030   7.281e-05   3.263e-06   5.050e-01   3.407e-03   2.938e-02  1.0000         688  [    0     42         30         36 ]
           1       13364      35.857   7.281e-05   3.263e-06   4.935e-01   3.388e-03   2.905e-02  1.0000         699  [    0     43         30         37 ]
           1       13679      37.040   7.281e-05   3.263e-06   5.891e-01   3.365e-03   2.915e-02  1.0000         703  [    0     44         30         38 ]
           1       13989      37.861   7.281e-05   3.263e-06   5.932e-01   3.351e-03   2.907e-02  1.0000         710  [    0     45         30         38 ]
           1       14301      38.799   7.281e-05   3.263e-06   5.019e-01   3.334e-03   2.889e-02  1.0000         713  [    0     46         30         38 ]
           1       14615      39.645   7.281e-05   3.263e-06   6.058e-01   3.334e-03   2.876e-02  1.0000         719  [    0     47         30         38 ]
           1       14917      40.888   7.281e-05   3.263e-06   6.092e-01   3.257e-03   2.863e-02  1.0000         722  [    0     48         30         37 ]
           1       15220      42.097   7.281e-05   3.263e-06   6.149e-01   3.254e-03   2.825e-02  1.0000         735  [    0     49         30         38 ]
           1       15610      43.375   7.281e-05   3.263e-06   6.067e-01   3.132e-03   2.796e-02  1.0000         759  [    1      7         60         39 ]
           1       15939      44.402   7.281e-05   3.263e-06   5.671e-01   3.099e-03   2.773e-02  1.0000         766  [    0     50         30         41 ]
           1       16261      45.715   7.281e-05   3.263e-06   5.253e-01   3.038e-03   2.673e-02  1.0000         751  [    0     51         30         38 ]
           1       16567      47.010   7.281e-05   3.263e-06   6.382e-01   3.037e-03   2.661e-02  1.0000         740  [    0     52         30         36 ]
           1       16879      48.323   7.281e-05   3.263e-06   5.887e-01   2.952e-03   2.638e-02  1.0000         755  [    0     53         30         37 ]
           1       17183      49.420   7.281e-05   3.263e-06   6.276e-01   2.949e-03   2.636e-02  1.0000         765  [    0     54         30         37 ]
           1       17485      50.650   7.281e-05   3.263e-06   6.367e-01   2.928e-03   2.631e-02  1.0000         775  [    0     55         30         37 ]
           1       17801      52.014   7.281e-05   3.263e-06   6.368e-01   2.923e-03   2.613e-02  1.0000         780  [    0     56         30         37 ]
           1       18118      53.382   7.281e-05   3.263e-06   6.489e-01   2.858e-03   2.554e-02  1.0000         781  [    0     57         30         37 ]
           1       18499      54.439   7.281e-05   3.263e-06   6.615e-01   2.698e-03   2.536e-02  1.0000         786  [    1      8         60         37 ]
           1       18809      55.876   7.281e-05   3.263e-06   5.596e-01   2.539e-03   2.479e-02  1.0000         785  [    0     58         30         37 ]
           1       19122      57.313   7.281e-05   3.263e-06   5.454e-01   2.522e-03   2.422e-02  1.0000         801  [    0     59         30         37 ]
           1       19453      58.692   7.281e-05   3.263e-06   5.454e-01   2.500e-03   2.413e-02  1.0000         802  [    0     60         30         37 ]
           1       19774      60.225   7.281e-05   3.263e-06   6.184e-01   2.495e-03   2.412e-02  1.0000         809  [    0     61         30         36 ]
           1       20089      61.614   7.281e-05   3.263e-06   5.478e-01   2.376e-03   2.392e-02  1.0000         823  [    0     62         30         36 ]
           1       20399      62.827   7.281e-05   3.263e-06   5.443e-01   2.364e-03   2.393e-02  1.0000         833  [    0     63         30         36 ]
           1       20706      64.224   1.829e-05   3.263e-06   6.128e-01   2.356e-03   2.382e-02  1.0000         837  [    0     64         30         36 ]
           2       22476      65.611   2.597e-07   3.263e-06   4.594e-01   2.763e-03   3.070e-02  1.0000         736  [    2      1        120         49 ]
           2       22880      66.894   2.597e-07   3.263e-06   5.425e-01   2.700e-03   3.048e-02  1.0000         698  [    0     65         30         44 ]
           2       23307      67.963   2.597e-07   3.263e-06   4.828e-01   2.615e-03   2.992e-02  1.0000         692  [    1      9         60         43 ]
           2       23888      69.307   2.597e-07   3.263e-06   5.873e-01   2.344e-03   2.851e-02  1.0000         763  [    2      2        120         42 ]
           2       24257      70.299   2.597e-07   3.263e-06   5.937e-01   2.324e-03   2.798e-02  1.0000         774  [    0     66         30         41 ]
           2       24621      71.301   2.597e-07   3.263e-06   6.080e-01   2.308e-03   2.800e-02  1.0000         766  [    0     67         30         41 ]
           2       24973      72.531   2.597e-07   3.263e-06   6.081e-01   2.269e-03   2.768e-02  1.0000         789  [    0     68         30         41 ]
           2       25341      73.822   2.597e-07   3.263e-06   4.960e-01   2.259e-03   2.741e-02  1.0000         808  [    0     69         30         43 ]
           2       25723      75.171   2.597e-07   3.263e-06   4.960e-01   2.234e-03   2.723e-02  1.0000         822  [    0     70         30         41 ]
           2       26084      76.402   2.597e-07   3.263e-06   5.989e-01   2.220e-03   2.717e-02  1.0000         839  [    0     71         30         42 ]
           2       26454      77.985   2.597e-07   3.263e-06   6.014e-01   2.197e-03   2.709e-02  1.0000         827  [    0     72         30         41 ]
           2       26820      79.472   2.597e-07   3.263e-06   6.044e-01   2.175e-03   2.687e-02  1.0000         837  [    0     73         30         41 ]
           2       27243      80.943   2.597e-07   3.263e-06   6.134e-01   2.078e-03   2.644e-02  1.0000         837  [    1     10         60         40 ]
           2       27601      82.445   2.597e-07   3.263e-06   5.027e-01   2.063e-03   2.603e-02  1.0000         853  [    0     74         30         42 ]
           2       27961      84.076   2.597e-07   3.263e-06   5.143e-01   2.061e-03   2.601e-02  1.0000         865  [    0     75         30         44 ]
           2       28339      85.708   2.597e-07   3.263e-06   5.160e-01   2.056e-03   2.570e-02  1.0000         883  [    0     76         30         45 ]
           2       28709      87.261   2.597e-07   3.263e-06   4.996e-01   2.050e-03   2.559e-02  1.0000         893  [    0     77         30         44 ]
           2       29097      88.830   2.597e-07   3.263e-06   4.985e-01   2.027e-03   2.533e-02  1.0000         911  [    0     78         30         44 ]
           2       29490      90.569   2.597e-07   3.263e-06   5.791e-01   2.014e-03   2.505e-02  1.0000         893  [    0     79         30         43 ]
           2       29859      92.245   2.597e-07   3.263e-06   6.228e-01   1.998e-03   2.484e-02  1.0000         905  [    0     80         30         42 ]
           2       30238      93.927   2.597e-07   3.263e-06   6.181e-01   1.988e-03   2.474e-02  1.0000         919  [    0     81         30         41 ]
           2       30688      94.880   2.597e-07   3.263e-06   5.867e-01   1.979e-03   2.463e-02  1.0000         898  [    1     11         60         40 ]
           2       31042      96.128   2.597e-07   3.263e-06   6.257e-01   1.979e-03   2.463e-02  1.0000         908  [    0     82         30         41 ]
           2       31394      97.786   2.597e-07   3.263e-06   5.768e-01   1.979e-03   2.464e-02  1.0000         916  [    0     83         30         42 ]
           2       31757      98.940   2.597e-07   3.263e-06   6.198e-01   1.972e-03   2.442e-02  1.0000         930  [    0     84         30         41 ]
           2       32129     100.491   2.597e-07   3.263e-06   6.115e-01   1.946e-03   2.416e-02  1.0000         888  [    0     85         30         40 ]
           2       32468     102.214   2.597e-07   3.263e-06   5.164e-01   1.941e-03   2.416e-02  1.0000         906  [    0     86         30         41 ]
           2       32821     103.938   2.597e-07   3.263e-06   5.082e-01   1.930e-03   2.414e-02  1.0000         928  [    0     87         30         42 ]
           2       33184     105.635   2.597e-07   3.263e-06   5.101e-01   1.903e-03   2.351e-02  1.0000         948  [    0     88         30         42 ]
           2       33536     107.256   2.597e-07   3.263e-06   5.063e-01   1.903e-03   2.352e-02  1.0000         957  [    0     89         30         42 ]
           2       33969     108.987   2.597e-07   3.263e-06   5.104e-01   1.855e-03   2.354e-02  1.0000         962  [    1     12         60         40 ]
           2       34323     110.613   2.597e-07   3.263e-06   5.017e-01   1.839e-03   2.337e-02  1.0000         976  [    0     90         30         40 ]
           2       34665     112.489   2.597e-07   3.263e-06   5.040e-01   1.838e-03   2.327e-02  1.0000         982  [    0     91         30         39 ]
           2       35008     114.318   2.597e-07   3.263e-06   5.715e-01   1.838e-03   2.321e-02  1.0000         985  [    0     92         30         40 ]
           2       35369     116.167   2.597e-07   3.263e-06   6.187e-01   1.838e-03   2.320e-02  1.0000         992  [    0     93         30         40 ]
           2       35725     117.950   2.597e-07   3.263e-06   6.221e-01   1.827e-03   2.314e-02  1.0000         974  [    0     94         30         39 ]
           2       36079     119.540   2.597e-07   3.263e-06   5.269e-01   1.823e-03   2.309e-02  1.0000         990  [    0     95         30         40 ]
           2       36432     121.330   2.597e-07   3.263e-06   5.774e-01   1.818e-03   2.295e-02  1.0000         975  [    0     96         30         39 ]
           2       36780     123.082   2.597e-07   3.263e-06   5.293e-01   1.813e-03   2.291e-02  1.0000         972  [    0     97         30         39 ]
           2       37208     124.892   2.597e-07   3.263e-06   5.336e-01   1.750e-03   2.221e-02  1.0000        1003  [    1     13         60         40 ]
           2       37564     126.799   2.597e-07   3.263e-06   6.185e-01   1.706e-03   2.141e-02  1.0000        1007  [    0     98         30         38 ]
           2       37906     128.744   2.597e-07   3.263e-06   6.408e-01   1.705e-03   2.137e-02  1.0000        1017  [    0     99         30         37 ]
           2       38235     130.683   2.597e-07   3.263e-06   6.371e-01   1.705e-03   2.127e-02  1.0000        1026  [    0    100         30         37 ]
           2       38576     132.416   2.597e-07   3.263e-06   6.066e-01   1.702e-03   2.124e-02  1.0000        1037  [    0    101         30         36 ]
           2       38904     133.736   2.597e-07   3.263e-06   6.342e-01   1.702e-03   2.111e-02  1.0000        1052  [    0    102         30         36 ]
           2       39230     135.601   2.597e-07   3.263e-06   5.653e-01   1.702e-03   2.100e-02  1.0000        1063  [    0    103         30         36 ]
           2       39550     137.470   2.597e-07   3.263e-06   5.168e-01   1.701e-03   2.095e-02  1.0000        1070  [    0    104         30         37 ]
           2       39894     139.467   2.597e-07   3.263e-06   6.281e-01   1.699e-03   2.062e-02  1.0000        1073  [    0    105         30         38 ]
           2       40302     140.783   2.597e-07   3.263e-06   5.561e-01   1.672e-03   2.041e-02  1.0000        1093  [    1     14         60         38 ]
           2       40647     142.659   2.597e-07   3.263e-06   6.025e-01   1.669e-03   2.038e-02  1.0000        1103  [    0    106         30         40 ]
           2       40981     144.804   2.597e-07   3.263e-06   5.135e-01   1.660e-03   2.026e-02  1.0000        1111  [    0    107         30         40 ]
           2       41338     146.915   2.597e-07   3.263e-06   6.412e-01   1.643e-03   2.017e-02  1.0000        1084  [    0    108         30         39 ]
           2       41670     148.935   2.597e-07   3.263e-06   6.404e-01   1.642e-03   2.015e-02  1.0000        1090  [    0    109         30         38 ]
           2       42012     150.973   2.597e-07   3.263e-06   6.394e-01   1.640e-03   2.014e-02  1.0000        1102  [    0    110         30         39 ]
           2       42363     153.116   2.597e-07   3.263e-06   5.502e-01   1.639e-03   2.029e-02  1.0000        1108  [    0    111         30         41 ]
           2       42732     155.180   2.597e-07   3.263e-06   5.494e-01   1.639e-03   2.029e-02  1.0000        1114  [    0    112         30         41 ]
           2       43092     156.879   2.597e-07   3.263e-06   6.152e-01   1.614e-03   2.025e-02  1.0000        1098  [    0    113         30         40 ]
           2       43505     158.336   2.597e-07   3.263e-06   6.512e-01   1.604e-03   1.984e-02  1.0000        1096  [    1     15         60         40 ]
           2       43860     160.374   2.597e-07   3.263e-06   5.585e-01   1.604e-03   1.984e-02  1.0000        1106  [    0    114         30         43 ]
           2       44220     162.526   2.597e-07   3.263e-06   5.552e-01   1.585e-03   1.967e-02  1.0000        1120  [    0    115         30         44 ]
           2       44581     164.740   2.597e-07   3.263e-06   6.507e-01   1.584e-03   1.965e-02  1.0000        1105  [    0    116         30         43 ]
           2       44934     166.486   2.597e-07   3.263e-06   5.731e-01   1.560e-03   1.942e-02  1.0000        1063  [    0    117         30         42 ]
           2       45278     167.919   2.597e-07   3.263e-06   5.696e-01   1.560e-03   1.942e-02  1.0000        1070  [    0    118         30         42 ]
           2       45630     170.007   2.597e-07   3.263e-06   5.684e-01   1.555e-03   1.941e-02  1.0000        1074  [    0    119         30         42 ]
           2       45986     171.804   2.597e-07   3.263e-06   6.575e-01   1.541e-03   1.940e-02  1.0000        1085  [    0    120         30         42 ]
           2       46345     173.498   2.597e-07   3.263e-06   6.561e-01   1.534e-03   1.920e-02  1.0000        1088  [    0    121         30         43 ]
           2       46776     174.779   2.597e-07   3.263e-06   6.410e-01   1.532e-03   1.920e-02  1.0000        1090  [    1     16         60         41 ]
           2       47135     176.119   2.597e-07   3.263e-06   5.425e-01   1.495e-03   1.923e-02  1.0000        1099  [    0    122         30         42 ]
           2       47495     178.032   2.597e-07   3.263e-06   6.433e-01   1.489e-03   1.915e-02  1.0000        1091  [    0    123         30         41 ]
           2       47862     180.157   2.597e-07   3.263e-06   6.522e-01   1.477e-03   1.897e-02  1.0000        1108  [    0    124         30         39 ]
           2       48195     182.276   2.597e-07   3.263e-06   6.474e-01   1.470e-03   1.896e-02  1.0000        1112  [    0    125         30         40 ]
           2       48548     184.217   2.597e-07   3.263e-06   6.278e-01   1.458e-03   1.881e-02  1.0000        1118  [    0    126         30         41 ]
           2       48888     186.264   2.597e-07   3.263e-06   6.569e-01   1.458e-03   1.881e-02  1.0000        1125  [    0    127         30         41 ]
           2       49246     188.322   2.597e-07   3.263e-06   5.675e-01   1.458e-03   1.874e-02  1.0000        1128  [    0    128         30         40 ]
           2       49605     190.392   2.597e-07   3.263e-06   6.465e-01   1.458e-03   1.874e-02  1.0000        1128  [    0    129         30         39 ]
           2       50029     192.459   2.597e-07   3.263e-06   6.514e-01   1.432e-03   1.853e-02  1.0000        1145  [    1     17         60         39 ]
           2       50583     194.618   2.597e-07   3.263e-06   5.434e-01   1.412e-03   1.849e-02  1.0000        1164  [    2      3        120         38 ]
           2       50918     196.734   2.597e-07   3.263e-06   6.307e-01   1.405e-03   1.847e-02  1.0000        1180  [    0    130         30         37 ]
           2       51244     198.602   2.597e-07   3.263e-06   5.389e-01   1.399e-03   1.841e-02  1.0000        1179  [    0    131         30         37 ]
           2       51559     200.658   2.597e-07   3.263e-06   6.469e-01   1.399e-03   1.841e-02  1.0000        1189  [    0    132         30         37 ]
           2       51880     202.976   2.597e-07   3.263e-06   5.388e-01   1.394e-03   1.839e-02  1.0000        1187  [    0    133         30         36 ]
           2       52199     205.154   2.597e-07   3.263e-06   5.344e-01   1.393e-03   1.840e-02  1.0000        1199  [    0    134         30         36 ]
           2       52522     207.255   2.597e-07   3.263e-06   5.318e-01   1.378e-03   1.846e-02  1.0000        1206  [    0    135         30         38 ]
           2       52846     209.500   2.597e-07   3.263e-06   5.404e-01   1.375e-03   1.849e-02  1.0000        1192  [    0    136         30         36 ]
           2       53175     211.787   2.597e-07   3.263e-06   6.339e-01   1.365e-03   1.817e-02  1.0000        1203  [    0    137         30         37 ]
           2       53583     213.974   2.597e-07   3.263e-06   5.384e-01   1.354e-03   1.805e-02  1.0000        1227  [    1     18         60         37 ]
           2       53903     216.274   2.597e-07   3.263e-06   6.209e-01   1.307e-03   1.787e-02  1.0000        1227  [    0    138         30         34 ]
           2       54225     218.580   2.597e-07   3.263e-06   6.528e-01   1.307e-03   1.786e-02  1.0000        1231  [    0    139         30         34 ]
           2       54540     220.773   2.597e-07   3.263e-06   5.487e-01   1.305e-03   1.777e-02  1.0000        1224  [    0    140         30         34 ]
           2       54848     222.754   2.597e-07   3.263e-06   6.575e-01   1.298e-03   1.773e-02  1.0000        1231  [    0    141         30         34 ]
           2       55158     225.081   2.597e-07   3.263e-06   5.478e-01   1.287e-03   1.771e-02  1.0000        1237  [    0    142         30         34 ]
           2       55481     227.271   2.597e-07   3.263e-06   6.595e-01   1.287e-03   1.770e-02  1.0000        1242  [    0    143         30         35 ]
           2       55803     229.580   2.597e-07   3.263e-06   5.726e-01   2.040e-03   2.550e-02  1.0000         762  [    0    144         30         35 ]
           2       56154     230.909   2.597e-07   3.263e-06   5.913e-01   2.046e-03   2.611e-02  1.0000         676  [    0    145         30         27 ]
           2       56517     232.048   2.597e-07   3.263e-06   6.139e-01   2.022e-03   2.605e-02  1.0000         675  [    1     19         60         28 ]
           2       56821     233.320   2.597e-07   3.263e-06   5.057e-01   2.002e-03   2.600e-02  1.0000         680  [    0    146         30         30 ]
           2       57124     234.610   2.597e-07   3.263e-06   5.967e-01   1.988e-03   2.573e-02  1.0000         693  [    0    147         30         31 ]
           2       57422     235.857   2.597e-07   3.263e-06   5.004e-01   1.988e-03   2.562e-02  1.0000         703  [    0    148         30         32 ]
           2       57740     237.036   2.597e-07   3.263e-06   5.058e-01   1.976e-03   2.527e-02  1.0000         718  [    0    149         30         32 ]
           2       58055     238.274   2.597e-07   3.263e-06   6.173e-01   1.952e-03   2.508e-02  1.0000         736  [    0    150         30         33 ]
           2       58376     239.423   2.597e-07   3.263e-06   5.330e-01   1.933e-03   2.473e-02  1.0000         750  [    0    151         30         34 ]
           2       58690     240.562   2.597e-07   3.263e-06   5.312e-01   1.925e-03   2.470e-02  1.0000         732  [    0    152         30         32 ]
           2       58981     241.926   2.597e-07   3.263e-06   6.193e-01   1.921e-03   2.470e-02  1.0000         732  [    0    153         30         31 ]
           2       59363     243.266   2.597e-07   3.263e-06   6.141e-01   1.891e-03   2.441e-02  1.0000         746  [    1     20         60         32 ]
           2       59670     244.491   2.597e-07   3.263e-06   6.121e-01   1.879e-03   2.424e-02  1.0000         749  [    0    154         30         32 ]
           2       59978     245.812   2.597e-07   3.263e-06   6.153e-01   1.847e-03   2.404e-02  1.0000         747  [    0    155         30         31 ]
           2       60287     247.027   2.597e-07   3.263e-06   5.062e-01   1.841e-03   2.387e-02  1.0000         751  [    0    156         30         31 ]
           2       60580     248.108   2.597e-07   3.263e-06   5.394e-01   1.824e-03   2.353e-02  1.0000         744  [    0    157         30         29 ]
           2       60863     249.443   2.597e-07   3.263e-06   6.108e-01   1.824e-03   2.340e-02  1.0000         732  [    0    158         30         28 ]
           2       61133     250.804   2.597e-07   3.263e-06   6.187e-01   1.804e-03   2.316e-02  1.0000         736  [    0    159         30         27 ]
           2       61410     252.243   2.597e-07   3.263e-06   5.618e-01   1.803e-03   2.315e-02  1.0000         744  [    0    160         30         26 ]
           2       61688     253.482   2.597e-07   3.263e-06   6.325e-01   1.794e-03   2.315e-02  1.0000         751  [    0    161         30         26 ]
           2       62026     254.772   2.597e-07   3.263e-06   5.161e-01   1.792e-03   2.298e-02  1.0000         756  [    1     21         60         28 ]
           2       62297     256.178   2.597e-07   3.263e-06   5.147e-01   1.773e-03   2.292e-02  1.0000         770  [    0    162         30         28 ]
           2       62565     257.671   2.597e-07   3.263e-06   6.613e-01   1.759e-03   2.285e-02  1.0000         739  [    0    163         30         27 ]
           2       62827     258.986   2.597e-07   3.263e-06   6.608e-01   1.730e-03   2.254e-02  1.0000         746  [    0    164         30         27 ]
           2       63085     260.359   2.597e-07   3.263e-06   6.598e-01   1.707e-03   2.238e-02  1.0000         761  [    0    165         30         27 ]
           2       63368     261.527   2.597e-07   3.263e-06   5.490e-01   1.701e-03   2.232e-02  1.0000         771  [    0    166         30         28 ]
           2       63648     262.896   2.597e-07   3.263e-06   5.851e-01   1.701e-03   2.232e-02  1.0000         774  [    0    167         30         28 ]
           2       63935     264.397   2.597e-07   3.263e-06   6.603e-01   1.700e-03   2.229e-02  1.0000         776  [    0    168         30         27 ]
           2       64195     265.648   2.597e-07   3.263e-06   6.604e-01   1.700e-03   2.229e-02  1.0000         775  [    0    169         30         28 ]
           2       64544     266.931   2.597e-07   3.263e-06   5.475e-01   1.679e-03   2.218e-02  1.0000         804  [    1     22         60         28 ]
           2       64828     268.080   2.597e-07   3.263e-06   6.507e-01   1.679e-03   2.218e-02  1.0000         808  [    0    170         30         28 ]
           2       65113     269.567   2.597e-07   3.263e-06   6.486e-01   1.679e-03   2.218e-02  1.0000         814  [    0    171         30         28 ]
           2       65384     271.021   2.597e-07   3.263e-06   6.505e-01   1.677e-03   2.218e-02  1.0000         813  [    0    172         30         27 ]
           2       65668     272.554   2.597e-07   3.263e-06   6.497e-01   1.677e-03   2.205e-02  1.0000         819  [    0    173         30         28 ]
           2       65957     274.008   2.597e-07   3.263e-06   5.390e-01   1.665e-03   2.171e-02  1.0000         825  [    0    174         30         28 ]
           2       66231     275.588   2.597e-07   3.263e-06   5.742e-01   1.655e-03   2.158e-02  1.0000         848  [    0    175         30         30 ]
           2       66527     277.124   2.597e-07   3.263e-06   6.287e-01   1.648e-03   2.122e-02  1.0000         873  [    0    176         30         31 ]
           2       66811     278.614   2.597e-07   3.263e-06   5.415e-01   1.638e-03   2.121e-02  1.0000         877  [    0    177         30         31 ]
           2       67155     279.953   2.597e-07   3.263e-06   6.658e-01   1.616e-03   2.119e-02  1.0000         849  [    1     23         60         29 ]
           2       67454     281.517   2.597e-07   3.263e-06   5.644e-01   1.614e-03   2.116e-02  1.0000         829  [    0    178         30         29 ]
           2       67719     283.044   2.597e-07   3.263e-06   5.668e-01   1.614e-03   2.116e-02  1.0000         828  [    0    179         30         27 ]
           2       67980     284.571   2.597e-07   3.263e-06   6.428e-01   1.598e-03   2.107e-02  1.0000         843  [    0    180         30         27 ]
           2       68247     286.015   2.597e-07   3.263e-06   6.808e-01   1.597e-03   2.103e-02  1.0000         846  [    0    181         30         28 ]
           2       68521     287.402   2.597e-07   3.263e-06   6.448e-01   1.593e-03   2.095e-02  1.0000         857  [    0    182         30         29 ]
           2       68796     289.018   2.597e-07   3.263e-06   6.822e-01   1.570e-03   2.069e-02  1.0000         864  [    0    183         30         29 ]
           2       69060     290.404   2.597e-07   3.263e-06   6.491e-01   1.550e-03   2.062e-02  1.0000         875  [    0    184         30         29 ]
           2       69330     292.064   2.597e-07   3.263e-06   6.832e-01   1.547e-03   2.061e-02  1.0000         881  [    0    185         30         29 ]
           2       69665     293.461   2.597e-07   3.263e-06   6.498e-01   1.532e-03   2.053e-02  1.0000         894  [    1     24         60         27 ]
           2       69936     295.034   2.597e-07   3.263e-06   5.743e-01   1.518e-03   2.034e-02  1.0000         907  [    0    186         30         27 ]
           2       70220     296.617   2.597e-07   3.263e-06   6.456e-01   1.512e-03   2.024e-02  1.0000         913  [    0    187         30         27 ]
           2       70497     298.266   2.597e-07   3.263e-06   6.686e-01   1.508e-03   2.016e-02  1.0000         885  [    0    188         30         26 ]
           2       70763     299.921   2.597e-07   3.263e-06   6.544e-01   1.508e-03   2.016e-02  1.0000         888  [    0    189         30         25 ]
           2       71015     301.478   2.597e-07   3.263e-06   6.870e-01   1.503e-03   2.011e-02  1.0000         895  [    0    190         30         26 ]
           2       71272     302.810   2.597e-07   3.263e-06   5.780e-01   1.502e-03   2.011e-02  1.0000         901  [    0    191         30         26 ]
           2       71528     304.494   2.597e-07   3.263e-06   6.860e-01   1.501e-03   2.010e-02  1.0000         905  [    0    192         30         26 ]
           2       71797     306.243   2.597e-07   3.263e-06   6.883e-01   1.474e-03   1.979e-02  1.0000         913  [    0    193         30         26 ]
           2       72124     307.956   2.597e-07   3.263e-06   6.888e-01   1.455e-03   1.971e-02  1.0000         934  [    1     25         60         26 ]
           2       72611     309.723   2.597e-07   3.263e-06   6.563e-01   1.433e-03   1.955e-02  1.0000         976  [    2      4        120         26 ]
           2       72866     311.363   2.597e-07   3.263e-06   5.950e-01   1.417e-03   1.950e-02  1.0000         926  [    0    194         30         23 ]
           2       73108     312.703   2.597e-07   3.263e-06   6.810e-01   1.417e-03   1.950e-02  1.0000         927  [    0    195         30         23 ]
           2       73359     314.341   2.597e-07   3.263e-06   6.788e-01   1.417e-03   1.949e-02  1.0000         928  [    0    196         30         22 ]
           2       73601     315.929   2.597e-07   3.263e-06   6.807e-01   1.414e-03   1.944e-02  1.0000         933  [    0    197         30         21 ]
           2       73837     317.464   2.597e-07   3.263e-06   7.081e-01   1.406e-03   1.936e-02  1.0000         932  [    0    198         30         21 ]
           2       74069     318.778   2.597e-07   3.263e-06   5.946e-01   1.399e-03   1.930e-02  1.0000         939  [    0    199         30         20 ]
           2       74298     320.411   2.597e-07   3.263e-06   5.924e-01   1.398e-03   1.928e-02  1.0000         957  [    0    200         30         21 ]
           2       74535     322.039   2.597e-07   3.263e-06   7.037e-01   1.380e-03   1.916e-02  1.0000         958  [    0    201         30         19 ]
           2       74848     323.859   2.597e-07   3.263e-06   6.607e-01   1.367e-03   1.910e-02  1.0000         928  [    1     26         60         22 ]
           2       75098     325.454   2.597e-07   3.263e-06   6.111e-01   1.361e-03   1.912e-02  1.0000         933  [    0    202         30         21 ]
           2       75358     327.118   2.597e-07   3.263e-06   7.199e-01   1.346e-03   1.905e-02  1.0000         944  [    0    203         30         22 ]
           2       75604     328.702   2.597e-07   3.263e-06   7.177e-01   1.342e-03   1.856e-02  1.0000         957  [    0    204         30         22 ]
           2       75828     330.403   2.597e-07   3.263e-06   7.120e-01   1.342e-03   1.856e-02  1.0000         966  [    0    205         30         21 ]
           2       76058     332.033   2.597e-07   3.263e-06   5.995e-01   1.338e-03   1.854e-02  1.0000         977  [    0    206         30         22 ]
           2       76309     333.736   2.597e-07   3.263e-06   6.489e-01   1.322e-03   1.855e-02  1.0000         970  [    0    207         30         21 ]
           2       76559     335.415   2.597e-07   3.263e-06   7.107e-01   1.309e-03   1.819e-02  1.0000         967  [    0    208         30         20 ]
           2       76783     337.007   2.597e-07   3.263e-06   7.193e-01   1.309e-03   1.816e-02  1.0000         952  [    0    209         30         19 ]
           2       77076     338.303   2.597e-07   3.263e-06   7.166e-01   1.301e-03   1.812e-02  1.0000         970  [    1     27         60         21 ]
           2       77292     340.032   2.597e-07   3.263e-06   7.108e-01   1.301e-03   1.810e-02  1.0000         977  [    0    210         30         23 ]
           2       77520     341.766   2.597e-07   3.263e-06   7.067e-01   1.298e-03   1.794e-02  1.0000         990  [    0    211         30         23 ]
           2       77753     343.593   2.597e-07   3.263e-06   6.993e-01   1.298e-03   1.795e-02  1.0000         980  [    0    212         30         21 ]
           2       77982     344.844   2.597e-07   3.263e-06   6.845e-01   1.291e-03   1.790e-02  1.0000         987  [    0    213         30         20 ]
           2       78186     346.724   2.597e-07   3.263e-06   6.169e-01   1.291e-03   1.790e-02  1.0000         988  [    0    214         30         19 ]
           2       78386     348.441   2.597e-07   3.263e-06   7.092e-01   1.291e-03   1.790e-02  1.0000         986  [    0    215         30         18 ]
           2       78583     350.311   2.597e-07   3.263e-06   6.157e-01   1.282e-03   1.788e-02  1.0000         986  [    0    216         30         18 ]
           2       78776     352.212   2.597e-07   3.263e-06   5.992e-01   1.281e-03   1.788e-02  1.0000         988  [    0    217         30         18 ]
           2       79051     354.103   2.597e-07   3.263e-06   7.080e-01   1.272e-03   1.762e-02  1.0000         995  [    1     28         60         17 ]
           2       79261     356.018   2.597e-07   3.263e-06   7.078e-01   1.272e-03   1.762e-02  1.0000        1002  [    0    218         30         18 ]
           2       79463     357.950   2.597e-07   3.263e-06   6.210e-01   1.260e-03   1.756e-02  1.0000         981  [    0    219         30         17 ]
           2       79655     359.519   2.597e-07   3.263e-06   7.070e-01   1.257e-03   1.755e-02  1.0000         991  [    0    220         30         16 ]
           2       79853     361.320   2.597e-07   3.263e-06   7.191e-01   1.253e-03   1.755e-02  1.0000         973  [    0    221         30         14 ]
           2       80037     363.183   2.597e-07   3.263e-06   7.185e-01   1.249e-03   1.744e-02  1.0000         968  [    0    222         30         14 ]
           2       80206     364.375   2.597e-07   3.263e-06   7.206e-01   1.247e-03   1.733e-02  1.0000         972  [    0    223         30         13 ]
           2       80375     366.023   2.597e-07   3.263e-06   6.182e-01   1.239e-03   1.727e-02  1.0000         944  [    0    224         30         12 ]
           2       80541     367.898   2.597e-07   3.263e-06   6.640e-01   1.235e-03   1.724e-02  1.0000         944  [    0    225         30         13 ]
           2       80790     369.793   2.597e-07   3.263e-06   7.441e-01   1.227e-03   1.713e-02  1.0000         913  [    1     29         60         16 ]
           2       81003     371.177   2.597e-07   3.263e-06   6.341e-01   1.227e-03   1.713e-02  1.0000         914  [    0    226         30         16 ]
           2       81175     372.535   2.597e-07   3.263e-06   7.365e-01   1.211e-03   1.706e-02  1.0000         922  [    0    227         30         16 ]
           2       81358     374.061   2.597e-07   3.263e-06   6.741e-01   1.211e-03   1.706e-02  1.0000         938  [    0    228         30         15 ]
           2       81549     375.842   2.597e-07   3.263e-06   7.518e-01   1.211e-03   1.706e-02  1.0000         917  [    0    229         30         13 ]
           2       81716     377.433   2.597e-07   3.263e-06   7.486e-01   1.199e-03   1.699e-02  1.0000         929  [    0    230         30         14 ]
           2       81895     378.862   2.597e-07   3.263e-06   7.107e-01   1.199e-03   1.699e-02  1.0000         932  [    0    231         30         13 ]
           2       82068     380.183   2.597e-07   3.263e-06   6.415e-01   1.198e-03   1.699e-02  1.0000         933  [    0    232         30         13 ]
           2       82244     381.951   2.597e-07   3.263e-06   7.212e-01   1.198e-03   1.699e-02  1.0000         929  [    0    233         30         12 ]
           2       82484     383.681   2.597e-07   3.263e-06   6.470e-01   1.194e-03   1.703e-02  1.0000         927  [    1     30         60         13 ]
           2       82664     385.291   2.597e-07   3.263e-06   7.406e-01   1.194e-03   1.701e-02  1.0000         937  [    0    234         30         15 ]
           2       82829     387.006   2.597e-07   3.263e-06   7.615e-01   1.172e-03   1.676e-02  1.0000         944  [    0    235         30         14 ]
           2       82992     388.539   2.597e-07   3.263e-06   7.611e-01   1.172e-03   1.676e-02  1.0000         947  [    0    236         30         13 ]
           2       83158     390.275   2.597e-07   3.263e-06   7.594e-01   1.166e-03   1.670e-02  1.0000         959  [    0    237         30         13 ]
           2       83322     392.027   2.597e-07   3.263e-06   7.593e-01   1.164e-03   1.671e-02  1.0000         966  [    0    238         30         14 ]
           2       83497     393.662   2.597e-07   3.263e-06   6.489e-01   1.164e-03   1.670e-02  1.0000         972  [    0    239         30         15 ]
           2       83671     395.344   2.597e-07   3.263e-06   7.087e-01   1.158e-03   1.664e-02  1.0000         984  [    0    240         30         15 ]
           2       83856     397.187   2.597e-07   3.263e-06   7.519e-01   1.158e-03   1.659e-02  1.0000         988  [    0    241         30         14 ]
           2       84109     399.027   2.597e-07   3.263e-06   6.399e-01   1.154e-03   1.657e-02  1.0000        1004  [    1     31         60         15 ]
           2       84295     400.790   2.597e-07   3.263e-06   6.418e-01   1.154e-03   1.657e-02  1.0000        1002  [    0    242         30         16 ]
           2       84474     402.351   2.597e-07   3.263e-06   6.433e-01   1.154e-03   1.657e-02  1.0000        1000  [    0    243         30         16 ]
           2       84663     404.177   2.597e-07   3.263e-06   6.339e-01   1.152e-03   1.657e-02  1.0000        1003  [    0    244         30         16 ]
           2       84856     406.016   2.597e-07   3.263e-06   7.438e-01   1.147e-03   1.655e-02  1.0000        1015  [    0    245         30         17 ]
           2       85048     407.823   2.597e-07   3.263e-06   7.458e-01   1.146e-03   1.655e-02  1.0000        1015  [    0    246         30         16 ]
           2       85239     409.753   2.597e-07   3.263e-06   7.203e-01   1.146e-03   1.655e-02  1.0000        1015  [    0    247         30         17 ]
           2       85441     411.303   2.597e-07   3.263e-06   7.206e-01   1.146e-03   1.655e-02  1.0000        1016  [    0    248         30         17 ]
           2       85631     412.729   2.597e-07   3.263e-06   7.434e-01   1.136e-03   1.647e-02  1.0000        1026  [    0    249         30         16 ]
           2       85888     414.009   2.597e-07   3.263e-06   7.414e-01   1.132e-03   1.597e-02  1.0000        1046  [    1     32         60         16 ]
           2       86066     415.969   2.597e-07   3.263e-06   6.314e-01   1.131e-03   1.596e-02  1.0000        1049  [    0    250         30         16 ]
           2       86263     417.748   2.597e-07   3.263e-06   6.686e-01   1.128e-03   1.595e-02  1.0000        1056  [    0    251         30         17 ]
           2       86465     419.704   2.597e-07   3.263e-06   7.496e-01   1.124e-03   1.597e-02  1.0000        1028  [    0    252         30         17 ]
           2       86672     421.426   2.597e-07   3.263e-06   7.480e-01   1.124e-03   1.597e-02  1.0000        1031  [    0    253         30         19 ]
           2       86873     423.239   2.597e-07   3.263e-06   6.697e-01   1.124e-03   1.597e-02  1.0000        1036  [    0    254         30         19 ]
           2       87090     425.058   2.597e-07   3.263e-06   7.029e-01   1.124e-03   1.597e-02  1.0000        1027  [    0    255         30         17 ]
           2       87291     426.671   2.597e-07   3.263e-06   7.481e-01   1.111e-03   1.591e-02  1.0000        1040  [    0    256         30         17 ]
           2       87487     428.201   2.597e-07   3.263e-06   7.328e-01   1.111e-03   1.591e-02  1.0000        1041  [    0    257         30         18 ]
           2       87782     430.112   2.597e-07   3.263e-06   6.382e-01   1.109e-03   1.590e-02  1.0000        1050  [    1     33         60         17 ]
           2       88221     432.127   2.597e-07   3.263e-06   6.388e-01   1.095e-03   1.585e-02  1.0000        1075  [    2      5        120         19 ]
           2       88444     433.990   2.597e-07   3.263e-06   7.357e-01   1.089e-03   1.579e-02  1.0000        1074  [    0    258         30         17 ]
           2       88658     435.690   2.597e-07   3.263e-06   7.067e-01   1.075e-03   1.541e-02  1.0000        1082  [    0    259         30         17 ]
           2       88879     437.639   2.597e-07   3.263e-06   7.050e-01   1.072e-03   1.535e-02  1.0000        1092  [    0    260         30         17 ]
           2       89095     439.738   2.597e-07   3.263e-06   7.039e-01   1.069e-03   1.535e-02  1.0000        1094  [    0    261         30         16 ]
           2       89308     441.597   2.597e-07   3.263e-06   7.499e-01   1.068e-03   1.535e-02  1.0000        1100  [    0    262         30         16 ]
           2       89522     443.589   2.597e-07   3.263e-06   7.024e-01   1.068e-03   1.507e-02  1.0000        1110  [    0    263         30         17 ]
           2       89724     445.723   2.597e-07   3.263e-06   7.076e-01   1.066e-03   1.506e-02  1.0000        1110  [    0    264         30         16 ]
           2       89929     447.557   2.597e-07   3.263e-06   6.445e-01   1.065e-03   1.505e-02  1.0000        1115  [    0    265         30         16 ]
           2       90231     449.552   2.597e-07   3.263e-06   7.512e-01   1.065e-03   1.505e-02  1.0000        1120  [    1     34         60         17 ]
           2       90439     451.537   2.597e-07   3.263e-06   7.578e-01   1.065e-03   1.505e-02  1.0000        1092  [    0    266         30         15 ]
           2       90655     453.474   2.597e-07   3.263e-06   7.572e-01   1.065e-03   1.504e-02  1.0000        1100  [    0    267         30         16 ]
           2       90866     455.474   2.597e-07   3.263e-06   7.544e-01   1.063e-03   1.504e-02  1.0000        1108  [    0    268         30         16 ]
           2       91083     457.373   2.597e-07   3.263e-06   7.324e-01   1.063e-03   1.504e-02  1.0000        1114  [    0    269         30         17 ]
           2       91308     459.300   2.597e-07   3.263e-06   7.588e-01   1.062e-03   1.500e-02  1.0000        1105  [    0    270         30         18 ]
           2       91540     461.391   2.597e-07   3.263e-06   7.553e-01   1.061e-03   1.500e-02  1.0000        1106  [    0    271         30         15 ]
           2       91751     463.441   2.597e-07   3.263e-06   7.564e-01   1.060e-03   1.499e-02  1.0000        1117  [    0    272         30         16 ]
           2       91954     465.467   2.597e-07   3.263e-06   7.556e-01   1.060e-03   1.499e-02  1.0000        1115  [    0    273         30         15 ]
           2       92238     467.312   2.597e-07   3.263e-06   7.611e-01   1.049e-03   1.494e-02  1.0000        1123  [    1     35         60         16 ]
           2       92443     469.132   2.597e-07   3.263e-06   6.803e-01   1.048e-03   1.494e-02  1.0000        1124  [    0    274         30         16 ]
           2       92655     471.180   2.597e-07   3.263e-06   7.700e-01   1.048e-03   1.494e-02  1.0000        1127  [    0    275         30         17 ]
           2       92886     473.358   2.597e-07   3.263e-06   6.641e-01   1.048e-03   1.493e-02  1.0000        1124  [    0    276         30         15 ]
           2       93098     475.449   2.597e-07   3.263e-06   6.841e-01   1.047e-03   1.489e-02  1.0000        1135  [    0    277         30         15 ]
           2       93306     477.613   2.597e-07   3.263e-06   6.831e-01   1.047e-03   1.489e-02  1.0000        1139  [    0    278         30         17 ]
           2       93532     479.522   2.597e-07   3.263e-06   6.847e-01   1.046e-03   1.488e-02  1.0000        1143  [    0    279         30         15 ]
           2       93738     481.655   2.597e-07   3.263e-06   7.610e-01   1.036e-03   1.471e-02  1.0000        1160  [    0    280         30         15 ]
           2       93952     483.921   2.597e-07   3.263e-06   7.713e-01   1.036e-03   1.470e-02  1.0000        1169  [    0    281         30         15 ]
           2       94231     486.146   2.597e-07   3.263e-06   6.608e-01   1.035e-03   1.470e-02  1.0000        1176  [    1     36         60         16 ]
           2       94457     488.338   2.597e-07   3.263e-06   7.207e-01   1.034e-03   1.470e-02  1.0000        1183  [    0    282         30         18 ]
           2       94696     490.572   2.597e-07   3.263e-06   7.295e-01   1.032e-03   1.467e-02  1.0000        1175  [    0    283         30         16 ]
           2       94930     492.703   2.597e-07   3.263e-06   7.753e-01   1.026e-03   1.466e-02  1.0000        1191  [    0    284         30         17 ]
           2       95154     495.012   2.597e-07   3.263e-06   7.767e-01   1.025e-03   1.466e-02  1.0000        1181  [    0    285         30         16 ]
           2       95395     497.205   2.597e-07   3.263e-06   6.702e-01   1.008e-03   1.447e-02  1.0000        1192  [    0    286         30         17 ]
           2       95619     499.065   2.597e-07   3.263e-06   7.317e-01   1.007e-03   1.443e-02  1.0000        1201  [    0    287         30         18 ]
           2       95858     500.955   2.597e-07   3.263e-06   6.694e-01   9.992e-04   1.435e-02  1.0000        1208  [    0    288         30         18 ]
           2       96086     503.203   2.597e-07   3.263e-06   7.317e-01   9.952e-04   1.433e-02  1.0000        1214  [    0    289         30         18 ]
           2       96407     505.477   2.597e-07   3.263e-06   7.778e-01   9.877e-04   1.423e-02  1.0000        1227  [    1     37         60         17 ]
           2       96632     507.762   2.597e-07   3.263e-06   7.652e-01   9.816e-04   1.418e-02  1.0000        1230  [    0    290         30         17 ]
           2       96862     509.995   2.597e-07   3.263e-06   7.631e-01   9.816e-04   1.418e-02  1.0000        1236  [    0    291         30         18 ]
           2       97098     512.091   2.597e-07   3.263e-06   7.621e-01   9.816e-04   1.418e-02  1.0000        1239  [    0    292         30         18 ]
           2       97302     514.483   2.597e-07   3.263e-06   7.621e-01   9.816e-04   1.418e-02  1.0000        1243  [    0    293         30         18 ]
           2       97532     516.770   2.597e-07   3.263e-06   7.621e-01   9.807e-04   1.418e-02  1.0000        1239  [    0    294         30         19 ]
           2       97788     519.101   2.597e-07   3.263e-06   7.038e-01   9.807e-04   1.418e-02  1.0000        1241  [    0    295         30         21 ]
           2       98032     521.070   2.597e-07   3.263e-06   6.638e-01   9.788e-04   1.417e-02  1.0000        1249  [    0    296         30         21 ]
           2       98271     523.441   2.597e-07   3.263e-06   7.738e-01   9.788e-04   1.417e-02  1.0000        1249  [    0    297         30         20 ]
           2       98573     525.903   2.597e-07   3.263e-06   7.055e-01   1.327e-03   1.834e-02  1.0000         740  [    1     38         60         21 ]
           2       98787     527.124   1.121e-08   3.263e-06   7.569e-01   1.330e-03   1.838e-02  1.0000         659  [    0    298         30         15 ]
           2       98960     528.249   1.121e-08   3.263e-06   7.291e-01   1.321e-03   1.837e-02  1.0000         640  [    0    299         30         14 ]
           2       99142     529.405   1.121e-08   3.263e-06   7.425e-01   1.321e-03   1.837e-02  1.0000         633  [    0    300         30         13 ]
           2       99302     530.586   1.121e-08   3.263e-06   7.733e-01   1.321e-03   1.837e-02  1.0000         636  [    0    301         30         14 ]
           2       99465     531.672   1.121e-08   3.263e-06   6.635e-01   1.313e-03   1.826e-02  1.0000         643  [    0    302         30         15 ]
           2       99635     532.618   1.121e-08   3.263e-06   6.616e-01   1.309e-03   1.826e-02  1.0000         655  [    0    303         30         16 ]
           2       99805     533.799   1.121e-08   3.263e-06   7.292e-01   1.306e-03   1.824e-02  1.0000         667  [    0    304         30         15 ]
           2       99989     534.985   1.121e-08   3.263e-06   7.380e-01   1.306e-03   1.813e-02  1.0000         683  [    0    305         30         16 ]
           3      100246     536.187   1.121e-08   3.263e-06   6.582e-01   1.298e-03   1.808e-02  1.0000         697  [    2      5        120         19 ]
