# Generation  Evaluations  Time (s)  Best_obj[0]  Best_obj[1]  Hypervol.   IGD         IGDX        SR    Appr.set  [ Pop.index  Subgen.  Pop.size  Subpops ]
           0         116       4.137   6.624e-03   3.999e-01   1.189e-01   2.435e-01   2.374e-01  0.0000          30  [    0      1         30         11 ]
           0         238       4.223   0.000e+00   1.742e-01   4.090e-01   1.162e-01   1.478e-01  0.0000          28  [    0      2         30         11 ]
           0         367       4.270   0.000e+00   1.742e-01   3.644e-01   1.057e-01   1.452e-01  0.0000          31  [    0      3         30         13 ]
           0         487       4.322   0.000e+00   1.742e-01   3.530e-01   9.907e-02   1.436e-01  0.0000          42  [    0      4         30         14 ]
           0         618       4.391   0.000e+00   1.742e-01   3.311e-01   9.552e-02   1.183e-01  0.0000          54  [    0      5         30         18 ]
           0         760       4.483   0.000e+00   0.000e+00   3.710e-01   8.251e-02   1.057e-01  0.0000          64  [    0      6         30         22 ]
           0         924       4.586   0.000e+00   0.000e+00   2.409e-01   8.251e-02   8.423e-02  0.0000          78  [    0      7         30         27 ]
           0        1129       4.710   0.000e+00   0.000e+00   2.098e-01   6.771e-02   6.868e-02  0.0000          86  [    0      8         30         28 ]
           1        1566       4.848   0.000e+00   0.000e+00   2.461e-01   5.574e-02   5.569e-02  0.5000         145  [    1      1         60         55 ]
           1        1904       5.077   0.000e+00   0.000e+00   2.284e-01   5.559e-02   4.898e-02  0.5000         151  [    0      9         30         57 ]
           1        2301       5.312   0.000e+00   0.000e+00   2.213e-01   5.553e-02   4.882e-02  0.5000         171  [    1      2         60         59 ]
           1        2639       5.582   0.000e+00   0.000e+00   2.325e-01   5.321e-02   3.976e-02  1.0000         180  [    0     10         30         56 ]
           1        2971       5.849   0.000e+00   0.000e+00   2.443e-01   5.319e-02   3.917e-02  1.0000         190  [    0     11         30         58 ]
           1        3325       6.149   0.000e+00   0.000e+00   3.053e-01   5.316e-02   3.900e-02  1.0000         203  [    0     12         30         61 ]
           1        3680       6.449   0.000e+00   0.000e+00   2.791e-01   5.316e-02   3.831e-02  1.0000         223  [    0     13         30         67 ]
           1        4067       6.783   0.000e+00   0.000e+00   2.750e-01   5.316e-02   3.568e-02  1.0000         232  [    0     14         30         69 ]
           1        4463       7.046   0.000e+00   0.000e+00   1.893e-01   5.316e-02   3.465e-02  1.0000         240  [    0     15         30         70 ]
           1        4867       7.434   0.000e+00   0.000e+00   2.097e-01   5.097e-02   3.465e-02  1.0000         245  [    0     16         30         68 ]
           1        5275       7.816   0.000e+00   0.000e+00   2.096e-01   3.858e-02   3.381e-02  1.0000         254  [    0     17         30         69 ]
           1        5749       8.230   0.000e+00   0.000e+00   2.822e-01   3.857e-02   3.220e-02  1.0000         272  [    1      3         60         72 ]
           1        6175       8.652   0.000e+00   0.000e+00   3.153e-01   3.520e-02   2.829e-02  1.0000         272  [    0     18         30         72 ]
           1        6593       9.097   0.000e+00   0.000e+00   2.046e-01   3.372e-02   2.798e-02  1.0000         281  [    0     19         30         71 ]
           1        7032       9.536   0.000e+00   0.000e+00   3.064e-01   3.364e-02   2.793e-02  1.0000         295  [    0     20         30         71 ]
           1        7463      10.009   0.000e+00   0.000e+00   3.123e-01   3.363e-02   2.793e-02  1.0000         302  [    0     21         30         71 ]
           1        7885      10.503   0.000e+00   0.000e+00   2.120e-01   3.363e-02   2.793e-02  1.0000         311  [    0     22         30         73 ]
           1        8325      10.997   0.000e+00   0.000e+00   1.892e-01   3.363e-02   2.793e-02  1.0000         321  [    0     23         30         77 ]
           1        8783      11.504   0.000e+00   0.000e+00   1.872e-01   3.352e-02   2.862e-02  1.0000         326  [    0     24         30         76 ]
           1        9226      12.057   0.000e+00   0.000e+00   1.859e-01   3.352e-02   2.744e-02  1.0000         333  [    0     25         30         76 ]
           1        9727      12.513   0.000e+00   0.000e+00   1.947e-01   3.290e-02   2.696e-02  1.0000         344  [    1      4         60         77 ]
           1       10180      13.051   0.000e+00   0.000e+00   1.907e-01   3.290e-02   2.694e-02  1.0000         350  [    0     26         30         77 ]
           1       10643      13.637   0.000e+00   0.000e+00   1.921e-01   3.290e-02   2.547e-02  1.0000         365  [    0     27         30         80 ]
           1       11115      14.249   0.000e+00   0.000e+00   3.136e-01   2.767e-02   2.460e-02  1.0000         373  [    0     28         30         79 ]
           1       11573      14.837   0.000e+00   0.000e+00   2.061e-01   2.767e-02   2.436e-02  1.0000         378  [    0     29         30         77 ]
           1       12037      15.436   0.000e+00   0.000e+00   2.064e-01   2.746e-02   2.371e-02  1.0000         392  [    0     30         30         78 ]
           1       12512      15.982   0.000e+00   0.000e+00   3.158e-01   2.431e-02   2.344e-02  1.0000         400  [    0     31         30         79 ]
           1       13001      16.650   0.000e+00   0.000e+00   2.050e-01   2.431e-02   2.344e-02  1.0000         410  [    0     32         30         80 ]
           1       13465      17.387   0.000e+00   0.000e+00   2.021e-01   2.431e-02   2.361e-02  1.0000         414  [    0     33         30         79 ]
           1       14002      18.138   0.000e+00   0.000e+00   2.347e-01   1.698e-02   1.977e-02  1.0000         434  [    1      5         60         82 ]
           1       14480      18.846   0.000e+00   0.000e+00   2.291e-01   1.698e-02   1.977e-02  1.0000         443  [    0     34         30         81 ]
           1       14957      19.580   0.000e+00   0.000e+00   2.275e-01   1.698e-02   1.977e-02  1.0000         455  [    0     35         30         81 ]
           1       15439      20.238   0.000e+00   0.000e+00   2.293e-01   1.698e-02   1.977e-02  1.0000         458  [    0     36         30         82 ]
           1       15922      21.010   0.000e+00   0.000e+00   2.282e-01   1.698e-02   1.908e-02  1.0000         470  [    0     37         30         82 ]
           1       16414      21.810   0.000e+00   0.000e+00   3.462e-01   1.698e-02   1.908e-02  1.0000         475  [    0     38         30         82 ]
           1       16915      22.625   0.000e+00   0.000e+00   3.318e-01   1.658e-02   1.836e-02  1.0000         477  [    0     39         30         82 ]
           1       17423      23.425   0.000e+00   0.000e+00   2.227e-01   1.597e-02   1.791e-02  1.0000         493  [    0     40         30         83 ]
           1       17946      24.099   0.000e+00   0.000e+00   2.191e-01   1.586e-02   1.669e-02  1.0000         499  [    0     41         30         84 ]
           1       18502      24.945   0.000e+00   0.000e+00   3.315e-01   1.586e-02   1.669e-02  1.0000         510  [    1      6         60         84 ]
           1       19000      25.811   0.000e+00   0.000e+00   2.201e-01   1.586e-02   1.821e-02  1.0000         515  [    0     42         30         83 ]
           1       19490      26.393   0.000e+00   0.000e+00   2.173e-01   1.586e-02   1.838e-02  1.0000         519  [    0     43         30         83 ]
           1       20008      27.087   0.000e+00   0.000e+00   2.261e-01   1.570e-02   1.766e-02  1.0000         520  [    0     44         30         84 ]
           1       20522      27.769   0.000e+00   0.000e+00   2.300e-01   1.570e-02   1.766e-02  1.0000         518  [    0     45         30         85 ]
           1       21037      28.507   0.000e+00   0.000e+00   2.301e-01   1.570e-02   1.835e-02  1.0000         527  [    0     46         30         85 ]
           1       21533      29.383   0.000e+00   0.000e+00   2.286e-01   1.570e-02   1.835e-02  1.0000         535  [    0     47         30         84 ]
           1       22035      30.334   0.000e+00   0.000e+00   2.286e-01   1.570e-02   1.835e-02  1.0000         538  [    0     48         30         87 ]
           1       22555      31.155   0.000e+00   0.000e+00   2.258e-01   1.570e-02   1.835e-02  1.0000         548  [    0     49         30         87 ]
           1       23154      31.928   0.000e+00   0.000e+00   2.176e-01   1.531e-02   1.756e-02  1.0000         565  [    1      7         60         86 ]
           1       23664      32.533   0.000e+00   0.000e+00   3.043e-01   1.531e-02   1.756e-02  1.0000         580  [    0     50         30         88 ]
           1       24185      33.368   0.000e+00   0.000e+00   2.128e-01   1.531e-02   1.756e-02  1.0000         587  [    0     51         30         88 ]
           1       24702      34.351   0.000e+00   0.000e+00   2.128e-01   1.531e-02   1.756e-02  1.0000         589  [    0     52         30         88 ]
           1       25239      35.404   0.000e+00   0.000e+00   2.195e-01   1.531e-02   1.756e-02  1.0000         589  [    0     53         30         88 ]
           1       25765      36.140   0.000e+00   0.000e+00   2.329e-01   1.531e-02   1.732e-02  1.0000         600  [    0     54         30         87 ]
           1       26292      37.286   0.000e+00   0.000e+00   2.383e-01   1.482e-02   1.700e-02  1.0000         611  [    0     55         30         88 ]
           1       26833      38.357   0.000e+00   0.000e+00   3.320e-01   1.482e-02   1.700e-02  1.0000         623  [    0     56         30         88 ]
           1       27364      39.403   0.000e+00   0.000e+00   2.331e-01   1.482e-02   1.630e-02  1.0000         626  [    0     57         30         88 ]
           1       27965      40.486   0.000e+00   0.000e+00   3.318e-01   1.482e-02   1.533e-02  1.0000         643  [    1      8         60         88 ]
           1       28504      41.600   0.000e+00   0.000e+00   3.231e-01   1.482e-02   1.533e-02  1.0000         644  [    0     58         30         89 ]
           1       29045      42.765   0.000e+00   0.000e+00   2.301e-01   1.482e-02   1.533e-02  1.0000         650  [    0     59         30         91 ]
           1       29595      43.798   0.000e+00   0.000e+00   2.310e-01   1.482e-02   1.591e-02  1.0000         651  [    0     60         30         91 ]
           1       30122      44.900   0.000e+00   0.000e+00   2.279e-01   1.482e-02   1.591e-02  1.0000         659  [    0     61         30         92 ]
           1       30660      46.019   0.000e+00   0.000e+00   2.281e-01   1.482e-02   1.591e-02  1.0000         656  [    0     62         30         90 ]
           1       31218      47.173   0.000e+00   0.000e+00   2.230e-01   1.452e-02   1.589e-02  1.0000         657  [    0     63         30         91 ]
           1       31764      48.212   0.000e+00   0.000e+00   2.248e-01   1.452e-02   1.589e-02  1.0000         658  [    0     64         30         91 ]
           2       33285      49.168   0.000e+00   0.000e+00   3.324e-01   1.041e-02   9.449e-03  1.0000        1118  [    2      1        120         99 ]
           2       33912      51.024   0.000e+00   0.000e+00   2.249e-01   1.041e-02   9.449e-03  1.0000        1112  [    0     65         30         95 ]
           2       34551      53.040   0.000e+00   0.000e+00   2.254e-01   1.041e-02   9.546e-03  1.0000        1132  [    1      9         60         96 ]
           2       35346      55.082   0.000e+00   0.000e+00   3.364e-01   1.041e-02   9.546e-03  1.0000        1134  [    2      2        120         97 ]
           2       35951      57.276   0.000e+00   0.000e+00   2.301e-01   1.041e-02   9.380e-03  1.0000        1136  [    0     66         30         98 ]
           2       36562      59.277   0.000e+00   0.000e+00   2.279e-01   1.041e-02   9.240e-03  1.0000        1139  [    0     67         30         96 ]
           2       37157      61.179   0.000e+00   0.000e+00   2.226e-01   1.041e-02   9.240e-03  1.0000        1154  [    0     68         30         96 ]
           2       37748      63.305   0.000e+00   0.000e+00   3.315e-01   1.041e-02   9.240e-03  1.0000        1163  [    0     69         30         97 ]
           2       38334      65.370   0.000e+00   0.000e+00   2.235e-01   1.041e-02   9.240e-03  1.0000        1159  [    0     70         30         97 ]
           2       38956      67.646   0.000e+00   0.000e+00   2.254e-01   1.041e-02   9.240e-03  1.0000        1157  [    0     71         30         97 ]
           2       39567      69.929   0.000e+00   0.000e+00   2.249e-01   1.041e-02   9.184e-03  1.0000        1162  [    0     72         30         96 ]
           2       40161      72.047   0.000e+00   0.000e+00   2.290e-01   1.041e-02   9.184e-03  1.0000        1130  [    0     73         30         95 ]
           2       40815      73.840   0.000e+00   0.000e+00   2.355e-01   1.035e-02   9.162e-03  1.0000        1149  [    1     10         60         95 ]
           2       41407      76.048   0.000e+00   0.000e+00   2.341e-01   1.035e-02   9.162e-03  1.0000        1160  [    0     74         30         96 ]
           2       42023      78.361   0.000e+00   0.000e+00   2.356e-01   1.035e-02   9.162e-03  1.0000        1172  [    0     75         30         96 ]
           2       42609      80.372   0.000e+00   0.000e+00   3.459e-01   1.035e-02   9.078e-03  1.0000        1176  [    0     76         30         95 ]
           2       43198      82.589   0.000e+00   0.000e+00   3.449e-01   1.035e-02   9.078e-03  1.0000        1180  [    0     77         30         94 ]
           2       43773      84.931   0.000e+00   0.000e+00   2.351e-01   1.035e-02   9.084e-03  1.0000        1182  [    0     78         30         94 ]
           2       44366      86.955   0.000e+00   0.000e+00   2.341e-01   1.035e-02   9.084e-03  1.0000        1196  [    0     79         30         94 ]
           2       44955      89.077   0.000e+00   0.000e+00   2.341e-01   1.035e-02   9.084e-03  1.0000        1197  [    0     80         30         95 ]
           2       45541      91.379   0.000e+00   0.000e+00   3.453e-01   1.035e-02   9.133e-03  1.0000        1196  [    0     81         30         93 ]
           2       46162      93.407   0.000e+00   0.000e+00   2.354e-01   1.035e-02   9.133e-03  1.0000        1188  [    1     11         60         93 ]
           2       46739      95.572   0.000e+00   0.000e+00   2.411e-01   1.035e-02   9.133e-03  1.0000        1193  [    0     82         30         90 ]
           2       47326      97.829   0.000e+00   0.000e+00   2.431e-01   1.035e-02   9.133e-03  1.0000        1195  [    0     83         30         90 ]
           2       47887     100.089   0.000e+00   0.000e+00   2.395e-01   1.035e-02   9.133e-03  1.0000        1199  [    0     84         30         89 ]
           2       48454     102.036   0.000e+00   0.000e+00   2.359e-01   1.035e-02   9.133e-03  1.0000        1190  [    0     85         30         89 ]
           2       49003     104.256   0.000e+00   0.000e+00   2.332e-01   1.035e-02   9.133e-03  1.0000        1190  [    0     86         30         89 ]
           2       49550     106.629   0.000e+00   0.000e+00   2.317e-01   1.035e-02   9.133e-03  1.0000        1200  [    0     87         30         89 ]
           2       50130     108.763   0.000e+00   0.000e+00   2.324e-01   1.035e-02   9.133e-03  1.0000        1203  [    0     88         30         88 ]
           2       50684     110.899   0.000e+00   0.000e+00   2.323e-01   1.035e-02   9.133e-03  1.0000        1205  [    0     89         30         88 ]
           2       51305     113.246   0.000e+00   0.000e+00   3.429e-01   1.035e-02   9.133e-03  1.0000        1209  [    1     12         60         89 ]
           2       51851     115.642   0.000e+00   0.000e+00   2.323e-01   1.035e-02   9.133e-03  1.0000        1213  [    0     90         30         89 ]
           2       52404     117.965   0.000e+00   0.000e+00   2.322e-01   1.035e-02   9.133e-03  1.0000        1213  [    0     91         30         90 ]
           2       52973     120.213   0.000e+00   0.000e+00   3.455e-01   1.035e-02   9.133e-03  1.0000        1216  [    0     92         30         91 ]
           2       53540     122.380   0.000e+00   0.000e+00   2.383e-01   1.035e-02   9.133e-03  1.0000        1229  [    0     93         30         91 ]
           2       54093     124.930   0.000e+00   0.000e+00   2.369e-01   1.035e-02   9.133e-03  1.0000        1230  [    0     94         30         92 ]
           2       54637     126.855   0.000e+00   0.000e+00   2.399e-01   1.035e-02   9.133e-03  1.0000        1221  [    0     95         30         92 ]
           2       55202     129.317   0.000e+00   0.000e+00   2.398e-01   1.035e-02   8.483e-03  1.0000        1222  [    0     96         30         92 ]
           2       55798     131.095   0.000e+00   0.000e+00   2.370e-01   1.034e-02   8.257e-03  1.0000        1228  [    0     97         30         93 ]
           2       56438     133.436   0.000e+00   0.000e+00   2.358e-01   1.034e-02   8.257e-03  1.0000        1248  [    1     13         60         90 ]
           2       57000     135.931   0.000e+00   0.000e+00   1.862e-01   1.352e-02   1.211e-02  1.0000         747  [    0     98         30         89 ]
           2       57523     137.350   0.000e+00   0.000e+00   3.025e-01   1.352e-02   1.211e-02  1.0000         748  [    0     99         30         83 ]
           2       58038     138.788   0.000e+00   0.000e+00   1.861e-01   1.350e-02   1.208e-02  1.0000         749  [    0    100         30         83 ]
           2       58537     140.251   0.000e+00   0.000e+00   1.861e-01   1.350e-02   1.208e-02  1.0000         750  [    0    101         30         83 ]
           2       59052     141.680   0.000e+00   0.000e+00   2.778e-01   1.350e-02   1.208e-02  1.0000         752  [    0    102         30         84 ]
           2       59568     143.202   0.000e+00   0.000e+00   1.890e-01   1.350e-02   1.205e-02  1.0000         760  [    0    103         30         84 ]
           2       60100     144.478   0.000e+00   0.000e+00   3.000e-01   1.350e-02   1.205e-02  1.0000         770  [    0    104         30         84 ]
           2       60607     145.601   0.000e+00   0.000e+00   1.919e-01   1.350e-02   1.205e-02  1.0000         770  [    0    105         30         84 ]
           2       61162     147.074   0.000e+00   0.000e+00   1.902e-01   1.350e-02   1.205e-02  1.0000         785  [    1     14         60         83 ]
           2       61678     148.353   0.000e+00   0.000e+00   1.917e-01   1.350e-02   1.205e-02  1.0000         788  [    0    106         30         83 ]
           2       62189     149.611   0.000e+00   0.000e+00   3.018e-01   1.350e-02   1.205e-02  1.0000         790  [    0    107         30         82 ]
           2       62700     151.114   0.000e+00   0.000e+00   1.882e-01   1.350e-02   1.205e-02  1.0000         801  [    0    108         30         81 ]
           2       63208     152.469   0.000e+00   0.000e+00   2.796e-01   1.350e-02   1.205e-02  1.0000         808  [    0    109         30         81 ]
           2       63705     153.883   0.000e+00   0.000e+00   1.854e-01   1.350e-02   1.205e-02  1.0000         814  [    0    110         30         81 ]
           2       64217     155.390   0.000e+00   0.000e+00   1.806e-01   1.350e-02   1.205e-02  1.0000         816  [    0    111         30         81 ]
           2       64744     157.032   0.000e+00   0.000e+00   2.749e-01   1.350e-02   1.205e-02  1.0000         819  [    0    112         30         81 ]
           2       65244     158.450   0.000e+00   0.000e+00   1.803e-01   1.350e-02   1.205e-02  1.0000         814  [    0    113         30         79 ]
           2       65786     160.084   0.000e+00   0.000e+00   2.759e-01   1.348e-02   1.188e-02  1.0000         824  [    1     15         60         79 ]
           2       66279     161.549   0.000e+00   0.000e+00   1.820e-01   1.348e-02   1.188e-02  1.0000         829  [    0    114         30         80 ]
           2       66776     163.079   0.000e+00   0.000e+00   1.908e-01   1.345e-02   1.191e-02  1.0000         831  [    0    115         30         80 ]
           2       67282     164.541   0.000e+00   0.000e+00   1.884e-01   1.345e-02   1.191e-02  1.0000         841  [    0    116         30         81 ]
           2       67771     166.075   0.000e+00   0.000e+00   2.984e-01   1.345e-02   1.191e-02  1.0000         847  [    0    117         30         81 ]
           2       68250     167.736   0.000e+00   0.000e+00   1.893e-01   1.345e-02   1.173e-02  1.0000         850  [    0    118         30         79 ]
           2       68743     169.175   0.000e+00   0.000e+00   1.887e-01   1.345e-02   1.173e-02  1.0000         854  [    0    119         30         79 ]
           2       69246     170.729   0.000e+00   0.000e+00   1.900e-01   1.345e-02   1.168e-02  1.0000         857  [    0    120         30         79 ]
           2       69740     172.373   0.000e+00   0.000e+00   1.904e-01   1.345e-02   1.168e-02  1.0000         859  [    0    121         30         79 ]
           2       70332     173.999   0.000e+00   0.000e+00   1.870e-01   1.345e-02   1.168e-02  1.0000         878  [    1     16         60         79 ]
           2       70839     175.739   0.000e+00   0.000e+00   1.919e-01   1.345e-02   1.168e-02  1.0000         873  [    0    122         30         78 ]
           2       71338     177.015   0.000e+00   0.000e+00   1.917e-01   1.345e-02   1.168e-02  1.0000         879  [    0    123         30         80 ]
           2       71839     178.677   0.000e+00   0.000e+00   1.918e-01   1.343e-02   1.168e-02  1.0000         884  [    0    124         30         80 ]
           2       72324     180.473   0.000e+00   0.000e+00   1.918e-01   1.343e-02   1.168e-02  1.0000         885  [    0    125         30         80 ]
           2       72817     182.168   0.000e+00   0.000e+00   1.918e-01   1.343e-02   1.168e-02  1.0000         888  [    0    126         30         80 ]
           2       73317     183.892   0.000e+00   0.000e+00   2.882e-01   1.343e-02   1.168e-02  1.0000         892  [    0    127         30         80 ]
           2       73818     185.537   0.000e+00   0.000e+00   1.952e-01   1.343e-02   1.168e-02  1.0000         893  [    0    128         30         80 ]
           2       74312     187.197   0.000e+00   0.000e+00   1.952e-01   1.343e-02   1.168e-02  1.0000         892  [    0    129         30         79 ]
           2       74866     188.866   0.000e+00   0.000e+00   2.867e-01   1.343e-02   1.168e-02  1.0000         899  [    1     17         60         79 ]
           2       75560     190.625   0.000e+00   0.000e+00   1.946e-01   1.272e-02   1.118e-02  1.0000         921  [    2      3        120         80 ]
           2       76043     192.314   0.000e+00   0.000e+00   1.947e-01   1.272e-02   1.118e-02  1.0000         929  [    0    130         30         79 ]
           2       76546     194.130   0.000e+00   0.000e+00   1.957e-01   1.272e-02   1.118e-02  1.0000         923  [    0    131         30         78 ]
           2       77025     195.857   0.000e+00   0.000e+00   1.938e-01   1.272e-02   1.118e-02  1.0000         925  [    0    132         30         79 ]
           2       77513     197.329   0.000e+00   0.000e+00   1.928e-01   1.272e-02   1.118e-02  1.0000         928  [    0    133         30         80 ]
           2       78011     199.069   0.000e+00   0.000e+00   1.929e-01   1.272e-02   1.096e-02  1.0000         931  [    0    134         30         80 ]
           2       78519     200.796   0.000e+00   0.000e+00   2.868e-01   1.272e-02   1.096e-02  1.0000         934  [    0    135         30         80 ]
           2       79023     202.412   0.000e+00   0.000e+00   1.926e-01   1.272e-02   1.096e-02  1.0000         938  [    0    136         30         79 ]
           2       79541     204.178   0.000e+00   0.000e+00   1.923e-01   1.272e-02   1.096e-02  1.0000         942  [    0    137         30         79 ]
           2       80094     205.931   0.000e+00   0.000e+00   1.913e-01   1.272e-02   1.096e-02  1.0000         954  [    1     18         60         78 ]
           2       80569     207.715   0.000e+00   0.000e+00   1.914e-01   1.272e-02   1.093e-02  1.0000         957  [    0    138         30         78 ]
           2       81045     209.173   0.000e+00   0.000e+00   1.932e-01   1.263e-02   1.093e-02  1.0000         965  [    0    139         30         78 ]
           2       81539     211.187   0.000e+00   0.000e+00   1.923e-01   1.263e-02   1.093e-02  1.0000         975  [    0    140         30         78 ]
           2       82031     213.103   0.000e+00   0.000e+00   1.923e-01   1.263e-02   1.093e-02  1.0000         973  [    0    141         30         78 ]
           2       82514     215.064   0.000e+00   0.000e+00   1.923e-01   1.263e-02   1.093e-02  1.0000         973  [    0    142         30         78 ]
           2       83006     216.881   0.000e+00   0.000e+00   1.923e-01   1.263e-02   1.099e-02  1.0000         975  [    0    143         30         78 ]
           2       83497     218.852   0.000e+00   0.000e+00   1.920e-01   1.263e-02   1.099e-02  1.0000         975  [    0    144         30         78 ]
           2       83996     220.709   0.000e+00   0.000e+00   3.013e-01   1.262e-02   1.100e-02  1.0000         977  [    0    145         30         78 ]
           2       84545     222.657   0.000e+00   0.000e+00   1.917e-01   1.262e-02   1.075e-02  1.0000         985  [    1     19         60         79 ]
           2       85043     224.619   0.000e+00   0.000e+00   2.861e-01   1.262e-02   1.075e-02  1.0000         988  [    0    146         30         78 ]
           2       85530     226.473   0.000e+00   0.000e+00   1.921e-01   1.262e-02   1.075e-02  1.0000         991  [    0    147         30         78 ]
           2       86015     227.872   0.000e+00   0.000e+00   3.021e-01   1.262e-02   1.086e-02  1.0000         991  [    0    148         30         78 ]
           2       86493     229.545   0.000e+00   0.000e+00   1.952e-01   1.262e-02   1.086e-02  1.0000         997  [    0    149         30         78 ]
           2       86994     231.475   0.000e+00   0.000e+00   1.935e-01   1.262e-02   1.086e-02  1.0000        1001  [    0    150         30         79 ]
           2       87488     233.364   0.000e+00   0.000e+00   3.032e-01   1.262e-02   1.086e-02  1.0000        1013  [    0    151         30         80 ]
           2       87979     234.998   0.000e+00   0.000e+00   1.933e-01   1.262e-02   1.086e-02  1.0000        1023  [    0    152         30         81 ]
           2       88483     236.859   0.000e+00   0.000e+00   2.876e-01   1.262e-02   1.086e-02  1.0000        1026  [    0    153         30         81 ]
           2       89028     238.719   0.000e+00   0.000e+00   1.920e-01   1.262e-02   1.086e-02  1.0000        1043  [    1     20         60         80 ]
           2       89543     240.747   0.000e+00   0.000e+00   2.859e-01   1.262e-02   1.086e-02  1.0000        1046  [    0    154         30         80 ]
           2       90050     242.530   0.000e+00   0.000e+00   3.060e-01   1.262e-02   1.086e-02  1.0000        1052  [    0    155         30         80 ]
           2       90530     244.587   0.000e+00   0.000e+00   1.956e-01   1.262e-02   1.086e-02  1.0000        1059  [    0    156         30         79 ]
           2       91012     246.440   0.000e+00   0.000e+00   1.955e-01   1.262e-02   1.086e-02  1.0000        1060  [    0    157         30         79 ]
           2       91490     248.606   0.000e+00   0.000e+00   1.956e-01   1.262e-02   1.086e-02  1.0000        1062  [    0    158         30         79 ]
           2       91985     250.684   0.000e+00   0.000e+00   1.956e-01   1.262e-02   1.086e-02  1.0000        1064  [    0    159         30         79 ]
           2       92462     252.783   0.000e+00   0.000e+00   1.965e-01   1.262e-02   1.086e-02  1.0000        1065  [    0    160         30         79 ]
           2       92951     254.850   0.000e+00   0.000e+00   1.970e-01   1.262e-02   1.079e-02  1.0000        1070  [    0    161         30         78 ]
           2       93490     256.794   0.000e+00   0.000e+00   3.058e-01   1.262e-02   1.079e-02  1.0000        1079  [    1     21         60         77 ]
           2       93956     258.899   0.000e+00   0.000e+00   1.950e-01   1.262e-02   1.079e-02  1.0000        1089  [    0    162         30         77 ]
           2       94431     261.137   0.000e+00   0.000e+00   3.054e-01   1.262e-02   1.079e-02  1.0000        1090  [    0    163         30         77 ]
           2       94894     262.842   0.000e+00   0.000e+00   1.954e-01   1.262e-02   1.079e-02  1.0000        1079  [    0    164         30         77 ]
           2       95359     264.713   0.000e+00   0.000e+00   1.954e-01   1.262e-02   1.079e-02  1.0000        1079  [    0    165         30         77 ]
           2       95850     266.812   0.000e+00   0.000e+00   1.963e-01   1.262e-02   1.079e-02  1.0000        1082  [    0    166         30         77 ]
           2       96309     268.833   0.000e+00   0.000e+00   1.963e-01   1.262e-02   1.079e-02  1.0000        1083  [    0    167         30         77 ]
           2       96782     271.017   0.000e+00   0.000e+00   1.972e-01   1.262e-02   1.079e-02  1.0000        1086  [    0    168         30         77 ]
           2       97248     272.917   0.000e+00   0.000e+00   3.082e-01   1.188e-02   1.071e-02  1.0000        1086  [    0    169         30         77 ]
           2       97781     274.366   0.000e+00   0.000e+00   1.987e-01   1.188e-02   1.072e-02  1.0000        1088  [    1     22         60         76 ]
           2       98256     276.329   0.000e+00   0.000e+00   1.993e-01   1.188e-02   1.072e-02  1.0000        1090  [    0    170         30         76 ]
           2       98714     278.324   0.000e+00   0.000e+00   1.993e-01   1.188e-02   1.072e-02  1.0000        1089  [    0    171         30         76 ]
           2       99184     280.254   0.000e+00   0.000e+00   2.929e-01   1.188e-02   1.072e-02  1.0000        1097  [    0    172         30         76 ]
           2       99625     282.333   0.000e+00   0.000e+00   1.975e-01   1.188e-02   1.072e-02  1.0000        1107  [    0    173         30         76 ]
           3      100106     284.541   0.000e+00   0.000e+00   1.971e-01   1.188e-02   1.072e-02  1.0000        1110  [    2      3        120         80 ]
