# Generation  Evaluations  Time (s)  Best_obj[0]  Best_obj[1]  Hypervol.   IGD         IGDX        SR    Appr.set  [ Pop.index  Subgen.  Pop.size  Subpops ]
           0         117       3.454   6.231e-02   3.994e-01   1.757e-01   2.183e-01   1.770e-01  0.0000          17  [    0      1         30          8 ]
           0         210       3.500   0.000e+00   0.000e+00   3.157e-01   1.363e-01   1.214e-01  0.0000          29  [    0      2         30          9 ]
           0         317       3.539   0.000e+00   0.000e+00   1.831e-01   1.198e-01   1.241e-01  0.0000          31  [    0      3         30         12 ]
           0         423       3.591   0.000e+00   0.000e+00   3.037e-01   1.159e-01   1.241e-01  0.0000          36  [    0      4         30         13 ]
           0         555       3.651   0.000e+00   0.000e+00   3.544e-01   1.148e-01   9.672e-02  0.0000          43  [    0      5         30         14 ]
           0         691       3.723   0.000e+00   0.000e+00   3.405e-01   1.148e-01   8.734e-02  0.0000          45  [    0      6         30         15 ]
           0         826       3.796   0.000e+00   0.000e+00   3.569e-01   9.866e-02   8.822e-02  0.0000          54  [    0      7         30         19 ]
           0         984       3.880   0.000e+00   0.000e+00   2.614e-01   9.866e-02   8.412e-02  0.0000          65  [    0      8         30         23 ]
           1        1385       3.989   0.000e+00   0.000e+00   2.302e-01   8.623e-02   6.411e-02  0.0000         128  [    1      1         60         50 ]
           1        1683       4.181   0.000e+00   0.000e+00   2.768e-01   7.049e-02   5.681e-02  0.5000         147  [    0      9         30         51 ]
           1        2036       4.418   0.000e+00   0.000e+00   1.931e-01   6.588e-02   5.894e-02  0.5000         161  [    1      2         60         53 ]
           1        2344       4.604   0.000e+00   0.000e+00   1.923e-01   6.522e-02   5.859e-02  0.5000         173  [    0     10         30         54 ]
           1        2658       4.829   0.000e+00   0.000e+00   1.820e-01   6.522e-02   5.281e-02  0.5000         180  [    0     11         30         54 ]
           1        3001       4.985   0.000e+00   0.000e+00   2.916e-01   6.522e-02   5.185e-02  0.5000         193  [    0     12         30         58 ]
           1        3353       5.243   0.000e+00   0.000e+00   1.865e-01   6.276e-02   5.138e-02  0.5000         195  [    0     13         30         62 ]
           1        3703       5.377   0.000e+00   0.000e+00   1.696e-01   6.276e-02   5.122e-02  0.5000         203  [    0     14         30         62 ]
           1        4079       5.642   0.000e+00   0.000e+00   1.423e-01   5.502e-02   5.223e-02  0.5000         213  [    0     15         30         63 ]
           1        4459       5.961   0.000e+00   0.000e+00   1.430e-01   5.502e-02   5.051e-02  0.5000         229  [    0     16         30         68 ]
           1        4862       6.328   0.000e+00   0.000e+00   1.252e-01   5.502e-02   5.051e-02  0.5000         250  [    0     17         30         70 ]
           1        5350       6.695   0.000e+00   0.000e+00   1.611e-01   5.451e-02   4.563e-02  0.5000         269  [    1      3         60         73 ]
           1        5790       7.019   0.000e+00   0.000e+00   1.489e-01   5.451e-02   4.563e-02  0.5000         279  [    0     18         30         76 ]
           1        6235       7.328   0.000e+00   0.000e+00   1.576e-01   5.451e-02   4.563e-02  0.5000         287  [    0     19         30         76 ]
           1        6689       7.667   0.000e+00   0.000e+00   1.602e-01   5.451e-02   4.563e-02  0.5000         299  [    0     20         30         75 ]
           1        7130       8.121   0.000e+00   0.000e+00   1.675e-01   5.451e-02   4.563e-02  0.5000         318  [    0     21         30         77 ]
           1        7581       8.640   0.000e+00   0.000e+00   1.698e-01   5.451e-02   4.378e-02  0.5000         328  [    0     22         30         78 ]
           1        8036       9.177   0.000e+00   0.000e+00   1.725e-01   5.451e-02   4.378e-02  0.5000         334  [    0     23         30         80 ]
           1        8512       9.702   0.000e+00   0.000e+00   2.605e-01   5.451e-02   4.238e-02  0.5000         341  [    0     24         30         80 ]
           1        8987      10.223   0.000e+00   0.000e+00   1.440e-01   5.450e-02   4.238e-02  0.5000         349  [    0     25         30         82 ]
           1        9510      10.798   0.000e+00   0.000e+00   1.433e-01   5.450e-02   4.242e-02  0.5000         367  [    1      4         60         82 ]
           1        9973      11.242   0.000e+00   0.000e+00   2.340e-01   5.450e-02   4.128e-02  0.5000         375  [    0     26         30         83 ]
           1       10453      11.626   0.000e+00   0.000e+00   1.425e-01   5.450e-02   4.258e-02  0.5000         386  [    0     27         30         85 ]
           1       10942      11.957   0.000e+00   0.000e+00   2.613e-01   4.689e-02   4.216e-02  0.5000         392  [    0     28         30         85 ]
           1       11434      12.469   0.000e+00   0.000e+00   1.613e-01   3.690e-02   4.077e-02  1.0000         393  [    0     29         30         86 ]
           1       11933      13.080   0.000e+00   0.000e+00   1.614e-01   3.690e-02   4.051e-02  1.0000         398  [    0     30         30         87 ]
           1       12440      13.691   0.000e+00   0.000e+00   2.517e-01   3.690e-02   4.016e-02  1.0000         404  [    0     31         30         85 ]
           1       12931      14.137   0.000e+00   0.000e+00   1.647e-01   3.690e-02   4.016e-02  1.0000         410  [    0     32         30         86 ]
           1       13430      14.794   0.000e+00   0.000e+00   2.485e-01   3.690e-02   3.854e-02  1.0000         421  [    0     33         30         86 ]
           1       13989      15.457   0.000e+00   0.000e+00   2.776e-01   3.517e-02   3.950e-02  1.0000         436  [    1      5         60         87 ]
           1       14507      15.916   0.000e+00   0.000e+00   1.740e-01   3.517e-02   3.692e-02  1.0000         448  [    0     34         30         87 ]
           1       15012      16.443   0.000e+00   0.000e+00   1.725e-01   3.517e-02   3.657e-02  1.0000         454  [    0     35         30         87 ]
           1       15518      17.048   0.000e+00   0.000e+00   2.822e-01   3.517e-02   3.657e-02  1.0000         459  [    0     36         30         86 ]
           1       16021      17.680   0.000e+00   0.000e+00   1.743e-01   3.516e-02   3.657e-02  1.0000         464  [    0     37         30         88 ]
           1       16537      18.304   0.000e+00   0.000e+00   1.740e-01   3.484e-02   3.630e-02  1.0000         469  [    0     38         30         90 ]
           1       17057      18.791   0.000e+00   0.000e+00   2.636e-01   3.484e-02   3.617e-02  1.0000         475  [    0     39         30         90 ]
           1       17567      19.526   0.000e+00   0.000e+00   2.759e-01   3.484e-02   3.617e-02  1.0000         477  [    0     40         30         90 ]
           1       18093      20.275   0.000e+00   0.000e+00   2.776e-01   3.484e-02   3.617e-02  1.0000         483  [    0     41         30         89 ]
           1       18705      21.086   0.000e+00   0.000e+00   1.652e-01   3.471e-02   3.610e-02  1.0000         496  [    1      6         60         91 ]
           1       19234      21.797   0.000e+00   0.000e+00   1.652e-01   3.471e-02   3.598e-02  1.0000         496  [    0     42         30         91 ]
           1       19769      22.388   0.000e+00   0.000e+00   1.627e-01   3.471e-02   3.502e-02  1.0000         500  [    0     43         30         91 ]
           1       20306      23.148   0.000e+00   0.000e+00   2.523e-01   3.138e-02   3.149e-02  1.0000         509  [    0     44         30         91 ]
           1       20852      24.013   0.000e+00   0.000e+00   2.812e-01   3.118e-02   2.936e-02  1.0000         504  [    0     45         30         90 ]
           1       21384      24.672   0.000e+00   0.000e+00   2.717e-01   3.101e-02   2.823e-02  1.0000         504  [    0     46         30         89 ]
           1       21907      25.319   0.000e+00   0.000e+00   1.688e-01   2.988e-02   2.457e-02  1.0000         506  [    0     47         30         88 ]
           1       22435      25.995   0.000e+00   0.000e+00   1.750e-01   2.988e-02   2.139e-02  1.0000         512  [    0     48         30         88 ]
           1       22964      26.707   0.000e+00   0.000e+00   1.826e-01   2.988e-02   2.139e-02  1.0000         513  [    0     49         30         86 ]
           1       23536      27.284   0.000e+00   0.000e+00   2.897e-01   2.988e-02   2.071e-02  1.0000         523  [    1      7         60         86 ]
           1       24051      27.894   0.000e+00   0.000e+00   1.853e-01   2.988e-02   2.071e-02  1.0000         520  [    0     50         30         87 ]
           1       24564      28.518   0.000e+00   0.000e+00   1.865e-01   2.966e-02   2.050e-02  1.0000         525  [    0     51         30         88 ]
           1       25096      29.252   0.000e+00   0.000e+00   3.021e-01   2.966e-02   2.050e-02  1.0000         542  [    0     52         30         89 ]
           1       25633      30.009   0.000e+00   0.000e+00   3.051e-01   2.966e-02   2.041e-02  1.0000         544  [    0     53         30         89 ]
           1       26159      30.939   0.000e+00   0.000e+00   2.008e-01   2.966e-02   2.041e-02  1.0000         535  [    0     54         30         89 ]
           1       26711      31.457   0.000e+00   0.000e+00   2.052e-01   2.966e-02   2.041e-02  1.0000         534  [    0     55         30         89 ]
           1       27262      32.353   0.000e+00   0.000e+00   3.170e-01   2.677e-02   1.993e-02  1.0000         538  [    0     56         30         91 ]
           1       27825      33.173   0.000e+00   0.000e+00   2.026e-01   2.677e-02   1.993e-02  1.0000         546  [    0     57         30         94 ]
           1       28463      33.709   0.000e+00   0.000e+00   3.174e-01   2.677e-02   1.978e-02  1.0000         558  [    1      8         60         98 ]
           1       29043      34.304   0.000e+00   0.000e+00   3.097e-01   2.330e-02   2.035e-02  1.0000         571  [    0     58         30         96 ]
           1       29613      34.880   0.000e+00   0.000e+00   3.139e-01   2.330e-02   2.035e-02  1.0000         576  [    0     59         30         96 ]
           1       30185      35.620   0.000e+00   0.000e+00   3.176e-01   2.254e-02   1.929e-02  1.0000         582  [    0     60         30         96 ]
           1       30740      36.200   0.000e+00   0.000e+00   2.103e-01   2.247e-02   1.931e-02  1.0000         583  [    0     61         30         95 ]
           1       31296      36.950   0.000e+00   0.000e+00   2.118e-01   2.246e-02   1.924e-02  1.0000         583  [    0     62         30         95 ]
           1       31866      37.735   0.000e+00   0.000e+00   2.077e-01   2.246e-02   1.924e-02  1.0000         590  [    0     63         30         95 ]
           1       32438      38.669   0.000e+00   0.000e+00   2.957e-01   2.232e-02   1.916e-02  1.0000         603  [    0     64         30         97 ]
           2       33909      39.656   0.000e+00   0.000e+00   2.381e-01   1.696e-02   1.492e-02  1.0000        1050  [    2      1        120        110 ]
           2       34581      41.445   0.000e+00   0.000e+00   2.368e-01   1.696e-02   1.480e-02  1.0000        1055  [    0     65         30        109 ]
           2       35298      42.836   0.000e+00   0.000e+00   3.379e-01   1.696e-02   1.480e-02  1.0000        1072  [    1      9         60        108 ]
           2       36119      44.310   0.000e+00   0.000e+00   3.187e-01   1.632e-02   1.418e-02  1.0000        1106  [    2      2        120        111 ]
           2       36802      45.663   0.000e+00   0.000e+00   3.317e-01   1.632e-02   1.418e-02  1.0000        1107  [    0     66         30        110 ]
           2       37451      47.525   0.000e+00   0.000e+00   2.221e-01   1.627e-02   1.409e-02  1.0000        1107  [    0     67         30        110 ]
           2       38123      48.966   0.000e+00   0.000e+00   3.297e-01   1.623e-02   1.407e-02  1.0000        1115  [    0     68         30        111 ]
           2       38786      50.583   0.000e+00   0.000e+00   2.110e-01   1.623e-02   1.407e-02  1.0000        1127  [    0     69         30        110 ]
           2       39456      52.168   0.000e+00   0.000e+00   3.213e-01   1.367e-02   1.336e-02  1.0000        1135  [    0     70         30        110 ]
           2       40119      53.903   0.000e+00   0.000e+00   3.085e-01   1.367e-02   1.336e-02  1.0000        1138  [    0     71         30        112 ]
           2       40778      55.478   0.000e+00   0.000e+00   2.634e-01   1.341e-02   1.310e-02  1.0000        1139  [    0     72         30        111 ]
           2       41460      57.256   0.000e+00   0.000e+00   3.342e-01   1.178e-02   1.210e-02  1.0000        1141  [    0     73         30        112 ]
           2       42198      58.985   0.000e+00   0.000e+00   2.269e-01   1.159e-02   1.204e-02  1.0000        1150  [    1     10         60        111 ]
           2       42861      60.930   0.000e+00   0.000e+00   2.265e-01   1.159e-02   1.204e-02  1.0000        1150  [    0     74         30        111 ]
           2       43525      62.811   0.000e+00   0.000e+00   3.365e-01   1.159e-02   1.204e-02  1.0000        1153  [    0     75         30        112 ]
           2       44176      64.530   0.000e+00   0.000e+00   2.263e-01   1.159e-02   1.204e-02  1.0000        1157  [    0     76         30        110 ]
           2       44833      66.048   0.000e+00   0.000e+00   2.717e-01   1.159e-02   1.097e-02  1.0000        1163  [    0     77         30        111 ]
           2       45515      67.831   0.000e+00   0.000e+00   2.249e-01   1.159e-02   1.097e-02  1.0000        1168  [    0     78         30        112 ]
           2       46218      69.737   0.000e+00   0.000e+00   2.237e-01   1.159e-02   1.097e-02  1.0000        1177  [    0     79         30        111 ]
           2       46890      71.934   0.000e+00   0.000e+00   2.279e-01   1.159e-02   1.097e-02  1.0000        1172  [    0     80         30        111 ]
           2       47566      73.887   0.000e+00   0.000e+00   2.739e-01   1.159e-02   1.097e-02  1.0000        1183  [    0     81         30        111 ]
           2       48284      76.293   0.000e+00   0.000e+00   2.279e-01   1.159e-02   1.106e-02  1.0000        1188  [    1     11         60        108 ]
           2       48934      78.203   0.000e+00   0.000e+00   2.267e-01   1.159e-02   1.106e-02  1.0000        1190  [    0     82         30        109 ]
           2       49590      79.675   0.000e+00   0.000e+00   2.289e-01   1.159e-02   1.106e-02  1.0000        1197  [    0     83         30        108 ]
           2       50251      81.195   0.000e+00   0.000e+00   2.210e-01   1.159e-02   1.106e-02  1.0000        1205  [    0     84         30        109 ]
           2       50918      82.759   0.000e+00   0.000e+00   2.290e-01   1.159e-02   1.106e-02  1.0000        1203  [    0     85         30        108 ]
           2       51567      84.218   0.000e+00   0.000e+00   2.291e-01   1.159e-02   1.106e-02  1.0000        1208  [    0     86         30        108 ]
           2       52210      85.965   0.000e+00   0.000e+00   2.288e-01   1.159e-02   1.106e-02  1.0000        1213  [    0     87         30        108 ]
           2       52866      87.682   0.000e+00   0.000e+00   3.334e-01   1.159e-02   1.110e-02  1.0000        1221  [    0     88         30        108 ]
           2       53526      89.205   0.000e+00   0.000e+00   3.328e-01   1.159e-02   1.110e-02  1.0000        1224  [    0     89         30        111 ]
           2       54247      90.955   0.000e+00   0.000e+00   2.203e-01   1.159e-02   1.108e-02  1.0000        1241  [    1     12         60        110 ]
           2       54903      92.897   0.000e+00   0.000e+00   2.190e-01   1.159e-02   1.108e-02  1.0000        1249  [    0     90         30        109 ]
           2       55586      95.184   0.000e+00   0.000e+00   2.162e-01   1.159e-02   1.108e-02  1.0000        1245  [    0     91         30        111 ]
           2       56251      97.333   0.000e+00   0.000e+00   3.118e-01   1.159e-02   1.108e-02  1.0000        1242  [    0     92         30        110 ]
           2       56885      99.511   0.000e+00   0.000e+00   2.185e-01   1.159e-02   1.108e-02  1.0000        1248  [    0     93         30        110 ]
           2       57534     101.630   0.000e+00   0.000e+00   2.182e-01   1.159e-02   1.108e-02  1.0000        1248  [    0     94         30        111 ]
           2       58199     103.222   0.000e+00   0.000e+00   2.189e-01   1.159e-02   1.108e-02  1.0000        1248  [    0     95         30        111 ]
           2       58872     104.930   0.000e+00   0.000e+00   3.134e-01   1.159e-02   1.108e-02  1.0000        1250  [    0     96         30        111 ]
           2       59530     106.719   0.000e+00   0.000e+00   1.781e-01   1.706e-02   1.411e-02  1.0000         752  [    0     97         30        111 ]
           2       60226     108.096   0.000e+00   0.000e+00   2.980e-01   1.706e-02   1.343e-02  1.0000         728  [    1     13         60         98 ]
           2       60799     109.177   0.000e+00   0.000e+00   1.889e-01   1.706e-02   1.371e-02  1.0000         728  [    0     98         30         98 ]
           2       61360     110.580   0.000e+00   0.000e+00   2.886e-01   1.706e-02   1.371e-02  1.0000         727  [    0     99         30         98 ]
           2       61932     111.929   0.000e+00   0.000e+00   2.407e-01   1.706e-02   1.371e-02  1.0000         729  [    0    100         30         98 ]
           2       62500     113.091   0.000e+00   0.000e+00   1.967e-01   1.705e-02   1.371e-02  1.0000         730  [    0    101         30         98 ]
           2       63082     114.419   0.000e+00   0.000e+00   1.960e-01   1.705e-02   1.384e-02  1.0000         735  [    0    102         30         98 ]
           2       63693     115.672   0.000e+00   0.000e+00   2.420e-01   1.705e-02   1.441e-02  1.0000         731  [    0    103         30         98 ]
           2       64268     116.901   0.000e+00   0.000e+00   2.442e-01   1.705e-02   1.441e-02  1.0000         744  [    0    104         30         96 ]
           2       64823     117.725   0.000e+00   0.000e+00   3.080e-01   1.705e-02   1.441e-02  1.0000         745  [    0    105         30         96 ]
           2       65440     118.686   0.000e+00   0.000e+00   1.991e-01   1.705e-02   1.441e-02  1.0000         758  [    1     14         60         97 ]
           2       66024     119.728   0.000e+00   0.000e+00   3.073e-01   1.702e-02   1.435e-02  1.0000         763  [    0    106         30         95 ]
           2       66582     120.830   0.000e+00   0.000e+00   3.073e-01   1.702e-02   1.435e-02  1.0000         768  [    0    107         30         95 ]
           2       67152     121.908   0.000e+00   0.000e+00   2.410e-01   1.702e-02   1.435e-02  1.0000         780  [    0    108         30         94 ]
           2       67713     122.989   0.000e+00   0.000e+00   1.955e-01   1.702e-02   1.414e-02  1.0000         786  [    0    109         30         94 ]
           2       68279     123.978   0.000e+00   0.000e+00   1.937e-01   1.702e-02   1.429e-02  1.0000         782  [    0    110         30         94 ]
           2       68835     125.146   0.000e+00   0.000e+00   1.940e-01   1.702e-02   1.429e-02  1.0000         780  [    0    111         30         94 ]
           2       69390     126.240   0.000e+00   0.000e+00   1.962e-01   1.695e-02   1.421e-02  1.0000         787  [    0    112         30         94 ]
           2       69942     127.592   0.000e+00   0.000e+00   1.959e-01   1.695e-02   1.421e-02  1.0000         793  [    0    113         30         93 ]
           2       70550     129.119   0.000e+00   0.000e+00   1.946e-01   1.440e-02   1.330e-02  1.0000         813  [    1     15         60         93 ]
           2       71115     129.892   0.000e+00   0.000e+00   1.941e-01   1.440e-02   1.330e-02  1.0000         815  [    0    114         30         93 ]
           2       71675     130.866   0.000e+00   0.000e+00   2.378e-01   1.440e-02   1.330e-02  1.0000         826  [    0    115         30         93 ]
           2       72234     131.946   0.000e+00   0.000e+00   2.859e-01   1.440e-02   1.330e-02  1.0000         828  [    0    116         30         93 ]
           2       72788     133.003   0.000e+00   0.000e+00   1.925e-01   1.440e-02   1.330e-02  1.0000         833  [    0    117         30         93 ]
           2       73354     134.423   0.000e+00   0.000e+00   2.348e-01   1.393e-02   1.338e-02  1.0000         839  [    0    118         30         93 ]
           2       73926     135.445   0.000e+00   0.000e+00   1.898e-01   1.393e-02   1.338e-02  1.0000         846  [    0    119         30         93 ]
           2       74494     136.517   0.000e+00   0.000e+00   2.368e-01   1.393e-02   1.338e-02  1.0000         847  [    0    120         30         92 ]
           2       75042     137.820   0.000e+00   0.000e+00   1.915e-01   1.393e-02   1.338e-02  1.0000         843  [    0    121         30         91 ]
           2       75627     138.876   0.000e+00   0.000e+00   1.887e-01   1.393e-02   1.338e-02  1.0000         851  [    1     16         60         90 ]
           2       76159     139.972   0.000e+00   0.000e+00   2.349e-01   1.393e-02   1.338e-02  1.0000         854  [    0    122         30         90 ]
           2       76697     140.955   0.000e+00   0.000e+00   1.945e-01   1.379e-02   1.332e-02  1.0000         860  [    0    123         30         90 ]
           2       77256     142.461   0.000e+00   0.000e+00   1.964e-01   1.379e-02   1.332e-02  1.0000         867  [    0    124         30         90 ]
           2       77791     143.879   0.000e+00   0.000e+00   2.430e-01   1.283e-02   1.267e-02  1.0000         876  [    0    125         30         90 ]
           2       78359     145.228   0.000e+00   0.000e+00   1.997e-01   1.221e-02   1.235e-02  1.0000         877  [    0    126         30         89 ]
           2       78908     146.307   0.000e+00   0.000e+00   1.946e-01   1.187e-02   1.223e-02  1.0000         883  [    0    127         30         88 ]
           2       79446     147.648   0.000e+00   0.000e+00   2.406e-01   1.187e-02   1.223e-02  1.0000         891  [    0    128         30         89 ]
           2       79992     149.319   0.000e+00   0.000e+00   3.037e-01   1.187e-02   1.223e-02  1.0000         894  [    0    129         30         89 ]
           2       80602     150.583   0.000e+00   0.000e+00   2.843e-01   1.187e-02   1.223e-02  1.0000         907  [    1     17         60         89 ]
           2       81331     152.059   0.000e+00   0.000e+00   1.871e-01   1.187e-02   1.210e-02  1.0000         926  [    2      3        120         89 ]
           2       81877     153.368   0.000e+00   0.000e+00   1.896e-01   1.187e-02   1.210e-02  1.0000         934  [    0    130         30         89 ]
           2       82443     155.153   0.000e+00   0.000e+00   1.955e-01   1.187e-02   1.210e-02  1.0000         933  [    0    131         30         88 ]
           2       82983     156.926   0.000e+00   0.000e+00   2.079e-01   1.187e-02   1.210e-02  1.0000         934  [    0    132         30         86 ]
           2       83505     158.289   0.000e+00   0.000e+00   2.077e-01   1.187e-02   1.210e-02  1.0000         937  [    0    133         30         86 ]
           2       84037     159.912   0.000e+00   0.000e+00   2.077e-01   1.187e-02   1.210e-02  1.0000         940  [    0    134         30         86 ]
           2       84577     161.119   0.000e+00   0.000e+00   2.079e-01   1.187e-02   1.210e-02  1.0000         945  [    0    135         30         86 ]
           2       85122     162.224   0.000e+00   0.000e+00   2.541e-01   1.187e-02   1.210e-02  1.0000         948  [    0    136         30         86 ]
           2       85652     163.469   0.000e+00   0.000e+00   2.080e-01   1.187e-02   1.210e-02  1.0000         948  [    0    137         30         85 ]
           2       86238     164.568   0.000e+00   0.000e+00   2.541e-01   1.187e-02   1.210e-02  1.0000         958  [    1     18         60         84 ]
           2       86766     165.957   0.000e+00   0.000e+00   2.081e-01   1.187e-02   1.210e-02  1.0000         960  [    0    138         30         84 ]
           2       87288     167.187   0.000e+00   0.000e+00   2.078e-01   1.187e-02   1.204e-02  1.0000         968  [    0    139         30         84 ]
           2       87791     168.229   0.000e+00   0.000e+00   2.078e-01   1.187e-02   1.204e-02  1.0000         968  [    0    140         30         84 ]
           2       88324     169.548   0.000e+00   0.000e+00   2.081e-01   1.187e-02   1.204e-02  1.0000         970  [    0    141         30         84 ]
           2       88849     171.218   0.000e+00   0.000e+00   2.082e-01   1.187e-02   1.204e-02  1.0000         977  [    0    142         30         84 ]
           2       89386     172.753   0.000e+00   0.000e+00   3.196e-01   1.187e-02   1.178e-02  1.0000         990  [    0    143         30         85 ]
           2       89908     174.534   0.000e+00   0.000e+00   2.090e-01   1.187e-02   1.178e-02  1.0000         992  [    0    144         30         85 ]
           2       90430     175.955   0.000e+00   0.000e+00   2.090e-01   1.187e-02   1.178e-02  1.0000         995  [    0    145         30         85 ]
           2       91024     177.154   0.000e+00   0.000e+00   2.090e-01   1.187e-02   1.178e-02  1.0000         997  [    1     19         60         84 ]
           2       91559     178.348   0.000e+00   0.000e+00   2.090e-01   1.187e-02   1.173e-02  1.0000         998  [    0    146         30         84 ]
           2       92090     179.546   0.000e+00   0.000e+00   2.089e-01   1.187e-02   1.165e-02  1.0000         999  [    0    147         30         84 ]
           2       92628     181.381   0.000e+00   0.000e+00   2.089e-01   1.187e-02   1.165e-02  1.0000        1002  [    0    148         30         84 ]
           2       93160     182.825   0.000e+00   0.000e+00   2.089e-01   1.187e-02   1.165e-02  1.0000        1005  [    0    149         30         84 ]
           2       93675     184.002   0.000e+00   0.000e+00   2.071e-01   1.187e-02   1.165e-02  1.0000        1010  [    0    150         30         84 ]
           2       94189     185.205   0.000e+00   0.000e+00   2.067e-01   1.187e-02   1.165e-02  1.0000        1016  [    0    151         30         83 ]
           2       94706     186.554   0.000e+00   0.000e+00   2.052e-01   1.187e-02   1.156e-02  1.0000        1026  [    0    152         30         84 ]
           2       95223     188.246   0.000e+00   0.000e+00   2.089e-01   1.187e-02   1.156e-02  1.0000        1027  [    0    153         30         84 ]
           2       95818     190.099   0.000e+00   0.000e+00   2.076e-01   1.187e-02   1.156e-02  1.0000        1031  [    1     20         60         84 ]
           2       96352     191.835   0.000e+00   0.000e+00   2.076e-01   1.187e-02   1.156e-02  1.0000        1032  [    0    154         30         84 ]
           2       96862     192.917   0.000e+00   0.000e+00   2.528e-01   1.187e-02   1.156e-02  1.0000        1034  [    0    155         30         84 ]
           2       97369     194.290   0.000e+00   0.000e+00   2.046e-01   1.187e-02   1.156e-02  1.0000        1034  [    0    156         30         83 ]
           2       97881     195.687   0.000e+00   0.000e+00   3.193e-01   1.177e-02   1.146e-02  1.0000        1033  [    0    157         30         83 ]
           2       98405     197.657   0.000e+00   0.000e+00   2.088e-01   1.177e-02   1.146e-02  1.0000        1037  [    0    158         30         83 ]
           2       98927     198.791   0.000e+00   0.000e+00   2.091e-01   1.177e-02   1.146e-02  1.0000        1045  [    0    159         30         83 ]
           2       99443     200.609   0.000e+00   0.000e+00   3.058e-01   1.159e-02   1.049e-02  1.0000        1050  [    0    160         30         82 ]
           2       99970     201.985   0.000e+00   0.000e+00   3.058e-01   1.159e-02   1.049e-02  1.0000        1054  [    0    161         30         82 ]
           3      100542     203.203   0.000e+00   0.000e+00   3.025e-01   1.159e-02   1.049e-02  1.0000        1057  [    2      3        120         89 ]
