# Generation  Evaluations  Time (s)  Best_obj[0]  Best_obj[1]  Hypervol.   IGD         IGDX        SR    Appr.set  [ Pop.index  Subgen.  Pop.size  Subpops ]
           0         110       3.445   3.725e-03   6.857e-02   6.425e-01   7.071e-02   2.213e-01  0.0000          35  [    0      1         30          9 ]
           0         216       3.539   3.725e-03   5.849e-03   6.528e-01   4.536e-02   1.721e-01  0.0000          68  [    0      2         30         11 ]
           0         345       3.651   3.725e-03   6.714e-04   5.615e-01   3.762e-02   1.690e-01  0.0000          81  [    0      3         30         15 ]
           0         482       3.782   2.948e-03   4.720e-04   6.098e-01   3.555e-02   1.653e-01  0.0000          96  [    0      4         30         17 ]
           0         635       3.930   2.948e-03   4.720e-04   5.628e-01   3.224e-02   1.476e-01  0.0000         105  [    0      5         30         20 ]
           0         799       4.080   2.948e-03   4.835e-05   6.134e-01   2.537e-02   1.347e-01  0.0000         119  [    0      6         30         22 ]
           0         995       4.260   2.948e-03   4.835e-05   4.959e-01   2.213e-02   1.125e-01  0.0000         137  [    0      7         30         24 ]
           0        1191       4.465   2.948e-03   1.468e-05   5.149e-01   2.113e-02   1.119e-01  0.0000         139  [    0      8         30         25 ]
           1        1695       4.676   1.457e-03   1.468e-05   5.849e-01   1.122e-02   9.001e-02  0.0000         297  [    1      1         60         38 ]
           1        1978       5.133   1.457e-03   1.468e-05   6.375e-01   1.014e-02   8.296e-02  0.0000         311  [    0      9         30         39 ]
           1        2339       5.632   1.457e-03   1.468e-05   6.377e-01   9.851e-03   7.394e-02  0.0000         349  [    1      2         60         39 ]
           1        2630       6.214   1.457e-03   1.468e-05   5.971e-01   8.777e-03   7.113e-02  0.0000         369  [    0     10         30         39 ]
           1        2911       6.821   1.457e-03   1.468e-05   6.265e-01   8.080e-03   6.672e-02  0.0000         378  [    0     11         30         37 ]
           1        3190       7.397   1.457e-03   1.468e-05   6.515e-01   6.897e-03   6.217e-02  0.0000         359  [    0     12         30         37 ]
           1        3447       7.947   1.457e-03   1.468e-05   6.784e-01   6.559e-03   6.095e-02  0.0000         364  [    0     13         30         37 ]
           1        3713       8.530   1.457e-03   1.468e-05   6.866e-01   6.285e-03   5.524e-02  0.0000         384  [    0     14         30         39 ]
           1        3982       9.097   1.338e-03   1.468e-05   6.163e-01   5.811e-03   4.818e-02  0.5000         387  [    0     15         30         40 ]
           1        4265       9.702   1.338e-03   1.468e-05   6.680e-01   5.811e-03   4.554e-02  1.0000         393  [    0     16         30         42 ]
           1        4562      10.225   1.338e-03   1.468e-05   6.970e-01   5.312e-03   4.442e-02  1.0000         407  [    0     17         30         43 ]
           1        4928      10.783   1.338e-03   1.468e-05   6.965e-01   5.046e-03   4.264e-02  1.0000         419  [    1      3         60         43 ]
           1        5224      11.427   1.338e-03   1.468e-05   6.812e-01   4.952e-03   4.255e-02  1.0000         439  [    0     18         30         45 ]
           1        5527      11.923   1.338e-03   1.468e-05   6.693e-01   4.889e-03   4.247e-02  1.0000         467  [    0     19         30         45 ]
           1        5838      12.480   6.626e-04   1.468e-05   6.871e-01   4.789e-03   4.118e-02  1.0000         492  [    0     20         30         45 ]
           1        6152      13.171   6.626e-04   1.468e-05   6.823e-01   4.749e-03   4.078e-02  1.0000         509  [    0     21         30         44 ]
           1        6482      13.993   6.626e-04   1.468e-05   6.408e-01   4.135e-03   4.018e-02  1.0000         526  [    0     22         30         44 ]
           1        6803      14.858   6.626e-04   1.468e-05   6.675e-01   4.066e-03   4.006e-02  1.0000         529  [    0     23         30         43 ]
           1        7112      15.657   6.626e-04   1.468e-05   5.560e-01   4.066e-03   3.995e-02  1.0000         531  [    0     24         30         43 ]
           1        7426      16.329   6.626e-04   1.468e-05   6.736e-01   4.010e-03   3.820e-02  1.0000         542  [    0     25         30         44 ]
           1        7813      17.054   6.626e-04   1.468e-05   6.409e-01   3.872e-03   3.729e-02  1.0000         567  [    1      4         60         44 ]
           1        8126      17.975   9.620e-05   1.468e-05   6.712e-01   3.860e-03   3.676e-02  1.0000         578  [    0     26         30         44 ]
           1        8452      19.023   9.620e-05   1.468e-05   6.656e-01   3.592e-03   3.446e-02  1.0000         599  [    0     27         30         43 ]
           1        8766      20.020   9.620e-05   1.468e-05   6.292e-01   3.568e-03   3.419e-02  1.0000         611  [    0     28         30         44 ]
           1        9093      21.091   9.620e-05   1.468e-05   5.924e-01   3.509e-03   3.402e-02  1.0000         623  [    0     29         30         45 ]
           1        9417      22.153   9.620e-05   1.468e-05   6.630e-01   3.501e-03   3.396e-02  1.0000         624  [    0     30         30         44 ]
           1        9734      22.928   9.620e-05   1.468e-05   5.550e-01   3.491e-03   3.400e-02  1.0000         626  [    0     31         30         43 ]
           1       10048      23.636   9.620e-05   1.468e-05   6.635e-01   3.484e-03   3.390e-02  1.0000         636  [    0     32         30         43 ]
           1       10369      24.300   9.620e-05   1.468e-05   5.537e-01   3.446e-03   3.198e-02  1.0000         655  [    0     33         30         42 ]
           1       10757      25.058   9.620e-05   1.468e-05   5.910e-01   3.412e-03   3.145e-02  1.0000         676  [    1      5         60         43 ]
           1       11084      25.844   9.620e-05   1.468e-05   6.621e-01   3.314e-03   3.100e-02  1.0000         694  [    0     34         30         44 ]
           1       11419      26.879   9.620e-05   1.468e-05   5.484e-01   3.314e-03   3.090e-02  1.0000         703  [    0     35         30         43 ]
           1       11750      27.998   2.489e-06   1.468e-05   5.453e-01   3.293e-03   3.022e-02  1.0000         720  [    0     36         30         44 ]
           1       12089      29.079   2.489e-06   1.468e-05   5.438e-01   3.154e-03   3.015e-02  1.0000         725  [    0     37         30         45 ]
           1       12436      30.004   2.489e-06   1.468e-05   5.425e-01   3.138e-03   2.983e-02  1.0000         739  [    0     38         30         46 ]
           1       12786      31.132   2.489e-06   1.468e-05   5.410e-01   3.138e-03   2.958e-02  1.0000         744  [    0     39         30         46 ]
           1       13135      32.298   2.489e-06   1.468e-05   6.494e-01   3.072e-03   2.935e-02  1.0000         750  [    0     40         30         45 ]
           1       13470      33.384   2.489e-06   1.468e-05   5.348e-01   2.998e-03   2.895e-02  1.0000         756  [    0     41         30         46 ]
           1       13888      34.755   2.489e-06   4.744e-06   6.495e-01   2.767e-03   2.806e-02  1.0000         784  [    1      6         60         43 ]
           1       14209      36.045   2.489e-06   4.744e-06   6.394e-01   2.765e-03   2.791e-02  1.0000         798  [    0     42         30         42 ]
           1       14526      37.311   2.489e-06   4.744e-06   5.503e-01   2.754e-03   2.788e-02  1.0000         805  [    0     43         30         42 ]
           1       14866      38.584   2.489e-06   4.744e-06   6.215e-01   2.754e-03   2.787e-02  1.0000         799  [    0     44         30         42 ]
           1       15192      39.703   2.489e-06   4.744e-06   6.416e-01   2.745e-03   2.749e-02  1.0000         811  [    0     45         30         42 ]
           1       15515      41.122   2.489e-06   4.744e-06   5.308e-01   2.745e-03   2.748e-02  1.0000         815  [    0     46         30         43 ]
           1       15853      42.507   2.489e-06   4.744e-06   6.224e-01   2.616e-03   2.737e-02  1.0000         820  [    0     47         30         44 ]
           1       16191      43.701   2.489e-06   4.744e-06   5.360e-01   2.582e-03   2.732e-02  1.0000         824  [    0     48         30         44 ]
           1       16522      44.999   2.489e-06   4.744e-06   6.487e-01   2.510e-03   2.735e-02  1.0000         830  [    0     49         30         44 ]
           1       16939      46.369   2.489e-06   4.744e-06   6.535e-01   2.426e-03   2.639e-02  1.0000         853  [    1      7         60         45 ]
           1       17288      47.250   2.489e-06   4.744e-06   6.524e-01   2.411e-03   2.634e-02  1.0000         865  [    0     50         30         46 ]
           1       17659      48.212   2.489e-06   4.744e-06   6.519e-01   2.264e-03   2.468e-02  1.0000         850  [    0     51         30         44 ]
           1       18001      49.363   2.489e-06   4.744e-06   6.800e-01   2.264e-03   2.464e-02  1.0000         855  [    0     52         30         41 ]
           1       18327      50.848   2.489e-06   4.744e-06   6.801e-01   2.259e-03   2.446e-02  1.0000         869  [    0     53         30         41 ]
           1       18661      52.002   2.489e-06   4.744e-06   6.929e-01   2.228e-03   2.370e-02  1.0000         873  [    0     54         30         39 ]
           1       18970      52.978   2.489e-06   4.744e-06   6.792e-01   2.228e-03   2.371e-02  1.0000         877  [    0     55         30         39 ]
           1       19293      54.016   2.489e-06   4.744e-06   6.770e-01   2.221e-03   2.424e-02  1.0000         869  [    0     56         30         38 ]
           1       19607      55.353   2.489e-06   4.744e-06   6.768e-01   2.221e-03   2.413e-02  1.0000         876  [    0     57         30         42 ]
           1       20002      57.049   2.489e-06   4.744e-06   6.883e-01   2.204e-03   2.404e-02  1.0000         904  [    1      8         60         42 ]
           1       20324      58.650   2.489e-06   4.744e-06   6.743e-01   2.153e-03   2.389e-02  1.0000         896  [    0     58         30         40 ]
           1       20647      59.765   2.489e-06   4.744e-06   6.692e-01   2.144e-03   2.396e-02  1.0000         902  [    0     59         30         40 ]
           1       20963      60.976   2.489e-06   4.744e-06   6.686e-01   2.056e-03   2.345e-02  1.0000         916  [    0     60         30         41 ]
           1       21283      62.635   2.489e-06   4.744e-06   6.935e-01   2.041e-03   2.349e-02  1.0000         906  [    0     61         30         39 ]
           1       21599      63.922   2.489e-06   4.744e-06   6.709e-01   2.041e-03   2.355e-02  1.0000         917  [    0     62         30         39 ]
           1       21920      65.200   2.489e-06   4.744e-06   6.789e-01   1.998e-03   2.354e-02  1.0000         925  [    0     63         30         37 ]
           1       22248      66.798   2.489e-06   4.744e-06   6.949e-01   1.935e-03   2.327e-02  1.0000         924  [    0     64         30         37 ]
           2       24091      68.461   2.489e-06   4.744e-06   5.654e-01   3.139e-03   3.448e-02  1.0000         758  [    2      1        120         49 ]
           2       24641      69.354   2.489e-06   4.744e-06   5.535e-01   3.131e-03   3.553e-02  1.0000         687  [    1      9         60         46 ]
           2       25264      70.409   2.489e-06   4.744e-06   5.677e-01   2.629e-03   3.217e-02  1.0000         758  [    2      2        120         39 ]
           2       25706      71.369   2.489e-06   4.744e-06   5.728e-01   2.537e-03   3.111e-02  1.0000         787  [    1     10         60         42 ]
           2       26131      72.367   2.489e-06   4.744e-06   6.058e-01   2.517e-03   3.081e-02  1.0000         801  [    1     11         60         41 ]
           2       26548      73.420   2.489e-06   4.744e-06   6.083e-01   2.384e-03   3.021e-02  1.0000         840  [    1     12         60         41 ]
           2       26984      74.930   2.489e-06   4.744e-06   6.084e-01   2.294e-03   2.860e-02  1.0000         788  [    1     13         60         40 ]
           2       27382      75.950   2.489e-06   4.744e-06   5.006e-01   2.275e-03   2.838e-02  1.0000         804  [    1     14         60         41 ]
           2       27797      77.278   2.489e-06   4.744e-06   5.888e-01   2.275e-03   2.815e-02  1.0000         826  [    1     15         60         45 ]
           2       28237      78.705   2.489e-06   4.744e-06   5.926e-01   2.238e-03   2.767e-02  1.0000         843  [    1     16         60         43 ]
           2       28684      80.145   2.489e-06   4.744e-06   5.985e-01   2.218e-03   2.725e-02  1.0000         845  [    1     17         60         45 ]
           2       29262      81.241   2.489e-06   4.744e-06   5.986e-01   2.125e-03   2.625e-02  1.0000         922  [    2      3        120         45 ]
           2       29693      82.502   2.489e-06   4.744e-06   5.983e-01   2.075e-03   2.587e-02  1.0000         923  [    1     18         60         43 ]
           2       30134      83.876   2.489e-06   4.744e-06   5.532e-01   1.972e-03   2.519e-02  1.0000         951  [    1     19         60         40 ]
           2       30567      85.152   2.489e-06   4.744e-06   4.931e-01   1.909e-03   2.444e-02  1.0000         949  [    1     20         60         41 ]
           2       31014      86.547   2.489e-06   4.744e-06   6.039e-01   1.895e-03   2.431e-02  1.0000         962  [    1     21         60         40 ]
           2       31460      88.214   2.489e-06   4.744e-06   6.028e-01   1.885e-03   2.389e-02  1.0000         936  [    1     22         60         39 ]
           2       31900      89.689   2.489e-06   4.744e-06   5.609e-01   1.833e-03   2.334e-02  1.0000         938  [    1     23         60         39 ]
           2       32342      90.898   2.489e-06   4.744e-06   6.218e-01   1.763e-03   2.289e-02  1.0000         927  [    1     24         60         39 ]
           2       32763      92.032   2.489e-06   4.744e-06   6.316e-01   1.742e-03   2.271e-02  1.0000         946  [    1     25         60         38 ]
           2       33343      93.268   2.489e-06   4.744e-06   5.452e-01   1.689e-03   2.206e-02  1.0000         960  [    2      4        120         41 ]
           2       33796      94.518   2.489e-06   4.744e-06   5.443e-01   1.650e-03   2.181e-02  1.0000         947  [    1     26         60         38 ]
           2       34195      95.841   2.489e-06   4.744e-06   6.506e-01   1.644e-03   2.193e-02  1.0000         958  [    1     27         60         35 ]
           2       34592      97.058   2.489e-06   4.744e-06   5.412e-01   1.634e-03   2.182e-02  1.0000         949  [    1     28         60         33 ]
           2       34985      98.241   2.489e-06   4.744e-06   6.210e-01   1.575e-03   2.141e-02  1.0000         977  [    1     29         60         35 ]
           2       35365      99.353   2.489e-06   4.744e-06   6.289e-01   1.574e-03   2.135e-02  1.0000        1001  [    1     30         60         35 ]
           2       35769     101.059   2.489e-06   4.744e-06   6.053e-01   1.536e-03   2.099e-02  1.0000        1024  [    1     31         60         33 ]
           2       36170     102.721   2.489e-06   4.744e-06   6.131e-01   1.531e-03   2.089e-02  1.0000        1044  [    1     32         60         35 ]
           2       36582     104.035   2.489e-06   4.744e-06   5.266e-01   1.523e-03   2.082e-02  1.0000        1068  [    1     33         60         35 ]
           2       37135     105.266   2.489e-06   4.744e-06   6.257e-01   1.490e-03   2.018e-02  1.0000        1091  [    2      5        120         35 ]
           2       37569     106.798   2.489e-06   4.744e-06   5.720e-01   1.464e-03   1.992e-02  1.0000        1090  [    1     34         60         32 ]
           2       37995     108.783   2.489e-06   4.744e-06   6.479e-01   1.463e-03   1.986e-02  1.0000        1083  [    1     35         60         29 ]
           2       38390     110.350   2.489e-06   4.744e-06   6.182e-01   1.451e-03   1.959e-02  1.0000        1106  [    1     36         60         30 ]
           2       38783     112.126   1.133e-06   4.744e-06   6.357e-01   1.447e-03   1.930e-02  1.0000        1101  [    1     37         60         29 ]
           2       39162     114.240   1.133e-06   4.744e-06   6.108e-01   1.437e-03   1.906e-02  1.0000        1100  [    1     38         60         28 ]
           2       39536     116.075   1.133e-06   4.744e-06   5.695e-01   1.434e-03   1.906e-02  1.0000        1121  [    1     39         60         29 ]
           2       39905     118.081   1.133e-06   4.744e-06   5.682e-01   1.428e-03   1.904e-02  1.0000        1124  [    1     40         60         29 ]
           2       40291     120.066   1.133e-06   4.744e-06   6.250e-01   1.406e-03   1.858e-02  1.0000        1152  [    1     41         60         30 ]
           2       40837     121.948   1.133e-06   4.744e-06   6.250e-01   1.397e-03   1.846e-02  1.0000        1182  [    2      6        120         30 ]
           2       41240     124.043   1.133e-06   4.744e-06   6.348e-01   1.330e-03   1.766e-02  1.0000        1212  [    1     42         60         32 ]
           2       41636     125.662   1.133e-06   4.744e-06   6.214e-01   1.309e-03   1.739e-02  1.0000        1233  [    1     43         60         35 ]
           2       42023     127.277   1.133e-06   1.144e-06   5.478e-01   2.201e-03   2.718e-02  1.0000         749  [    1     44         60         32 ]
           2       42425     128.287   1.133e-06   1.144e-06   5.713e-01   2.187e-03   2.744e-02  1.0000         638  [    1     45         60         25 ]
           2       42789     129.177   1.133e-06   1.144e-06   5.946e-01   2.074e-03   2.670e-02  1.0000         645  [    1     46         60         22 ]
           2       43110     130.048   1.133e-06   1.144e-06   6.037e-01   2.044e-03   2.655e-02  1.0000         657  [    1     47         60         22 ]
           2       43432     130.949   1.133e-06   1.144e-06   5.697e-01   1.986e-03   2.579e-02  1.0000         676  [    1     48         60         23 ]
           2       43763     132.097   1.133e-06   1.144e-06   6.111e-01   1.933e-03   2.567e-02  1.0000         693  [    1     49         60         25 ]
           2       44262     133.184   1.133e-06   1.144e-06   6.088e-01   1.902e-03   2.523e-02  1.0000         725  [    2      7        120         29 ]
           2       44627     134.297   1.133e-06   1.144e-06   6.029e-01   1.863e-03   2.513e-02  1.0000         748  [    1     50         60         28 ]
           2       44994     135.298   1.133e-06   1.144e-06   6.094e-01   1.855e-03   2.497e-02  1.0000         778  [    1     51         60         28 ]
           2       45371     136.442   1.133e-06   1.144e-06   5.907e-01   1.851e-03   2.486e-02  1.0000         789  [    1     52         60         29 ]
           2       45755     137.605   1.133e-06   1.144e-06   5.324e-01   1.805e-03   2.483e-02  1.0000         809  [    1     53         60         30 ]
           2       46147     138.619   1.133e-06   1.144e-06   6.075e-01   1.773e-03   2.466e-02  1.0000         808  [    1     54         60         27 ]
           2       46524     139.743   1.133e-06   1.144e-06   5.031e-01   1.772e-03   2.464e-02  1.0000         810  [    1     55         60         27 ]
           2       46888     140.669   1.133e-06   1.144e-06   6.061e-01   1.751e-03   2.422e-02  1.0000         833  [    1     56         60         28 ]
           2       47248     142.097   1.133e-06   1.144e-06   5.206e-01   1.751e-03   2.419e-02  1.0000         828  [    1     57         60         27 ]
           2       47765     143.124   1.133e-06   1.144e-06   6.319e-01   1.718e-03   2.395e-02  1.0000         829  [    2      8        120         29 ]
           2       48123     144.072   1.133e-06   1.144e-06   6.378e-01   1.708e-03   2.393e-02  1.0000         837  [    1     58         60         30 ]
           2       48483     145.242   1.133e-06   1.144e-06   6.319e-01   1.704e-03   2.398e-02  1.0000         845  [    1     59         60         28 ]
           2       48831     146.678   1.133e-06   1.144e-06   5.563e-01   1.685e-03   2.385e-02  1.0000         806  [    1     60         60         27 ]
           2       49166     148.125   1.133e-06   1.144e-06   6.704e-01   1.679e-03   2.370e-02  1.0000         794  [    1     61         60         25 ]
           2       49498     149.293   1.133e-06   1.144e-06   6.651e-01   1.676e-03   2.349e-02  1.0000         818  [    1     62         60         27 ]
           2       49825     150.606   1.133e-06   1.144e-06   5.478e-01   1.647e-03   2.310e-02  1.0000         837  [    1     63         60         27 ]
           2       50145     152.113   1.133e-06   1.144e-06   6.072e-01   1.627e-03   2.298e-02  1.0000         853  [    1     64         60         25 ]
           3       52363     153.292   8.039e-07   1.144e-06   5.988e-01   1.842e-03   2.410e-02  1.0000         747  [    3      1        240         42 ]
           3       52811     154.191   8.039e-07   1.144e-06   6.089e-01   1.843e-03   2.445e-02  1.0000         638  [    1     65         60         32 ]
           3       53321     155.032   8.039e-07   1.144e-06   6.105e-01   1.739e-03   2.368e-02  1.0000         678  [    2      9        120         27 ]
           3       54106     155.903   8.039e-07   1.144e-06   5.399e-01   1.657e-03   2.250e-02  1.0000         784  [    3      2        240         30 ]
           3       54482     156.864   8.039e-07   1.144e-06   5.988e-01   1.635e-03   2.192e-02  1.0000         814  [    1     66         60         33 ]
           3       54886     158.072   8.039e-07   1.144e-06   6.136e-01   1.626e-03   2.168e-02  1.0000         814  [    1     67         60         34 ]
           3       55267     159.211   8.039e-07   1.144e-06   6.254e-01   1.616e-03   2.133e-02  1.0000         835  [    1     68         60         32 ]
           3       55643     160.775   8.039e-07   1.144e-06   6.505e-01   1.605e-03   2.120e-02  1.0000         830  [    1     69         60         30 ]
           3       56020     161.857   8.039e-07   1.144e-06   6.278e-01   1.602e-03   2.114e-02  1.0000         848  [    1     70         60         29 ]
           3       56371     163.053   8.039e-07   1.144e-06   6.291e-01   1.591e-03   2.098e-02  1.0000         861  [    1     71         60         29 ]
           3       56735     164.160   8.039e-07   1.144e-06   6.263e-01   1.582e-03   2.072e-02  1.0000         875  [    1     72         60         29 ]
           3       57102     165.350   8.039e-07   1.144e-06   6.256e-01   1.580e-03   2.068e-02  1.0000         896  [    1     73         60         29 ]
           3       57577     166.893   8.039e-07   1.144e-06   6.545e-01   1.552e-03   2.042e-02  1.0000         920  [    2     10        120         29 ]
           3       57957     168.496   8.039e-07   1.144e-06   6.564e-01   1.532e-03   2.019e-02  1.0000         934  [    1     74         60         30 ]
           3       58317     169.945   8.039e-07   1.144e-06   6.308e-01   1.495e-03   2.006e-02  1.0000         948  [    1     75         60         30 ]
           3       58694     171.802   8.039e-07   1.144e-06   6.600e-01   1.486e-03   2.003e-02  1.0000         966  [    1     76         60         30 ]
           3       59075     173.302   8.039e-07   1.144e-06   6.311e-01   1.473e-03   1.991e-02  1.0000         980  [    1     77         60         29 ]
           3       59461     175.006   8.039e-07   1.144e-06   6.543e-01   1.454e-03   1.982e-02  1.0000         994  [    1     78         60         30 ]
           3       59847     176.662   8.039e-07   1.144e-06   6.312e-01   1.435e-03   1.954e-02  1.0000        1007  [    1     79         60         30 ]
           3       60263     177.929   8.039e-07   1.144e-06   6.748e-01   1.423e-03   1.940e-02  1.0000         988  [    1     80         60         28 ]
           3       60637     179.048   8.039e-07   1.144e-06   6.742e-01   1.418e-03   1.937e-02  1.0000         993  [    1     81         60         28 ]
           3       61164     180.274   8.039e-07   1.144e-06   6.795e-01   1.404e-03   1.927e-02  1.0000        1012  [    2     11        120         33 ]
           3       61543     181.740   8.039e-07   1.144e-06   6.802e-01   1.384e-03   1.916e-02  1.0000        1004  [    1     82         60         32 ]
           3       61910     183.245   8.039e-07   1.144e-06   5.727e-01   1.384e-03   1.916e-02  1.0000        1009  [    1     83         60         30 ]
           3       62289     184.838   8.039e-07   1.144e-06   5.721e-01   1.370e-03   1.900e-02  1.0000        1031  [    1     84         60         30 ]
           3       62661     186.148   8.039e-07   1.144e-06   5.808e-01   1.364e-03   1.893e-02  1.0000        1034  [    1     85         60         31 ]
           3       63038     187.445   8.039e-07   1.144e-06   6.219e-01   1.352e-03   1.890e-02  1.0000        1064  [    1     86         60         29 ]
           3       63410     189.060   8.039e-07   1.144e-06   6.147e-01   1.348e-03   1.889e-02  1.0000        1076  [    1     87         60         30 ]
           3       63792     190.787   8.039e-07   1.144e-06   5.724e-01   1.340e-03   1.875e-02  1.0000        1098  [    1     88         60         33 ]
           3       64194     192.319   8.039e-07   1.144e-06   6.076e-01   1.336e-03   1.874e-02  1.0000        1120  [    1     89         60         35 ]
           3       64731     193.676   3.711e-08   1.144e-06   6.809e-01   1.318e-03   1.852e-02  1.0000        1127  [    2     12        120         34 ]
           3       65155     195.255   3.711e-08   1.144e-06   5.749e-01   1.312e-03   1.847e-02  1.0000        1147  [    1     90         60         34 ]
           3       65554     196.657   3.711e-08   1.144e-06   6.779e-01   1.304e-03   1.834e-02  1.0000        1181  [    1     91         60         35 ]
           3       65954     198.359   3.711e-08   1.144e-06   6.985e-01   1.276e-03   1.814e-02  1.0000        1164  [    1     92         60         34 ]
           3       66355     200.112   3.711e-08   1.144e-06   6.958e-01   1.273e-03   1.804e-02  1.0000        1176  [    1     93         60         32 ]
           3       66730     201.967   3.711e-08   1.144e-06   6.488e-01   1.260e-03   1.785e-02  1.0000        1189  [    1     94         60         31 ]
           3       67113     204.269   3.711e-08   1.144e-06   6.758e-01   1.258e-03   1.786e-02  1.0000        1203  [    1     95         60         34 ]
           3       67510     206.190   3.711e-08   1.144e-06   6.925e-01   1.248e-03   1.787e-02  1.0000        1182  [    1     96         60         34 ]
           3       67890     208.343   3.711e-08   1.144e-06   6.624e-01   1.230e-03   1.771e-02  1.0000        1207  [    1     97         60         34 ]
           3       68427     210.618   3.711e-08   1.144e-06   6.868e-01   1.212e-03   1.745e-02  1.0000        1239  [    2     13        120         34 ]
           3       68825     212.606   3.711e-08   1.144e-06   5.248e-01   1.830e-03   2.408e-02  1.0000         743  [    1     98         60         35 ]
           3       69224     213.593   3.711e-08   1.144e-06   6.482e-01   1.824e-03   2.411e-02  1.0000         682  [    1     99         60         26 ]
           3       69573     214.562   3.711e-08   1.144e-06   6.652e-01   1.743e-03   2.359e-02  1.0000         707  [    1    100         60         24 ]
           3       69910     215.465   3.711e-08   1.144e-06   5.554e-01   1.697e-03   2.320e-02  1.0000         734  [    1    101         60         25 ]
           3       70242     216.344   3.711e-08   1.144e-06   5.545e-01   1.662e-03   2.302e-02  1.0000         767  [    1    102         60         25 ]
           3       70577     217.873   3.711e-08   1.144e-06   6.627e-01   1.650e-03   2.291e-02  1.0000         785  [    1    103         60         25 ]
           3       70913     219.240   3.711e-08   1.144e-06   6.644e-01   1.631e-03   2.281e-02  1.0000         793  [    1    104         60         23 ]
           3       71253     220.514   3.711e-08   1.144e-06   5.649e-01   1.624e-03   2.259e-02  1.0000         768  [    1    105         60         23 ]
           3       71749     221.829   3.711e-08   1.144e-06   6.723e-01   1.586e-03   2.227e-02  1.0000         803  [    2     14        120         25 ]
           3       72088     222.941   3.711e-08   1.144e-06   7.021e-01   1.569e-03   2.218e-02  1.0000         760  [    1    106         60         22 ]
           3       72402     224.065   3.711e-08   1.144e-06   6.872e-01   1.547e-03   2.178e-02  1.0000         785  [    1    107         60         22 ]
           3       72720     225.262   3.711e-08   1.144e-06   6.458e-01   1.543e-03   2.144e-02  1.0000         803  [    1    108         60         24 ]
           3       73063     226.647   3.711e-08   1.144e-06   5.898e-01   1.505e-03   2.124e-02  1.0000         821  [    1    109         60         22 ]
           3       73383     227.845   3.711e-08   1.144e-06   5.866e-01   1.501e-03   2.119e-02  1.0000         846  [    1    110         60         22 ]
           3       73712     228.870   3.711e-08   1.144e-06   6.734e-01   1.482e-03   2.103e-02  1.0000         874  [    1    111         60         23 ]
           3       74043     230.562   3.711e-08   1.144e-06   5.713e-01   1.481e-03   2.096e-02  1.0000         894  [    1    112         60         23 ]
           3       74369     232.072   3.711e-08   1.144e-06   5.752e-01   1.465e-03   2.090e-02  1.0000         904  [    1    113         60         23 ]
           3       74812     233.725   3.711e-08   1.144e-06   6.543e-01   1.455e-03   2.062e-02  1.0000         910  [    2     15        120         22 ]
           3       75145     235.339   3.711e-08   1.144e-06   6.391e-01   1.449e-03   2.053e-02  1.0000         923  [    1    114         60         21 ]
           3       75470     236.793   3.711e-08   1.144e-06   6.686e-01   1.444e-03   2.046e-02  1.0000         940  [    1    115         60         22 ]
           3       75800     238.553   3.711e-08   1.144e-06   5.555e-01   1.432e-03   2.027e-02  1.0000         936  [    1    116         60         20 ]
           3       76124     240.133   3.711e-08   1.144e-06   6.856e-01   1.402e-03   2.009e-02  1.0000         941  [    1    117         60         20 ]
           3       76460     241.911   3.711e-08   1.144e-06   7.001e-01   1.402e-03   2.008e-02  1.0000         929  [    1    118         60         19 ]
           3       76791     243.185   3.711e-08   1.144e-06   6.866e-01   1.394e-03   1.991e-02  1.0000         942  [    1    119         60         19 ]
           3       77100     244.874   3.711e-08   1.144e-06   6.864e-01   1.393e-03   1.986e-02  1.0000         944  [    1    120         60         20 ]
           3       77424     246.302   3.711e-08   1.144e-06   6.959e-01   1.387e-03   1.980e-02  1.0000         960  [    1    121         60         21 ]
           3       77873     248.059   3.711e-08   1.144e-06   5.807e-01   1.380e-03   1.976e-02  1.0000         980  [    2     16        120         21 ]
           3       78208     249.185   3.711e-08   1.144e-06   6.914e-01   1.362e-03   1.964e-02  1.0000         998  [    1    122         60         24 ]
           3       78566     250.307   3.711e-08   1.144e-06   6.902e-01   1.350e-03   1.959e-02  1.0000        1020  [    1    123         60         25 ]
           3       78900     251.975   3.711e-08   1.144e-06   7.138e-01   1.336e-03   1.952e-02  1.0000         978  [    1    124         60         22 ]
           3       79231     253.574   3.711e-08   1.144e-06   6.040e-01   1.332e-03   1.956e-02  1.0000         991  [    1    125         60         23 ]
           3       79541     254.729   3.711e-08   1.144e-06   5.989e-01   1.322e-03   1.953e-02  1.0000        1002  [    1    126         60         26 ]
           3       79908     255.898   3.711e-08   1.144e-06   5.962e-01   1.322e-03   1.950e-02  1.0000        1013  [    1    127         60         25 ]
           3       80254     257.314   3.711e-08   1.144e-06   7.141e-01   1.298e-03   1.941e-02  1.0000        1028  [    1    128         60         26 ]
           3       80626     258.886   3.711e-08   1.144e-06   7.122e-01   1.291e-03   1.937e-02  1.0000        1045  [    1    129         60         27 ]
           3       81161     260.009   3.711e-08   1.144e-06   6.675e-01   1.262e-03   1.897e-02  1.0000        1044  [    2     17        120         26 ]
           3       81927     262.010   3.711e-08   1.144e-06   6.722e-01   1.230e-03   1.854e-02  1.0000        1086  [    3      3        240         24 ]
           3       82274     263.615   3.711e-08   1.144e-06   7.003e-01   1.218e-03   1.849e-02  1.0000        1097  [    1    130         60         25 ]
           3       82612     265.364   3.711e-08   1.144e-06   7.048e-01   1.217e-03   1.847e-02  1.0000        1122  [    1    131         60         26 ]
           3       82966     266.709   3.711e-08   1.144e-06   7.219e-01   1.216e-03   1.834e-02  1.0000        1092  [    1    132         60         25 ]
           3       83321     268.054   3.711e-08   1.144e-06   7.401e-01   1.200e-03   1.794e-02  1.0000        1066  [    1    133         60         24 ]
           3       83622     269.283   3.711e-08   1.144e-06   6.304e-01   1.198e-03   1.793e-02  1.0000        1072  [    1    134         60         23 ]
           3       83940     270.820   3.711e-08   1.144e-06   6.359e-01   1.196e-03   1.789e-02  1.0000        1082  [    1    135         60         22 ]
           3       84246     272.454   3.711e-08   1.144e-06   6.335e-01   1.196e-03   1.783e-02  1.0000        1086  [    1    136         60         20 ]
           3       84547     274.169   3.711e-08   1.144e-06   7.167e-01   1.183e-03   1.773e-02  1.0000        1104  [    1    137         60         21 ]
           3       85029     275.807   3.711e-08   1.144e-06   7.553e-01   1.177e-03   1.757e-02  1.0000        1082  [    2     18        120         18 ]
           3       85363     277.022   3.711e-08   1.144e-06   7.692e-01   1.173e-03   1.752e-02  1.0000        1068  [    1    138         60         18 ]
           3       85662     278.605   3.711e-08   1.144e-06   7.556e-01   1.172e-03   1.752e-02  1.0000        1096  [    1    139         60         19 ]
           3       85972     280.098   3.711e-08   1.144e-06   7.515e-01   1.172e-03   1.751e-02  1.0000        1098  [    1    140         60         18 ]
           3       86277     281.715   3.711e-08   1.144e-06   7.602e-01   1.170e-03   1.747e-02  1.0000        1104  [    1    141         60         19 ]
           3       86559     283.437   3.711e-08   1.144e-06   7.511e-01   1.167e-03   1.747e-02  1.0000        1118  [    1    142         60         19 ]
           3       86866     284.930   3.711e-08   1.144e-06   6.707e-01   1.165e-03   1.747e-02  1.0000        1138  [    1    143         60         21 ]
           3       87206     286.344   1.355e-08   1.144e-06   7.625e-01   1.165e-03   1.746e-02  1.0000        1129  [    1    144         60         18 ]
           3       87520     287.821   1.355e-08   1.144e-06   7.548e-01   1.163e-03   1.738e-02  1.0000        1140  [    1    145         60         18 ]
           3       87933     289.686   1.355e-08   1.144e-06   7.167e-01   1.153e-03   1.736e-02  1.0000        1156  [    2     19        120         18 ]
           3       88254     291.335   1.355e-08   1.144e-06   7.568e-01   1.148e-03   1.721e-02  1.0000        1149  [    1    146         60         17 ]
           3       88564     292.932   1.355e-08   1.144e-06   6.452e-01   1.148e-03   1.721e-02  1.0000        1162  [    1    147         60         18 ]
           3       88868     294.760   1.355e-08   1.144e-06   7.309e-01   1.139e-03   1.716e-02  1.0000        1167  [    1    148         60         20 ]
           3       89161     296.837   1.355e-08   1.144e-06   7.581e-01   1.138e-03   1.717e-02  1.0000        1160  [    1    149         60         18 ]
           3       89468     298.917   1.355e-08   1.144e-06   6.463e-01   1.137e-03   1.713e-02  1.0000        1166  [    1    150         60         19 ]
           3       89795     300.776   1.355e-08   1.144e-06   6.424e-01   1.119e-03   1.701e-02  1.0000        1197  [    1    151         60         20 ]
           3       90099     302.239   1.355e-08   1.144e-06   6.390e-01   1.113e-03   1.696e-02  1.0000        1218  [    1    152         60         21 ]
           3       90424     304.424   1.355e-08   1.144e-06   7.438e-01   1.112e-03   1.696e-02  1.0000        1222  [    1    153         60         19 ]
           3       90910     306.717   1.355e-08   1.144e-06   7.492e-01   1.104e-03   1.678e-02  1.0000        1229  [    2     20        120         18 ]
           3       91240     308.887   1.355e-08   1.144e-06   6.490e-01   1.088e-03   1.666e-02  1.0000        1241  [    1    154         60         20 ]
           3       91568     311.200   1.355e-08   1.144e-06   7.027e-01   1.365e-03   1.992e-02  1.0000         750  [    1    155         60         22 ]
           3       91880     311.812   1.355e-08   1.144e-06   7.617e-01   1.375e-03   1.997e-02  1.0000         706  [    1    156         60         15 ]
           3       92160     312.837   1.355e-08   1.144e-06   7.452e-01   1.370e-03   1.993e-02  1.0000         732  [    1    157         60         16 ]
           3       92438     313.911   1.355e-08   1.144e-06   7.354e-01   1.359e-03   1.979e-02  1.0000         749  [    1    158         60         16 ]
           3       92716     314.943   1.355e-08   1.144e-06   7.332e-01   1.352e-03   1.971e-02  1.0000         759  [    1    159         60         16 ]
           3       93007     316.024   1.355e-08   1.144e-06   7.298e-01   1.351e-03   1.971e-02  1.0000         774  [    1    160         60         15 ]
           3       93284     316.897   1.355e-08   1.144e-06   6.410e-01   1.351e-03   1.970e-02  1.0000         783  [    1    161         60         14 ]
           3       93727     317.800   1.355e-08   1.144e-06   6.253e-01   1.325e-03   1.957e-02  1.0000         807  [    2     21        120         15 ]
           3       94024     318.911   1.355e-08   1.144e-06   7.351e-01   1.324e-03   1.957e-02  1.0000         806  [    1    162         60         19 ]
           3       94335     319.846   1.355e-08   1.144e-06   7.337e-01   1.315e-03   1.947e-02  1.0000         822  [    1    163         60         18 ]
           3       94647     320.855   1.355e-08   1.144e-06   7.392e-01   1.315e-03   1.946e-02  1.0000         817  [    1    164         60         17 ]
           3       94936     321.749   1.355e-08   1.144e-06   6.273e-01   1.299e-03   1.930e-02  1.0000         816  [    1    165         60         15 ]
           3       95218     322.843   1.355e-08   1.144e-06   6.241e-01   1.296e-03   1.925e-02  1.0000         838  [    1    166         60         18 ]
           3       95526     324.181   1.355e-08   1.144e-06   7.324e-01   1.296e-03   1.921e-02  1.0000         848  [    1    167         60         19 ]
           3       95842     325.396   1.355e-08   1.144e-06   7.365e-01   1.295e-03   1.921e-02  1.0000         845  [    1    168         60         17 ]
           3       96139     326.317   1.355e-08   1.144e-06   6.231e-01   1.282e-03   1.914e-02  1.0000         855  [    1    169         60         20 ]
           3       96599     327.613   1.355e-08   1.144e-06   7.368e-01   1.252e-03   1.877e-02  1.0000         889  [    2     22        120         18 ]
           3       96911     329.143   1.355e-08   1.144e-06   7.368e-01   1.248e-03   1.849e-02  1.0000         909  [    1    170         60         19 ]
           3       97216     330.512   1.355e-08   1.144e-06   7.332e-01   1.246e-03   1.844e-02  1.0000         931  [    1    171         60         19 ]
           3       97522     332.012   1.355e-08   1.144e-06   6.764e-01   1.239e-03   1.831e-02  1.0000         941  [    1    172         60         20 ]
           3       97835     333.530   1.355e-08   1.144e-06   6.153e-01   1.239e-03   1.831e-02  1.0000         935  [    1    173         60         19 ]
           3       98161     334.955   1.355e-08   1.144e-06   7.262e-01   1.233e-03   1.823e-02  1.0000         933  [    1    174         60         18 ]
           3       98472     336.038   1.355e-08   1.144e-06   6.792e-01   1.221e-03   1.817e-02  1.0000         934  [    1    175         60         15 ]
           3       98788     337.479   1.355e-08   1.144e-06   7.288e-01   1.219e-03   1.816e-02  1.0000         937  [    1    176         60         16 ]
           3       99061     338.913   1.355e-08   1.144e-06   7.431e-01   1.215e-03   1.807e-02  1.0000         936  [    1    177         60         15 ]
           3       99507     340.416   1.355e-08   1.144e-06   6.292e-01   1.207e-03   1.794e-02  1.0000         947  [    2     23        120         18 ]
           3       99816     342.138   1.355e-08   1.144e-06   6.254e-01   1.207e-03   1.794e-02  1.0000         955  [    1    178         60         21 ]
           4      100126     343.716   1.355e-08   1.144e-06   7.323e-01   1.203e-03   1.797e-02  1.0000         968  [    3      3        240         24 ]
