# Generation  Evaluations  Time (s)  Best_obj[0]  Best_obj[1]  Hypervol.   IGD         IGDX        SR    Appr.set  [ Pop.index  Subgen.  Pop.size  Subpops ]
           0         113       2.788   4.294e-03   9.161e-02   5.726e-01   6.603e-02   2.101e-01  0.0000          31  [    0      1         30          9 ]
           0         219       2.879   4.294e-03   9.161e-02   4.824e-01   5.341e-02   1.812e-01  0.0000          44  [    0      2         30          8 ]
           0         330       2.916   4.294e-03   4.678e-02   7.234e-01   3.092e-02   1.591e-01  0.0000          42  [    0      3         30          9 ]
           0         443       2.952   4.294e-03   2.601e-02   6.575e-01   2.442e-02   1.344e-01  0.0000          60  [    0      4         30         11 ]
           0         559       3.027   4.294e-03   2.601e-02   5.938e-01   2.072e-02   1.287e-01  0.0000          73  [    0      5         30         14 ]
           0         701       3.131   1.444e-04   1.799e-03   6.149e-01   1.825e-02   1.104e-01  0.0000          88  [    0      6         30         14 ]
           0         850       3.260   1.444e-04   1.799e-03   6.579e-01   1.689e-02   1.017e-01  0.0000          96  [    0      7         30         16 ]
           0         996       3.340   1.444e-04   1.799e-03   6.796e-01   1.651e-02   9.814e-02  0.0000         104  [    0      8         30         17 ]
           1        1435       3.429   1.444e-04   1.799e-03   6.714e-01   1.082e-02   7.809e-02  0.0000         227  [    1      1         60         35 ]
           1        1703       3.624   1.444e-04   1.799e-03   6.613e-01   1.042e-02   7.064e-02  0.0000         242  [    0      9         30         37 ]
           1        2042       3.924   1.444e-04   1.454e-05   6.240e-01   8.777e-03   6.669e-02  0.5000         269  [    1      2         60         34 ]
           1        2307       4.376   1.444e-04   1.454e-05   5.847e-01   8.663e-03   6.423e-02  0.5000         289  [    0     10         30         40 ]
           1        2584       4.837   1.444e-04   1.454e-05   6.119e-01   8.121e-03   6.275e-02  0.5000         301  [    0     11         30         39 ]
           1        2864       5.133   1.444e-04   1.454e-05   5.789e-01   6.986e-03   6.148e-02  0.5000         311  [    0     12         30         38 ]
           1        3135       5.538   1.444e-04   1.454e-05   6.118e-01   6.242e-03   6.015e-02  0.5000         331  [    0     13         30         38 ]
           1        3423       6.021   1.444e-04   1.454e-05   5.726e-01   5.655e-03   5.852e-02  0.5000         348  [    0     14         30         39 ]
           1        3695       6.519   1.444e-04   1.454e-05   6.884e-01   5.505e-03   5.674e-02  0.5000         373  [    0     15         30         38 ]
           1        3979       6.938   1.444e-04   1.454e-05   6.867e-01   5.390e-03   5.682e-02  0.5000         386  [    0     16         30         37 ]
           1        4263       7.615   1.444e-04   1.454e-05   6.347e-01   5.192e-03   5.690e-02  0.5000         397  [    0     17         30         37 ]
           1        4620       8.270   1.444e-04   1.454e-05   5.733e-01   4.897e-03   5.016e-02  0.5000         442  [    1      3         60         41 ]
           1        4923       8.696   1.444e-04   1.454e-05   6.036e-01   4.858e-03   4.975e-02  0.5000         452  [    0     18         30         37 ]
           1        5211       9.381   1.444e-04   1.454e-05   6.565e-01   4.858e-03   4.931e-02  0.5000         469  [    0     19         30         37 ]
           1        5497      10.056   1.444e-04   1.454e-05   6.030e-01   4.832e-03   4.783e-02  0.5000         490  [    0     20         30         37 ]
           1        5809      10.773   8.756e-05   1.454e-05   6.528e-01   4.453e-03   4.463e-02  0.5000         494  [    0     21         30         38 ]
           1        6108      11.275   8.756e-05   1.454e-05   5.936e-01   4.452e-03   4.336e-02  0.5000         502  [    0     22         30         38 ]
           1        6421      11.763   8.756e-05   1.454e-05   5.858e-01   4.227e-03   4.290e-02  1.0000         514  [    0     23         30         38 ]
           1        6739      12.235   8.756e-05   1.454e-05   5.389e-01   4.208e-03   4.209e-02  1.0000         524  [    0     24         30         40 ]
           1        7056      12.851   8.756e-05   1.454e-05   6.325e-01   4.185e-03   4.160e-02  1.0000         531  [    0     25         30         41 ]
           1        7453      13.426   8.756e-05   1.454e-05   5.557e-01   3.964e-03   3.937e-02  1.0000         551  [    1      4         60         40 ]
           1        7783      14.070   8.756e-05   1.454e-05   5.376e-01   3.864e-03   3.888e-02  1.0000         577  [    0     26         30         42 ]
           1        8117      14.617   8.756e-05   1.454e-05   6.332e-01   3.615e-03   3.851e-02  1.0000         577  [    0     27         30         42 ]
           1        8440      15.147   8.756e-05   1.454e-05   6.276e-01   3.615e-03   3.836e-02  1.0000         583  [    0     28         30         42 ]
           1        8757      15.730   8.756e-05   1.454e-05   5.431e-01   3.533e-03   3.776e-02  1.0000         595  [    0     29         30         44 ]
           1        9089      16.388   8.756e-05   1.454e-05   6.394e-01   3.166e-03   3.611e-02  1.0000         596  [    0     30         30         44 ]
           1        9419      17.221   8.756e-05   1.454e-05   5.377e-01   3.166e-03   3.608e-02  1.0000         616  [    0     31         30         43 ]
           1        9740      17.888   8.756e-05   1.454e-05   6.702e-01   3.165e-03   3.571e-02  1.0000         599  [    0     32         30         41 ]
           1       10057      18.446   8.756e-05   1.454e-05   5.754e-01   2.998e-03   3.244e-02  1.0000         606  [    0     33         30         42 ]
           1       10447      19.089   8.756e-05   1.454e-05   6.611e-01   2.966e-03   3.250e-02  1.0000         627  [    1      5         60         42 ]
           1       10774      19.782   8.756e-05   1.454e-05   5.583e-01   2.928e-03   3.211e-02  1.0000         640  [    0     34         30         41 ]
           1       11101      20.340   8.756e-05   1.454e-05   6.482e-01   2.917e-03   3.151e-02  1.0000         653  [    0     35         30         42 ]
           1       11432      20.908   8.756e-05   1.454e-05   6.478e-01   2.873e-03   3.107e-02  1.0000         665  [    0     36         30         44 ]
           1       11764      21.718   8.756e-05   1.454e-05   6.794e-01   2.873e-03   3.087e-02  1.0000         666  [    0     37         30         43 ]
           1       12084      22.458   8.756e-05   1.454e-05   5.633e-01   2.873e-03   3.081e-02  1.0000         674  [    0     38         30         44 ]
           1       12419      23.142   8.756e-05   1.454e-05   5.652e-01   2.862e-03   3.065e-02  1.0000         686  [    0     39         30         44 ]
           1       12755      23.749   8.756e-05   1.454e-05   5.682e-01   2.852e-03   3.059e-02  1.0000         677  [    0     40         30         43 ]
           1       13088      24.349   8.756e-05   1.454e-05   5.680e-01   2.770e-03   3.032e-02  1.0000         675  [    0     41         30         40 ]
           1       13488      25.009   8.756e-05   1.454e-05   6.451e-01   2.746e-03   2.982e-02  1.0000         696  [    1      6         60         41 ]
           1       13828      25.719   8.756e-05   1.454e-05   6.659e-01   2.730e-03   2.982e-02  1.0000         713  [    0     42         30         42 ]
           1       14161      26.436   8.756e-05   1.454e-05   6.499e-01   2.687e-03   2.968e-02  1.0000         729  [    0     43         30         44 ]
           1       14498      27.456   8.756e-05   1.454e-05   6.705e-01   2.631e-03   2.934e-02  1.0000         721  [    0     44         30         43 ]
           1       14850      28.144   8.756e-05   1.454e-05   5.621e-01   2.557e-03   2.852e-02  1.0000         712  [    0     45         30         43 ]
           1       15173      28.780   8.756e-05   1.454e-05   7.015e-01   2.535e-03   2.865e-02  1.0000         693  [    0     46         30         39 ]
           1       15498      29.416   8.756e-05   1.454e-05   7.021e-01   2.509e-03   2.860e-02  1.0000         689  [    0     47         30         43 ]
           1       15827      30.057   8.756e-05   1.454e-05   6.987e-01   2.487e-03   2.824e-02  1.0000         702  [    0     48         30         43 ]
           1       16147      30.679   8.756e-05   1.454e-05   7.033e-01   2.473e-03   2.766e-02  1.0000         709  [    0     49         30         43 ]
           1       16540      31.424   8.756e-05   1.454e-05   7.038e-01   2.434e-03   2.739e-02  1.0000         733  [    1      7         60         42 ]
           1       16867      32.112   8.756e-05   1.454e-05   6.953e-01   2.412e-03   2.732e-02  1.0000         748  [    0     50         30         42 ]
           1       17195      32.851   8.756e-05   1.454e-05   6.256e-01   2.349e-03   2.749e-02  1.0000         753  [    0     51         30         41 ]
           1       17510      33.657   8.756e-05   1.454e-05   6.266e-01   2.323e-03   2.706e-02  1.0000         765  [    0     52         30         41 ]
           1       17835      34.347   8.756e-05   1.454e-05   6.910e-01   2.278e-03   2.722e-02  1.0000         775  [    0     53         30         40 ]
           1       18156      35.218   8.756e-05   1.454e-05   6.864e-01   2.193e-03   2.676e-02  1.0000         781  [    0     54         30         39 ]
           1       18467      36.058   8.756e-05   1.454e-05   6.828e-01   2.172e-03   2.715e-02  1.0000         785  [    0     55         30         39 ]
           1       18775      36.798   8.756e-05   1.454e-05   6.826e-01   2.161e-03   2.675e-02  1.0000         787  [    0     56         30         39 ]
           1       19093      37.929   8.756e-05   1.454e-05   6.823e-01   2.161e-03   2.666e-02  1.0000         793  [    0     57         30         41 ]
           1       19497      38.803   8.756e-05   1.454e-05   6.820e-01   2.106e-03   2.537e-02  1.0000         792  [    1      8         60         41 ]
           1       19820      39.503   8.756e-05   1.454e-05   6.082e-01   2.106e-03   2.527e-02  1.0000         805  [    0     58         30         41 ]
           1       20140      40.357   8.756e-05   1.454e-05   6.727e-01   2.106e-03   2.533e-02  1.0000         810  [    0     59         30         41 ]
           1       20462      41.310   8.756e-05   1.454e-05   6.684e-01   2.106e-03   2.529e-02  1.0000         822  [    0     60         30         41 ]
           1       20780      42.147   8.756e-05   1.454e-05   5.552e-01   2.102e-03   2.515e-02  1.0000         834  [    0     61         30         40 ]
           1       21091      42.896   8.669e-05   1.454e-05   6.615e-01   2.102e-03   2.505e-02  1.0000         850  [    0     62         30         37 ]
           1       21394      43.723   8.669e-05   1.454e-05   6.743e-01   2.100e-03   2.503e-02  1.0000         836  [    0     63         30         36 ]
           1       21690      44.939   8.669e-05   1.454e-05   6.815e-01   2.097e-03   2.431e-02  1.0000         815  [    0     64         30         36 ]
           2       23424      46.099   6.217e-05   1.454e-05   5.936e-01   2.521e-03   2.872e-02  1.0000         751  [    2      1        120         50 ]
           2       23850      46.842   6.217e-05   1.454e-05   5.911e-01   2.513e-03   2.895e-02  1.0000         721  [    0     65         30         39 ]
           2       24277      47.524   6.217e-05   1.454e-05   5.896e-01   2.468e-03   2.867e-02  1.0000         741  [    1      9         60         38 ]
           2       24837      48.265   6.983e-06   1.454e-05   5.037e-01   2.397e-03   2.780e-02  1.0000         788  [    2      2        120         38 ]
           2       25201      49.175   6.983e-06   1.454e-05   6.162e-01   2.356e-03   2.726e-02  1.0000         787  [    0     66         30         37 ]
           2       25558      49.973   6.983e-06   1.454e-05   6.146e-01   2.345e-03   2.703e-02  1.0000         800  [    0     67         30         38 ]
           2       25915      50.869   6.983e-06   1.454e-05   5.776e-01   2.323e-03   2.676e-02  1.0000         815  [    0     68         30         38 ]
           2       26256      51.646   6.983e-06   1.454e-05   5.654e-01   2.321e-03   2.670e-02  1.0000         824  [    0     69         30         38 ]
           2       26600      52.438   6.983e-06   1.454e-05   5.578e-01   2.312e-03   2.666e-02  1.0000         842  [    0     70         30         39 ]
           2       26968      53.671   6.983e-06   1.454e-05   5.912e-01   2.304e-03   2.645e-02  1.0000         849  [    0     71         30         38 ]
           2       27327      55.055   6.983e-06   1.454e-05   4.820e-01   2.303e-03   2.632e-02  1.0000         864  [    0     72         30         38 ]
           2       27695      55.905   6.983e-06   1.454e-05   5.115e-01   2.296e-03   2.624e-02  1.0000         874  [    0     73         30         39 ]
           2       28137      56.789   6.983e-06   1.454e-05   4.684e-01   2.196e-03   2.555e-02  1.0000         883  [    1     10         60         40 ]
           2       28474      57.778   6.983e-06   1.454e-05   5.132e-01   2.190e-03   2.547e-02  1.0000         884  [    0     74         30         40 ]
           2       28829      58.789   6.983e-06   1.454e-05   5.752e-01   2.190e-03   2.547e-02  1.0000         894  [    0     75         30         41 ]
           2       29176      59.758   6.983e-06   1.454e-05   5.758e-01   2.158e-03   2.551e-02  1.0000         896  [    0     76         30         41 ]
           2       29531      60.807   6.983e-06   1.454e-05   5.847e-01   2.118e-03   2.496e-02  1.0000         901  [    0     77         30         40 ]
           2       29882      61.710   6.983e-06   1.454e-05   5.933e-01   2.102e-03   2.505e-02  1.0000         892  [    0     78         30         39 ]
           2       30238      62.765   6.983e-06   1.454e-05   5.946e-01   2.097e-03   2.499e-02  1.0000         901  [    0     79         30         39 ]
           2       30573      63.676   6.983e-06   1.454e-05   4.907e-01   2.088e-03   2.429e-02  1.0000         905  [    0     80         30         40 ]
           2       30926      64.767   6.983e-06   1.454e-05   6.027e-01   2.072e-03   2.381e-02  1.0000         922  [    0     81         30         41 ]
           2       31376      65.862   6.983e-06   1.454e-05   6.027e-01   2.070e-03   2.377e-02  1.0000         930  [    1     11         60         41 ]
           2       31734      66.715   6.983e-06   1.454e-05   6.089e-01   2.060e-03   2.362e-02  1.0000         921  [    0     82         30         40 ]
           2       32097      67.782   6.983e-06   1.454e-05   6.085e-01   2.060e-03   2.355e-02  1.0000         927  [    0     83         30         40 ]
           2       32445      69.096   6.983e-06   1.454e-05   5.056e-01   2.060e-03   2.352e-02  1.0000         933  [    0     84         30         39 ]
           2       32818      70.010   6.983e-06   1.454e-05   6.092e-01   2.057e-03   2.342e-02  1.0000         948  [    0     85         30         40 ]
           2       33164      71.069   6.983e-06   2.667e-06   5.997e-01   2.035e-03   2.325e-02  1.0000         968  [    0     86         30         39 ]
           2       33530      72.239   6.983e-06   2.667e-06   6.155e-01   2.026e-03   2.320e-02  1.0000         970  [    0     87         30         39 ]
           2       33888      73.179   6.983e-06   2.667e-06   5.088e-01   2.026e-03   2.318e-02  1.0000         977  [    0     88         30         38 ]
           2       34245      74.890   6.983e-06   2.667e-06   5.936e-01   2.022e-03   2.317e-02  1.0000         987  [    0     89         30         38 ]
           2       34706      75.813   6.983e-06   2.667e-06   6.133e-01   2.003e-03   2.302e-02  1.0000        1010  [    1     12         60         37 ]
           2       35065      76.782   6.983e-06   2.667e-06   4.969e-01   1.990e-03   2.292e-02  1.0000        1016  [    0     90         30         36 ]
           2       35419      77.822   6.983e-06   2.667e-06   6.104e-01   1.980e-03   2.282e-02  1.0000        1017  [    0     91         30         37 ]
           2       35759      78.986   7.584e-07   2.667e-06   6.090e-01   1.978e-03   2.282e-02  1.0000        1022  [    0     92         30         38 ]
           2       36100      80.222   7.584e-07   2.667e-06   6.169e-01   1.976e-03   2.281e-02  1.0000        1021  [    0     93         30         38 ]
           2       36471      81.497   7.584e-07   2.667e-06   5.080e-01   1.974e-03   2.273e-02  1.0000        1021  [    0     94         30         39 ]
           2       36840      82.771   7.584e-07   2.667e-06   5.909e-01   1.948e-03   2.263e-02  1.0000        1032  [    0     95         30         40 ]
           2       37228      84.291   7.584e-07   2.667e-06   5.913e-01   1.946e-03   2.258e-02  1.0000        1034  [    0     96         30         41 ]
           2       37611      85.528   7.584e-07   2.667e-06   4.981e-01   1.937e-03   2.251e-02  1.0000        1041  [    0     97         30         41 ]
           2       38062      86.554   7.584e-07   2.667e-06   6.154e-01   1.859e-03   2.240e-02  1.0000        1026  [    1     13         60         38 ]
           2       38418      87.508   7.584e-07   2.667e-06   5.400e-01   1.849e-03   2.231e-02  1.0000        1026  [    0     98         30         38 ]
           2       38767      88.509   7.584e-07   2.667e-06   6.210e-01   1.849e-03   2.228e-02  1.0000        1039  [    0     99         30         39 ]
           2       39127      89.521   7.584e-07   2.667e-06   6.215e-01   1.849e-03   2.223e-02  1.0000        1046  [    0    100         30         40 ]
           2       39513      90.675   7.584e-07   2.667e-06   6.138e-01   1.849e-03   2.216e-02  1.0000        1042  [    0    101         30         40 ]
           2       39876      91.659   7.584e-07   2.667e-06   6.128e-01   1.833e-03   2.224e-02  1.0000        1053  [    0    102         30         41 ]
           2       40259      93.556   7.584e-07   2.667e-06   6.049e-01   1.831e-03   2.221e-02  1.0000        1063  [    0    103         30         42 ]
           2       40633      94.653   7.584e-07   2.667e-06   5.383e-01   1.821e-03   2.220e-02  1.0000        1073  [    0    104         30         42 ]
           2       41009      95.852   7.584e-07   2.667e-06   6.061e-01   1.818e-03   2.219e-02  1.0000        1062  [    0    105         30         41 ]
           2       41472      97.155   7.584e-07   2.667e-06   5.463e-01   1.817e-03   2.216e-02  1.0000        1080  [    1     14         60         42 ]
           2       41851      98.187   7.584e-07   2.667e-06   4.982e-01   1.817e-03   2.215e-02  1.0000        1065  [    0    106         30         39 ]
           2       42215      99.213   7.584e-07   2.667e-06   6.108e-01   1.781e-03   2.214e-02  1.0000        1076  [    0    107         30         40 ]
           2       42579     100.401   7.584e-07   2.667e-06   6.113e-01   1.773e-03   2.206e-02  1.0000        1085  [    0    108         30         39 ]
           2       42950     101.874   7.584e-07   2.667e-06   4.977e-01   1.758e-03   2.185e-02  1.0000        1089  [    0    109         30         38 ]
           2       43315     102.974   7.584e-07   2.667e-06   5.028e-01   1.744e-03   2.164e-02  1.0000        1089  [    0    110         30         39 ]
           2       43677     104.069   7.584e-07   2.667e-06   5.048e-01   1.744e-03   2.164e-02  1.0000        1100  [    0    111         30         38 ]
           2       44054     105.393   7.584e-07   2.667e-06   6.131e-01   1.744e-03   2.164e-02  1.0000        1081  [    0    112         30         37 ]
           2       44400     106.643   7.584e-07   2.667e-06   5.034e-01   1.737e-03   2.161e-02  1.0000        1089  [    0    113         30         37 ]
           2       44843     107.718   7.584e-07   2.667e-06   5.540e-01   1.713e-03   2.126e-02  1.0000        1104  [    1     15         60         36 ]
           2       45192     108.790   7.584e-07   2.667e-06   6.187e-01   1.713e-03   2.117e-02  1.0000        1107  [    0    114         30         38 ]
           2       45557     109.926   7.584e-07   2.667e-06   5.566e-01   1.700e-03   2.110e-02  1.0000        1128  [    0    115         30         38 ]
           2       45949     111.000   7.584e-07   2.667e-06   6.126e-01   1.696e-03   2.103e-02  1.0000        1136  [    0    116         30         38 ]
           2       46327     112.205   7.584e-07   2.667e-06   5.705e-01   1.694e-03   2.109e-02  1.0000        1147  [    0    117         30         38 ]
           2       46691     113.467   7.584e-07   2.667e-06   6.098e-01   1.672e-03   2.079e-02  1.0000        1163  [    0    118         30         38 ]
           2       47064     114.685   7.584e-07   2.667e-06   5.236e-01   1.669e-03   2.078e-02  1.0000        1167  [    0    119         30         38 ]
           2       47418     116.219   7.584e-07   2.667e-06   5.719e-01   1.669e-03   2.078e-02  1.0000        1173  [    0    120         30         39 ]
           2       47793     117.523   7.584e-07   2.667e-06   5.021e-01   1.643e-03   2.057e-02  1.0000        1186  [    0    121         30         39 ]
           2       48224     118.905   7.584e-07   2.667e-06   5.047e-01   1.627e-03   2.041e-02  1.0000        1194  [    1     16         60         39 ]
           2       48597     120.025   7.584e-07   2.667e-06   5.707e-01   1.626e-03   2.038e-02  1.0000        1186  [    0    122         30         39 ]
           2       48976     121.435   7.584e-07   2.667e-06   5.506e-01   1.603e-03   2.033e-02  1.0000        1196  [    0    123         30         39 ]
           2       49340     122.695   7.584e-07   2.667e-06   5.786e-01   1.603e-03   2.017e-02  1.0000        1185  [    0    124         30         37 ]
           2       49706     123.917   7.584e-07   2.667e-06   6.252e-01   1.568e-03   1.955e-02  1.0000        1191  [    0    125         30         36 ]
           2       50048     125.141   7.584e-07   2.667e-06   5.608e-01   1.568e-03   1.928e-02  1.0000        1204  [    0    126         30         37 ]
           2       50401     126.445   7.584e-07   2.667e-06   5.651e-01   1.546e-03   1.917e-02  1.0000        1213  [    0    127         30         37 ]
           2       50762     127.718   7.584e-07   2.667e-06   6.115e-01   1.528e-03   1.899e-02  1.0000        1228  [    0    128         30         36 ]
           2       51136     129.072   7.584e-07   2.667e-06   5.658e-01   1.517e-03   1.889e-02  1.0000        1239  [    0    129         30         37 ]
           2       51592     130.290   7.584e-07   2.667e-06   5.237e-01   1.513e-03   1.881e-02  1.0000        1237  [    1     17         60         36 ]
           2       52175     132.303   7.584e-07   2.667e-06   4.354e-01   2.393e-03   2.822e-02  1.0000         745  [    2      3        120         36 ]
           2       52544     133.062   7.584e-07   2.667e-06   5.904e-01   2.376e-03   2.823e-02  1.0000         649  [    0    130         30         34 ]
           2       52869     133.648   7.584e-07   2.667e-06   5.522e-01   2.375e-03   2.914e-02  1.0000         638  [    0    131         30         30 ]
           2       53171     134.335   7.584e-07   2.667e-06   5.934e-01   2.365e-03   2.877e-02  1.0000         643  [    0    132         30         32 ]
           2       53484     134.912   7.584e-07   2.667e-06   4.954e-01   2.364e-03   2.858e-02  1.0000         654  [    0    133         30         33 ]
           2       53801     135.652   7.584e-07   2.667e-06   6.083e-01   2.353e-03   2.825e-02  1.0000         652  [    0    134         30         33 ]
           2       54126     136.269   7.584e-07   2.667e-06   5.055e-01   2.339e-03   2.816e-02  1.0000         654  [    0    135         30         32 ]
           2       54445     136.853   7.584e-07   2.667e-06   6.192e-01   2.327e-03   2.787e-02  1.0000         629  [    0    136         30         31 ]
           2       54732     137.413   7.584e-07   2.667e-06   5.122e-01   2.327e-03   2.787e-02  1.0000         633  [    0    137         30         29 ]
           2       55119     138.124   7.584e-07   2.667e-06   6.268e-01   2.295e-03   2.755e-02  1.0000         648  [    1     18         60         29 ]
           2       55420     138.741   7.584e-07   2.667e-06   6.274e-01   2.295e-03   2.789e-02  1.0000         627  [    0    138         30         28 ]
           2       55716     139.373   7.584e-07   2.667e-06   5.463e-01   2.291e-03   2.737e-02  1.0000         616  [    0    139         30         28 ]
           2       55994     140.237   7.584e-07   2.667e-06   5.231e-01   2.291e-03   2.728e-02  1.0000         622  [    0    140         30         28 ]
           2       56275     140.902   7.584e-07   2.667e-06   6.381e-01   2.263e-03   2.689e-02  1.0000         627  [    0    141         30         28 ]
           2       56547     141.623   7.584e-07   2.667e-06   6.390e-01   2.256e-03   2.685e-02  1.0000         634  [    0    142         30         29 ]
           2       56835     142.274   7.584e-07   2.667e-06   5.356e-01   2.246e-03   2.643e-02  1.0000         643  [    0    143         30         29 ]
           2       57127     142.962   7.584e-07   2.667e-06   6.454e-01   2.246e-03   2.642e-02  1.0000         647  [    0    144         30         29 ]
           2       57424     143.540   7.584e-07   2.667e-06   5.429e-01   2.228e-03   2.618e-02  1.0000         658  [    0    145         30         29 ]
           2       57801     144.282   7.584e-07   2.667e-06   5.369e-01   2.210e-03   2.600e-02  1.0000         686  [    1     19         60         30 ]
           2       58088     145.111   7.584e-07   2.667e-06   6.309e-01   2.168e-03   2.567e-02  1.0000         700  [    0    146         30         29 ]
           2       58390     145.826   7.584e-07   2.667e-06   5.342e-01   2.133e-03   2.549e-02  1.0000         710  [    0    147         30         29 ]
           2       58678     146.500   7.584e-07   2.667e-06   6.262e-01   2.132e-03   2.549e-02  1.0000         724  [    0    148         30         29 ]
           2       58968     147.367   7.584e-07   2.667e-06   6.438e-01   2.130e-03   2.562e-02  1.0000         728  [    0    149         30         29 ]
           2       59260     148.105   7.584e-07   2.667e-06   6.365e-01   2.114e-03   2.535e-02  1.0000         731  [    0    150         30         28 ]
           2       59558     149.241   7.584e-07   2.667e-06   6.595e-01   2.099e-03   2.528e-02  1.0000         736  [    0    151         30         28 ]
           2       59861     150.289   7.584e-07   2.667e-06   5.488e-01   2.085e-03   2.519e-02  1.0000         741  [    0    152         30         28 ]
           2       60153     151.010   7.584e-07   2.667e-06   6.592e-01   2.085e-03   2.519e-02  1.0000         739  [    0    153         30         28 ]
           2       60523     151.974   7.584e-07   2.667e-06   6.458e-01   2.052e-03   2.507e-02  1.0000         753  [    1     20         60         30 ]
           2       60818     152.713   7.584e-07   2.667e-06   6.439e-01   2.006e-03   2.485e-02  1.0000         764  [    0    154         30         29 ]
           2       61119     153.459   7.584e-07   2.667e-06   6.629e-01   1.961e-03   2.455e-02  1.0000         756  [    0    155         30         30 ]
           2       61427     154.254   7.584e-07   2.667e-06   6.611e-01   1.951e-03   2.436e-02  1.0000         760  [    0    156         30         30 ]
           2       61736     154.967   7.584e-07   2.667e-06   6.494e-01   1.942e-03   2.433e-02  1.0000         766  [    0    157         30         31 ]
           2       62033     155.703   7.584e-07   2.667e-06   6.484e-01   1.939e-03   2.431e-02  1.0000         773  [    0    158         30         30 ]
           2       62335     156.576   7.584e-07   2.667e-06   6.514e-01   1.937e-03   2.432e-02  1.0000         774  [    0    159         30         30 ]
           2       62640     157.341   7.584e-07   2.667e-06   6.540e-01   1.935e-03   2.424e-02  1.0000         759  [    0    160         30         27 ]
           2       62927     158.154   7.584e-07   2.667e-06   6.554e-01   1.932e-03   2.420e-02  1.0000         760  [    0    161         30         28 ]
           2       63280     158.925   7.584e-07   2.667e-06   6.771e-01   1.901e-03   2.369e-02  1.0000         767  [    1     21         60         26 ]
           2       63558     159.724   7.584e-07   1.371e-07   6.823e-01   1.860e-03   2.336e-02  1.0000         770  [    0    162         30         26 ]
           2       63846     160.535   7.584e-07   1.371e-07   6.810e-01   1.859e-03   2.336e-02  1.0000         773  [    0    163         30         26 ]
           2       64118     161.310   7.584e-07   1.371e-07   6.697e-01   1.835e-03   2.331e-02  1.0000         779  [    0    164         30         27 ]
           2       64406     162.062   7.584e-07   1.371e-07   6.943e-01   1.789e-03   2.290e-02  1.0000         753  [    0    165         30         25 ]
           2       64669     163.108   7.584e-07   1.371e-07   7.031e-01   1.788e-03   2.280e-02  1.0000         768  [    0    166         30         25 ]
           2       64927     163.926   7.584e-07   1.371e-07   7.101e-01   1.788e-03   2.280e-02  1.0000         758  [    0    167         30         26 ]
           2       65197     164.908   7.584e-07   1.371e-07   7.044e-01   1.779e-03   2.274e-02  1.0000         771  [    0    168         30         27 ]
           2       65465     165.608   7.584e-07   1.371e-07   6.790e-01   1.755e-03   2.261e-02  1.0000         759  [    0    169         30         27 ]
           2       65807     166.335   7.584e-07   1.371e-07   5.972e-01   1.743e-03   2.258e-02  1.0000         782  [    1     22         60         27 ]
           2       66071     167.088   7.584e-07   1.371e-07   5.951e-01   1.743e-03   2.257e-02  1.0000         795  [    0    170         30         27 ]
           2       66344     167.913   7.584e-07   1.371e-07   5.949e-01   1.729e-03   2.251e-02  1.0000         811  [    0    171         30         27 ]
           2       66603     168.837   7.584e-07   1.371e-07   6.938e-01   1.727e-03   2.241e-02  1.0000         812  [    0    172         30         26 ]
           2       66895     169.687   7.584e-07   1.371e-07   6.635e-01   1.717e-03   2.233e-02  1.0000         818  [    0    173         30         26 ]
           2       67176     170.615   7.584e-07   1.371e-07   6.896e-01   1.694e-03   2.217e-02  1.0000         828  [    0    174         30         26 ]
           2       67457     171.363   7.584e-07   1.371e-07   5.894e-01   1.682e-03   2.199e-02  1.0000         838  [    0    175         30         27 ]
           2       67726     172.238   7.584e-07   1.371e-07   6.581e-01   1.669e-03   2.173e-02  1.0000         846  [    0    176         30         26 ]
           2       68008     173.006   7.584e-07   1.371e-07   6.597e-01   1.652e-03   2.164e-02  1.0000         862  [    0    177         30         26 ]
           2       68374     174.023   7.584e-07   1.371e-07   6.855e-01   1.628e-03   2.143e-02  1.0000         886  [    1     23         60         25 ]
           2       68640     174.868   7.584e-07   1.371e-07   6.631e-01   1.628e-03   2.140e-02  1.0000         890  [    0    178         30         26 ]
           2       68936     175.684   7.584e-07   1.371e-07   6.215e-01   1.621e-03   2.144e-02  1.0000         902  [    0    179         30         27 ]
           2       69218     176.560   7.584e-07   1.371e-07   6.897e-01   1.587e-03   2.117e-02  1.0000         910  [    0    180         30         27 ]
           2       69504     177.518   7.584e-07   1.371e-07   6.193e-01   1.582e-03   2.113e-02  1.0000         920  [    0    181         30         26 ]
           2       69791     178.525   7.584e-07   1.371e-07   6.124e-01   1.575e-03   2.099e-02  1.0000         919  [    0    182         30         26 ]
           2       70077     179.798   7.584e-07   1.371e-07   6.123e-01   1.575e-03   2.098e-02  1.0000         918  [    0    183         30         26 ]
           2       70355     180.831   7.584e-07   1.371e-07   6.794e-01   1.569e-03   2.091e-02  1.0000         924  [    0    184         30         26 ]
           2       70635     181.914   7.584e-07   1.371e-07   6.804e-01   1.564e-03   2.090e-02  1.0000         906  [    0    185         30         26 ]
           2       70999     182.939   7.584e-07   1.371e-07   6.855e-01   1.559e-03   2.085e-02  1.0000         914  [    1     24         60         27 ]
           2       71281     184.014   7.584e-07   1.371e-07   6.860e-01   1.551e-03   2.082e-02  1.0000         919  [    0    186         30         27 ]
           2       71569     184.914   7.584e-07   1.371e-07   6.276e-01   1.551e-03   2.082e-02  1.0000         920  [    0    187         30         28 ]
           2       71865     185.789   7.584e-07   1.371e-07   5.686e-01   1.543e-03   2.074e-02  1.0000         933  [    0    188         30         27 ]
           2       72143     186.815   7.584e-07   1.371e-07   6.740e-01   1.543e-03   2.074e-02  1.0000         940  [    0    189         30         27 ]
           2       72435     187.951   7.584e-07   1.371e-07   6.819e-01   1.533e-03   2.061e-02  1.0000         940  [    0    190         30         25 ]
           2       72730     189.123   7.584e-07   1.371e-07   6.870e-01   1.532e-03   2.061e-02  1.0000         941  [    0    191         30         24 ]
           2       73016     190.232   7.584e-07   1.371e-07   6.871e-01   1.531e-03   2.051e-02  1.0000         950  [    0    192         30         25 ]
           2       73308     191.194   7.584e-07   1.371e-07   6.982e-01   1.476e-03   2.020e-02  1.0000         938  [    0    193         30         24 ]
           2       73646     192.116   7.584e-07   1.371e-07   7.165e-01   1.468e-03   2.013e-02  1.0000         942  [    1     25         60         23 ]
           2       74104     193.040   7.584e-07   1.371e-07   6.077e-01   1.448e-03   2.014e-02  1.0000         949  [    2      4        120         27 ]
           2       74392     194.060   7.584e-07   1.371e-07   6.696e-01   1.437e-03   2.002e-02  1.0000         945  [    0    194         30         25 ]
           2       74663     195.077   7.584e-07   1.371e-07   7.150e-01   1.431e-03   1.964e-02  1.0000         955  [    0    195         30         24 ]
           2       74947     196.035   7.584e-07   1.371e-07   6.010e-01   1.430e-03   1.964e-02  1.0000         961  [    0    196         30         24 ]
           2       75216     197.702   7.584e-07   1.371e-07   6.001e-01   1.429e-03   1.964e-02  1.0000         971  [    0    197         30         24 ]
           2       75500     198.718   7.584e-07   1.371e-07   6.634e-01   1.408e-03   1.946e-02  1.0000         981  [    0    198         30         24 ]
           2       75774     199.783   7.584e-07   1.371e-07   7.121e-01   1.399e-03   1.941e-02  1.0000         994  [    0    199         30         25 ]
           2       76046     200.787   7.584e-07   1.371e-07   7.110e-01   1.398e-03   1.941e-02  1.0000         998  [    0    200         30         25 ]
           2       76331     202.201   7.584e-07   1.371e-07   7.112e-01   1.382e-03   1.936e-02  1.0000         995  [    0    201         30         25 ]
           2       76684     203.185   7.584e-07   1.371e-07   6.920e-01   1.373e-03   1.903e-02  1.0000         987  [    1     26         60         23 ]
           2       76957     204.222   7.584e-07   1.371e-07   6.147e-01   1.373e-03   1.900e-02  1.0000         989  [    0    202         30         23 ]
           2       77226     205.137   7.584e-07   1.371e-07   6.145e-01   1.373e-03   1.896e-02  1.0000         992  [    0    203         30         22 ]
           2       77492     206.351   7.584e-07   1.371e-07   7.036e-01   1.368e-03   1.859e-02  1.0000        1010  [    0    204         30         24 ]
           2       77764     207.469   7.584e-07   1.371e-07   7.213e-01   1.368e-03   1.857e-02  1.0000        1005  [    0    205         30         23 ]
           2       78034     208.483   7.584e-07   1.371e-07   7.159e-01   1.368e-03   1.857e-02  1.0000        1020  [    0    206         30         23 ]
           2       78314     209.601   7.584e-07   1.371e-07   7.152e-01   1.367e-03   1.852e-02  1.0000        1030  [    0    207         30         24 ]
           2       78583     210.560   7.584e-07   1.371e-07   7.021e-01   1.365e-03   1.849e-02  1.0000        1036  [    0    208         30         25 ]
           2       78870     211.826   7.584e-07   1.371e-07   7.178e-01   1.357e-03   1.844e-02  1.0000        1035  [    0    209         30         22 ]
           2       79181     213.121   7.584e-07   1.371e-07   7.018e-01   1.354e-03   1.842e-02  1.0000        1043  [    1     27         60         21 ]
           2       79424     214.141   7.584e-07   1.371e-07   7.120e-01   1.354e-03   1.842e-02  1.0000        1047  [    0    210         30         22 ]
           2       79683     215.403   7.584e-07   1.371e-07   6.005e-01   1.354e-03   1.842e-02  1.0000        1049  [    0    211         30         22 ]
           2       79935     216.470   7.584e-07   1.371e-07   7.181e-01   1.341e-03   1.820e-02  1.0000        1046  [    0    212         30         22 ]
           2       80187     217.558   7.584e-07   1.371e-07   6.060e-01   1.336e-03   1.814e-02  1.0000        1057  [    0    213         30         24 ]
           2       80461     218.608   7.584e-07   1.371e-07   6.127e-01   1.313e-03   1.779e-02  1.0000        1066  [    0    214         30         22 ]
           2       80711     219.954   7.584e-07   1.371e-07   7.257e-01   1.313e-03   1.779e-02  1.0000        1071  [    0    215         30         24 ]
           2       80986     221.896   7.584e-07   1.371e-07   6.109e-01   1.307e-03   1.775e-02  1.0000        1082  [    0    216         30         24 ]
           2       81240     223.230   7.584e-07   1.371e-07   7.192e-01   1.297e-03   1.753e-02  1.0000        1094  [    0    217         30         24 ]
           2       81583     224.255   7.584e-07   1.371e-07   6.040e-01   1.298e-03   1.753e-02  1.0000        1104  [    1     28         60         24 ]
           2       81842     225.337   7.584e-07   1.371e-07   6.961e-01   1.297e-03   1.751e-02  1.0000        1111  [    0    218         30         23 ]
           2       82101     226.393   7.584e-07   1.371e-07   6.012e-01   1.284e-03   1.736e-02  1.0000        1118  [    0    219         30         23 ]
           2       82356     227.501   7.584e-07   1.371e-07   6.012e-01   1.284e-03   1.736e-02  1.0000        1120  [    0    220         30         24 ]
           2       82637     228.685   7.584e-07   1.371e-07   7.108e-01   1.283e-03   1.732e-02  1.0000        1126  [    0    221         30         24 ]
           2       82906     230.156   7.584e-07   1.371e-07   7.047e-01   1.282e-03   1.732e-02  1.0000        1135  [    0    222         30         24 ]
           2       83170     231.472   7.584e-07   1.371e-07   5.995e-01   1.282e-03   1.731e-02  1.0000        1129  [    0    223         30         26 ]
           2       83455     232.690   7.584e-07   1.371e-07   7.251e-01   1.277e-03   1.728e-02  1.0000        1106  [    0    224         30         24 ]
           2       83706     234.332   7.584e-07   1.371e-07   7.256e-01   1.277e-03   1.728e-02  1.0000        1113  [    0    225         30         23 ]
           2       84039     235.381   7.584e-07   1.371e-07   7.286e-01   1.270e-03   1.723e-02  1.0000        1124  [    1     29         60         25 ]
           2       84312     236.529   7.584e-07   1.371e-07   7.242e-01   1.270e-03   1.717e-02  1.0000        1136  [    0    226         30         24 ]
           2       84595     238.057   7.584e-07   1.371e-07   6.726e-01   1.268e-03   1.716e-02  1.0000        1139  [    0    227         30         23 ]
           2       84861     239.175   7.584e-07   1.371e-07   7.231e-01   1.254e-03   1.710e-02  1.0000        1148  [    0    228         30         23 ]
           2       85142     240.357   7.584e-07   1.371e-07   7.208e-01   1.252e-03   1.707e-02  1.0000        1167  [    0    229         30         23 ]
           2       85413     242.111   7.584e-07   1.371e-07   7.216e-01   1.252e-03   1.707e-02  1.0000        1172  [    0    230         30         22 ]
           2       85685     243.534   7.584e-07   1.371e-07   7.229e-01   1.251e-03   1.708e-02  1.0000        1169  [    0    231         30         22 ]
           2       85955     244.837   7.584e-07   1.371e-07   7.221e-01   1.249e-03   1.708e-02  1.0000        1167  [    0    232         30         21 ]
           2       86211     246.050   7.584e-07   1.371e-07   7.050e-01   1.245e-03   1.703e-02  1.0000        1189  [    0    233         30         22 ]
           2       86555     247.205   7.584e-07   1.371e-07   7.210e-01   1.222e-03   1.696e-02  1.0000        1200  [    1     30         60         22 ]
           2       86822     248.397   7.584e-07   1.371e-07   6.097e-01   1.221e-03   1.696e-02  1.0000        1213  [    0    234         30         23 ]
           2       87085     249.570   7.584e-07   1.371e-07   7.183e-01   1.215e-03   1.688e-02  1.0000        1224  [    0    235         30         23 ]
           2       87344     250.976   7.584e-07   1.371e-07   7.217e-01   1.215e-03   1.688e-02  1.0000        1223  [    0    236         30         23 ]
           2       87603     252.578   7.584e-07   1.371e-07   7.039e-01   1.215e-03   1.684e-02  1.0000        1226  [    0    237         30         23 ]
           2       87871     253.770   7.584e-07   1.371e-07   6.972e-01   1.214e-03   1.684e-02  1.0000        1227  [    0    238         30         23 ]
           2       88132     255.269   7.584e-07   1.371e-07   7.169e-01   1.214e-03   1.684e-02  1.0000        1232  [    0    239         30         22 ]
           2       88390     256.472   7.584e-07   1.371e-07   6.885e-01   1.210e-03   1.684e-02  1.0000        1235  [    0    240         30         22 ]
           2       88653     258.100   7.584e-07   1.371e-07   7.182e-01   1.210e-03   1.683e-02  1.0000        1217  [    0    241         30         22 ]
           2       88999     259.277   7.584e-07   1.371e-07   6.960e-01   1.192e-03   1.681e-02  1.0000        1201  [    1     31         60         22 ]
           2       89253     260.437   7.584e-07   1.371e-07   6.986e-01   1.189e-03   1.679e-02  1.0000        1200  [    0    242         30         22 ]
           2       89502     261.706   7.584e-07   1.371e-07   7.317e-01   1.189e-03   1.678e-02  1.0000        1204  [    0    243         30         22 ]
           2       89750     263.037   7.584e-07   1.371e-07   7.365e-01   1.188e-03   1.669e-02  1.0000        1182  [    0    244         30         20 ]
           2       89978     264.475   7.584e-07   1.371e-07   7.074e-01   1.185e-03   1.668e-02  1.0000        1184  [    0    245         30         21 ]
           2       90213     265.719   7.584e-07   1.371e-07   7.368e-01   1.185e-03   1.668e-02  1.0000        1190  [    0    246         30         21 ]
           2       90459     266.895   7.584e-07   1.371e-07   7.265e-01   1.182e-03   1.627e-02  1.0000        1201  [    0    247         30         21 ]
           2       90692     268.192   7.584e-07   1.371e-07   7.279e-01   1.182e-03   1.627e-02  1.0000        1201  [    0    248         30         21 ]
           2       90925     269.793   7.584e-07   1.371e-07   7.376e-01   1.177e-03   1.626e-02  1.0000        1204  [    0    249         30         20 ]
           2       91234     271.071   7.584e-07   1.371e-07   7.706e-01   1.172e-03   1.616e-02  1.0000        1162  [    1     32         60         19 ]
           2       91453     272.309   7.584e-07   1.371e-07   7.660e-01   1.169e-03   1.615e-02  1.0000        1174  [    0    250         30         19 ]
           2       91669     273.604   7.584e-07   1.371e-07   7.620e-01   1.168e-03   1.608e-02  1.0000        1179  [    0    251         30         20 ]
           2       91878     275.284   7.584e-07   1.371e-07   7.589e-01   1.163e-03   1.598e-02  1.0000        1191  [    0    252         30         19 ]
           2       92098     276.855   7.584e-07   1.371e-07   7.572e-01   1.162e-03   1.599e-02  1.0000        1199  [    0    253         30         19 ]
           2       92299     278.125   7.584e-07   1.371e-07   7.575e-01   1.162e-03   1.599e-02  1.0000        1198  [    0    254         30         18 ]
           2       92503     279.352   7.584e-07   1.371e-07   7.554e-01   1.158e-03   1.596e-02  1.0000        1200  [    0    255         30         18 ]
           2       92709     280.517   7.584e-07   1.371e-07   7.554e-01   1.158e-03   1.596e-02  1.0000        1200  [    0    256         30         18 ]
           2       92922     281.721   7.584e-07   1.371e-07   7.391e-01   1.158e-03   1.602e-02  1.0000        1203  [    0    257         30         18 ]
           2       93223     282.904   7.584e-07   1.371e-07   7.505e-01   1.144e-03   1.590e-02  1.0000        1222  [    1     33         60         19 ]
           2       93677     284.102   7.584e-07   1.371e-07   7.392e-01   1.137e-03   1.583e-02  1.0000        1242  [    2      5        120         19 ]
           2       93916     285.402   7.584e-07   1.371e-07   7.249e-01   1.490e-03   1.980e-02  1.0000         757  [    0    258         30         18 ]
           2       94128     286.118   7.584e-07   1.371e-07   6.224e-01   1.495e-03   1.980e-02  1.0000         719  [    0    259         30         18 ]
           2       94338     286.909   7.584e-07   1.371e-07   7.325e-01   1.490e-03   1.972e-02  1.0000         705  [    0    260         30         15 ]
           2       94533     287.665   7.584e-07   1.371e-07   6.354e-01   1.477e-03   1.951e-02  1.0000         711  [    0    261         30         16 ]
           2       94716     288.376   7.584e-07   1.371e-07   6.366e-01   1.459e-03   1.939e-02  1.0000         717  [    0    262         30         16 ]
           2       94912     289.055   7.584e-07   1.371e-07   6.422e-01   1.448e-03   1.928e-02  1.0000         725  [    0    263         30         14 ]
           2       95093     289.702   7.584e-07   1.371e-07   7.477e-01   1.434e-03   1.948e-02  1.0000         729  [    0    264         30         14 ]
           2       95263     290.636   7.584e-07   1.371e-07   7.477e-01   1.432e-03   1.944e-02  1.0000         738  [    0    265         30         14 ]
           2       95514     291.502   7.584e-07   1.371e-07   7.347e-01   1.425e-03   1.928e-02  1.0000         750  [    1     34         60         15 ]
           2       95684     292.516   7.584e-07   1.371e-07   6.666e-01   1.417e-03   1.920e-02  1.0000         758  [    0    266         30         15 ]
           2       95867     293.512   7.584e-07   1.371e-07   7.479e-01   1.417e-03   1.919e-02  1.0000         765  [    0    267         30         15 ]
           2       96044     294.668   7.584e-07   1.371e-07   7.251e-01   1.409e-03   1.899e-02  1.0000         775  [    0    268         30         15 ]
           2       96233     295.578   7.584e-07   1.371e-07   6.740e-01   1.395e-03   1.897e-02  1.0000         772  [    0    269         30         13 ]
           2       96427     296.646   7.584e-07   1.371e-07   7.550e-01   1.384e-03   1.890e-02  1.0000         781  [    0    270         30         14 ]
           2       96627     297.727   7.584e-07   1.371e-07   7.341e-01   1.382e-03   1.890e-02  1.0000         783  [    0    271         30         14 ]
           2       96806     298.558   7.584e-07   1.371e-07   7.540e-01   1.373e-03   1.888e-02  1.0000         782  [    0    272         30         13 ]
           2       96981     299.295   7.584e-07   1.371e-07   7.412e-01   1.373e-03   1.886e-02  1.0000         787  [    0    273         30         14 ]
           2       97244     300.121   7.584e-07   1.371e-07   7.371e-01   1.361e-03   1.881e-02  1.0000         802  [    1     35         60         16 ]
           2       97443     301.039   7.584e-07   1.371e-07   7.358e-01   1.355e-03   1.874e-02  1.0000         815  [    0    274         30         17 ]
           2       97627     302.117   7.584e-07   1.371e-07   7.343e-01   1.355e-03   1.874e-02  1.0000         812  [    0    275         30         15 ]
           2       97803     302.852   7.584e-07   1.371e-07   6.385e-01   1.334e-03   1.858e-02  1.0000         828  [    0    276         30         16 ]
           2       97985     303.890   7.584e-07   1.371e-07   6.369e-01   1.334e-03   1.858e-02  1.0000         834  [    0    277         30         16 ]
           2       98164     305.512   7.584e-07   1.371e-07   7.645e-01   1.334e-03   1.858e-02  1.0000         817  [    0    278         30         15 ]
           2       98345     306.280   7.584e-07   1.371e-07   6.545e-01   1.333e-03   1.858e-02  1.0000         820  [    0    279         30         15 ]
           2       98535     307.223   7.584e-07   1.371e-07   7.497e-01   1.327e-03   1.855e-02  1.0000         828  [    0    280         30         16 ]
           2       98713     308.589   7.584e-07   1.371e-07   7.623e-01   1.322e-03   1.855e-02  1.0000         834  [    0    281         30         16 ]
           2       98961     309.390   7.584e-07   1.371e-07   6.757e-01   1.318e-03   1.850e-02  1.0000         832  [    1     36         60         15 ]
           2       99147     310.189   7.584e-07   1.371e-07   7.663e-01   1.318e-03   1.849e-02  1.0000         817  [    0    282         30         14 ]
           2       99325     310.985   7.584e-07   1.371e-07   6.524e-01   1.318e-03   1.849e-02  1.0000         823  [    0    283         30         15 ]
           2       99518     312.158   7.584e-07   1.371e-07   6.349e-01   1.314e-03   1.837e-02  1.0000         836  [    0    284         30         16 ]
           2       99711     312.941   7.584e-07   1.371e-07   6.309e-01   1.314e-03   1.836e-02  1.0000         846  [    0    285         30         16 ]
           2       99890     313.941   7.584e-07   1.371e-07   7.234e-01   1.310e-03   1.835e-02  1.0000         857  [    0    286         30         16 ]
           3      100081     314.905   7.584e-07   1.371e-07   7.365e-01   1.306e-03   1.830e-02  1.0000         868  [    2      5        120         19 ]
