# Generation  Evaluations  Time (s)  Best_obj[0]  Best_obj[1]  Best_obj[2]  Hypervol.   IGD         IGDX        SR    Appr.set  [ Pop.index  Subgen.  Pop.size  Subpops ]
           0         244       7.857   9.330e-01   2.195e+00   2.495e+00   0.000e+00   2.091e+00   2.207e+00  0.0000          14  [    0      1         80          5 ]
           0         386       7.898   8.928e-01   1.369e+00   1.252e+00   0.000e+00   8.058e-01   1.167e+00  0.0000          17  [    0      2         80          3 ]
           0         538       7.929   7.286e-01   5.894e-01   5.423e-01   0.000e+00   4.656e-01   8.807e-01  0.0000          30  [    0      3         80          2 ]
           0         701       7.983   4.597e-01   4.046e-01   5.234e-01   0.000e+00   2.817e-01   5.638e-01  0.0000          45  [    0      4         80          2 ]
           0         870       8.059   4.597e-01   4.046e-01   5.234e-01   0.000e+00   2.128e-01   4.614e-01  0.0000          99  [    0      5         80          3 ]
           0        1046       8.224   4.294e-01   4.046e-01   5.234e-01   0.000e+00   2.048e-01   4.464e-01  0.0000         132  [    0      6         80          2 ]
           0        1241       8.453   4.294e-01   4.046e-01   5.121e-01   0.000e+00   1.623e-01   3.597e-01  0.0000         190  [    0      7         80          2 ]
           0        1417       8.663   4.294e-01   4.046e-01   4.069e-01   0.000e+00   1.350e-01   3.109e-01  0.0000         226  [    0      8         80          2 ]
           1        2233       9.071   4.293e-01   4.021e-01   4.069e-01   0.000e+00   1.135e-01   2.937e-01  0.0000         497  [    1      1        160          5 ]
           1        2430       9.933   3.943e-01   3.587e-01   4.013e-01   0.000e+00   1.060e-01   2.739e-01  0.0000         541  [    0      9         80          4 ]
           1        2764      10.936   3.943e-01   3.587e-01   4.013e-01   0.000e+00   9.847e-02   2.620e-01  0.0000         618  [    1      2        160          4 ]
           1        2972      12.092   3.251e-01   3.133e-01   2.774e-01   0.000e+00   9.367e-02   2.595e-01  0.0000         661  [    0     10         80          5 ]
           1        3170      13.340   3.251e-01   3.133e-01   2.774e-01   0.000e+00   8.883e-02   2.487e-01  0.0000         674  [    0     11         80          4 ]
           1        3381      14.641   3.251e-01   3.133e-01   2.774e-01   0.000e+00   8.527e-02   2.399e-01  0.0000         717  [    0     12         80          5 ]
           1        3578      15.960   3.251e-01   3.133e-01   2.774e-01   0.000e+00   8.276e-02   2.346e-01  0.0000         726  [    0     13         80          5 ]
           1        3795      17.194   3.251e-01   3.133e-01   2.774e-01   0.000e+00   7.888e-02   2.222e-01  0.0000         726  [    0     14         80          5 ]
           1        3991      18.388   3.251e-01   3.133e-01   2.774e-01   0.000e+00   7.697e-02   2.176e-01  0.0000         753  [    0     15         80          4 ]
           1        4204      19.300   2.689e-01   3.133e-01   2.774e-01   0.000e+00   7.434e-02   2.143e-01  0.0000         795  [    0     16         80          5 ]
           1        4397      20.560   2.689e-01   3.133e-01   2.774e-01   0.000e+00   7.332e-02   2.084e-01  0.0000         816  [    0     17         80          5 ]
           1        4790      22.162   2.689e-01   3.133e-01   2.774e-01   0.000e+00   6.866e-02   2.032e-01  0.0000         914  [    1      3        160          6 ]
           1        4985      23.845   2.689e-01   2.924e-01   2.774e-01   0.000e+00   6.685e-02   1.991e-01  0.0000         956  [    0     18         80          5 ]
           1        5184      25.614   2.689e-01   2.924e-01   2.774e-01   0.000e+00   6.530e-02   1.893e-01  0.0000         973  [    0     19         80          4 ]
           1        5390      27.519   2.689e-01   2.924e-01   2.774e-01   0.000e+00   6.372e-02   1.849e-01  0.0000         977  [    0     20         80          4 ]
           1        5591      29.357   2.689e-01   2.924e-01   2.774e-01   0.000e+00   6.316e-02   1.834e-01  0.0000        1014  [    0     21         80          5 ]
           1        5776      31.472   2.539e-01   2.924e-01   2.774e-01   0.000e+00   6.111e-02   1.756e-01  0.0000        1017  [    0     22         80          5 ]
           1        5968      33.459   1.947e-01   2.838e-01   1.820e-01   0.000e+00   5.999e-02   1.749e-01  0.0000        1031  [    0     23         80          4 ]
           1        6162      35.548   1.947e-01   2.838e-01   1.820e-01   0.000e+00   5.866e-02   1.700e-01  0.0000        1047  [    0     24         80          5 ]
           1        6353      37.771   1.947e-01   2.811e-01   1.820e-01   0.000e+00   5.784e-02   1.692e-01  0.0000        1055  [    0     25         80          4 ]
           1        6733      39.880   1.947e-01   2.271e-01   1.820e-01   0.000e+00   5.558e-02   1.670e-01  0.0000        1134  [    1      4        160          4 ]
           1        6930      42.283   1.947e-01   2.271e-01   1.820e-01   0.000e+00   5.468e-02   1.640e-01  0.0000        1167  [    0     26         80          4 ]
           1        7123      44.656   1.947e-01   2.271e-01   1.820e-01   0.000e+00   5.369e-02   1.583e-01  0.0000        1193  [    0     27         80          5 ]
           1        7338      47.205   1.947e-01   2.271e-01   1.820e-01   0.000e+00   5.307e-02   1.566e-01  0.0000        1231  [    0     28         80          5 ]
           1        7528      49.878   1.947e-01   2.271e-01   1.820e-01   0.000e+00   5.225e-02   1.541e-01  0.0000        1268  [    0     29         80          5 ]
           1        7742      52.529   1.947e-01   2.271e-01   1.820e-01   0.000e+00   5.151e-02   1.519e-01  0.0000        1310  [    0     30         80          6 ]
           1        7957      55.395   1.947e-01   2.271e-01   8.696e-02   0.000e+00   5.053e-02   1.502e-01  0.0000        1337  [    0     31         80          6 ]
           1        8160      58.064   1.947e-01   2.271e-01   8.696e-02   0.000e+00   5.040e-02   1.502e-01  0.0000        1357  [    0     32         80          6 ]
           1        8367      60.807   1.947e-01   2.271e-01   8.696e-02   0.000e+00   5.002e-02   1.493e-01  0.0000        1377  [    0     33         80          6 ]
           1        8781      63.737   1.947e-01   2.271e-01   8.696e-02   0.000e+00   4.835e-02   1.455e-01  0.0000        1457  [    1      5        160          7 ]
           1        9012      66.922   1.947e-01   2.271e-01   8.696e-02   0.000e+00   4.831e-02   1.455e-01  0.0000        1467  [    0     34         80          7 ]
           1        9227      69.968   1.947e-01   2.271e-01   8.696e-02   0.000e+00   4.808e-02   1.451e-01  0.0000        1489  [    0     35         80          7 ]
           1        9446      73.066   1.947e-01   2.271e-01   8.696e-02   0.000e+00   4.797e-02   1.451e-01  0.0000        1499  [    0     36         80          6 ]
           1        9668      76.167   1.947e-01   2.271e-01   8.696e-02   0.000e+00   4.750e-02   1.448e-01  0.0000        1510  [    0     37         80          6 ]
           1        9857      79.370   1.947e-01   2.271e-01   8.696e-02   0.000e+00   4.746e-02   1.448e-01  0.0000        1512  [    0     38         80          6 ]
           1       10077      82.405   1.947e-01   2.271e-01   8.696e-02   0.000e+00   4.738e-02   1.447e-01  0.0000        1507  [    0     39         80          6 ]
           1       10286      85.431   1.947e-01   2.271e-01   8.696e-02   0.000e+00   4.728e-02   1.445e-01  0.0000        1512  [    0     40         80          5 ]
           1       10486      88.497   1.947e-01   2.271e-01   8.696e-02   0.000e+00   4.717e-02   1.442e-01  0.0000        1516  [    0     41         80          6 ]
           1       10851      91.669   1.947e-01   2.013e-01   8.696e-02   0.000e+00   4.625e-02   1.432e-01  0.0000        1570  [    1      6        160          5 ]
           1       11053      95.194   1.947e-01   2.013e-01   8.696e-02   0.000e+00   4.616e-02   1.432e-01  0.0000        1581  [    0     42         80          6 ]
           1       11249      98.412   1.947e-01   2.013e-01   8.696e-02   0.000e+00   4.605e-02   1.428e-01  0.0000        1575  [    0     43         80          6 ]
           1       11451     101.589   1.947e-01   2.013e-01   8.696e-02   0.000e+00   4.604e-02   1.428e-01  0.0000        1579  [    0     44         80          6 ]
           1       11665     104.754   1.947e-01   2.013e-01   8.696e-02   0.000e+00   4.601e-02   1.428e-01  0.0000        1596  [    0     45         80          8 ]
           1       11875     108.231   1.947e-01   2.013e-01   8.696e-02   0.000e+00   4.594e-02   1.428e-01  0.0000        1601  [    0     46         80          6 ]
           1       12078     111.669   1.947e-01   2.013e-01   8.696e-02   0.000e+00   4.587e-02   1.426e-01  0.0000        1597  [    0     47         80          8 ]
           1       12301     114.785   1.947e-01   2.013e-01   8.696e-02   0.000e+00   4.586e-02   1.426e-01  0.0000        1597  [    0     48         80          7 ]
           1       12516     118.372   1.947e-01   2.013e-01   8.696e-02   0.000e+00   4.583e-02   1.426e-01  0.0000        1606  [    0     49         80          7 ]
           1       12915     121.810   1.947e-01   2.013e-01   8.696e-02   0.000e+00   4.481e-02   1.407e-01  0.0000        1682  [    1      7        160          7 ]
           1       13140     125.333   1.947e-01   2.013e-01   8.696e-02   0.000e+00   4.481e-02   1.407e-01  0.0000        1702  [    0     50         80         10 ]
           1       13367     128.531   1.947e-01   2.013e-01   8.696e-02   0.000e+00   4.480e-02   1.407e-01  0.0000        1713  [    0     51         80          9 ]
           1       13571     131.884   1.947e-01   2.013e-01   8.696e-02   0.000e+00   4.480e-02   1.407e-01  0.0000        1705  [    0     52         80          6 ]
           1       13771     134.955   1.947e-01   2.013e-01   8.696e-02   0.000e+00   4.480e-02   1.407e-01  0.0000        1706  [    0     53         80          6 ]
           1       13970     138.668   1.947e-01   2.013e-01   8.696e-02   0.000e+00   4.480e-02   1.407e-01  0.0000        1704  [    0     54         80          6 ]
           1       14157     142.136   1.947e-01   2.013e-01   8.696e-02   0.000e+00   4.480e-02   1.407e-01  0.0000        1709  [    0     55         80          5 ]
           1       14337     145.649   1.947e-01   2.013e-01   8.696e-02   0.000e+00   4.480e-02   1.407e-01  0.0000        1707  [    0     56         80          4 ]
           1       14543     148.962   1.947e-01   2.013e-01   8.696e-02   0.000e+00   4.475e-02   1.407e-01  0.0000        1706  [    0     57         80          5 ]
           1       14925     152.843   1.947e-01   2.013e-01   8.696e-02   0.000e+00   4.387e-02   1.392e-01  0.0000        1762  [    1      8        160          6 ]
           1       15115     156.728   1.947e-01   2.013e-01   8.696e-02   0.000e+00   4.387e-02   1.392e-01  0.0000        1768  [    0     58         80          6 ]
           1       15288     160.636   1.947e-01   2.013e-01   8.696e-02   0.000e+00   4.386e-02   1.392e-01  0.0000        1772  [    0     59         80          5 ]
           1       15449     164.660   1.947e-01   2.013e-01   8.696e-02   0.000e+00   4.373e-02   1.389e-01  0.0000        1776  [    0     60         80          4 ]
           1       15649     168.611   1.947e-01   2.013e-01   8.696e-02   0.000e+00   4.358e-02   1.389e-01  0.0000        1782  [    0     61         80          5 ]
           1       15846     172.475   1.947e-01   2.013e-01   8.696e-02   0.000e+00   4.357e-02   1.388e-01  0.0000        1795  [    0     62         80          6 ]
           1       16056     176.325   1.263e-01   2.013e-01   8.696e-02   0.000e+00   4.257e-02   1.373e-01  0.0000        1794  [    0     63         80          5 ]
           1       16264     179.742   1.263e-01   2.013e-01   8.696e-02   0.000e+00   4.256e-02   1.373e-01  0.0000        1802  [    0     64         80          6 ]
           2       20175     188.136   1.263e-01   1.405e-01   7.941e-02   0.000e+00   3.892e-02   1.345e-01  0.0000        1871  [    2      1        320         12 ]
           2       20602     191.979   1.263e-01   1.405e-01   7.941e-02   0.000e+00   3.862e-02   1.333e-01  0.0000        1887  [    1      9        160         10 ]
           2       21293     196.947   1.263e-01   1.405e-01   7.941e-02   0.000e+00   3.807e-02   1.307e-01  0.0000        1918  [    2      2        320         10 ]
           2       21690     201.594   1.263e-01   1.405e-01   7.941e-02   0.000e+00   3.795e-02   1.302e-01  0.0000        1926  [    1     10        160         11 ]
           2       22047     206.406   1.263e-01   1.405e-01   7.941e-02   0.000e+00   3.764e-02   1.288e-01  0.0000        1926  [    1     11        160          8 ]
           2       22430     210.720   1.263e-01   1.405e-01   7.941e-02   0.000e+00   3.756e-02   1.282e-01  0.0000        1944  [    1     12        160          6 ]
           2       22821     214.726   1.263e-01   1.405e-01   7.941e-02   0.000e+00   3.727e-02   1.271e-01  0.0000        1971  [    1     13        160          9 ]
           2       23221     219.235   1.263e-01   1.405e-01   7.941e-02   0.000e+00   3.720e-02   1.263e-01  0.0000        1980  [    1     14        160         10 ]
           2       23610     223.696   1.263e-01   1.405e-01   7.941e-02   0.000e+00   3.708e-02   1.263e-01  0.0000        1999  [    1     15        160          8 ]
           2       23968     228.475   1.263e-01   1.405e-01   7.941e-02   0.000e+00   3.668e-02   1.248e-01  0.0000        2004  [    1     16        160          5 ]
           2       24332     233.299   1.263e-01   1.405e-01   7.941e-02   0.000e+00   3.631e-02   1.236e-01  0.0000        2040  [    1     17        160          7 ]
           2       25054     238.307   1.263e-01   1.405e-01   7.941e-02   0.000e+00   3.563e-02   1.217e-01  0.0000        2059  [    2      3        320          8 ]
           2       25403     243.288   1.263e-01   1.405e-01   7.941e-02   0.000e+00   3.550e-02   1.209e-01  0.0000        2068  [    1     18        160          7 ]
           2       25786     248.375   1.263e-01   1.405e-01   7.941e-02   0.000e+00   3.518e-02   1.204e-01  0.0000        2079  [    1     19        160          8 ]
           2       26197     253.089   1.263e-01   1.405e-01   7.941e-02   0.000e+00   3.492e-02   1.202e-01  0.0000        2090  [    1     20        160         13 ]
           2       26630     257.890   1.263e-01   1.405e-01   7.941e-02   0.000e+00   3.481e-02   1.199e-01  0.0000        2077  [    1     21        160         11 ]
           2       27040     262.349   1.263e-01   1.405e-01   7.941e-02   0.000e+00   3.481e-02   1.199e-01  0.0000        2079  [    1     22        160         11 ]
           2       27407     266.741   1.263e-01   1.405e-01   7.941e-02   0.000e+00   3.480e-02   1.199e-01  0.0000        2083  [    1     23        160          8 ]
           2       27811     271.003   1.263e-01   1.405e-01   7.941e-02   0.000e+00   3.480e-02   1.199e-01  0.0000        2099  [    1     24        160         11 ]
           2       28203     275.524   1.263e-01   1.405e-01   7.941e-02   0.000e+00   3.475e-02   1.197e-01  0.0000        2115  [    1     25        160         12 ]
           2       28957     280.660   1.263e-01   1.405e-01   7.941e-02   0.000e+00   3.413e-02   1.184e-01  0.0000        2154  [    2      4        320          7 ]
           2       29317     285.912   1.263e-01   1.405e-01   7.941e-02   0.000e+00   3.412e-02   1.184e-01  0.0000        2160  [    1     26        160          7 ]
           2       29673     290.358   1.263e-01   1.289e-01   7.941e-02   0.000e+00   3.392e-02   1.179e-01  0.0000        2161  [    1     27        160          4 ]
           2       30036     295.662   1.263e-01   1.289e-01   7.941e-02   0.000e+00   3.363e-02   1.172e-01  0.0000        2177  [    1     28        160          5 ]
           2       30426     300.401   1.263e-01   1.289e-01   7.941e-02   0.000e+00   3.354e-02   1.170e-01  0.0000        2199  [    1     29        160         11 ]
           2       30839     304.553   1.263e-01   1.289e-01   7.941e-02   0.000e+00   3.340e-02   1.167e-01  0.0000        2200  [    1     30        160         10 ]
           2       31259     309.638   1.263e-01   1.289e-01   7.941e-02   0.000e+00   3.328e-02   1.159e-01  0.0000        2209  [    1     31        160         10 ]
           2       31691     314.771   1.263e-01   1.289e-01   7.941e-02   0.000e+00   3.293e-02   1.154e-01  0.0000        2222  [    1     32        160         11 ]
           2       32074     319.883   1.263e-01   1.289e-01   7.941e-02   0.000e+00   3.273e-02   1.151e-01  0.0000        2221  [    1     33        160          6 ]
           2       32798     324.850   1.263e-01   1.289e-01   7.941e-02   0.000e+00   3.254e-02   1.147e-01  0.0000        2258  [    2      5        320         10 ]
           2       33184     329.910   1.263e-01   1.289e-01   7.941e-02   0.000e+00   3.237e-02   1.145e-01  0.0000        2261  [    1     34        160          8 ]
           2       33590     335.362   1.263e-01   1.289e-01   7.941e-02   0.000e+00   3.224e-02   1.142e-01  0.0000        2280  [    1     35        160         10 ]
           2       34002     340.942   1.263e-01   1.289e-01   7.941e-02   0.000e+00   3.206e-02   1.134e-01  0.0000        2292  [    1     36        160         11 ]
           2       34412     346.824   1.263e-01   1.178e-01   7.941e-02   0.000e+00   3.191e-02   1.129e-01  0.0000        2295  [    1     37        160          9 ]
           2       34782     352.296   1.263e-01   1.178e-01   7.941e-02   0.000e+00   3.187e-02   1.129e-01  0.0000        2303  [    1     38        160          7 ]
           2       35137     358.160   1.263e-01   1.178e-01   7.941e-02   0.000e+00   3.178e-02   1.126e-01  0.0000        2305  [    1     39        160          5 ]
           2       35525     363.501   1.263e-01   1.178e-01   7.941e-02   0.000e+00   3.162e-02   1.123e-01  0.0000        2320  [    1     40        160          6 ]
           2       35920     368.851   1.263e-01   1.178e-01   7.941e-02   0.000e+00   3.140e-02   1.113e-01  0.0000        2344  [    1     41        160          9 ]
           2       36596     374.536   1.263e-01   1.178e-01   7.941e-02   0.000e+00   3.122e-02   1.105e-01  0.0000        2372  [    2      6        320          8 ]
           2       37017     380.340   1.263e-01   1.178e-01   7.941e-02   0.000e+00   3.104e-02   1.099e-01  0.0000        2387  [    1     42        160          9 ]
           2       37398     386.104   1.263e-01   1.178e-01   7.941e-02   0.000e+00   3.100e-02   1.095e-01  0.0000        2391  [    1     43        160          8 ]
           2       37798     392.069   1.263e-01   1.178e-01   7.941e-02   0.000e+00   3.095e-02   1.094e-01  0.0000        2406  [    1     44        160          9 ]
           2       38172     397.866   1.263e-01   1.178e-01   7.941e-02   0.000e+00   3.089e-02   1.090e-01  0.0000        2412  [    1     45        160          7 ]
           2       38536     403.961   1.263e-01   1.178e-01   7.941e-02   0.000e+00   3.086e-02   1.090e-01  0.0000        2416  [    1     46        160          7 ]
           2       38895     409.805   1.263e-01   1.178e-01   7.941e-02   0.000e+00   3.084e-02   1.089e-01  0.0000        2423  [    1     47        160          7 ]
           2       39290     415.134   1.263e-01   1.178e-01   7.941e-02   0.000e+00   3.078e-02   1.089e-01  0.0000        2430  [    1     48        160          6 ]
           2       39650     420.445   1.263e-01   1.178e-01   7.941e-02   0.000e+00   3.060e-02   1.085e-01  0.0000        2443  [    1     49        160          8 ]
           2       40352     426.580   1.263e-01   1.178e-01   7.941e-02   0.000e+00   3.050e-02   1.081e-01  0.0000        2470  [    2      7        320          7 ]
           2       40747     432.688   1.263e-01   1.178e-01   7.941e-02   0.000e+00   3.044e-02   1.080e-01  0.0000        2480  [    1     50        160          7 ]
           2       41154     438.913   1.263e-01   1.178e-01   7.941e-02   0.000e+00   3.026e-02   1.077e-01  0.0000        2501  [    1     51        160          8 ]
           2       41558     445.175   1.263e-01   1.178e-01   7.941e-02   0.000e+00   3.015e-02   1.069e-01  0.0000        2515  [    1     52        160          7 ]
           2       41989     451.163   1.263e-01   1.178e-01   7.941e-02   0.000e+00   2.994e-02   1.058e-01  0.0000        2496  [    1     53        160          9 ]
           2       42388     457.530   1.263e-01   1.178e-01   7.941e-02   0.000e+00   2.974e-02   1.050e-01  0.0000        2502  [    1     54        160          8 ]
           2       42788     463.683   1.263e-01   1.073e-01   7.941e-02   0.000e+00   2.949e-02   1.037e-01  0.0000        2493  [    1     55        160          8 ]
           2       43217     469.727   1.263e-01   1.073e-01   7.941e-02   0.000e+00   2.930e-02   1.030e-01  0.0000        2488  [    1     56        160          8 ]
           2       43618     475.319   1.263e-01   1.073e-01   7.941e-02   0.000e+00   2.922e-02   1.029e-01  0.0000        2500  [    1     57        160          6 ]
           2       44355     481.762   1.263e-01   1.073e-01   7.941e-02   0.000e+00   2.908e-02   1.021e-01  0.5000        2526  [    2      8        320          7 ]
           2       44748     488.387   1.263e-01   1.073e-01   7.941e-02   0.000e+00   2.901e-02   1.021e-01  0.5000        2498  [    1     58        160          7 ]
           2       45136     494.178   1.263e-01   1.073e-01   7.941e-02   0.000e+00   2.895e-02   1.020e-01  0.5000        2507  [    1     59        160          7 ]
           2       45524     500.543   1.263e-01   1.073e-01   7.941e-02   0.000e+00   2.882e-02   1.013e-01  0.5000        2510  [    1     60        160          6 ]
           2       45919     506.924   1.263e-01   1.073e-01   7.941e-02   0.000e+00   2.876e-02   1.009e-01  0.5000        2516  [    1     61        160          7 ]
           2       46304     513.369   1.263e-01   1.073e-01   7.941e-02   0.000e+00   2.861e-02   1.004e-01  0.5000        2504  [    1     62        160          7 ]
           2       46703     519.611   1.263e-01   1.073e-01   7.941e-02   0.000e+00   2.848e-02   9.995e-02  0.5000        2505  [    1     63        160          8 ]
           2       47112     526.057   1.263e-01   1.073e-01   7.941e-02   0.000e+00   2.838e-02   9.977e-02  0.5000        2515  [    1     64        160          8 ]
           3       53153     533.740   1.105e-01   9.954e-02   7.941e-02   0.000e+00   2.657e-02   9.820e-02  1.0000        2891  [    3      1        640         13 ]
           3       53859     541.778   1.105e-01   9.954e-02   7.941e-02   0.000e+00   2.648e-02   9.804e-02  1.0000        2896  [    2      9        320          7 ]
           3       55239     550.154   1.105e-01   9.954e-02   7.941e-02   0.000e+00   2.616e-02   9.632e-02  1.0000        2927  [    3      2        640          9 ]
           3       55904     558.276   1.105e-01   9.954e-02   7.941e-02   0.000e+00   2.615e-02   9.606e-02  1.0000        2938  [    2     10        320          7 ]
           3       56557     566.741   1.105e-01   9.954e-02   7.941e-02   0.000e+00   2.611e-02   9.592e-02  1.0000        2960  [    2     11        320          7 ]
           3       57245     574.768   1.105e-01   9.954e-02   7.941e-02   0.000e+00   2.611e-02   9.591e-02  1.0000        2971  [    2     12        320          7 ]
           3       57957     583.465   1.105e-01   9.954e-02   7.941e-02   0.000e+00   2.602e-02   9.548e-02  1.0000        2981  [    2     13        320          8 ]
           3       58674     592.139   1.105e-01   9.954e-02   7.941e-02   0.000e+00   2.600e-02   9.540e-02  1.0000        3002  [    2     14        320          8 ]
           3       59352     600.599   1.105e-01   9.954e-02   7.941e-02   0.000e+00   2.594e-02   9.493e-02  1.0000        3015  [    2     15        320          6 ]
           3       60067     609.154   1.105e-01   6.674e-02   7.941e-02   0.000e+00   2.577e-02   9.481e-02  1.0000        3028  [    2     16        320          7 ]
           3       60775     618.153   1.082e-01   6.674e-02   7.941e-02   0.000e+00   2.565e-02   9.464e-02  1.0000        3053  [    2     17        320          9 ]
           3       62130     627.357   1.082e-01   6.674e-02   7.941e-02   0.000e+00   2.529e-02   9.343e-02  1.0000        3086  [    3      3        640          7 ]
           3       62842     635.972   1.082e-01   6.674e-02   7.941e-02   0.000e+00   2.520e-02   9.284e-02  1.0000        3094  [    2     18        320          9 ]
           3       63547     645.067   1.082e-01   6.674e-02   7.941e-02   0.000e+00   2.509e-02   9.272e-02  1.0000        3102  [    2     19        320          8 ]
           3       64252     653.542   1.082e-01   6.674e-02   7.941e-02   0.000e+00   2.504e-02   9.214e-02  1.0000        3112  [    2     20        320          6 ]
           3       64937     662.538   1.082e-01   6.674e-02   7.941e-02   0.000e+00   2.499e-02   9.189e-02  1.0000        3113  [    2     21        320          5 ]
           3       65697     674.296   1.082e-01   6.674e-02   7.941e-02   0.000e+00   2.978e-02   9.807e-02  1.0000        1911  [    2     22        320          7 ]
           3       66403     679.268   1.082e-01   6.674e-02   7.941e-02   0.000e+00   2.954e-02   9.780e-02  1.0000        1928  [    2     23        320          7 ]
           3       67079     684.335   1.010e-01   6.674e-02   7.941e-02   0.000e+00   2.921e-02   9.727e-02  1.0000        1959  [    2     24        320         10 ]
           3       67732     689.064   1.010e-01   6.674e-02   7.941e-02   0.000e+00   2.914e-02   9.686e-02  1.0000        1965  [    2     25        320          6 ]
           3       69072     694.129   1.010e-01   6.674e-02   7.941e-02   0.000e+00   2.861e-02   9.480e-02  1.0000        2027  [    3      4        640          5 ]
           3       69730     699.134   1.010e-01   6.674e-02   5.071e-02   0.000e+00   2.850e-02   9.431e-02  1.0000        2047  [    2     26        320          6 ]
           3       70456     703.927   9.700e-02   6.674e-02   5.071e-02   0.000e+00   2.836e-02   9.328e-02  1.0000        2072  [    2     27        320          8 ]
           3       71204     709.251   9.700e-02   6.674e-02   5.071e-02   0.000e+00   2.831e-02   9.301e-02  1.0000        2085  [    2     28        320          8 ]
           3       71930     714.481   9.700e-02   6.674e-02   5.071e-02   0.000e+00   2.818e-02   9.273e-02  1.0000        2106  [    2     29        320          7 ]
           3       72590     719.829   9.700e-02   6.674e-02   5.071e-02   0.000e+00   2.808e-02   9.262e-02  1.0000        2125  [    2     30        320          6 ]
           3       73268     724.953   9.700e-02   6.674e-02   5.071e-02   0.000e+00   2.800e-02   9.239e-02  1.0000        2144  [    2     31        320          5 ]
           3       73958     730.339   9.700e-02   6.674e-02   5.071e-02   0.000e+00   2.780e-02   9.171e-02  1.0000        2159  [    2     32        320          7 ]
           3       74626     735.688   7.682e-02   6.674e-02   5.071e-02   0.000e+00   2.761e-02   9.108e-02  1.0000        2166  [    2     33        320          5 ]
           3       76055     741.246   5.966e-02   6.674e-02   5.071e-02   0.000e+00   2.715e-02   8.956e-02  1.0000        2240  [    3      5        640         10 ]
           3       76807     747.179   5.966e-02   6.674e-02   5.071e-02   0.000e+00   2.690e-02   8.907e-02  1.0000        2255  [    2     34        320         11 ]
           3       77594     753.100   5.966e-02   6.674e-02   5.071e-02   0.000e+00   2.681e-02   8.886e-02  1.0000        2277  [    2     35        320         13 ]
           3       78387     759.141   5.966e-02   6.674e-02   5.071e-02   0.000e+00   2.675e-02   8.881e-02  1.0000        2286  [    2     36        320         12 ]
           3       79133     764.986   5.966e-02   6.674e-02   5.071e-02   0.000e+00   2.674e-02   8.879e-02  1.0000        2265  [    2     37        320          6 ]
           3       79900     770.417   5.966e-02   6.674e-02   5.071e-02   0.000e+00   2.673e-02   8.877e-02  1.0000        2273  [    2     38        320          8 ]
           3       80691     776.038   5.966e-02   6.674e-02   5.071e-02   0.000e+00   2.672e-02   8.874e-02  1.0000        2283  [    2     39        320         13 ]
           3       81514     781.763   5.966e-02   6.674e-02   5.071e-02   0.000e+00   2.669e-02   8.867e-02  1.0000        2286  [    2     40        320         12 ]
           3       82320     787.284   5.966e-02   6.674e-02   5.071e-02   0.000e+00   2.669e-02   8.867e-02  1.0000        2255  [    2     41        320         11 ]
           3       83627     793.764   5.966e-02   6.674e-02   5.071e-02   0.000e+00   2.651e-02   8.791e-02  1.0000        2279  [    3      6        640          6 ]
           3       84379     799.662   5.966e-02   6.674e-02   5.071e-02   0.000e+00   2.643e-02   8.784e-02  1.0000        2287  [    2     42        320          6 ]
           3       85044     805.356   5.966e-02   6.674e-02   5.071e-02   0.000e+00   2.637e-02   8.763e-02  1.0000        2282  [    2     43        320          6 ]
           3       85737     811.104   5.966e-02   6.674e-02   5.071e-02   0.000e+00   2.634e-02   8.743e-02  1.0000        2292  [    2     44        320          7 ]
           3       86402     816.841   5.966e-02   6.674e-02   5.071e-02   0.000e+00   2.631e-02   8.738e-02  1.0000        2290  [    2     45        320          5 ]
           3       87094     822.516   5.966e-02   6.674e-02   5.071e-02   0.000e+00   2.618e-02   8.706e-02  1.0000        2302  [    2     46        320          7 ]
           3       87785     828.214   5.966e-02   6.674e-02   5.071e-02   0.000e+00   2.606e-02   8.647e-02  1.0000        2314  [    2     47        320          6 ]
           3       88476     834.239   5.966e-02   6.674e-02   5.071e-02   0.000e+00   2.593e-02   8.590e-02  1.0000        2328  [    2     48        320          5 ]
           3       89199     840.247   4.648e-02   6.674e-02   5.071e-02   0.000e+00   2.582e-02   8.527e-02  1.0000        2358  [    2     49        320          9 ]
           3       90489     846.831   4.648e-02   6.674e-02   5.071e-02   0.000e+00   2.576e-02   8.498e-02  1.0000        2399  [    3      7        640          8 ]
           3       91224     853.205   4.648e-02   6.674e-02   5.071e-02   0.000e+00   2.568e-02   8.474e-02  1.0000        2415  [    2     50        320          5 ]
           3       91916     859.481   4.648e-02   6.674e-02   5.071e-02   0.000e+00   2.553e-02   8.427e-02  1.0000        2416  [    2     51        320          5 ]
           3       92622     865.210   4.648e-02   6.674e-02   5.071e-02   0.000e+00   2.546e-02   8.395e-02  1.0000        2414  [    2     52        320          8 ]
           3       93369     871.238   4.648e-02   6.674e-02   5.071e-02   0.000e+00   2.539e-02   8.386e-02  1.0000        2418  [    2     53        320         10 ]
           3       94116     877.561   4.648e-02   6.674e-02   5.071e-02   0.000e+00   2.537e-02   8.385e-02  1.0000        2430  [    2     54        320         10 ]
           3       94795     884.049   4.648e-02   6.674e-02   5.071e-02   0.000e+00   2.526e-02   8.356e-02  1.0000        2408  [    2     55        320          5 ]
           3       95523     890.322   4.648e-02   6.674e-02   5.071e-02   0.000e+00   2.516e-02   8.335e-02  1.0000        2433  [    2     56        320          6 ]
           3       96266     896.655   4.648e-02   6.674e-02   5.071e-02   0.000e+00   2.510e-02   8.310e-02  1.0000        2458  [    2     57        320          8 ]
           3       97572     903.374   4.648e-02   6.674e-02   5.071e-02   0.000e+00   2.504e-02   8.307e-02  1.0000        2480  [    3      8        640          6 ]
           3       98288     909.584   4.648e-02   6.674e-02   5.071e-02   0.000e+00   2.499e-02   8.282e-02  1.0000        2486  [    2     58        320          6 ]
           3       98984     916.294   4.648e-02   6.674e-02   5.071e-02   0.000e+00   2.495e-02   8.272e-02  1.0000        2500  [    2     59        320          8 ]
           3       99728     922.711   4.648e-02   6.674e-02   5.071e-02   0.000e+00   2.490e-02   8.247e-02  1.0000        2512  [    2     60        320         11 ]
           3      100498     929.171   4.648e-02   6.674e-02   5.071e-02   0.000e+00   2.488e-02   8.239e-02  1.0000        2532  [    2     61        320         15 ]
           3      101268     935.310   4.648e-02   6.674e-02   5.071e-02   0.000e+00   2.484e-02   8.220e-02  1.0000        2536  [    2     62        320         11 ]
           3      102014     941.949   4.648e-02   6.674e-02   5.071e-02   0.000e+00   2.484e-02   8.220e-02  1.0000        2536  [    2     63        320         13 ]
           3      102756     948.109   4.648e-02   6.674e-02   5.071e-02   0.000e+00   2.481e-02   8.220e-02  1.0000        2530  [    2     64        320          8 ]
           4      110691     957.802   3.968e-02   6.674e-02   5.071e-02   0.000e+00   2.428e-02   8.173e-02  1.0000        2696  [    4      1       1280         11 ]
           4      111960     965.452   3.968e-02   6.674e-02   5.071e-02   0.000e+00   2.425e-02   8.160e-02  1.0000        2702  [    3      9        640          6 ]
           4      114625     975.104   3.968e-02   6.674e-02   5.071e-02   0.000e+00   2.403e-02   8.030e-02  1.0000        2729  [    4      2       1280         11 ]
           4      115982     983.359   3.968e-02   6.674e-02   5.071e-02   0.000e+00   2.395e-02   8.017e-02  1.0000        2718  [    3     10        640         10 ]
           4      117329     991.124   3.968e-02   6.674e-02   5.071e-02   0.000e+00   2.392e-02   7.998e-02  1.0000        2725  [    3     11        640          9 ]
           4      118722     999.234   3.968e-02   6.674e-02   5.071e-02   0.000e+00   2.387e-02   7.982e-02  1.0000        2740  [    3     12        640         11 ]
           4      120074    1007.366   3.968e-02   6.674e-02   5.071e-02   0.000e+00   2.382e-02   7.978e-02  1.0000        2747  [    3     13        640          8 ]
           4      121358    1015.589   3.968e-02   6.674e-02   5.071e-02   0.000e+00   2.376e-02   7.946e-02  1.0000        2732  [    3     14        640          6 ]
           4      122691    1023.966   3.968e-02   6.674e-02   5.071e-02   0.000e+00   2.373e-02   7.939e-02  1.0000        2755  [    3     15        640          8 ]
           4      124031    1032.320   3.968e-02   6.674e-02   5.071e-02   0.000e+00   2.366e-02   7.927e-02  1.0000        2757  [    3     16        640          8 ]
           4      125364    1040.673   3.968e-02   6.674e-02   5.071e-02   0.000e+00   2.355e-02   7.906e-02  1.0000        2775  [    3     17        640         10 ]
           4      127900    1050.015   3.968e-02   6.674e-02   5.071e-02   0.000e+00   2.338e-02   7.786e-02  1.0000        2802  [    4      3       1280          7 ]
           4      129193    1058.691   3.968e-02   6.674e-02   5.071e-02   0.000e+00   2.337e-02   7.786e-02  1.0000        2794  [    3     18        640          4 ]
           4      130459    1066.744   3.968e-02   6.674e-02   5.071e-02   0.000e+00   2.333e-02   7.763e-02  1.0000        2815  [    3     19        640          7 ]
           4      131740    1075.603   3.968e-02   6.674e-02   5.071e-02   0.000e+00   2.333e-02   7.757e-02  1.0000        2821  [    3     20        640          6 ]
           4      133160    1084.131   3.968e-02   6.674e-02   5.071e-02   0.000e+00   2.330e-02   7.757e-02  1.0000        2851  [    3     21        640         14 ]
           4      134565    1093.118   3.968e-02   6.674e-02   5.071e-02   0.000e+00   2.329e-02   7.757e-02  1.0000        2833  [    3     22        640         10 ]
           4      135923    1101.434   3.968e-02   6.674e-02   5.071e-02   0.000e+00   2.327e-02   7.745e-02  1.0000        2845  [    3     23        640         13 ]
           4      137323    1109.906   3.968e-02   6.674e-02   5.071e-02   0.000e+00   2.327e-02   7.742e-02  1.0000        2854  [    3     24        640         15 ]
           4      138717    1118.393   3.968e-02   6.674e-02   5.071e-02   0.000e+00   2.327e-02   7.742e-02  1.0000        2848  [    3     25        640         13 ]
           4      141361    1127.875   3.968e-02   6.467e-02   5.071e-02   0.000e+00   2.304e-02   7.704e-02  1.0000        2840  [    4      4       1280          5 ]
           4      142626    1135.778   3.968e-02   6.467e-02   5.071e-02   0.000e+00   2.304e-02   7.704e-02  1.0000        2847  [    3     26        640          7 ]
           4      143793    1143.613   3.968e-02   6.467e-02   5.071e-02   0.000e+00   2.304e-02   7.704e-02  1.0000        2843  [    3     27        640          5 ]
           4      145061    1151.955   3.968e-02   6.467e-02   5.071e-02   0.000e+00   2.303e-02   7.702e-02  1.0000        2852  [    3     28        640          7 ]
           4      146394    1160.424   3.968e-02   6.467e-02   5.071e-02   0.000e+00   2.298e-02   7.696e-02  1.0000        2856  [    3     29        640          7 ]
           4      147674    1169.239   3.968e-02   6.467e-02   5.071e-02   0.000e+00   2.293e-02   7.658e-02  1.0000        2854  [    3     30        640          6 ]
           4      149073    1177.815   3.968e-02   6.467e-02   5.071e-02   0.000e+00   2.290e-02   7.642e-02  1.0000        2871  [    3     31        640          9 ]
           4      150495    1186.644   3.968e-02   6.467e-02   5.071e-02   0.000e+00   2.288e-02   7.631e-02  1.0000        2872  [    3     32        640         10 ]
           4      151818    1195.730   3.968e-02   6.467e-02   5.071e-02   0.000e+00   2.283e-02   7.606e-02  1.0000        2868  [    3     33        640          7 ]
           4      154519    1205.677   3.968e-02   6.467e-02   5.071e-02   0.000e+00   2.266e-02   7.549e-02  1.0000        2893  [    4      5       1280         10 ]
           4      155895    1213.899   3.968e-02   6.467e-02   5.071e-02   0.000e+00   2.265e-02   7.547e-02  1.0000        2904  [    3     34        640         10 ]
           4      157305    1222.996   3.968e-02   6.467e-02   5.071e-02   0.000e+00   2.263e-02   7.542e-02  1.0000        2873  [    3     35        640         12 ]
           4      158679    1231.681   3.968e-02   6.467e-02   5.071e-02   0.000e+00   2.263e-02   7.542e-02  1.0000        2858  [    3     36        640          8 ]
           4      160049    1240.568   3.968e-02   6.467e-02   5.071e-02   0.000e+00   2.263e-02   7.542e-02  1.0000        2862  [    3     37        640          6 ]
           4      161351    1249.347   3.968e-02   6.467e-02   5.071e-02   0.000e+00   2.262e-02   7.534e-02  1.0000        2874  [    3     38        640         11 ]
           4      162726    1257.872   3.968e-02   6.467e-02   5.071e-02   0.000e+00   2.262e-02   7.534e-02  1.0000        2881  [    3     39        640          8 ]
           4      164039    1266.406   3.968e-02   6.467e-02   5.071e-02   0.000e+00   2.261e-02   7.523e-02  1.0000        2897  [    3     40        640          7 ]
           4      165273    1274.914   3.968e-02   6.467e-02   5.071e-02   0.000e+00   2.256e-02   7.515e-02  1.0000        2927  [    3     41        640          8 ]
           4      167835    1284.230   3.968e-02   6.467e-02   5.071e-02   0.000e+00   2.251e-02   7.452e-02  1.0000        2939  [    4      6       1280          8 ]
           4      169082    1293.329   3.968e-02   6.467e-02   5.071e-02   0.000e+00   2.249e-02   7.448e-02  1.0000        2931  [    3     42        640          5 ]
           4      170450    1302.032   3.968e-02   6.467e-02   5.071e-02   0.000e+00   2.245e-02   7.437e-02  1.0000        2951  [    3     43        640         10 ]
           4      171795    1310.644   3.968e-02   6.467e-02   5.071e-02   0.000e+00   2.241e-02   7.435e-02  1.0000        2946  [    3     44        640          7 ]
           4      173149    1319.313   3.968e-02   6.467e-02   5.071e-02   0.000e+00   2.239e-02   7.398e-02  1.0000        2947  [    3     45        640          9 ]
           4      174563    1328.548   3.968e-02   6.467e-02   5.071e-02   0.000e+00   2.232e-02   7.377e-02  1.0000        2963  [    3     46        640         11 ]
           4      175903    1338.071   3.968e-02   6.467e-02   5.071e-02   0.000e+00   2.227e-02   7.374e-02  1.0000        2966  [    3     47        640          6 ]
           4      177240    1347.382   3.968e-02   6.467e-02   5.071e-02   0.000e+00   2.222e-02   7.354e-02  1.0000        2971  [    3     48        640          8 ]
           4      178679    1356.474   3.968e-02   6.467e-02   5.071e-02   0.000e+00   2.219e-02   7.333e-02  1.0000        2975  [    3     49        640          9 ]
           4      181193    1366.672   3.968e-02   6.467e-02   5.071e-02   0.000e+00   2.213e-02   7.302e-02  1.0000        2979  [    4      7       1280          8 ]
           4      182620    1375.817   3.968e-02   6.467e-02   5.071e-02   0.000e+00   2.209e-02   7.280e-02  1.0000        2990  [    3     50        640         11 ]
           4      183989    1384.354   3.968e-02   6.467e-02   5.071e-02   0.000e+00   2.203e-02   7.254e-02  1.0000        2976  [    3     51        640          5 ]
           4      185483    1393.132   3.968e-02   6.467e-02   5.071e-02   0.000e+00   2.194e-02   7.215e-02  1.0000        2994  [    3     52        640         10 ]
           4      186923    1402.378   3.968e-02   6.467e-02   5.071e-02   0.000e+00   2.189e-02   7.169e-02  1.0000        2999  [    3     53        640         11 ]
           4      188379    1411.501   3.968e-02   6.467e-02   5.071e-02   0.000e+00   2.186e-02   7.154e-02  1.0000        2992  [    3     54        640          7 ]
           4      189755    1420.643   3.968e-02   6.467e-02   5.071e-02   0.000e+00   2.184e-02   7.125e-02  1.0000        2997  [    3     55        640         10 ]
           4      191111    1429.972   3.968e-02   6.467e-02   5.071e-02   0.000e+00   2.182e-02   7.105e-02  1.0000        2990  [    3     56        640          7 ]
           4      192385    1438.861   3.968e-02   6.467e-02   5.071e-02   0.000e+00   2.175e-02   7.087e-02  1.0000        2997  [    3     57        640          7 ]
           4      194990    1449.308   3.968e-02   6.467e-02   5.071e-02   0.000e+00   2.172e-02   7.074e-02  1.0000        3034  [    4      8       1280         12 ]
           4      196501    1458.579   3.968e-02   6.467e-02   5.071e-02   0.000e+00   2.166e-02   7.064e-02  1.0000        3050  [    3     58        640         13 ]
           4      197945    1467.575   3.968e-02   6.467e-02   5.071e-02   0.000e+00   2.167e-02   7.054e-02  1.0000        3050  [    3     59        640         10 ]
           4      199396    1476.769   3.968e-02   6.467e-02   5.071e-02   0.000e+00   2.163e-02   7.053e-02  1.0000        3050  [    3     60        640         12 ]
           4      200843    1485.356   3.968e-02   6.467e-02   5.071e-02   0.000e+00   2.163e-02   7.053e-02  1.0000        3056  [    3     61        640         13 ]
           4      202322    1494.298   3.968e-02   6.467e-02   5.071e-02   0.000e+00   2.163e-02   7.053e-02  1.0000        3063  [    3     62        640         13 ]
           4      203773    1503.420   3.968e-02   6.467e-02   5.071e-02   0.000e+00   2.163e-02   7.053e-02  1.0000        3058  [    3     63        640         13 ]
           4      205175    1512.818   3.968e-02   6.467e-02   5.071e-02   0.000e+00   2.163e-02   7.053e-02  1.0000        3051  [    3     64        640         10 ]
           5      217517    1530.271   3.968e-02   2.984e-02   5.071e-02   0.000e+00   2.153e-02   7.035e-02  1.0000        3098  [    5      1       2560         16 ]
           5      220066    1541.964   3.968e-02   2.984e-02   5.071e-02   0.000e+00   2.153e-02   7.034e-02  1.0000        3076  [    4      9       1280          8 ]
           5      224957    1557.828   3.968e-02   2.984e-02   5.071e-02   0.000e+00   2.144e-02   6.986e-02  1.0000        3084  [    5      2       2560          7 ]
           5      227523    1568.766   3.968e-02   2.984e-02   5.071e-02   0.000e+00   2.143e-02   6.985e-02  1.0000        3083  [    4     10       1280         10 ]
           5      229988    1580.366   3.968e-02   2.984e-02   5.071e-02   0.000e+00   2.139e-02   6.984e-02  1.0000        3079  [    4     11       1280         10 ]
           5      232570    1591.711   3.968e-02   2.984e-02   5.071e-02   0.000e+00   2.139e-02   6.984e-02  1.0000        3074  [    4     12       1280         10 ]
           5      235096    1602.298   3.968e-02   2.984e-02   5.071e-02   0.000e+00   2.139e-02   6.984e-02  1.0000        3077  [    4     13       1280          8 ]
           5      237510    1613.079   3.968e-02   2.984e-02   5.071e-02   0.000e+00   2.134e-02   6.984e-02  1.0000        3077  [    4     14       1280          7 ]
           5      240016    1624.050   3.968e-02   2.984e-02   5.071e-02   0.000e+00   2.134e-02   6.984e-02  1.0000        3088  [    4     15       1280          8 ]
           5      242428    1635.399   3.968e-02   2.984e-02   5.071e-02   0.000e+00   2.134e-02   6.984e-02  1.0000        3081  [    4     16       1280          7 ]
           5      244984    1646.508   3.968e-02   2.984e-02   5.071e-02   0.000e+00   2.134e-02   6.984e-02  1.0000        3094  [    4     17       1280          9 ]
           5      250060    1661.429   3.968e-02   2.984e-02   5.071e-02   0.000e+00   2.119e-02   6.893e-02  1.0000        3105  [    5      3       2560          8 ]
           5      252530    1673.057   3.968e-02   2.984e-02   5.071e-02   0.000e+00   2.117e-02   6.890e-02  1.0000        3106  [    4     18       1280         12 ]
           5      255142    1684.414   3.968e-02   2.984e-02   5.071e-02   0.000e+00   2.117e-02   6.890e-02  1.0000        3103  [    4     19       1280         11 ]
           5      257690    1695.317   3.968e-02   2.984e-02   5.071e-02   0.000e+00   2.116e-02   6.890e-02  1.0000        3120  [    4     20       1280         14 ]
           5      260204    1706.796   3.968e-02   2.984e-02   5.071e-02   0.000e+00   2.116e-02   6.890e-02  1.0000        3120  [    4     21       1280         13 ]
           5      262581    1717.658   3.968e-02   2.984e-02   5.071e-02   0.000e+00   2.116e-02   6.890e-02  1.0000        3107  [    4     22       1280         10 ]
           5      265131    1728.597   3.968e-02   2.984e-02   5.071e-02   0.000e+00   2.116e-02   6.890e-02  1.0000        3112  [    4     23       1280         12 ]
           5      267547    1740.598   3.968e-02   2.984e-02   5.071e-02   0.000e+00   2.116e-02   6.890e-02  1.0000        3112  [    4     24       1280         12 ]
           5      270107    1752.307   3.968e-02   2.984e-02   5.071e-02   0.000e+00   2.116e-02   6.890e-02  1.0000        3108  [    4     25       1280         15 ]
           5      275259    1766.758   3.968e-02   2.984e-02   5.059e-02   0.000e+00   2.110e-02   6.839e-02  1.0000        3113  [    5      4       2560         13 ]
           5      277923    1778.013   3.968e-02   2.984e-02   5.059e-02   0.000e+00   2.110e-02   6.839e-02  1.0000        3117  [    4     26       1280         12 ]
           5      280377    1788.904   3.968e-02   2.984e-02   5.059e-02   0.000e+00   2.109e-02   6.839e-02  1.0000        3101  [    4     27       1280          8 ]
           5      283016    1800.192   3.968e-02   2.984e-02   5.059e-02   0.000e+00   2.109e-02   6.839e-02  1.0000        3111  [    4     28       1280         13 ]
           5      285740    1811.446   3.968e-02   2.984e-02   5.059e-02   0.000e+00   2.109e-02   6.839e-02  1.0000        3122  [    4     29       1280         15 ]
           5      288376    1822.738   3.968e-02   2.984e-02   5.059e-02   0.000e+00   2.109e-02   6.839e-02  1.0000        3121  [    4     30       1280         15 ]
           5      291058    1833.869   3.968e-02   2.984e-02   5.059e-02   0.000e+00   2.109e-02   6.839e-02  1.0000        3120  [    4     31       1280         14 ]
           5      293765    1845.019   3.968e-02   2.984e-02   5.059e-02   0.000e+00   2.109e-02   6.839e-02  1.0000        3117  [    4     32       1280         14 ]
           5      296447    1858.036   3.968e-02   2.984e-02   5.059e-02   0.000e+00   2.583e-02   7.569e-02  1.0000        1921  [    4     33       1280         15 ]
           5      301157    1866.529   3.968e-02   2.984e-02   5.059e-02   0.000e+00   2.504e-02   7.461e-02  1.0000        2033  [    5      5       2560          7 ]
           5      303599    1873.362   3.968e-02   2.984e-02   5.059e-02   0.000e+00   2.502e-02   7.460e-02  1.0000        2040  [    4     34       1280          9 ]
           5      306050    1880.207   3.968e-02   2.984e-02   5.059e-02   0.000e+00   2.502e-02   7.460e-02  1.0000        2040  [    4     35       1280         10 ]
           5      308483    1887.290   3.968e-02   2.984e-02   5.059e-02   0.000e+00   2.501e-02   7.460e-02  1.0000        2053  [    4     36       1280         10 ]
           5      310915    1894.060   3.968e-02   2.984e-02   5.059e-02   0.000e+00   2.501e-02   7.460e-02  1.0000        2043  [    4     37       1280          6 ]
           5      313318    1901.292   3.968e-02   2.984e-02   5.059e-02   0.000e+00   2.500e-02   7.460e-02  1.0000        2060  [    4     38       1280          7 ]
           5      315791    1907.714   3.968e-02   2.984e-02   5.059e-02   0.000e+00   2.497e-02   7.454e-02  1.0000        2076  [    4     39       1280         11 ]
           5      318346    1914.562   3.968e-02   2.984e-02   5.059e-02   0.000e+00   2.497e-02   7.454e-02  1.0000        2077  [    4     40       1280         11 ]
           5      320947    1921.605   3.968e-02   2.984e-02   5.059e-02   0.000e+00   2.496e-02   7.453e-02  1.0000        2085  [    4     41       1280         13 ]
           5      325868    1930.378   3.968e-02   2.984e-02   5.059e-02   0.000e+00   2.434e-02   7.345e-02  1.0000        2166  [    5      6       2560          5 ]
           5      328323    1937.132   3.968e-02   2.984e-02   5.059e-02   0.000e+00   2.433e-02   7.345e-02  1.0000        2174  [    4     42       1280          6 ]
           5      330621    1943.821   3.968e-02   2.984e-02   5.059e-02   0.000e+00   2.431e-02   7.338e-02  1.0000        2192  [    4     43       1280          7 ]
           5      332864    1950.774   3.968e-02   2.984e-02   5.059e-02   0.000e+00   2.431e-02   7.338e-02  1.0000        2196  [    4     44       1280          6 ]
           5      335023    1957.956   3.968e-02   2.984e-02   5.059e-02   0.000e+00   2.428e-02   7.338e-02  1.0000        2211  [    4     45       1280          8 ]
           5      337397    1965.299   3.968e-02   2.984e-02   5.059e-02   0.000e+00   2.428e-02   7.338e-02  1.0000        2215  [    4     46       1280          7 ]
           5      339946    1972.997   3.968e-02   2.984e-02   5.059e-02   0.000e+00   2.428e-02   7.338e-02  1.0000        2215  [    4     47       1280          9 ]
           5      342460    1980.582   3.968e-02   2.984e-02   5.059e-02   0.000e+00   2.428e-02   7.338e-02  1.0000        2220  [    4     48       1280          7 ]
           5      345031    1988.089   3.968e-02   2.984e-02   5.059e-02   0.000e+00   2.428e-02   7.338e-02  1.0000        2228  [    4     49       1280         11 ]
           5      350183    1997.971   3.968e-02   2.984e-02   5.059e-02   0.000e+00   2.366e-02   7.196e-02  1.0000        2347  [    5      7       2560          9 ]
           5      352612    2005.745   3.968e-02   2.984e-02   5.059e-02   0.000e+00   2.364e-02   7.196e-02  1.0000        2332  [    4     50       1280          7 ]
           5      355098    2013.377   3.968e-02   2.984e-02   5.059e-02   0.000e+00   2.363e-02   7.196e-02  1.0000        2348  [    4     51       1280         10 ]
           5      357617    2020.902   3.968e-02   2.984e-02   5.059e-02   0.000e+00   2.363e-02   7.196e-02  1.0000        2349  [    4     52       1280          9 ]
           5      360030    2028.417   3.968e-02   2.984e-02   5.059e-02   0.000e+00   2.363e-02   7.196e-02  1.0000        2348  [    4     53       1280          8 ]
           5      362483    2036.284   3.968e-02   2.984e-02   5.059e-02   0.000e+00   2.363e-02   7.196e-02  1.0000        2355  [    4     54       1280          9 ]
           5      365107    2044.509   3.968e-02   2.984e-02   5.059e-02   0.000e+00   2.363e-02   7.196e-02  1.0000        2358  [    4     55       1280         13 ]
           5      367722    2052.533   3.968e-02   2.984e-02   5.059e-02   0.000e+00   2.363e-02   7.196e-02  1.0000        2364  [    4     56       1280         17 ]
           5      370277    2060.244   3.968e-02   2.984e-02   5.059e-02   0.000e+00   2.363e-02   7.196e-02  1.0000        2365  [    4     57       1280         13 ]
           5      375275    2071.214   3.968e-02   2.984e-02   5.059e-02   0.000e+00   2.341e-02   7.109e-02  1.0000        2394  [    5      8       2560          5 ]
           5      377868    2079.301   3.968e-02   2.984e-02   5.059e-02   0.000e+00   2.341e-02   7.109e-02  1.0000        2400  [    4     58       1280          8 ]
           5      380390    2087.300   3.968e-02   2.984e-02   5.059e-02   0.000e+00   2.341e-02   7.109e-02  1.0000        2404  [    4     59       1280         10 ]
           5      382877    2095.349   3.968e-02   2.984e-02   5.059e-02   0.000e+00   2.341e-02   7.109e-02  1.0000        2402  [    4     60       1280          6 ]
           5      385474    2103.147   3.968e-02   2.984e-02   5.059e-02   0.000e+00   2.341e-02   7.109e-02  1.0000        2434  [    4     61       1280         13 ]
           5      388077    2111.936   3.968e-02   2.984e-02   5.059e-02   0.000e+00   2.341e-02   7.109e-02  1.0000        2424  [    4     62       1280         13 ]
           5      390749    2120.017   3.968e-02   2.984e-02   5.059e-02   0.000e+00   2.341e-02   7.109e-02  1.0000        2435  [    4     63       1280         16 ]
           5      393338    2128.531   3.968e-02   2.984e-02   5.059e-02   0.000e+00   2.341e-02   7.109e-02  1.0000        2438  [    4     64       1280         16 ]
           6      411282    2156.778   3.968e-02   2.984e-02   2.050e-02   0.000e+00   2.286e-02   7.025e-02  1.0000        2545  [    6      1       5120         17 ]
           6      416682    2168.811   3.968e-02   2.984e-02   2.050e-02   0.000e+00   2.266e-02   6.970e-02  1.0000        2581  [    5      9       2560         11 ]
           6      425428    2191.182   3.968e-02   2.984e-02   2.050e-02   0.000e+00   2.260e-02   6.938e-02  1.0000        2590  [    6      2       5120          8 ]
           6      430375    2204.134   3.968e-02   2.984e-02   2.050e-02   0.000e+00   2.248e-02   6.920e-02  1.0000        2598  [    5     10       2560          6 ]
           6      435396    2216.992   3.968e-02   2.984e-02   2.050e-02   0.000e+00   2.235e-02   6.882e-02  1.0000        2610  [    5     11       2560          6 ]
           6      440471    2229.343   3.968e-02   2.984e-02   2.050e-02   0.000e+00   2.222e-02   6.823e-02  1.0000        2648  [    5     12       2560          7 ]
           6      445573    2242.310   3.968e-02   2.984e-02   2.050e-02   0.000e+00   2.208e-02   6.771e-02  1.0000        2678  [    5     13       2560          8 ]
           6      450589    2254.837   3.968e-02   2.984e-02   2.050e-02   0.000e+00   2.200e-02   6.700e-02  1.0000        2678  [    5     14       2560          6 ]
           6      455712    2267.475   3.968e-02   2.984e-02   2.050e-02   0.000e+00   2.186e-02   6.645e-02  1.0000        2714  [    5     15       2560          8 ]
           6      460789    2281.017   3.968e-02   2.984e-02   2.050e-02   0.000e+00   2.173e-02   6.595e-02  1.0000        2711  [    5     16       2560          8 ]
           6      465839    2293.915   3.968e-02   2.984e-02   2.050e-02   0.000e+00   2.161e-02   6.542e-02  1.0000        2703  [    5     17       2560          7 ]
           6      474795    2313.237   3.968e-02   2.984e-02   2.050e-02   0.000e+00   2.160e-02   6.530e-02  1.0000        2730  [    6      3       5120          8 ]
           6      480072    2325.267   3.966e-02   2.984e-02   2.050e-02   0.000e+00   2.150e-02   6.482e-02  1.0000        2737  [    5     18       2560          6 ]
           6      485190    2338.313   2.937e-02   2.984e-02   2.050e-02   0.000e+00   2.140e-02   6.439e-02  1.0000        2741  [    5     19       2560          7 ]
           6      490822    2351.343   2.937e-02   2.984e-02   2.050e-02   0.000e+00   2.130e-02   6.405e-02  1.0000        2758  [    5     20       2560         11 ]
           6      496206    2364.496   2.937e-02   2.984e-02   2.050e-02   0.000e+00   2.124e-02   6.337e-02  1.0000        2770  [    5     21       2560         11 ]
           6      501449    2377.743   2.937e-02   2.984e-02   2.050e-02   0.000e+00   2.121e-02   6.318e-02  1.0000        2770  [    5     22       2560          7 ]
           6      506681    2390.588   2.937e-02   2.984e-02   2.050e-02   0.000e+00   2.116e-02   6.293e-02  1.0000        2781  [    5     23       2560          7 ]
           6      511803    2403.605   2.937e-02   2.984e-02   2.050e-02   0.000e+00   2.112e-02   6.279e-02  1.0000        2781  [    5     24       2560          8 ]
           6      517160    2416.476   2.937e-02   2.984e-02   2.050e-02   0.000e+00   2.111e-02   6.270e-02  1.0000        2793  [    5     25       2560         11 ]
           6      526141    2436.118   2.937e-02   2.984e-02   2.050e-02   0.000e+00   2.111e-02   6.269e-02  1.0000        2787  [    6      4       5120          7 ]
           6      531409    2449.188   2.937e-02   2.984e-02   2.050e-02   0.000e+00   2.109e-02   6.256e-02  1.0000        2782  [    5     26       2560          7 ]
           6      536440    2462.495   2.937e-02   2.984e-02   2.050e-02   0.000e+00   2.106e-02   6.245e-02  1.0000        2812  [    5     27       2560         10 ]
           6      541656    2476.374   2.937e-02   2.984e-02   2.050e-02   0.000e+00   2.104e-02   6.239e-02  1.0000        2809  [    5     28       2560         11 ]
           6      546462    2489.371   2.937e-02   2.984e-02   2.050e-02   0.000e+00   2.100e-02   6.234e-02  1.0000        2797  [    5     29       2560         12 ]
           6      551041    2503.326   2.937e-02   2.984e-02   2.050e-02   0.000e+00   2.100e-02   6.234e-02  1.0000        2787  [    5     30       2560          7 ]
           6      555703    2517.128   2.937e-02   2.984e-02   2.050e-02   0.000e+00   2.100e-02   6.234e-02  1.0000        2786  [    5     31       2560          7 ]
           6      560640    2530.941   2.937e-02   2.984e-02   2.050e-02   0.000e+00   2.099e-02   6.223e-02  1.0000        2808  [    5     32       2560         11 ]
           6      565543    2544.519   2.937e-02   2.984e-02   2.050e-02   0.000e+00   2.099e-02   6.223e-02  1.0000        2817  [    5     33       2560         10 ]
           6      574578    2565.582   2.937e-02   2.984e-02   2.050e-02   0.000e+00   2.098e-02   6.222e-02  1.0000        2845  [    6      5       5120          9 ]
           6      579702    2579.264   2.937e-02   2.984e-02   2.050e-02   0.000e+00   2.097e-02   6.222e-02  1.0000        2852  [    5     34       2560         16 ]
           6      584509    2592.735   2.937e-02   2.984e-02   2.050e-02   0.000e+00   2.097e-02   6.221e-02  1.0000        2857  [    5     35       2560         15 ]
           6      589185    2605.755   2.937e-02   2.984e-02   2.050e-02   0.000e+00   2.097e-02   6.221e-02  1.0000        2838  [    5     36       2560          6 ]
           6      594105    2619.763   2.937e-02   2.984e-02   2.050e-02   0.000e+00   2.097e-02   6.212e-02  1.0000        2849  [    5     37       2560          9 ]
           6      598771    2633.151   2.937e-02   2.984e-02   2.050e-02   0.000e+00   2.097e-02   6.212e-02  1.0000        2855  [    5     38       2560          7 ]
           6      603744    2646.117   2.937e-02   2.984e-02   2.050e-02   0.000e+00   2.097e-02   6.212e-02  1.0000        2846  [    5     39       2560          9 ]
           6      608577    2658.672   2.937e-02   2.984e-02   2.050e-02   0.000e+00   2.096e-02   6.211e-02  1.0000        2855  [    5     40       2560         11 ]
           6      613633    2671.766   2.937e-02   2.984e-02   2.050e-02   0.000e+00   2.096e-02   6.210e-02  1.0000        2861  [    5     41       2560          9 ]
           6      622939    2693.596   2.937e-02   2.984e-02   2.050e-02   0.000e+00   2.093e-02   6.189e-02  1.0000        2867  [    6      6       5120          7 ]
           6      627731    2707.341   2.937e-02   2.984e-02   2.050e-02   0.000e+00   2.092e-02   6.188e-02  1.0000        2854  [    5     42       2560          5 ]
           6      632737    2720.767   2.937e-02   2.984e-02   2.050e-02   0.000e+00   2.092e-02   6.187e-02  1.0000        2874  [    5     43       2560          9 ]
           6      637708    2734.769   2.937e-02   2.984e-02   2.050e-02   0.000e+00   2.090e-02   6.162e-02  1.0000        2886  [    5     44       2560         13 ]
           6      642898    2748.704   2.937e-02   2.984e-02   2.050e-02   0.000e+00   2.088e-02   6.151e-02  1.0000        2878  [    5     45       2560         10 ]
           6      647540    2763.026   2.937e-02   2.984e-02   2.050e-02   0.000e+00   2.087e-02   6.149e-02  1.0000        2876  [    5     46       2560         10 ]
           6      652378    2777.118   2.937e-02   2.984e-02   2.050e-02   0.000e+00   2.087e-02   6.146e-02  1.0000        2889  [    5     47       2560         11 ]
           6      657225    2790.680   2.937e-02   2.984e-02   2.050e-02   0.000e+00   2.087e-02   6.146e-02  1.0000        2885  [    5     48       2560         15 ]
           6      662181    2804.410   2.937e-02   2.984e-02   2.050e-02   0.000e+00   2.087e-02   6.146e-02  1.0000        2874  [    5     49       2560         10 ]
           6      671660    2825.995   2.937e-02   2.984e-02   2.050e-02   0.000e+00   2.084e-02   6.138e-02  1.0000        2884  [    6      7       5120          7 ]
           6      676360    2839.908   2.937e-02   2.984e-02   2.050e-02   0.000e+00   2.084e-02   6.138e-02  1.0000        2888  [    5     50       2560         11 ]
           6      681422    2853.494   2.937e-02   2.984e-02   2.050e-02   0.000e+00   2.084e-02   6.138e-02  1.0000        2893  [    5     51       2560         13 ]
           6      686428    2866.738   2.937e-02   2.984e-02   2.050e-02   0.000e+00   2.083e-02   6.138e-02  1.0000        2902  [    5     52       2560         14 ]
           6      691501    2880.650   2.937e-02   2.984e-02   2.050e-02   0.000e+00   2.083e-02   6.138e-02  1.0000        2890  [    5     53       2560         10 ]
           6      696328    2894.030   2.937e-02   2.984e-02   2.050e-02   0.000e+00   2.083e-02   6.138e-02  1.0000        2899  [    5     54       2560         15 ]
           6      701245    2907.325   2.937e-02   2.984e-02   2.050e-02   0.000e+00   2.082e-02   6.135e-02  1.0000        2899  [    5     55       2560         14 ]
           6      706141    2921.079   2.937e-02   2.984e-02   2.050e-02   0.000e+00   2.082e-02   6.135e-02  1.0000        2891  [    5     56       2560         12 ]
           6      711300    2934.656   2.937e-02   2.984e-02   2.050e-02   0.000e+00   2.082e-02   6.135e-02  1.0000        2889  [    5     57       2560         12 ]
           6      720924    2955.715   2.937e-02   2.514e-02   2.050e-02   0.000e+00   2.079e-02   6.111e-02  1.0000        2896  [    6      8       5120          6 ]
           6      725875    2970.114   2.937e-02   2.514e-02   2.050e-02   0.000e+00   2.079e-02   6.111e-02  1.0000        2889  [    5     58       2560          9 ]
           6      730174    2983.746   2.937e-02   2.514e-02   2.050e-02   0.000e+00   2.079e-02   6.111e-02  1.0000        2887  [    5     59       2560          7 ]
           6      735021    2996.984   2.937e-02   2.514e-02   2.050e-02   0.000e+00   2.079e-02   6.111e-02  1.0000        2887  [    5     60       2560         10 ]
           6      739887    3010.603   2.937e-02   2.514e-02   2.050e-02   0.000e+00   2.078e-02   6.110e-02  1.0000        2891  [    5     61       2560         12 ]
           6      744642    3024.200   2.937e-02   2.514e-02   2.050e-02   0.000e+00   2.078e-02   6.107e-02  1.0000        2883  [    5     62       2560          7 ]
           6      749474    3037.854   2.937e-02   2.514e-02   2.050e-02   0.000e+00   2.078e-02   6.106e-02  1.0000        2891  [    5     63       2560         11 ]
           6      754379    3050.194   2.937e-02   2.514e-02   2.050e-02   0.000e+00   2.077e-02   6.106e-02  1.0000        2884  [    5     64       2560          8 ]
           7      786056    3144.323   1.793e-02   2.120e-02   2.050e-02   0.000e+00   2.075e-02   6.094e-02  1.0000        2909  [    7      1      10240         11 ]
           7      790950    3158.537   1.793e-02   2.120e-02   2.050e-02   0.000e+00   2.075e-02   6.094e-02  1.0000        2909  [    5     65       2560         12 ]
           7      800660    3182.434   1.793e-02   2.120e-02   2.050e-02   0.000e+00   2.068e-02   6.070e-02  1.0000        2905  [    6      9       5120          7 ]
           7      817849    3239.666   1.793e-02   2.120e-02   2.050e-02   0.000e+00   2.064e-02   6.041e-02  1.0000        2914  [    7      2      10240          7 ]
           7      822870    3254.506   1.793e-02   2.120e-02   2.050e-02   0.000e+00   2.064e-02   6.041e-02  1.0000        2917  [    5     66       2560         10 ]
           7      827922    3268.870   1.793e-02   2.120e-02   2.050e-02   0.000e+00   2.063e-02   6.041e-02  1.0000        2924  [    5     67       2560         15 ]
           7      832879    3283.970   1.793e-02   2.120e-02   2.050e-02   0.000e+00   2.063e-02   6.041e-02  1.0000        2902  [    5     68       2560         10 ]
           7      837750    3297.971   1.793e-02   2.120e-02   2.050e-02   0.000e+00   2.063e-02   6.041e-02  1.0000        2924  [    5     69       2560         14 ]
           7      842531    3312.929   1.793e-02   2.120e-02   2.050e-02   0.000e+00   2.063e-02   6.041e-02  1.0000        2932  [    5     70       2560         16 ]
           7      847564    3327.068   1.793e-02   2.120e-02   2.050e-02   0.000e+00   2.063e-02   6.041e-02  1.0000        2920  [    5     71       2560         15 ]
           7      852440    3339.301   1.793e-02   2.120e-02   2.050e-02   0.000e+00   2.063e-02   6.041e-02  1.0000        2910  [    5     72       2560         10 ]
           7      857369    3352.663   1.793e-02   2.120e-02   2.050e-02   0.000e+00   2.063e-02   6.041e-02  1.0000        2925  [    5     73       2560         11 ]
           7      867103    3373.095   1.793e-02   2.120e-02   2.050e-02   0.000e+00   2.059e-02   6.025e-02  1.0000        2937  [    6     10       5120         11 ]
           7      872083    3386.054   1.793e-02   2.120e-02   2.050e-02   0.000e+00   2.059e-02   6.025e-02  1.0000        2933  [    5     74       2560         11 ]
           7      876877    3399.244   1.793e-02   2.120e-02   2.050e-02   0.000e+00   2.059e-02   6.025e-02  1.0000        2942  [    5     75       2560         12 ]
           7      881614    3412.404   1.793e-02   2.120e-02   2.050e-02   0.000e+00   2.059e-02   6.025e-02  1.0000        2929  [    5     76       2560         10 ]
           7      886288    3424.937   1.793e-02   2.120e-02   2.050e-02   0.000e+00   2.059e-02   6.025e-02  1.0000        2929  [    5     77       2560         10 ]
           7      891194    3436.753   1.793e-02   2.120e-02   2.050e-02   0.000e+00   2.059e-02   6.025e-02  1.0000        2941  [    5     78       2560         10 ]
           7      896141    3450.076   1.793e-02   2.120e-02   2.050e-02   0.000e+00   2.059e-02   6.025e-02  1.0000        2949  [    5     79       2560         11 ]
           7      900922    3463.024   1.793e-02   2.120e-02   2.050e-02   0.000e+00   2.059e-02   6.025e-02  1.0000        2923  [    5     80       2560         10 ]
           7      905814    3475.816   1.793e-02   2.120e-02   2.050e-02   0.000e+00   2.059e-02   6.025e-02  1.0000        2919  [    5     81       2560          8 ]
           7      914956    3497.146   1.793e-02   2.120e-02   2.050e-02   0.000e+00   2.058e-02   6.021e-02  1.0000        2915  [    6     11       5120          5 ]
           7      919795    3510.315   1.793e-02   2.120e-02   2.050e-02   0.000e+00   2.058e-02   6.021e-02  1.0000        2925  [    5     82       2560         11 ]
           7      924555    3523.151   1.793e-02   2.120e-02   2.050e-02   0.000e+00   2.058e-02   6.021e-02  1.0000        2924  [    5     83       2560          9 ]
           7      929343    3535.770   1.793e-02   2.120e-02   2.050e-02   0.000e+00   2.058e-02   6.021e-02  1.0000        2920  [    5     84       2560         12 ]
           7      934151    3548.391   1.793e-02   2.120e-02   2.050e-02   0.000e+00   2.058e-02   6.021e-02  1.0000        2922  [    5     85       2560         11 ]
           7      939045    3561.599   1.793e-02   2.120e-02   2.050e-02   0.000e+00   2.058e-02   6.021e-02  1.0000        2937  [    5     86       2560         18 ]
           7      944001    3573.394   1.793e-02   2.120e-02   2.050e-02   0.000e+00   2.058e-02   6.021e-02  1.0000        2936  [    5     87       2560         13 ]
           7      948861    3585.822   1.793e-02   2.120e-02   2.050e-02   0.000e+00   2.058e-02   6.021e-02  1.0000        2925  [    5     88       2560          6 ]
           7      953690    3599.751   1.793e-02   2.120e-02   2.050e-02   0.000e+00   2.058e-02   6.021e-02  1.0000        2944  [    5     89       2560         13 ]
           7      963620    3620.047   1.793e-02   2.120e-02   2.050e-02   0.000e+00   2.046e-02   5.986e-02  1.0000        2925  [    6     12       5120          6 ]
           7      968305    3633.487   1.793e-02   2.120e-02   2.050e-02   0.000e+00   2.046e-02   5.986e-02  1.0000        2926  [    5     90       2560          8 ]
           7      972699    3646.151   1.793e-02   2.120e-02   2.050e-02   0.000e+00   2.046e-02   5.986e-02  1.0000        2921  [    5     91       2560          6 ]
           7      977259    3660.377   1.793e-02   2.120e-02   2.050e-02   0.000e+00   2.046e-02   5.986e-02  1.0000        2924  [    5     92       2560          7 ]
           7      981884    3673.771   1.793e-02   2.120e-02   2.050e-02   0.000e+00   2.046e-02   5.986e-02  1.0000        2936  [    5     93       2560          8 ]
           7      986585    3687.875   1.793e-02   2.120e-02   2.050e-02   0.000e+00   2.046e-02   5.986e-02  1.0000        2935  [    5     94       2560         10 ]
           7      991360    3701.417   1.793e-02   2.120e-02   2.050e-02   0.000e+00   2.046e-02   5.986e-02  1.0000        2923  [    5     95       2560          9 ]
           7      996046    3715.409   1.793e-02   2.120e-02   2.050e-02   0.000e+00   2.046e-02   5.986e-02  1.0000        2932  [    5     96       2560         10 ]
           8     1000748    3728.412   1.793e-02   2.120e-02   2.050e-02   0.000e+00   2.046e-02   5.986e-02  1.0000        2939  [    7      2      10240          7 ]
