# Generation  Evaluations  Time (s)  Best_obj[0]  Best_obj[1]  Hypervol.   IGD         IGDX        SR    Appr.set  [ Pop.index  Subgen.  Pop.size  Subpops ]
           0          74       3.898   1.566e+00   1.620e+00   0.000e+00   1.603e+00   6.120e+00  0.0000           5  [    0      1         30          3 ]
           0         127       3.918   9.452e-03   1.070e-01   0.000e+00   7.525e-01   5.894e+00  0.0000          10  [    0      2         30          4 ]
           0         193       3.938   9.452e-03   1.070e-01   0.000e+00   2.415e-01   5.497e+00  0.0000          25  [    0      3         30          5 ]
           0         263       4.016   2.121e-03   1.070e-01   0.000e+00   2.030e-01   5.176e+00  0.0000          39  [    0      4         30          5 ]
           0         336       4.092   2.121e-03   4.358e-02   7.170e-04   8.686e-02   5.140e+00  0.0000          58  [    0      5         30          5 ]
           0         414       4.203   2.121e-03   4.358e-02   1.079e-02   7.200e-02   5.125e+00  0.0000          75  [    0      6         30          5 ]
           0         488       4.346   2.121e-03   4.358e-02   1.079e-02   5.991e-02   5.118e+00  0.0000         107  [    0      7         30          5 ]
           0         565       4.521   2.121e-03   4.358e-02   1.081e-02   5.606e-02   5.118e+00  0.0000         131  [    0      8         30          5 ]
           1         919       4.723   2.121e-03   4.358e-02   1.056e-02   3.476e-02   1.645e+00  0.0000         224  [    1      1         60          9 ]
           1        1027       5.077   2.121e-03   6.126e-03   1.056e-02   3.155e-02   1.619e+00  0.0000         225  [    0      9         30          9 ]
           1        1195       5.475   5.917e-04   6.126e-03   1.056e-02   2.790e-02   1.315e+00  0.0000         235  [    1      2         60         11 ]
           1        1298       5.777   5.917e-04   6.332e-04   1.077e-02   2.670e-02   1.263e+00  0.0000         254  [    0     10         30         10 ]
           1        1416       6.176   5.917e-04   6.332e-04   1.077e-02   2.595e-02   1.254e+00  0.0000         275  [    0     11         30         10 ]
           1        1530       6.704   5.917e-04   6.332e-04   1.077e-02   2.546e-02   1.111e+00  0.0000         289  [    0     12         30         10 ]
           1        1644       7.217   5.917e-04   6.332e-04   1.077e-02   2.533e-02   1.110e+00  0.0000         297  [    0     13         30         10 ]
           1        1760       7.666   5.917e-04   6.332e-04   1.077e-02   2.398e-02   1.082e+00  0.1111         300  [    0     14         30         10 ]
           1        1874       8.001   5.917e-04   6.332e-04   1.077e-02   2.318e-02   9.333e-01  0.1111         305  [    0     15         30         10 ]
           1        1977       8.533   5.917e-04   6.332e-04   1.077e-02   2.203e-02   8.502e-01  0.1111         302  [    0     16         30         10 ]
           1        2084       8.962   5.917e-04   6.332e-04   1.371e-02   2.159e-02   7.886e-01  0.1111         310  [    0     17         30         11 ]
           1        2249       9.461   5.917e-04   6.332e-04   1.371e-02   2.034e-02   7.882e-01  0.1111         309  [    1      3         60         11 ]
           1        2360      10.053   5.917e-04   6.332e-04   1.341e-02   1.896e-02   6.833e-01  0.1111         319  [    0     18         30         11 ]
           1        2478      10.650   5.917e-04   6.332e-04   1.309e-02   1.856e-02   5.016e-01  0.1111         326  [    0     19         30         11 ]
           1        2593      11.166   5.917e-04   6.332e-04   1.143e-02   1.856e-02   4.968e-01  0.1111         332  [    0     20         30         11 ]
           1        2716      11.783   5.917e-04   6.332e-04   9.210e-03   1.826e-02   3.436e-01  0.1111         335  [    0     21         30         12 ]
           1        2841      12.369   5.917e-04   6.332e-04   9.322e-03   1.756e-02   3.165e-01  0.1111         325  [    0     22         30         11 ]
           1        2957      12.862   5.917e-04   6.332e-04   9.322e-03   1.738e-02   2.731e-01  0.1111         335  [    0     23         30         10 ]
           1        3063      13.392   5.917e-04   6.332e-04   9.322e-03   1.730e-02   1.574e-01  0.1111         345  [    0     24         30         11 ]
           1        3166      14.034   5.917e-04   6.332e-04   9.322e-03   1.719e-02   1.553e-01  0.1111         351  [    0     25         30         10 ]
           1        3327      14.622   5.917e-04   6.332e-04   1.008e-02   1.722e-02   1.530e-01  0.1111         360  [    1      4         60         10 ]
           1        3438      15.093   5.917e-04   6.332e-04   1.036e-02   1.691e-02   1.497e-01  0.1111         379  [    0     26         30         10 ]
           1        3546      15.645   5.917e-04   6.332e-04   8.911e-03   1.632e-02   1.494e-01  0.1111         405  [    0     27         30         10 ]
           1        3650      16.399   5.917e-04   6.332e-04   9.902e-03   1.524e-02   1.352e-01  0.2222         427  [    0     28         30         10 ]
           1        3754      17.170   5.917e-04   6.332e-04   9.902e-03   1.396e-02   1.334e-01  0.2222         441  [    0     29         30         10 ]
           1        3868      17.853   5.917e-04   6.332e-04   1.051e-02   1.361e-02   1.217e-01  0.2222         453  [    0     30         30         11 ]
           1        3983      18.579   5.917e-04   6.332e-04   9.855e-03   1.352e-02   1.179e-01  0.2222         462  [    0     31         30          9 ]
           1        4077      19.294   5.917e-04   6.332e-04   9.855e-03   1.352e-02   1.179e-01  0.2222         466  [    0     32         30          9 ]
           1        4174      20.055   5.917e-04   6.332e-04   9.855e-03   1.320e-02   1.138e-01  0.2222         489  [    0     33         30          9 ]
           1        4344      20.805   5.917e-04   6.332e-04   9.855e-03   1.269e-02   9.361e-02  0.2222         529  [    1      5         60         10 ]
           1        4454      21.633   5.917e-04   6.332e-04   1.108e-02   1.224e-02   9.064e-02  0.2222         554  [    0     34         30         10 ]
           1        4565      22.458   5.917e-04   6.332e-04   1.108e-02   1.204e-02   7.890e-02  0.2222         569  [    0     35         30         10 ]
           1        4670      23.443   5.917e-04   6.332e-04   1.366e-02   1.172e-02   7.712e-02  0.2222         582  [    0     36         30         10 ]
           1        4773      24.375   5.917e-04   6.332e-04   1.366e-02   1.158e-02   7.526e-02  0.2222         592  [    0     37         30         11 ]
           1        4886      25.269   5.917e-04   6.332e-04   1.366e-02   1.149e-02   7.476e-02  0.2222         601  [    0     38         30         10 ]
           1        4987      26.316   5.917e-04   6.332e-04   1.353e-02   1.146e-02   7.396e-02  0.2222         607  [    0     39         30         10 ]
           1        5091      27.408   5.917e-04   6.332e-04   1.353e-02   1.131e-02   7.280e-02  0.2222         617  [    0     40         30         10 ]
           1        5196      28.280   5.917e-04   6.332e-04   1.353e-02   1.101e-02   7.212e-02  0.2222         628  [    0     41         30         10 ]
           1        5369      29.336   5.917e-04   6.332e-04   1.438e-02   1.028e-02   6.167e-02  0.3333         648  [    1      6         60         10 ]
           1        5475      30.373   5.917e-04   6.332e-04   1.438e-02   1.007e-02   5.859e-02  0.4444         665  [    0     42         30         10 ]
           1        5584      31.730   5.917e-04   6.332e-04   1.389e-02   9.969e-03   5.502e-02  0.4444         664  [    0     43         30         10 ]
           1        5685      32.723   5.917e-04   6.332e-04   1.483e-02   9.959e-03   5.480e-02  0.4444         673  [    0     44         30          9 ]
           1        5786      33.648   5.917e-04   6.332e-04   1.483e-02   9.803e-03   5.468e-02  0.4444         688  [    0     45         30          9 ]
           1        5879      34.629   5.917e-04   6.332e-04   1.483e-02   9.757e-03   5.369e-02  0.5556         695  [    0     46         30          9 ]
           1        5983      35.647   5.917e-04   6.332e-04   1.489e-02   9.550e-03   5.279e-02  0.5556         711  [    0     47         30          9 ]
           1        6081      36.853   5.917e-04   6.332e-04   1.475e-02   9.010e-03   5.266e-02  0.5556         728  [    0     48         30          9 ]
           1        6187      38.021   5.917e-04   6.332e-04   1.447e-02   8.871e-03   5.202e-02  0.5556         754  [    0     49         30          9 ]
           1        6358      39.259   5.917e-04   6.332e-04   1.487e-02   8.306e-03   5.095e-02  0.5556         800  [    1      7         60         10 ]
           1        6465      40.648   5.917e-04   6.332e-04   1.555e-02   8.137e-03   5.054e-02  0.5556         820  [    0     50         30          9 ]
           1        6570      41.944   5.917e-04   6.332e-04   1.555e-02   8.089e-03   4.912e-02  0.5556         845  [    0     51         30          9 ]
           1        6673      43.408   5.917e-04   6.332e-04   1.555e-02   7.957e-03   4.830e-02  0.5556         856  [    0     52         30          9 ]
           1        6775      44.809   5.917e-04   9.326e-05   1.555e-02   7.676e-03   4.770e-02  0.5556         871  [    0     53         30          9 ]
           1        6878      46.186   5.917e-04   9.326e-05   1.555e-02   7.492e-03   4.685e-02  0.5556         890  [    0     54         30          9 ]
           1        6983      47.794   5.917e-04   9.326e-05   1.555e-02   7.083e-03   4.565e-02  0.5556         911  [    0     55         30          9 ]
           1        7089      49.517   5.917e-04   9.326e-05   1.558e-02   6.713e-03   4.414e-02  0.5556         938  [    0     56         30          9 ]
           1        7191      51.210   5.917e-04   9.326e-05   1.558e-02   6.446e-03   4.343e-02  0.5556         955  [    0     57         30          9 ]
           1        7354      52.841   5.917e-04   9.326e-05   1.517e-02   6.177e-03   4.070e-02  0.6667         997  [    1      8         60         10 ]
           1        7469      54.442   5.917e-04   9.326e-05   1.517e-02   6.074e-03   3.983e-02  0.7778        1021  [    0     58         30         11 ]
           1        7579      56.570   5.917e-04   9.326e-05   1.520e-02   5.898e-03   3.970e-02  0.7778        1036  [    0     59         30         11 ]
           1        7690      58.065   5.917e-04   9.326e-05   1.531e-02   5.830e-03   3.915e-02  0.7778        1057  [    0     60         30         10 ]
           1        7804      60.151   5.917e-04   9.326e-05   1.531e-02   5.638e-03   3.895e-02  0.7778        1064  [    0     61         30          9 ]
           1        7903      62.253   5.917e-04   9.326e-05   1.536e-02   5.552e-03   3.826e-02  0.7778        1067  [    0     62         30          9 ]
           1        8005      63.920   5.917e-04   9.326e-05   1.536e-02   5.486e-03   3.809e-02  0.8889        1078  [    0     63         30          9 ]
           1        8104      65.700   5.917e-04   9.326e-05   1.581e-02   5.477e-03   3.620e-02  0.8889        1081  [    0     64         30          9 ]
           2        9960      67.757   5.553e-04   9.326e-05   1.483e-02   6.440e-03   3.491e-02  0.8889         755  [    2      1        120         15 ]
           2       10167      68.829   5.553e-04   9.326e-05   1.483e-02   6.269e-03   3.394e-02  0.8889         768  [    1      9         60         11 ]
           2       10511      69.893   5.553e-04   9.326e-05   1.501e-02   6.210e-03   3.346e-02  0.8889         775  [    2      2        120         16 ]
           2       10718      71.063   5.553e-04   9.326e-05   1.501e-02   6.066e-03   3.280e-02  0.8889         780  [    1     10         60         13 ]
           2       10913      72.303   5.553e-04   9.326e-05   1.501e-02   5.983e-03   3.274e-02  0.8889         789  [    1     11         60         12 ]
           2       11103      73.537   5.553e-04   9.326e-05   1.501e-02   5.946e-03   3.269e-02  0.8889         791  [    1     12         60         11 ]
           2       11290      74.946   5.553e-04   9.326e-05   1.501e-02   5.908e-03   3.261e-02  0.8889         793  [    1     13         60         11 ]
           2       11474      76.118   5.553e-04   9.127e-05   1.535e-02   5.915e-03   3.239e-02  0.8889         794  [    1     14         60         10 ]
           2       11641      77.709   5.553e-04   9.127e-05   1.545e-02   5.862e-03   3.029e-02  0.8889         805  [    1     15         60         10 ]
           2       11816      79.168   5.553e-04   9.127e-05   1.545e-02   5.815e-03   2.878e-02  0.8889         811  [    1     16         60         10 ]
           2       11974      80.687   5.553e-04   9.127e-05   1.546e-02   5.742e-03   2.847e-02  1.0000         819  [    1     17         60         10 ]
           2       12278      81.955   5.553e-04   9.127e-05   1.599e-02   5.669e-03   2.704e-02  1.0000         833  [    2      3        120         14 ]
           2       12471      83.328   5.553e-04   9.127e-05   1.599e-02   5.621e-03   2.596e-02  1.0000         839  [    1     18         60         11 ]
           2       12651      84.759   5.190e-04   9.127e-05   1.599e-02   5.528e-03   2.536e-02  1.0000         846  [    1     19         60         11 ]
           2       12852      86.400   5.190e-04   9.127e-05   1.599e-02   5.461e-03   2.465e-02  1.0000         852  [    1     20         60         13 ]
           2       13048      87.650   4.713e-04   9.127e-05   1.602e-02   5.456e-03   2.429e-02  1.0000         855  [    1     21         60         13 ]
           2       13229      89.077   4.713e-04   9.127e-05   1.602e-02   5.435e-03   2.375e-02  1.0000         862  [    1     22         60         13 ]
           2       13421      90.536   4.713e-04   9.127e-05   1.602e-02   5.414e-03   2.359e-02  1.0000         868  [    1     23         60         13 ]
           2       13601      91.833   4.713e-04   9.127e-05   1.602e-02   5.362e-03   2.293e-02  1.0000         871  [    1     24         60         13 ]
           2       13793      93.056   1.047e-04   9.127e-05   1.602e-02   5.304e-03   2.262e-02  1.0000         882  [    1     25         60         12 ]
           2       14114      94.350   1.047e-04   5.353e-05   1.608e-02   5.230e-03   2.180e-02  1.0000         890  [    2      4        120         16 ]
           2       14312      95.822   1.047e-04   5.353e-05   1.613e-02   5.152e-03   2.170e-02  1.0000         901  [    1     26         60         13 ]
           2       14514      97.053   1.047e-04   5.353e-05   1.613e-02   5.141e-03   2.163e-02  1.0000         889  [    1     27         60         13 ]
           2       14704      98.250   1.047e-04   5.353e-05   1.613e-02   5.108e-03   2.135e-02  1.0000         896  [    1     28         60         13 ]
           2       14900     100.074   1.047e-04   5.353e-05   1.616e-02   5.073e-03   2.113e-02  1.0000         906  [    1     29         60         14 ]
           2       15096     101.555   2.553e-05   5.353e-05   1.616e-02   5.043e-03   2.099e-02  1.0000         912  [    1     30         60         14 ]
           2       15291     102.781   2.553e-05   5.353e-05   1.659e-02   4.970e-03   2.090e-02  1.0000         896  [    1     31         60         13 ]
           2       15484     104.084   2.553e-05   5.353e-05   1.659e-02   4.963e-03   2.075e-02  1.0000         910  [    1     32         60         13 ]
           2       15678     105.528   2.553e-05   5.353e-05   1.659e-02   4.909e-03   2.042e-02  1.0000         921  [    1     33         60         14 ]
           2       15989     107.369   2.553e-05   5.353e-05   1.695e-02   4.883e-03   2.000e-02  1.0000         922  [    2      5        120         13 ]
           2       16188     109.263   2.553e-05   5.353e-05   1.695e-02   4.870e-03   1.996e-02  1.0000         936  [    1     34         60         13 ]
           2       16405     111.159   2.553e-05   5.353e-05   1.695e-02   4.839e-03   1.881e-02  1.0000         928  [    1     35         60         12 ]
           2       16598     112.435   2.553e-05   5.353e-05   1.723e-02   4.819e-03   1.864e-02  1.0000         933  [    1     36         60         12 ]
           2       16782     114.012   2.553e-05   2.779e-05   1.723e-02   4.775e-03   1.850e-02  1.0000         937  [    1     37         60         12 ]
           2       16986     115.851   2.553e-05   2.779e-05   1.723e-02   4.732e-03   1.838e-02  1.0000         942  [    1     38         60         13 ]
           2       17175     117.416   2.553e-05   2.779e-05   1.731e-02   4.668e-03   1.785e-02  1.0000         943  [    1     39         60         12 ]
           2       17374     118.701   2.553e-05   2.779e-05   1.731e-02   4.620e-03   1.780e-02  1.0000         948  [    1     40         60         14 ]
           2       17591     120.699   2.553e-05   2.779e-05   1.731e-02   4.595e-03   1.774e-02  1.0000         958  [    1     41         60         14 ]
           2       17907     122.656   2.553e-05   2.779e-05   1.732e-02   4.573e-03   1.750e-02  1.0000         938  [    2      6        120         15 ]
           2       18102     124.210   2.553e-05   2.779e-05   1.732e-02   4.540e-03   1.747e-02  1.0000         939  [    1     42         60         14 ]
           2       18301     125.959   2.553e-05   2.779e-05   1.732e-02   4.509e-03   1.720e-02  1.0000         939  [    1     43         60         14 ]
           2       18503     127.617   2.553e-05   2.779e-05   1.732e-02   4.506e-03   1.716e-02  1.0000         942  [    1     44         60         13 ]
           2       18696     129.246   2.553e-05   2.779e-05   1.729e-02   4.478e-03   1.712e-02  1.0000         944  [    1     45         60         13 ]
           2       18896     130.990   2.553e-05   2.779e-05   1.729e-02   4.470e-03   1.705e-02  1.0000         947  [    1     46         60         12 ]
           2       19103     132.875   2.553e-05   2.779e-05   1.729e-02   4.434e-03   1.701e-02  1.0000         942  [    1     47         60         12 ]
           2       19300     134.560   2.553e-05   2.779e-05   1.745e-02   4.382e-03   1.675e-02  1.0000         946  [    1     48         60         13 ]
           2       19492     135.936   2.553e-05   2.779e-05   1.745e-02   4.365e-03   1.660e-02  1.0000         951  [    1     49         60         12 ]
           2       19794     137.759   2.553e-05   2.779e-05   1.745e-02   4.378e-03   1.645e-02  1.0000         952  [    2      7        120         12 ]
           2       19992     139.740   2.553e-05   2.779e-05   1.747e-02   4.341e-03   1.640e-02  1.0000         953  [    1     50         60         12 ]
           2       20191     141.323   2.553e-05   2.779e-05   1.747e-02   4.336e-03   1.638e-02  1.0000         954  [    1     51         60         13 ]
           2       20388     142.737   2.553e-05   2.779e-05   1.747e-02   4.332e-03   1.631e-02  1.0000         958  [    1     52         60         15 ]
           2       20597     144.424   2.553e-05   2.779e-05   1.749e-02   4.328e-03   1.618e-02  1.0000         961  [    1     53         60         15 ]
           2       20796     146.338   2.553e-05   2.779e-05   1.749e-02   4.339e-03   1.613e-02  1.0000         958  [    1     54         60         14 ]
           2       20992     147.868   2.553e-05   2.779e-05   1.749e-02   4.339e-03   1.613e-02  1.0000         963  [    1     55         60         14 ]
           2       21191     149.253   2.553e-05   2.779e-05   1.751e-02   4.321e-03   1.603e-02  1.0000         965  [    1     56         60         14 ]
           2       21391     151.108   2.553e-05   2.779e-05   1.751e-02   4.327e-03   1.601e-02  1.0000         959  [    1     57         60         14 ]
           2       21730     152.719   2.553e-05   2.779e-05   1.751e-02   4.304e-03   1.590e-02  1.0000         965  [    2      8        120         15 ]
           2       21945     154.113   2.553e-05   2.779e-05   1.751e-02   4.300e-03   1.579e-02  1.0000         966  [    1     58         60         13 ]
           2       22142     155.577   2.553e-05   2.779e-05   1.751e-02   4.292e-03   1.571e-02  1.0000         965  [    1     59         60         12 ]
           2       22323     157.027   2.553e-05   2.779e-05   1.757e-02   4.294e-03   1.567e-02  1.0000         964  [    1     60         60         11 ]
           2       22500     158.852   2.553e-05   1.851e-05   1.757e-02   4.291e-03   1.566e-02  1.0000         963  [    1     61         60         11 ]
           2       22680     160.367   2.553e-05   1.851e-05   1.757e-02   4.291e-03   1.566e-02  1.0000         963  [    1     62         60         11 ]
           2       22858     161.999   2.553e-05   1.851e-05   1.765e-02   4.273e-03   1.560e-02  1.0000         964  [    1     63         60         10 ]
           2       23026     163.336   2.553e-05   1.851e-05   1.766e-02   4.266e-03   1.557e-02  1.0000         967  [    1     64         60         10 ]
           3       25031     165.460   2.553e-05   1.575e-05   1.770e-02   4.130e-03   1.535e-02  1.0000         990  [    3      1        240         20 ]
           3       25256     166.980   2.553e-05   1.575e-05   1.779e-02   4.131e-03   1.529e-02  1.0000         986  [    1     65         60         14 ]
           3       25617     168.619   2.553e-05   1.575e-05   1.787e-02   4.121e-03   1.525e-02  1.0000        1000  [    2      9        120         18 ]
           3       26244     170.110   2.553e-05   1.575e-05   1.787e-02   4.086e-03   1.503e-02  1.0000         996  [    3      2        240         17 ]
           3       26493     172.038   2.553e-05   1.575e-05   1.787e-02   4.086e-03   1.497e-02  1.0000         995  [    1     66         60         16 ]
           3       26721     174.038   2.553e-05   1.575e-05   1.788e-02   4.069e-03   1.488e-02  1.0000         993  [    1     67         60         14 ]
           3       26939     175.944   2.553e-05   1.575e-05   1.788e-02   4.063e-03   1.483e-02  1.0000         991  [    1     68         60         13 ]
           3       27134     177.407   2.553e-05   1.575e-05   1.788e-02   4.057e-03   1.476e-02  1.0000         992  [    1     69         60         13 ]
           3       27353     179.420   2.553e-05   1.575e-05   1.789e-02   4.057e-03   1.474e-02  1.0000         993  [    1     70         60         12 ]
           3       27556     181.005   2.553e-05   1.575e-05   1.789e-02   4.050e-03   1.463e-02  1.0000         993  [    1     71         60         11 ]
           3       27764     182.440   2.553e-05   1.575e-05   1.789e-02   4.050e-03   1.460e-02  1.0000         996  [    1     72         60         12 ]
           3       27953     184.239   2.553e-05   1.575e-05   1.789e-02   4.050e-03   1.460e-02  1.0000         994  [    1     73         60         12 ]
           3       28309     186.451   2.553e-05   1.575e-05   1.789e-02   4.035e-03   1.452e-02  1.0000        1005  [    2     10        120         16 ]
           3       28536     188.728   2.553e-05   1.575e-05   1.789e-02   4.026e-03   1.449e-02  1.0000        1007  [    1     74         60         18 ]
           3       28779     190.719   2.553e-05   1.575e-05   1.789e-02   4.025e-03   1.446e-02  1.0000        1006  [    1     75         60         18 ]
           3       29004     192.496   2.553e-05   1.575e-05   1.789e-02   4.026e-03   1.445e-02  1.0000        1005  [    1     76         60         16 ]
           3       29211     194.474   2.553e-05   1.575e-05   1.789e-02   4.025e-03   1.441e-02  1.0000        1007  [    1     77         60         16 ]
           3       29436     196.048   2.553e-05   1.575e-05   1.789e-02   4.010e-03   1.440e-02  1.0000        1004  [    1     78         60         16 ]
           3       29656     197.634   2.553e-05   1.575e-05   1.789e-02   4.008e-03   1.433e-02  1.0000        1007  [    1     79         60         15 ]
           3       29871     199.370   2.553e-05   1.575e-05   1.786e-02   4.006e-03   1.429e-02  1.0000        1008  [    1     80         60         17 ]
           3       30079     200.744   2.553e-05   1.575e-05   1.786e-02   4.004e-03   1.429e-02  1.0000        1007  [    1     81         60         17 ]
           3       30423     202.596   2.553e-05   1.575e-05   1.786e-02   3.998e-03   1.410e-02  1.0000        1009  [    2     11        120         20 ]
           3       30658     204.702   2.553e-05   1.575e-05   1.786e-02   3.992e-03   1.408e-02  1.0000        1012  [    1     82         60         19 ]
           3       30904     206.085   2.553e-05   1.575e-05   1.786e-02   3.992e-03   1.409e-02  1.0000        1007  [    1     83         60         19 ]
           3       31128     207.357   2.553e-05   1.575e-05   1.786e-02   3.992e-03   1.408e-02  1.0000        1005  [    1     84         60         17 ]
           3       31353     208.780   2.553e-05   1.575e-05   1.786e-02   3.992e-03   1.406e-02  1.0000        1006  [    1     85         60         17 ]
           3       31586     210.474   2.553e-05   1.575e-05   1.786e-02   3.988e-03   1.406e-02  1.0000        1006  [    1     86         60         17 ]
           3       31795     211.959   2.553e-05   1.575e-05   1.786e-02   3.993e-03   1.399e-02  1.0000        1009  [    1     87         60         14 ]
           3       31985     213.677   2.553e-05   1.575e-05   1.786e-02   3.993e-03   1.399e-02  1.0000        1019  [    1     88         60         14 ]
           3       32192     215.349   2.553e-05   1.575e-05   1.786e-02   4.002e-03   1.398e-02  1.0000        1021  [    1     89         60         16 ]
           3       32514     216.773   2.553e-05   1.575e-05   1.786e-02   4.003e-03   1.393e-02  1.0000        1007  [    2     12        120         15 ]
           3       32735     218.393   2.553e-05   1.575e-05   1.786e-02   4.003e-03   1.393e-02  1.0000        1003  [    1     90         60         14 ]
           3       32925     220.384   2.553e-05   1.575e-05   1.786e-02   4.001e-03   1.393e-02  1.0000        1006  [    1     91         60         13 ]
           3       33108     222.379   2.553e-05   1.575e-05   1.786e-02   4.000e-03   1.393e-02  1.0000        1001  [    1     92         60         13 ]
           3       33305     224.533   2.553e-05   1.575e-05   1.786e-02   4.000e-03   1.390e-02  1.0000        1003  [    1     93         60         12 ]
           3       33502     226.781   2.553e-05   1.575e-05   1.786e-02   4.000e-03   1.390e-02  1.0000        1008  [    1     94         60         12 ]
           3       33694     228.992   2.553e-05   1.575e-05   1.790e-02   3.989e-03   1.369e-02  1.0000        1019  [    1     95         60         12 ]
           3       33888     231.156   2.553e-05   1.575e-05   1.790e-02   3.987e-03   1.363e-02  1.0000        1030  [    1     96         60         12 ]
           3       34074     233.221   2.553e-05   1.575e-05   1.790e-02   3.982e-03   1.358e-02  1.0000        1039  [    1     97         60         12 ]
           3       34374     235.504   2.553e-05   1.575e-05   1.790e-02   3.969e-03   1.349e-02  1.0000        1025  [    2     13        120         12 ]
           3       34566     237.378   2.553e-05   1.575e-05   1.790e-02   3.935e-03   1.342e-02  1.0000        1032  [    1     98         60         12 ]
           3       34761     239.590   2.553e-05   1.575e-05   1.790e-02   3.931e-03   1.333e-02  1.0000        1040  [    1     99         60         12 ]
           3       34952     241.494   2.553e-05   1.575e-05   1.790e-02   3.929e-03   1.332e-02  1.0000        1042  [    1    100         60         12 ]
           3       35152     243.615   2.553e-05   1.575e-05   1.790e-02   3.928e-03   1.331e-02  1.0000        1044  [    1    101         60         13 ]
           3       35342     245.635   2.553e-05   1.575e-05   1.790e-02   3.926e-03   1.330e-02  1.0000        1026  [    1    102         60         13 ]
           3       35554     247.479   2.553e-05   1.575e-05   1.790e-02   3.928e-03   1.326e-02  1.0000        1032  [    1    103         60         16 ]
           3       35757     249.089   2.553e-05   1.575e-05   1.792e-02   3.928e-03   1.325e-02  1.0000        1006  [    1    104         60         12 ]
           3       35944     250.997   2.553e-05   1.575e-05   1.792e-02   3.919e-03   1.324e-02  1.0000        1000  [    1    105         60         12 ]
           3       36256     253.024   2.553e-05   1.575e-05   1.792e-02   3.917e-03   1.319e-02  1.0000         999  [    2     14        120         12 ]
           3       36435     254.697   2.553e-05   1.575e-05   1.792e-02   3.917e-03   1.319e-02  1.0000         999  [    1    106         60         11 ]
           3       36611     256.769   2.553e-05   1.575e-05   1.792e-02   3.919e-03   1.308e-02  1.0000        1004  [    1    107         60         11 ]
           3       36798     258.619   2.553e-05   1.575e-05   1.792e-02   3.919e-03   1.307e-02  1.0000        1007  [    1    108         60         10 ]
           3       36969     260.828   2.553e-05   1.575e-05   1.792e-02   3.918e-03   1.307e-02  1.0000        1010  [    1    109         60         10 ]
           3       37147     262.834   2.553e-05   5.044e-06   1.792e-02   3.918e-03   1.303e-02  1.0000        1014  [    1    110         60         10 ]
           3       37318     264.760   2.553e-05   5.044e-06   1.792e-02   3.922e-03   1.301e-02  1.0000        1016  [    1    111         60         10 ]
           3       37493     266.886   2.553e-05   5.044e-06   1.834e-02   3.918e-03   1.291e-02  1.0000         997  [    1    112         60          9 ]
           3       37661     269.021   2.553e-05   5.044e-06   1.834e-02   3.914e-03   1.291e-02  1.0000         997  [    1    113         60          9 ]
           3       37951     271.149   2.553e-05   5.044e-06   1.834e-02   3.914e-03   1.291e-02  1.0000        1002  [    2     15        120         12 ]
           3       38139     273.040   2.553e-05   5.044e-06   1.834e-02   3.946e-03   1.283e-02  1.0000        1002  [    1    114         60         12 ]
           3       38339     275.132   2.553e-05   5.044e-06   1.834e-02   3.940e-03   1.272e-02  1.0000        1003  [    1    115         60         12 ]
           3       38531     277.223   2.553e-05   5.044e-06   1.834e-02   3.940e-03   1.272e-02  1.0000        1005  [    1    116         60         12 ]
           3       38701     279.222   2.553e-05   5.044e-06   1.834e-02   3.936e-03   1.259e-02  1.0000        1009  [    1    117         60         12 ]
           3       38887     281.343   2.553e-05   5.044e-06   1.834e-02   3.936e-03   1.255e-02  1.0000        1009  [    1    118         60         11 ]
           3       39066     283.538   2.553e-05   5.044e-06   1.834e-02   3.946e-03   1.248e-02  1.0000        1012  [    1    119         60         11 ]
           3       39244     285.658   2.553e-05   5.044e-06   1.834e-02   3.944e-03   1.247e-02  1.0000        1013  [    1    120         60         11 ]
           3       39424     287.766   2.553e-05   5.044e-06   1.834e-02   3.942e-03   1.242e-02  1.0000        1014  [    1    121         60         10 ]
           3       39730     290.022   2.553e-05   5.044e-06   1.834e-02   3.943e-03   1.240e-02  1.0000        1008  [    2     16        120         13 ]
           3       39940     292.019   2.553e-05   5.044e-06   1.834e-02   3.935e-03   1.239e-02  1.0000        1008  [    1    122         60         12 ]
           3       40127     293.750   2.553e-05   2.879e-06   1.834e-02   3.935e-03   1.234e-02  1.0000        1010  [    1    123         60         12 ]
           3       40317     295.800   2.553e-05   2.879e-06   1.834e-02   3.934e-03   1.233e-02  1.0000        1003  [    1    124         60         12 ]
           3       40496     297.837   2.553e-05   2.879e-06   1.834e-02   3.932e-03   1.230e-02  1.0000        1001  [    1    125         60         10 ]
           3       40669     300.058   2.553e-05   2.879e-06   1.834e-02   3.908e-03   1.226e-02  1.0000         999  [    1    126         60          9 ]
           3       40837     302.156   2.553e-05   2.879e-06   1.834e-02   3.904e-03   1.224e-02  1.0000         999  [    1    127         60          9 ]
           3       41004     304.134   3.261e-06   2.879e-06   1.837e-02   3.901e-03   1.222e-02  1.0000         999  [    1    128         60          9 ]
           3       41174     306.151   3.261e-06   2.879e-06   1.837e-02   3.891e-03   1.218e-02  1.0000         999  [    1    129         60          9 ]
           3       41475     308.299   3.261e-06   2.879e-06   1.837e-02   3.890e-03   1.216e-02  1.0000        1005  [    2     17        120         12 ]
           3       42078     310.523   3.261e-06   2.879e-06   1.837e-02   3.891e-03   1.209e-02  1.0000        1018  [    3      3        240         23 ]
           3       42343     312.599   3.261e-06   2.879e-06   1.837e-02   3.894e-03   1.206e-02  1.0000        1009  [    1    130         60         16 ]
           3       42576     314.634   3.261e-06   2.879e-06   1.837e-02   3.894e-03   1.205e-02  1.0000        1010  [    1    131         60         16 ]
           3       42818     316.761   3.261e-06   2.879e-06   1.837e-02   3.891e-03   1.204e-02  1.0000        1008  [    1    132         60         15 ]
           3       43051     318.667   3.261e-06   2.879e-06   1.837e-02   3.890e-03   1.203e-02  1.0000        1009  [    1    133         60         16 ]
           3       43276     320.555   3.261e-06   2.879e-06   1.837e-02   3.890e-03   1.203e-02  1.0000        1006  [    1    134         60         14 ]
           3       43474     321.854   3.261e-06   2.879e-06   1.837e-02   3.890e-03   1.203e-02  1.0000        1004  [    1    135         60         12 ]
           3       43682     323.601   3.261e-06   2.879e-06   1.837e-02   3.896e-03   1.201e-02  1.0000        1005  [    1    136         60         13 ]
           3       43877     325.445   3.261e-06   2.879e-06   1.837e-02   3.900e-03   1.192e-02  1.0000        1009  [    1    137         60         14 ]
           3       44195     327.298   3.261e-06   2.879e-06   1.837e-02   3.900e-03   1.192e-02  1.0000        1014  [    2     18        120         15 ]
           3       44412     329.456   3.261e-06   2.879e-06   1.837e-02   3.900e-03   1.192e-02  1.0000        1011  [    1    138         60         14 ]
           3       44612     331.484   3.261e-06   2.879e-06   1.837e-02   3.900e-03   1.192e-02  1.0000        1016  [    1    139         60         15 ]
           3       44827     333.575   3.261e-06   2.879e-06   1.839e-02   3.885e-03   1.181e-02  1.0000        1023  [    1    140         60         15 ]
           3       45040     335.666   3.261e-06   2.879e-06   1.839e-02   3.907e-03   1.179e-02  1.0000        1029  [    1    141         60         15 ]
           3       45242     337.130   3.261e-06   2.879e-06   1.839e-02   3.905e-03   1.178e-02  1.0000        1030  [    1    142         60         15 ]
           3       45450     338.969   3.261e-06   2.879e-06   1.839e-02   3.904e-03   1.176e-02  1.0000        1008  [    1    143         60         14 ]
           3       45649     340.980   3.261e-06   2.879e-06   1.839e-02   3.901e-03   1.174e-02  1.0000        1005  [    1    144         60         13 ]
           3       45843     343.196   3.261e-06   2.879e-06   1.839e-02   3.901e-03   1.170e-02  1.0000        1003  [    1    145         60         11 ]
           3       46146     345.230   3.261e-06   2.879e-06   1.839e-02   3.900e-03   1.168e-02  1.0000        1011  [    2     19        120         16 ]
           3       46346     347.234   3.261e-06   2.879e-06   1.839e-02   3.899e-03   1.167e-02  1.0000        1005  [    1    146         60         13 ]
           3       46541     349.282   3.261e-06   2.879e-06   1.839e-02   3.898e-03   1.163e-02  1.0000        1008  [    1    147         60         14 ]
           3       46737     351.024   3.261e-06   2.879e-06   1.839e-02   3.883e-03   1.163e-02  1.0000        1008  [    1    148         60         15 ]
           3       46935     353.061   3.261e-06   2.879e-06   1.839e-02   3.880e-03   1.154e-02  1.0000        1010  [    1    149         60         13 ]
           3       47122     355.237   3.261e-06   2.879e-06   1.839e-02   3.880e-03   1.154e-02  1.0000        1013  [    1    150         60         13 ]
           3       47306     357.160   3.261e-06   2.879e-06   1.839e-02   3.866e-03   1.152e-02  1.0000        1020  [    1    151         60         12 ]
           3       47484     359.157   3.261e-06   2.879e-06   1.841e-02   3.873e-03   1.145e-02  1.0000        1028  [    1    152         60         12 ]
           3       47663     361.346   3.261e-06   2.879e-06   1.841e-02   3.873e-03   1.145e-02  1.0000        1004  [    1    153         60         11 ]
           3       47959     363.457   3.261e-06   2.879e-06   1.841e-02   3.873e-03   1.146e-02  1.0000        1015  [    2     20        120         15 ]
           3       48166     365.727   3.261e-06   2.879e-06   1.841e-02   3.877e-03   1.140e-02  1.0000        1014  [    1    154         60         12 ]
           3       48345     367.723   3.261e-06   2.879e-06   1.841e-02   3.874e-03   1.138e-02  1.0000        1019  [    1    155         60         11 ]
           3       48525     369.693   3.261e-06   2.879e-06   1.841e-02   3.851e-03   1.136e-02  1.0000        1016  [    1    156         60         10 ]
           3       48695     371.714   3.261e-06   2.879e-06   1.841e-02   3.851e-03   1.136e-02  1.0000        1017  [    1    157         60         10 ]
           3       48864     373.530   3.261e-06   2.879e-06   1.841e-02   3.851e-03   1.136e-02  1.0000        1017  [    1    158         60         10 ]
           3       49038     375.421   3.261e-06   2.879e-06   1.841e-02   3.842e-03   1.134e-02  1.0000        1017  [    1    159         60         10 ]
           3       49212     377.597   3.261e-06   2.879e-06   1.841e-02   3.842e-03   1.134e-02  1.0000        1017  [    1    160         60         10 ]
           3       49385     379.565   3.261e-06   2.879e-06   1.841e-02   3.838e-03   1.131e-02  1.0000        1018  [    1    161         60         10 ]
           3       49669     381.780   3.261e-06   2.879e-06   1.841e-02   3.838e-03   1.130e-02  1.0000        1015  [    2     21        120         14 ]
           3       49876     383.978   3.261e-06   2.879e-06   1.841e-02   3.838e-03   1.130e-02  1.0000        1006  [    1    162         60         12 ]
           3       50066     386.140   3.261e-06   2.879e-06   1.841e-02   3.841e-03   1.130e-02  1.0000        1007  [    1    163         60         11 ]
           3       50237     388.093   3.261e-06   2.879e-06   1.841e-02   3.837e-03   1.129e-02  1.0000        1007  [    1    164         60         10 ]
           3       50410     390.101   3.261e-06   2.879e-06   1.841e-02   3.836e-03   1.129e-02  1.0000        1007  [    1    165         60         10 ]
           3       50578     392.256   3.261e-06   2.879e-06   1.841e-02   3.836e-03   1.129e-02  1.0000        1006  [    1    166         60         10 ]
           3       50742     394.231   3.261e-06   2.879e-06   1.841e-02   3.836e-03   1.126e-02  1.0000        1007  [    1    167         60         10 ]
           3       50917     396.129   3.261e-06   2.879e-06   1.841e-02   3.832e-03   1.121e-02  1.0000        1007  [    1    168         60         10 ]
           3       51086     398.150   3.261e-06   2.879e-06   1.841e-02   3.832e-03   1.120e-02  1.0000        1007  [    1    169         60         10 ]
           3       51382     400.182   3.261e-06   2.879e-06   1.841e-02   3.832e-03   1.120e-02  1.0000        1011  [    2     22        120         14 ]
           3       51575     402.314   3.261e-06   2.879e-06   1.841e-02   3.831e-03   1.120e-02  1.0000        1006  [    1    170         60         10 ]
           3       51754     404.139   3.261e-06   2.879e-06   1.839e-02   3.827e-03   1.119e-02  1.0000        1008  [    1    171         60         11 ]
           3       51929     405.956   3.261e-06   2.879e-06   1.839e-02   3.823e-03   1.119e-02  1.0000        1010  [    1    172         60         10 ]
           3       52102     407.928   3.261e-06   2.879e-06   1.839e-02   3.823e-03   1.119e-02  1.0000        1010  [    1    173         60         10 ]
           3       52271     409.498   3.261e-06   2.879e-06   1.839e-02   3.818e-03   1.119e-02  1.0000        1008  [    1    174         60         10 ]
           3       52439     411.649   3.261e-06   2.879e-06   1.839e-02   3.818e-03   1.114e-02  1.0000        1008  [    1    175         60         10 ]
           3       52620     413.553   3.261e-06   2.879e-06   1.839e-02   3.814e-03   1.104e-02  1.0000        1008  [    1    176         60         10 ]
           3       52799     415.764   3.261e-06   2.879e-06   1.839e-02   3.814e-03   1.102e-02  1.0000        1008  [    1    177         60         10 ]
           3       53119     417.762   3.261e-06   2.879e-06   1.839e-02   3.813e-03   1.101e-02  1.0000        1011  [    2     23        120         12 ]
           3       53303     419.942   3.261e-06   2.879e-06   1.839e-02   3.808e-03   1.098e-02  1.0000        1011  [    1    178         60         11 ]
           3       53483     422.058   3.261e-06   2.879e-06   1.839e-02   3.803e-03   1.095e-02  1.0000        1010  [    1    179         60         10 ]
           3       53651     424.236   3.261e-06   2.879e-06   1.839e-02   3.788e-03   1.095e-02  1.0000        1010  [    1    180         60         10 ]
           3       53826     426.356   3.261e-06   2.879e-06   1.839e-02   3.788e-03   1.092e-02  1.0000        1010  [    1    181         60         10 ]
           3       53996     428.543   3.261e-06   2.879e-06   1.839e-02   3.786e-03   1.092e-02  1.0000        1010  [    1    182         60         10 ]
           3       54172     430.119   3.261e-06   2.879e-06   1.839e-02   3.787e-03   1.091e-02  1.0000        1010  [    1    183         60         10 ]
           3       54345     431.772   3.261e-06   2.879e-06   1.839e-02   3.778e-03   1.088e-02  1.0000        1010  [    1    184         60         10 ]
           3       54520     433.748   3.261e-06   2.879e-06   1.839e-02   3.760e-03   1.086e-02  1.0000        1010  [    1    185         60         10 ]
           3       54836     435.848   1.822e-06   2.879e-06   1.839e-02   3.763e-03   1.084e-02  1.0000        1013  [    2     24        120         13 ]
           3       55037     437.815   1.822e-06   1.157e-06   1.839e-02   3.762e-03   1.081e-02  1.0000        1014  [    1    186         60         13 ]
           3       55222     440.046   1.822e-06   1.157e-06   1.840e-02   3.754e-03   1.080e-02  1.0000        1014  [    1    187         60         13 ]
           3       55420     442.123   1.822e-06   1.157e-06   1.840e-02   3.754e-03   1.081e-02  1.0000        1017  [    1    188         60         14 ]
           3       55624     444.381   1.822e-06   1.157e-06   1.840e-02   3.754e-03   1.077e-02  1.0000        1016  [    1    189         60         13 ]
           3       55825     446.389   1.822e-06   1.157e-06   1.840e-02   3.754e-03   1.077e-02  1.0000        1017  [    1    190         60         13 ]
           3       56004     448.605   1.822e-06   1.157e-06   1.840e-02   3.754e-03   1.077e-02  1.0000        1011  [    1    191         60         11 ]
           3       56180     450.787   1.822e-06   1.157e-06   1.840e-02   3.750e-03   1.075e-02  1.0000        1011  [    1    192         60         11 ]
           3       56364     452.970   1.822e-06   1.157e-06   1.840e-02   3.750e-03   1.072e-02  1.0000        1011  [    1    193         60         11 ]
           3       56685     454.862   1.822e-06   1.157e-06   1.840e-02   3.750e-03   1.072e-02  1.0000        1021  [    2     25        120         16 ]
           3       57340     456.873   1.822e-06   1.157e-06   1.840e-02   3.747e-03   1.068e-02  1.0000        1028  [    3      4        240         19 ]
           3       57569     458.525   1.822e-06   1.157e-06   1.840e-02   3.750e-03   1.068e-02  1.0000        1024  [    1    194         60         15 ]
           3       57810     460.619   1.822e-06   1.157e-06   1.840e-02   3.751e-03   1.065e-02  1.0000        1024  [    1    195         60         15 ]
           3       58043     462.820   1.822e-06   1.157e-06   1.840e-02   3.750e-03   1.064e-02  1.0000        1026  [    1    196         60         15 ]
           3       58275     465.016   1.822e-06   1.157e-06   1.840e-02   3.750e-03   1.063e-02  1.0000        1028  [    1    197         60         16 ]
           3       58523     466.827   1.822e-06   1.157e-06   1.840e-02   3.751e-03   1.062e-02  1.0000        1021  [    1    198         60         16 ]
           3       58762     469.019   1.822e-06   1.157e-06   1.840e-02   3.751e-03   1.062e-02  1.0000        1020  [    1    199         60         16 ]
           3       59002     471.144   1.822e-06   1.157e-06   1.840e-02   3.751e-03   1.059e-02  1.0000        1025  [    1    200         60         15 ]
           3       59238     473.384   1.822e-06   1.157e-06   1.840e-02   3.751e-03   1.057e-02  1.0000        1027  [    1    201         60         13 ]
           3       59598     475.583   1.822e-06   1.157e-06   1.840e-02   3.751e-03   1.057e-02  1.0000        1030  [    2     26        120         16 ]
           3       59819     477.802   1.822e-06   1.157e-06   1.840e-02   3.748e-03   1.056e-02  1.0000        1022  [    1    202         60         16 ]
           3       60041     479.917   1.822e-06   1.157e-06   1.840e-02   3.748e-03   1.056e-02  1.0000        1023  [    1    203         60         15 ]
           3       60265     482.086   1.822e-06   1.157e-06   1.840e-02   3.747e-03   1.055e-02  1.0000        1025  [    1    204         60         15 ]
           3       60485     483.983   1.822e-06   1.157e-06   1.840e-02   3.747e-03   1.055e-02  1.0000        1023  [    1    205         60         15 ]
           3       60704     486.160   1.822e-06   1.157e-06   1.840e-02   3.747e-03   1.055e-02  1.0000        1029  [    1    206         60         16 ]
           3       60912     488.149   1.822e-06   1.157e-06   1.840e-02   3.747e-03   1.052e-02  1.0000        1022  [    1    207         60         14 ]
           3       61108     490.055   1.822e-06   1.157e-06   1.840e-02   3.758e-03   1.052e-02  1.0000        1021  [    1    208         60         13 ]
           3       61300     491.941   1.822e-06   1.157e-06   1.840e-02   3.758e-03   1.052e-02  1.0000        1028  [    1    209         60         13 ]
           3       61614     494.245   1.822e-06   1.157e-06   1.840e-02   3.758e-03   1.052e-02  1.0000        1024  [    2     27        120         13 ]
           3       61811     496.195   1.822e-06   1.157e-06   1.840e-02   3.756e-03   1.052e-02  1.0000        1027  [    1    210         60         15 ]
           3       62019     498.285   1.822e-06   1.157e-06   1.840e-02   3.756e-03   1.052e-02  1.0000        1024  [    1    211         60         15 ]
           3       62228     500.098   1.822e-06   1.157e-06   1.840e-02   3.744e-03   1.051e-02  1.0000        1029  [    1    212         60         14 ]
           3       62431     502.024   1.822e-06   1.157e-06   1.840e-02   3.744e-03   1.051e-02  1.0000        1020  [    1    213         60         14 ]
           3       62641     504.135   1.822e-06   1.157e-06   1.840e-02   3.734e-03   1.050e-02  1.0000        1019  [    1    214         60         16 ]
           3       62848     506.338   1.822e-06   1.157e-06   1.840e-02   3.734e-03   1.050e-02  1.0000        1016  [    1    215         60         13 ]
           3       63039     508.165   1.822e-06   1.157e-06   1.840e-02   3.734e-03   1.050e-02  1.0000        1017  [    1    216         60         12 ]
           3       63233     510.180   1.822e-06   1.157e-06   1.840e-02   3.734e-03   1.049e-02  1.0000        1017  [    1    217         60         12 ]
           3       63547     512.266   1.822e-06   1.157e-06   1.840e-02   3.734e-03   1.049e-02  1.0000        1021  [    2     28        120         14 ]
           3       63751     514.408   1.822e-06   1.157e-06   1.840e-02   3.726e-03   1.043e-02  1.0000        1023  [    1    218         60         14 ]
           3       63967     516.449   1.822e-06   1.157e-06   1.840e-02   3.726e-03   1.043e-02  1.0000        1018  [    1    219         60         15 ]
           3       64189     518.589   1.822e-06   1.157e-06   1.840e-02   3.727e-03   1.041e-02  1.0000        1015  [    1    220         60         13 ]
           3       64400     520.633   1.822e-06   1.157e-06   1.840e-02   3.726e-03   1.041e-02  1.0000        1016  [    1    221         60         14 ]
           3       64599     522.760   1.822e-06   1.157e-06   1.840e-02   3.726e-03   1.041e-02  1.0000        1016  [    1    222         60         13 ]
           3       64810     524.781   1.822e-06   1.157e-06   1.840e-02   3.726e-03   1.038e-02  1.0000        1016  [    1    223         60         15 ]
           3       65013     526.802   1.822e-06   1.157e-06   1.840e-02   3.726e-03   1.037e-02  1.0000        1018  [    1    224         60         16 ]
           3       65223     528.772   1.822e-06   1.157e-06   1.840e-02   3.725e-03   1.036e-02  1.0000        1016  [    1    225         60         14 ]
           3       65543     530.876   1.822e-06   1.157e-06   1.840e-02   3.721e-03   1.036e-02  1.0000        1014  [    2     29        120         11 ]
           3       65748     532.971   1.822e-06   1.157e-06   1.840e-02   3.719e-03   1.035e-02  1.0000        1015  [    1    226         60         12 ]
           3       65948     535.206   1.822e-06   1.157e-06   1.840e-02   3.717e-03   1.034e-02  1.0000        1018  [    1    227         60         13 ]
           3       66144     537.408   1.822e-06   1.157e-06   1.840e-02   3.717e-03   1.034e-02  1.0000        1019  [    1    228         60         13 ]
           3       66335     539.418   1.822e-06   1.157e-06   1.840e-02   3.714e-03   1.033e-02  1.0000        1018  [    1    229         60         13 ]
           3       66529     541.578   1.822e-06   1.157e-06   1.840e-02   3.714e-03   1.033e-02  1.0000        1020  [    1    230         60         13 ]
           3       66720     543.795   1.822e-06   1.157e-06   1.840e-02   3.717e-03   1.032e-02  1.0000        1020  [    1    231         60         12 ]
           3       66901     545.918   1.822e-06   1.157e-06   1.840e-02   3.717e-03   1.032e-02  1.0000        1020  [    1    232         60         12 ]
           3       67076     548.045   1.822e-06   1.157e-06   1.840e-02   3.717e-03   1.032e-02  1.0000        1023  [    1    233         60         12 ]
           3       67404     550.234   1.822e-06   1.157e-06   1.840e-02   3.717e-03   1.032e-02  1.0000        1017  [    2     30        120         13 ]
           3       67614     552.438   1.822e-06   1.157e-06   1.840e-02   3.700e-03   1.031e-02  1.0000        1020  [    1    234         60         13 ]
           3       67815     554.572   1.822e-06   1.157e-06   1.840e-02   3.700e-03   1.031e-02  1.0000        1015  [    1    235         60         11 ]
           3       68023     556.728   1.822e-06   1.157e-06   1.840e-02   3.759e-03   1.028e-02  1.0000        1016  [    1    236         60         11 ]
           3       68230     558.888   1.822e-06   1.157e-06   1.840e-02   3.759e-03   1.028e-02  1.0000        1018  [    1    237         60         11 ]
           3       68437     561.059   1.822e-06   1.157e-06   1.840e-02   3.758e-03   1.028e-02  1.0000        1023  [    1    238         60         11 ]
           3       68634     563.243   1.822e-06   1.157e-06   1.840e-02   3.757e-03   1.023e-02  1.0000        1023  [    1    239         60         11 ]
           3       68840     564.911   1.822e-06   1.157e-06   1.840e-02   3.757e-03   1.023e-02  1.0000        1026  [    1    240         60         11 ]
           3       69047     566.654   4.175e-07   1.157e-06   1.840e-02   3.753e-03   1.019e-02  1.0000        1026  [    1    241         60         11 ]
           3       69388     568.233   4.175e-07   1.157e-06   1.840e-02   3.753e-03   1.019e-02  1.0000        1030  [    2     31        120         16 ]
           3       69643     570.223   4.175e-07   1.157e-06   1.840e-02   3.753e-03   1.019e-02  1.0000        1030  [    1    242         60         15 ]
           3       69888     572.289   4.175e-07   1.157e-06   1.840e-02   3.753e-03   1.019e-02  1.0000        1034  [    1    243         60         16 ]
           3       70140     574.518   4.175e-07   1.157e-06   1.840e-02   3.748e-03   1.019e-02  1.0000        1031  [    1    244         60         15 ]
           3       70367     576.546   4.175e-07   1.157e-06   1.840e-02   3.748e-03   1.019e-02  1.0000        1034  [    1    245         60         15 ]
           3       70596     578.739   4.175e-07   1.157e-06   1.840e-02   3.748e-03   1.018e-02  1.0000        1039  [    1    246         60         14 ]
           3       70822     580.924   4.175e-07   1.157e-06   1.840e-02   3.748e-03   1.018e-02  1.0000        1038  [    1    247         60         12 ]
           3       71034     582.884   4.175e-07   1.157e-06   1.840e-02   3.759e-03   1.015e-02  1.0000        1030  [    1    248         60         12 ]
           3       71241     584.525   4.175e-07   1.157e-06   1.840e-02   3.759e-03   1.015e-02  1.0000        1030  [    1    249         60         12 ]
           3       71577     586.329   4.175e-07   1.157e-06   1.840e-02   3.759e-03   1.015e-02  1.0000        1016  [    2     32        120         13 ]
           3       71819     587.842   4.175e-07   1.157e-06   1.840e-02   3.760e-03   1.015e-02  1.0000        1014  [    1    250         60         11 ]
           3       72030     589.905   4.175e-07   1.157e-06   1.840e-02   3.760e-03   1.015e-02  1.0000        1021  [    1    251         60         11 ]
           3       72244     591.967   4.175e-07   1.157e-06   1.840e-02   3.759e-03   1.015e-02  1.0000        1012  [    1    252         60         11 ]
           3       72457     594.023   4.175e-07   1.157e-06   1.840e-02   3.759e-03   1.015e-02  1.0000        1016  [    1    253         60         11 ]
           3       72684     596.271   4.175e-07   1.157e-06   1.840e-02   3.754e-03   1.011e-02  1.0000        1013  [    1    254         60         11 ]
           3       72880     598.437   4.175e-07   1.157e-06   1.840e-02   3.754e-03   1.011e-02  1.0000        1012  [    1    255         60         11 ]
           3       73091     600.365   4.175e-07   1.157e-06   1.840e-02   3.752e-03   1.011e-02  1.0000        1014  [    1    256         60         11 ]
           3       73297     602.335   4.175e-07   1.157e-06   1.840e-02   3.749e-03   1.008e-02  1.0000        1014  [    1    257         60         11 ]
           3       73634     604.347   4.175e-07   1.157e-06   1.840e-02   3.748e-03   1.008e-02  1.0000        1014  [    2     33        120         11 ]
           3       74225     606.583   4.175e-07   1.157e-06   1.840e-02   3.746e-03   1.007e-02  1.0000        1027  [    3      5        240         19 ]
           3       74463     608.585   4.175e-07   1.157e-06   1.840e-02   3.747e-03   1.006e-02  1.0000        1020  [    1    258         60         13 ]
           3       74670     610.779   4.175e-07   1.157e-06   1.840e-02   3.747e-03   1.006e-02  1.0000        1018  [    1    259         60         13 ]
           3       74869     612.844   4.175e-07   1.157e-06   1.840e-02   3.747e-03   1.006e-02  1.0000        1017  [    1    260         60         13 ]
           3       75066     614.856   4.175e-07   1.157e-06   1.840e-02   3.747e-03   1.005e-02  1.0000        1017  [    1    261         60         13 ]
           3       75262     617.013   4.175e-07   1.157e-06   1.840e-02   3.747e-03   1.005e-02  1.0000        1017  [    1    262         60         12 ]
           3       75461     618.891   4.175e-07   1.157e-06   1.840e-02   3.749e-03   1.004e-02  1.0000        1020  [    1    263         60         12 ]
           3       75655     621.072   4.175e-07   1.157e-06   1.840e-02   3.749e-03   1.003e-02  1.0000        1023  [    1    264         60         12 ]
           3       75851     622.974   4.175e-07   1.157e-06   1.840e-02   3.748e-03   1.003e-02  1.0000        1026  [    1    265         60         11 ]
           3       76160     624.579   4.175e-07   1.157e-06   1.840e-02   3.748e-03   1.003e-02  1.0000        1015  [    2     34        120         11 ]
           3       76360     626.759   4.175e-07   1.157e-06   1.840e-02   3.745e-03   1.000e-02  1.0000        1018  [    1    266         60         12 ]
           3       76548     628.909   4.175e-07   1.157e-06   1.840e-02   3.741e-03   1.000e-02  1.0000        1017  [    1    267         60         11 ]
           3       76746     630.949   4.175e-07   1.157e-06   1.844e-02   3.740e-03   9.989e-03  1.0000        1023  [    1    268         60         11 ]
           3       76933     633.071   4.175e-07   1.157e-06   1.844e-02   3.741e-03   9.975e-03  1.0000        1014  [    1    269         60         11 ]
           3       77124     635.274   4.175e-07   1.157e-06   1.844e-02   3.741e-03   9.975e-03  1.0000        1017  [    1    270         60         11 ]
           3       77319     637.445   4.175e-07   1.157e-06   1.844e-02   3.739e-03   9.963e-03  1.0000        1018  [    1    271         60         11 ]
           3       77509     639.626   4.175e-07   1.157e-06   1.844e-02   3.740e-03   9.960e-03  1.0000        1021  [    1    272         60         11 ]
           3       77690     641.854   4.175e-07   1.157e-06   1.844e-02   3.740e-03   9.960e-03  1.0000        1021  [    1    273         60         11 ]
           3       78014     643.999   4.175e-07   1.157e-06   1.844e-02   3.740e-03   9.959e-03  1.0000        1013  [    2     35        120         11 ]
           3       78203     646.013   4.175e-07   1.157e-06   1.844e-02   3.743e-03   9.952e-03  1.0000        1018  [    1    274         60         13 ]
           3       78397     648.177   4.175e-07   1.157e-06   1.844e-02   3.743e-03   9.939e-03  1.0000        1014  [    1    275         60         11 ]
           3       78593     650.316   4.175e-07   1.157e-06   1.844e-02   3.743e-03   9.937e-03  1.0000        1011  [    1    276         60          9 ]
           3       78758     652.371   4.175e-07   1.157e-06   1.844e-02   3.743e-03   9.937e-03  1.0000        1011  [    1    277         60          9 ]
           3       78920     654.494   4.175e-07   1.157e-06   1.844e-02   3.741e-03   9.914e-03  1.0000        1011  [    1    278         60          9 ]
           3       79088     656.506   4.175e-07   1.157e-06   1.844e-02   3.741e-03   9.914e-03  1.0000        1011  [    1    279         60          9 ]
           3       79255     658.280   4.175e-07   1.157e-06   1.844e-02   3.741e-03   9.884e-03  1.0000        1011  [    1    280         60          9 ]
           3       79425     660.455   4.175e-07   1.157e-06   1.844e-02   3.741e-03   9.880e-03  1.0000        1011  [    1    281         60          9 ]
           3       79719     662.633   4.175e-07   1.157e-06   1.844e-02   3.741e-03   9.880e-03  1.0000        1014  [    2     36        120         12 ]
           3       79914     664.859   4.175e-07   1.157e-06   1.844e-02   3.741e-03   9.880e-03  1.0000        1014  [    1    282         60         12 ]
           3       80106     666.136   4.175e-07   1.157e-06   1.844e-02   3.741e-03   9.880e-03  1.0000        1020  [    1    283         60         13 ]
           3       80303     668.369   4.175e-07   1.157e-06   1.844e-02   3.741e-03   9.880e-03  1.0000        1023  [    1    284         60         15 ]
           3       80501     670.265   4.175e-07   1.157e-06   1.844e-02   3.743e-03   9.878e-03  1.0000        1018  [    1    285         60         15 ]
           3       80686     672.266   4.175e-07   1.157e-06   1.844e-02   3.743e-03   9.878e-03  1.0000        1019  [    1    286         60         14 ]
           3       80869     674.403   4.175e-07   1.157e-06   1.844e-02   3.744e-03   9.878e-03  1.0000        1018  [    1    287         60         12 ]
           3       81060     676.192   4.175e-07   1.157e-06   1.844e-02   3.744e-03   9.859e-03  1.0000        1024  [    1    288         60         13 ]
           3       81253     678.138   4.175e-07   1.157e-06   1.844e-02   3.743e-03   9.848e-03  1.0000        1033  [    1    289         60         14 ]
           3       81602     680.063   4.175e-07   1.157e-06   1.844e-02   3.743e-03   9.848e-03  1.0000        1025  [    2     37        120         17 ]
           3       81839     681.908   4.175e-07   1.157e-06   1.844e-02   3.746e-03   9.843e-03  1.0000        1021  [    1    290         60         15 ]
           3       82053     683.925   4.175e-07   1.157e-06   1.844e-02   3.746e-03   9.842e-03  1.0000        1021  [    1    291         60         15 ]
           3       82260     685.999   4.175e-07   1.157e-06   1.844e-02   3.746e-03   9.842e-03  1.0000        1022  [    1    292         60         15 ]
           3       82476     687.915   4.175e-07   1.157e-06   1.844e-02   3.746e-03   9.842e-03  1.0000        1022  [    1    293         60         16 ]
           3       82692     689.942   4.175e-07   1.157e-06   1.844e-02   3.746e-03   9.842e-03  1.0000        1020  [    1    294         60         16 ]
           3       82897     692.030   4.175e-07   1.157e-06   1.844e-02   3.746e-03   9.842e-03  1.0000        1016  [    1    295         60         12 ]
           3       83078     694.190   4.175e-07   1.157e-06   1.844e-02   3.728e-03   9.828e-03  1.0000        1014  [    1    296         60         13 ]
           3       83269     696.450   4.175e-07   1.157e-06   1.844e-02   3.728e-03   9.822e-03  1.0000        1015  [    1    297         60         13 ]
           3       83650     698.624   4.175e-07   1.157e-06   1.844e-02   3.728e-03   9.822e-03  1.0000        1021  [    2     38        120         16 ]
           3       83877     700.704   4.175e-07   1.157e-06   1.844e-02   3.727e-03   9.819e-03  1.0000        1021  [    1    298         60         14 ]
           3       84077     702.742   4.175e-07   1.157e-06   1.844e-02   3.728e-03   9.814e-03  1.0000        1015  [    1    299         60         11 ]
           3       84255     704.482   4.175e-07   1.157e-06   1.844e-02   3.728e-03   9.814e-03  1.0000        1013  [    1    300         60         12 ]
           3       84444     706.220   4.175e-07   1.157e-06   1.844e-02   3.727e-03   9.804e-03  1.0000        1016  [    1    301         60         14 ]
           3       84646     708.276   4.175e-07   1.157e-06   1.844e-02   3.727e-03   9.782e-03  1.0000        1016  [    1    302         60         14 ]
           3       84848     710.542   4.175e-07   1.157e-06   1.844e-02   3.725e-03   9.778e-03  1.0000        1016  [    1    303         60         12 ]
           3       85049     712.695   4.175e-07   1.157e-06   1.844e-02   3.724e-03   9.773e-03  1.0000        1017  [    1    304         60         12 ]
           3       85252     714.779   4.175e-07   1.157e-06   1.844e-02   3.724e-03   9.773e-03  1.0000        1014  [    1    305         60         11 ]
           3       85597     716.905   4.175e-07   1.157e-06   1.844e-02   3.724e-03   9.773e-03  1.0000        1021  [    2     39        120         17 ]
           3       85814     719.073   4.175e-07   1.157e-06   1.844e-02   3.723e-03   9.771e-03  1.0000        1017  [    1    306         60         14 ]
           3       86010     721.170   4.175e-07   1.157e-06   1.844e-02   3.723e-03   9.771e-03  1.0000        1016  [    1    307         60         14 ]
           3       86212     723.088   4.175e-07   1.157e-06   1.844e-02   3.731e-03   9.744e-03  1.0000        1016  [    1    308         60         12 ]
           3       86400     725.099   4.175e-07   1.157e-06   1.844e-02   3.730e-03   9.731e-03  1.0000        1014  [    1    309         60         10 ]
           3       86585     727.293   4.175e-07   1.157e-06   1.844e-02   3.731e-03   9.703e-03  1.0000        1013  [    1    310         60         11 ]
           3       86756     729.344   4.175e-07   1.157e-06   1.844e-02   3.731e-03   9.703e-03  1.0000        1012  [    1    311         60         10 ]
           3       86930     731.335   4.175e-07   1.157e-06   1.844e-02   3.731e-03   9.703e-03  1.0000        1016  [    1    312         60         12 ]
           3       87101     733.386   4.175e-07   1.157e-06   1.844e-02   3.731e-03   9.703e-03  1.0000        1014  [    1    313         60         11 ]
           3       87439     735.557   4.175e-07   1.157e-06   1.844e-02   3.731e-03   9.703e-03  1.0000        1018  [    2     40        120         14 ]
           3       87643     737.640   4.175e-07   1.157e-06   1.844e-02   3.727e-03   9.700e-03  1.0000        1016  [    1    314         60         12 ]
           3       87842     739.604   4.175e-07   1.157e-06   1.844e-02   3.727e-03   9.699e-03  1.0000        1015  [    1    315         60         12 ]
           3       88038     741.778   4.175e-07   1.157e-06   1.844e-02   3.727e-03   9.699e-03  1.0000        1013  [    1    316         60         10 ]
           3       88211     743.716   4.175e-07   1.157e-06   1.844e-02   3.727e-03   9.699e-03  1.0000        1013  [    1    317         60         10 ]
           3       88390     745.845   4.175e-07   1.157e-06   1.844e-02   3.724e-03   9.681e-03  1.0000        1014  [    1    318         60         10 ]
           3       88564     747.847   4.175e-07   1.157e-06   1.844e-02   3.725e-03   9.660e-03  1.0000        1014  [    1    319         60         10 ]
           3       88741     750.015   4.175e-07   1.157e-06   1.844e-02   3.720e-03   9.640e-03  1.0000        1013  [    1    320         60         10 ]
           3       88912     752.284   4.175e-07   1.157e-06   1.844e-02   3.720e-03   9.640e-03  1.0000        1013  [    1    321         60         10 ]
           3       89250     754.549   4.175e-07   1.157e-06   1.844e-02   3.720e-03   9.640e-03  1.0000        1016  [    2     41        120         11 ]
           3       89847     756.214   4.175e-07   1.157e-06   1.844e-02   3.720e-03   9.632e-03  1.0000        1029  [    3      6        240         21 ]
           3       90081     758.245   4.175e-07   1.157e-06   1.844e-02   3.724e-03   9.623e-03  1.0000        1021  [    1    322         60         15 ]
           3       90304     760.030   4.175e-07   1.157e-06   1.844e-02   3.724e-03   9.623e-03  1.0000        1021  [    1    323         60         14 ]
           3       90512     761.873   4.175e-07   1.157e-06   1.844e-02   3.722e-03   9.612e-03  1.0000        1026  [    1    324         60         14 ]
           3       90706     764.088   4.175e-07   1.157e-06   1.844e-02   3.723e-03   9.611e-03  1.0000        1028  [    1    325         60         15 ]
           3       90921     766.146   4.175e-07   1.157e-06   1.844e-02   3.723e-03   9.611e-03  1.0000        1032  [    1    326         60         15 ]
           3       91130     768.038   4.175e-07   1.157e-06   1.844e-02   3.723e-03   9.609e-03  1.0000        1032  [    1    327         60         15 ]
           3       91334     769.949   4.175e-07   1.157e-06   1.844e-02   3.723e-03   9.607e-03  1.0000        1034  [    1    328         60         14 ]
           3       91545     771.986   4.175e-07   1.157e-06   1.844e-02   3.723e-03   9.601e-03  1.0000        1038  [    1    329         60         14 ]
           3       91914     774.204   4.175e-07   1.157e-06   1.844e-02   3.723e-03   9.601e-03  1.0000        1025  [    2     42        120         15 ]
           3       92125     776.377   4.175e-07   1.157e-06   1.844e-02   3.722e-03   9.600e-03  1.0000        1025  [    1    330         60         15 ]
           3       92339     778.590   4.175e-07   1.157e-06   1.844e-02   3.722e-03   9.600e-03  1.0000        1019  [    1    331         60         14 ]
           3       92561     780.852   4.175e-07   1.157e-06   1.844e-02   3.722e-03   9.600e-03  1.0000        1019  [    1    332         60         13 ]
           3       92764     782.874   4.175e-07   1.157e-06   1.844e-02   3.722e-03   9.593e-03  1.0000        1017  [    1    333         60         12 ]
           3       92957     784.923   4.175e-07   1.157e-06   1.844e-02   3.722e-03   9.593e-03  1.0000        1020  [    1    334         60         13 ]
           3       93152     786.913   4.175e-07   1.157e-06   1.845e-02   3.721e-03   9.581e-03  1.0000        1022  [    1    335         60         12 ]
           3       93358     788.930   4.175e-07   1.157e-06   1.845e-02   3.721e-03   9.585e-03  1.0000        1028  [    1    336         60         14 ]
           3       93558     791.003   4.175e-07   1.157e-06   1.845e-02   3.723e-03   9.586e-03  1.0000        1021  [    1    337         60         12 ]
           3       93922     792.594   4.175e-07   1.157e-06   1.845e-02   3.723e-03   9.586e-03  1.0000        1020  [    2     43        120         15 ]
           3       94131     794.666   4.175e-07   1.157e-06   1.845e-02   3.722e-03   9.576e-03  1.0000        1018  [    1    338         60         13 ]
           3       94326     796.320   4.175e-07   1.157e-06   1.845e-02   3.714e-03   9.546e-03  1.0000        1019  [    1    339         60         13 ]
           3       94521     798.294   4.175e-07   1.157e-06   1.845e-02   3.716e-03   9.528e-03  1.0000        1023  [    1    340         60         13 ]
           3       94707     800.480   4.175e-07   1.157e-06   1.845e-02   3.716e-03   9.528e-03  1.0000        1023  [    1    341         60         13 ]
           3       94905     802.471   4.175e-07   1.157e-06   1.845e-02   3.716e-03   9.528e-03  1.0000        1030  [    1    342         60         13 ]
           3       95100     804.355   4.175e-07   1.157e-06   1.845e-02   3.715e-03   9.488e-03  1.0000        1022  [    1    343         60         13 ]
           3       95284     806.634   4.175e-07   1.157e-06   1.845e-02   3.715e-03   9.488e-03  1.0000        1025  [    1    344         60         13 ]
           3       95486     808.840   4.175e-07   1.157e-06   1.845e-02   3.715e-03   9.478e-03  1.0000        1030  [    1    345         60         14 ]
           3       95865     811.074   4.175e-07   1.157e-06   1.845e-02   3.715e-03   9.478e-03  1.0000        1024  [    2     44        120         15 ]
           3       96102     812.891   4.175e-07   1.157e-06   1.845e-02   3.715e-03   9.478e-03  1.0000        1032  [    1    346         60         17 ]
           3       96361     814.913   4.175e-07   1.157e-06   1.846e-02   3.715e-03   9.459e-03  1.0000        1026  [    1    347         60         15 ]
           3       96555     816.817   4.175e-07   1.157e-06   1.846e-02   3.715e-03   9.459e-03  1.0000        1024  [    1    348         60         12 ]
           3       96747     819.049   4.175e-07   1.157e-06   1.846e-02   3.709e-03   9.457e-03  1.0000        1015  [    1    349         60         10 ]
           3       96913     821.231   4.175e-07   1.157e-06   1.846e-02   3.709e-03   9.457e-03  1.0000        1015  [    1    350         60         10 ]
           3       97101     823.435   4.175e-07   1.157e-06   1.846e-02   3.709e-03   9.457e-03  1.0000        1015  [    1    351         60         10 ]
           3       97285     825.379   4.175e-07   1.157e-06   1.846e-02   3.709e-03   9.450e-03  1.0000        1015  [    1    352         60         10 ]
           3       97459     827.230   4.175e-07   1.157e-06   1.846e-02   3.709e-03   9.450e-03  1.0000        1015  [    1    353         60         11 ]
           3       97810     828.617   4.175e-07   1.157e-06   1.846e-02   3.709e-03   9.450e-03  1.0000        1025  [    2     45        120         17 ]
           3       98049     830.833   4.175e-07   1.157e-06   1.846e-02   3.709e-03   9.439e-03  1.0000        1018  [    1    354         60         14 ]
           3       98246     832.955   4.175e-07   1.157e-06   1.846e-02   3.709e-03   9.439e-03  1.0000        1019  [    1    355         60         14 ]
           3       98432     835.068   4.175e-07   1.157e-06   1.846e-02   3.709e-03   9.439e-03  1.0000        1015  [    1    356         60         11 ]
           3       98608     836.695   4.175e-07   9.396e-07   1.846e-02   3.708e-03   9.439e-03  1.0000        1013  [    1    357         60          9 ]
           3       98771     838.056   4.175e-07   9.396e-07   1.846e-02   3.707e-03   9.412e-03  1.0000        1013  [    1    358         60          9 ]
           3       98937     839.944   4.175e-07   9.396e-07   1.846e-02   3.707e-03   9.395e-03  1.0000        1013  [    1    359         60          9 ]
           3       99108     842.177   4.175e-07   9.396e-07   1.852e-02   3.697e-03   9.362e-03  1.0000        1013  [    1    360         60          9 ]
           3       99276     844.122   4.175e-07   9.396e-07   1.852e-02   3.697e-03   9.357e-03  1.0000        1013  [    1    361         60          9 ]
           3       99610     846.308   4.175e-07   9.396e-07   1.852e-02   3.697e-03   9.357e-03  1.0000        1015  [    2     46        120         11 ]
           3       99807     848.433   4.175e-07   9.396e-07   1.852e-02   3.697e-03   9.344e-03  1.0000        1014  [    1    362         60         10 ]
           3       99975     850.602   4.175e-07   9.396e-07   1.852e-02   3.697e-03   9.334e-03  1.0000        1013  [    1    363         60          9 ]
           4      100140     852.685   4.175e-07   9.396e-07   1.852e-02   3.696e-03   9.329e-03  1.0000        1014  [    3      6        240         21 ]
