# Generation  Evaluations  Time (s)  Best_obj[0]  Best_obj[1]  Hypervol.   IGD         IGDX        SR    Appr.set  [ Pop.index  Subgen.  Pop.size  Subpops ]
           0          97       3.604   8.761e-01   7.096e-01   0.000e+00   1.487e+00   3.085e+00  0.0000          11  [    0      1         30          8 ]
           0         192       3.637   3.695e-01   7.118e-02   0.000e+00   4.016e-01   2.510e+00  0.0000          23  [    0      2         30          9 ]
           0         283       3.704   2.916e-01   7.118e-02   0.000e+00   3.246e-01   2.342e+00  0.0000          27  [    0      3         30         10 ]
           0         379       3.749   2.916e-01   4.021e-02   0.000e+00   2.415e-01   1.987e+00  0.0000          38  [    0      4         30         11 ]
           0         488       3.789   2.826e-02   4.021e-02   0.000e+00   1.649e-01   1.765e+00  0.0000          55  [    0      5         30         11 ]
           0         600       3.877   1.980e-02   2.907e-02   0.000e+00   1.100e-01   1.705e+00  0.0000          70  [    0      6         30         11 ]
           0         706       3.995   1.980e-02   2.907e-02   1.781e-03   9.340e-02   1.632e+00  0.0000          85  [    0      7         30          9 ]
           0         811       4.136   6.541e-04   2.907e-02   2.272e-03   7.542e-02   1.491e+00  0.0000          99  [    0      8         30          9 ]
           1        1135       4.301   6.541e-04   2.907e-02   3.671e-03   5.003e-02   8.228e-01  0.0000         194  [    1      1         60         13 ]
           1        1249       4.605   6.541e-04   1.980e-02   3.700e-03   4.452e-02   5.470e-01  0.0000         212  [    0      9         30         11 ]
           1        1425       4.938   6.541e-04   1.980e-02   3.700e-03   4.164e-02   3.706e-01  0.0000         232  [    1      2         60         11 ]
           1        1533       5.293   6.541e-04   1.980e-02   3.700e-03   3.622e-02   3.704e-01  0.0000         242  [    0     10         30         10 ]
           1        1637       5.642   6.541e-04   1.980e-02   6.194e-03   3.495e-02   3.604e-01  0.0000         266  [    0     11         30          9 ]
           1        1738       6.056   6.541e-04   1.980e-02   6.194e-03   3.173e-02   3.347e-01  0.0000         277  [    0     12         30          9 ]
           1        1842       6.483   6.541e-04   1.980e-02   6.194e-03   2.945e-02   3.016e-01  0.0000         299  [    0     13         30          9 ]
           1        1946       6.967   6.541e-04   1.980e-02   4.771e-03   2.858e-02   2.878e-01  0.0000         324  [    0     14         30          9 ]
           1        2046       7.496   6.541e-04   1.980e-02   4.771e-03   2.840e-02   2.763e-01  0.0000         335  [    0     15         30          9 ]
           1        2150       8.037   6.541e-04   1.690e-02   3.439e-03   2.721e-02   2.360e-01  0.0000         352  [    0     16         30          9 ]
           1        2252       8.605   6.541e-04   8.342e-03   3.439e-03   2.612e-02   2.100e-01  0.0000         366  [    0     17         30          9 ]
           1        2425       9.202   6.541e-04   8.342e-03   6.214e-03   2.471e-02   1.906e-01  0.0000         406  [    1      3         60         10 ]
           1        2530       9.867   6.541e-04   8.342e-03   6.811e-03   2.379e-02   1.852e-01  0.0000         426  [    0     18         30          9 ]
           1        2626      10.573   6.541e-04   8.342e-03   7.815e-03   2.296e-02   1.751e-01  0.0000         443  [    0     19         30          9 ]
           1        2724      11.352   6.541e-04   8.342e-03   7.815e-03   2.273e-02   1.641e-01  0.0000         454  [    0     20         30          9 ]
           1        2822      12.097   6.541e-04   8.342e-03   7.426e-03   2.065e-02   1.629e-01  0.0000         465  [    0     21         30          9 ]
           1        2921      12.835   6.541e-04   8.342e-03   7.815e-03   1.950e-02   1.553e-01  0.0000         477  [    0     22         30          9 ]
           1        3021      13.619   6.541e-04   8.342e-03   6.547e-03   1.777e-02   1.509e-01  0.0000         502  [    0     23         30          9 ]
           1        3121      14.481   6.541e-04   8.342e-03   9.409e-03   1.706e-02   1.378e-01  0.0000         517  [    0     24         30          9 ]
           1        3223      15.283   6.541e-04   8.342e-03   9.791e-03   1.649e-02   1.307e-01  0.0000         535  [    0     25         30          9 ]
           1        3388      16.247   6.541e-04   8.342e-03   1.021e-02   1.509e-02   1.256e-01  0.0000         568  [    1      4         60          9 ]
           1        3486      17.103   6.541e-04   8.342e-03   1.064e-02   1.452e-02   1.232e-01  0.1111         590  [    0     26         30          9 ]
           1        3587      18.072   6.541e-04   8.342e-03   1.067e-02   1.372e-02   1.157e-01  0.1111         603  [    0     27         30          9 ]
           1        3685      19.078   6.541e-04   8.061e-03   1.067e-02   1.300e-02   1.130e-01  0.1111         628  [    0     28         30          9 ]
           1        3782      20.154   6.541e-04   5.587e-03   1.067e-02   1.269e-02   1.118e-01  0.1111         648  [    0     29         30          9 ]
           1        3881      21.144   6.541e-04   4.765e-03   1.067e-02   1.220e-02   1.089e-01  0.1111         659  [    0     30         30          9 ]
           1        3987      22.214   6.541e-04   4.765e-03   1.107e-02   1.182e-02   1.064e-01  0.1111         682  [    0     31         30          9 ]
           1        4086      23.368   6.541e-04   1.781e-03   1.197e-02   1.164e-02   1.027e-01  0.1111         694  [    0     32         30          9 ]
           1        4192      24.455   6.541e-04   1.781e-03   1.197e-02   1.113e-02   9.831e-02  0.1111         708  [    0     33         30          9 ]
           1        4362      25.700   6.541e-04   1.781e-03   1.159e-02   1.020e-02   9.746e-02  0.1111         765  [    1      5         60          9 ]
           1        4468      26.509   6.541e-04   1.660e-03   1.041e-02   1.001e-02   9.735e-02  0.1111         789  [    0     34         30          9 ]
           1        4569      27.284   6.541e-04   1.660e-03   1.193e-02   9.705e-03   9.729e-02  0.1111         812  [    0     35         30          9 ]
           1        4670      28.199   6.541e-04   1.660e-03   1.193e-02   9.445e-03   9.335e-02  0.1111         832  [    0     36         30          9 ]
           1        4773      29.140   6.541e-04   1.660e-03   1.173e-02   9.325e-03   8.699e-02  0.1111         835  [    0     37         30          9 ]
           1        4876      30.578   6.541e-04   1.660e-03   1.207e-02   9.182e-03   8.524e-02  0.2222         853  [    0     38         30          9 ]
           1        4976      32.038   6.541e-04   1.660e-03   1.229e-02   9.069e-03   8.519e-02  0.2222         866  [    0     39         30          9 ]
           1        5081      33.596   6.541e-04   1.660e-03   1.212e-02   8.798e-03   8.490e-02  0.2222         885  [    0     40         30          9 ]
           1        5183      35.120   6.541e-04   1.660e-03   1.325e-02   8.529e-03   8.435e-02  0.3333         901  [    0     41         30          9 ]
           1        5347      36.727   6.541e-04   1.174e-05   1.325e-02   8.134e-03   8.210e-02  0.3333         953  [    1      6         60          9 ]
           1        5452      38.476   6.541e-04   1.174e-05   1.325e-02   7.865e-03   8.197e-02  0.3333         974  [    0     42         30          9 ]
           1        5551      40.188   6.541e-04   1.174e-05   1.325e-02   7.699e-03   8.132e-02  0.3333         991  [    0     43         30          9 ]
           1        5648      41.953   6.541e-04   1.174e-05   1.325e-02   7.513e-03   7.799e-02  0.3333        1000  [    0     44         30          9 ]
           1        5752      43.582   1.380e-04   1.174e-05   1.367e-02   7.249e-03   7.626e-02  0.3333        1019  [    0     45         30          9 ]
           1        5854      45.455   1.380e-04   1.174e-05   1.373e-02   7.117e-03   7.539e-02  0.3333        1033  [    0     46         30          9 ]
           1        5947      47.331   1.380e-04   1.174e-05   1.386e-02   6.524e-03   7.462e-02  0.3333        1042  [    0     47         30          9 ]
           1        6042      48.965   1.380e-04   1.174e-05   1.386e-02   6.468e-03   7.215e-02  0.3333        1036  [    0     48         30          9 ]
           1        6136      50.714   1.380e-04   1.174e-05   1.394e-02   6.432e-03   6.966e-02  0.3333        1050  [    0     49         30          9 ]
           1        6300      52.588   1.380e-04   1.174e-05   1.378e-02   6.144e-03   6.915e-02  0.3333        1108  [    1      7         60          9 ]
           1        6399      54.561   1.380e-04   1.174e-05   1.378e-02   6.137e-03   6.892e-02  0.3333        1120  [    0     50         30          9 ]
           1        6496      56.381   1.380e-04   1.174e-05   1.375e-02   6.085e-03   6.819e-02  0.3333        1124  [    0     51         30          9 ]
           1        6592      58.362   1.380e-04   1.174e-05   1.375e-02   6.053e-03   6.807e-02  0.3333        1128  [    0     52         30          9 ]
           1        6691      60.354   1.380e-04   1.174e-05   1.375e-02   5.952e-03   6.701e-02  0.3333        1141  [    0     53         30          9 ]
           1        6799      62.334   1.380e-04   1.174e-05   1.375e-02   5.854e-03   6.643e-02  0.3333        1159  [    0     54         30          9 ]
           1        6902      64.421   1.380e-04   1.174e-05   1.375e-02   5.735e-03   6.604e-02  0.3333        1183  [    0     55         30          9 ]
           1        7005      66.507   1.380e-04   1.174e-05   1.375e-02   5.691e-03   6.579e-02  0.3333        1198  [    0     56         30          9 ]
           1        7105      68.634   1.380e-04   1.174e-05   1.375e-02   5.617e-03   6.560e-02  0.3333        1216  [    0     57         30          9 ]
           1        7271      70.993   1.380e-04   1.174e-05   1.304e-02   7.928e-03   6.561e-02  0.4444         758  [    1      8         60          9 ]
           1        7371      72.340   1.380e-04   1.174e-05   1.304e-02   7.851e-03   6.149e-02  0.4444         763  [    0     58         30          9 ]
           1        7474      73.486   1.380e-04   1.174e-05   1.332e-02   7.680e-03   5.881e-02  0.4444         766  [    0     59         30          9 ]
           1        7575      74.599   1.380e-04   1.174e-05   1.332e-02   7.503e-03   5.765e-02  0.4444         775  [    0     60         30          9 ]
           1        7670      75.766   1.380e-04   1.174e-05   1.332e-02   7.489e-03   5.763e-02  0.4444         781  [    0     61         30          9 ]
           1        7772      77.029   1.065e-04   1.174e-05   1.332e-02   7.420e-03   5.713e-02  0.4444         788  [    0     62         30          9 ]
           1        7869      78.276   1.065e-04   1.174e-05   1.332e-02   7.347e-03   5.691e-02  0.4444         792  [    0     63         30          9 ]
           1        7963      79.506   1.065e-04   1.174e-05   1.344e-02   7.349e-03   5.685e-02  0.4444         799  [    0     64         30          9 ]
           2        9404      80.772   1.065e-04   1.174e-05   1.309e-02   5.755e-03   5.360e-02  0.4444         988  [    2      1        120         15 ]
           2        9616      82.334   1.065e-04   1.174e-05   1.309e-02   5.672e-03   5.259e-02  0.4444         994  [    1      9         60         10 ]
           2        9955      84.134   1.065e-04   1.174e-05   1.561e-02   5.555e-03   5.174e-02  0.4444        1006  [    2      2        120         12 ]
           2       10151      86.113   1.065e-04   1.174e-05   1.564e-02   5.549e-03   5.150e-02  0.4444        1009  [    1     10         60          9 ]
           2       10311      87.944   1.065e-04   1.174e-05   1.564e-02   5.538e-03   5.138e-02  0.4444        1010  [    1     11         60          9 ]
           2       10470      89.657   1.065e-04   1.174e-05   1.677e-02   5.494e-03   5.005e-02  0.4444        1017  [    1     12         60          9 ]
           2       10634      91.475   1.065e-04   1.174e-05   1.677e-02   5.447e-03   4.868e-02  0.4444        1015  [    1     13         60          9 ]
           2       10784      93.358   1.065e-04   1.174e-05   1.677e-02   5.347e-03   4.740e-02  0.5556        1019  [    1     14         60          9 ]
           2       10940      95.304   1.065e-04   1.174e-05   1.678e-02   5.287e-03   4.618e-02  0.5556        1027  [    1     15         60          9 ]
           2       11103      97.255   1.065e-04   1.174e-05   1.678e-02   5.267e-03   4.582e-02  0.5556        1026  [    1     16         60          9 ]
           2       11267      99.052   1.065e-04   1.174e-05   1.678e-02   5.248e-03   4.445e-02  0.5556        1029  [    1     17         60          9 ]
           2       11594     100.700   1.065e-04   1.174e-05   1.678e-02   5.142e-03   4.313e-02  0.6667        1030  [    2      3        120         10 ]
           2       11766     102.386   1.065e-04   1.174e-05   1.683e-02   5.120e-03   4.138e-02  0.7778        1036  [    1     18         60         10 ]
           2       11957     104.068   1.065e-04   1.174e-05   1.642e-02   5.093e-03   4.123e-02  0.7778        1043  [    1     19         60         10 ]
           2       12148     105.870   1.065e-04   1.174e-05   1.642e-02   5.069e-03   4.026e-02  0.7778        1045  [    1     20         60         11 ]
           2       12338     107.839   1.065e-04   1.174e-05   1.646e-02   5.056e-03   4.007e-02  0.7778        1053  [    1     21         60         10 ]
           2       12530     109.738   1.065e-04   1.174e-05   1.646e-02   5.052e-03   3.992e-02  0.7778        1056  [    1     22         60         11 ]
           2       12727     111.720   1.065e-04   1.174e-05   1.698e-02   5.034e-03   3.962e-02  0.7778        1066  [    1     23         60         12 ]
           2       12926     113.645   1.065e-04   1.174e-05   1.737e-02   4.998e-03   3.875e-02  0.7778        1066  [    1     24         60         11 ]
           2       13130     115.162   1.065e-04   1.174e-05   1.737e-02   4.965e-03   3.865e-02  0.7778        1073  [    1     25         60         11 ]
           2       13439     116.809   1.065e-04   1.174e-05   1.789e-02   4.876e-03   3.799e-02  0.7778        1077  [    2      4        120         12 ]
           2       13632     118.564   1.065e-04   1.174e-05   1.786e-02   4.866e-03   3.785e-02  0.7778        1080  [    1     26         60         11 ]
           2       13817     119.992   1.065e-04   1.174e-05   1.786e-02   4.857e-03   3.743e-02  0.7778        1081  [    1     27         60         10 ]
           2       13979     121.857   1.065e-04   1.174e-05   1.787e-02   4.852e-03   3.737e-02  0.7778        1082  [    1     28         60          9 ]
           2       14142     123.947   1.065e-04   1.174e-05   1.787e-02   4.824e-03   3.716e-02  0.7778        1083  [    1     29         60          9 ]
           2       14306     125.777   1.065e-04   1.174e-05   1.787e-02   4.813e-03   3.646e-02  0.7778        1085  [    1     30         60          9 ]
           2       14471     127.663   1.065e-04   1.174e-05   1.794e-02   4.756e-03   3.545e-02  0.8889        1083  [    1     31         60          9 ]
           2       14625     129.640   1.065e-04   1.174e-05   1.794e-02   4.752e-03   3.539e-02  0.8889        1087  [    1     32         60          9 ]
           2       14790     131.676   1.065e-04   1.174e-05   1.800e-02   4.737e-03   3.511e-02  0.8889        1090  [    1     33         60          9 ]
           2       15122     133.695   1.065e-04   1.174e-05   1.818e-02   4.632e-03   3.432e-02  0.8889        1100  [    2      5        120         13 ]
           2       15319     135.318   1.065e-04   1.174e-05   1.818e-02   4.575e-03   3.360e-02  0.8889        1102  [    1     34         60         10 ]
           2       15502     137.195   1.065e-04   1.238e-06   1.821e-02   4.498e-03   3.300e-02  0.8889        1107  [    1     35         60         10 ]
           2       15685     139.225   1.065e-04   1.238e-06   1.824e-02   4.461e-03   3.142e-02  1.0000        1110  [    1     36         60          9 ]
           2       15842     141.208   1.065e-04   1.238e-06   1.824e-02   4.430e-03   3.098e-02  1.0000        1114  [    1     37         60          9 ]
           2       16000     143.015   1.065e-04   1.238e-06   1.825e-02   4.421e-03   3.074e-02  1.0000        1119  [    1     38         60          9 ]
           2       16157     145.049   1.065e-04   1.238e-06   1.825e-02   4.372e-03   3.007e-02  1.0000        1124  [    1     39         60          9 ]
           2       16327     147.128   1.065e-04   1.238e-06   1.828e-02   4.227e-03   2.937e-02  1.0000        1127  [    1     40         60          9 ]
           2       16489     149.005   1.065e-04   1.238e-06   1.829e-02   4.204e-03   2.912e-02  1.0000        1130  [    1     41         60          9 ]
           2       16802     150.886   1.065e-04   1.238e-06   1.829e-02   4.151e-03   2.894e-02  1.0000        1138  [    2      6        120         12 ]
           2       16989     152.546   1.065e-04   1.238e-06   1.829e-02   4.114e-03   2.885e-02  1.0000        1132  [    1     42         60         10 ]
           2       17172     153.894   1.065e-04   1.238e-06   1.829e-02   4.083e-03   2.859e-02  1.0000        1137  [    1     43         60         10 ]
           2       17353     155.900   1.065e-04   1.238e-06   1.829e-02   4.070e-03   2.830e-02  1.0000        1138  [    1     44         60         10 ]
           2       17537     158.040   1.065e-04   1.238e-06   1.829e-02   4.052e-03   2.821e-02  1.0000        1138  [    1     45         60         10 ]
           2       17721     160.090   1.065e-04   1.238e-06   1.830e-02   4.040e-03   2.818e-02  1.0000        1140  [    1     46         60         11 ]
           2       17904     161.963   5.770e-05   1.238e-06   1.841e-02   4.035e-03   2.808e-02  1.0000        1148  [    1     47         60         11 ]
           2       18090     163.998   5.770e-05   1.238e-06   1.841e-02   3.992e-03   2.776e-02  1.0000        1152  [    1     48         60         11 ]
           2       18280     166.110   5.770e-05   1.238e-06   1.842e-02   3.970e-03   2.747e-02  1.0000        1157  [    1     49         60         11 ]
           2       18585     168.009   5.770e-05   1.238e-06   1.842e-02   3.940e-03   2.708e-02  1.0000        1161  [    2      7        120         12 ]
           2       18774     170.075   5.770e-05   1.238e-06   1.842e-02   3.932e-03   2.695e-02  1.0000        1155  [    1     50         60         11 ]
           2       18978     172.079   5.770e-05   1.238e-06   1.842e-02   3.901e-03   2.674e-02  1.0000        1160  [    1     51         60         11 ]
           2       19168     174.095   5.770e-05   1.238e-06   1.842e-02   3.896e-03   2.671e-02  1.0000        1160  [    1     52         60         10 ]
           2       19338     176.287   5.770e-05   1.238e-06   1.842e-02   3.885e-03   2.665e-02  1.0000        1162  [    1     53         60         10 ]
           2       19505     178.372   5.770e-05   1.238e-06   1.842e-02   3.857e-03   2.637e-02  1.0000        1162  [    1     54         60          9 ]
           2       19674     180.505   5.770e-05   1.238e-06   1.850e-02   3.824e-03   2.598e-02  1.0000        1166  [    1     55         60          9 ]
           2       19842     182.753   5.770e-05   1.238e-06   1.850e-02   3.795e-03   2.556e-02  1.0000        1171  [    1     56         60          9 ]
           2       20004     184.809   5.770e-05   1.238e-06   1.850e-02   3.758e-03   2.509e-02  1.0000        1175  [    1     57         60          9 ]
           2       20335     186.646   5.770e-05   1.238e-06   1.853e-02   3.727e-03   2.471e-02  1.0000        1186  [    2      8        120         13 ]
           2       20531     188.376   5.770e-05   1.238e-06   1.853e-02   3.708e-03   2.440e-02  1.0000        1180  [    1     58         60         10 ]
           2       20712     190.205   5.770e-05   1.238e-06   1.853e-02   3.698e-03   2.429e-02  1.0000        1182  [    1     59         60         10 ]
           2       20888     192.105   5.770e-05   1.238e-06   1.853e-02   3.682e-03   2.418e-02  1.0000        1186  [    1     60         60         10 ]
           2       21056     194.209   2.292e-05   1.238e-06   1.853e-02   3.678e-03   2.414e-02  1.0000        1189  [    1     61         60          9 ]
           2       21217     196.502   2.292e-05   1.238e-06   1.853e-02   3.674e-03   2.409e-02  1.0000        1192  [    1     62         60          9 ]
           2       21381     198.721   2.292e-05   1.238e-06   1.853e-02   3.656e-03   2.404e-02  1.0000        1194  [    1     63         60          9 ]
           2       21548     200.487   2.292e-05   1.238e-06   1.853e-02   3.650e-03   2.399e-02  1.0000        1195  [    1     64         60          9 ]
           3       23893     202.740   1.852e-05   1.238e-06   1.860e-02   3.505e-03   2.358e-02  1.0000        1233  [    3      1        240         18 ]
           3       24280     204.544   1.852e-05   1.238e-06   1.860e-02   3.505e-03   2.342e-02  1.0000        1231  [    2      9        120         13 ]
           3       24952     206.882   1.852e-05   1.238e-06   1.864e-02   3.474e-03   2.298e-02  1.0000        1240  [    3      2        240         21 ]
           3       25368     208.664   1.852e-05   1.238e-06   1.864e-02   3.467e-03   2.280e-02  1.0000        1233  [    2     10        120         15 ]
           3       25719     210.875   1.852e-05   1.238e-06   1.864e-02   3.467e-03   2.277e-02  1.0000        1236  [    2     11        120         16 ]
           3       26044     213.431   1.852e-05   1.238e-06   1.864e-02   3.451e-03   2.257e-02  1.0000        1237  [    2     12        120         18 ]
           3       26388     215.364   1.852e-05   1.238e-06   1.877e-02   3.428e-03   2.233e-02  1.0000        1236  [    2     13        120         16 ]
           3       26718     217.714   1.852e-05   1.238e-06   1.877e-02   3.432e-03   2.218e-02  1.0000        1229  [    2     14        120         13 ]
           3       27058     220.074   1.852e-05   1.238e-06   1.877e-02   3.426e-03   2.207e-02  1.0000        1227  [    2     15        120         11 ]
           3       27389     222.512   1.852e-05   1.238e-06   1.877e-02   3.413e-03   2.190e-02  1.0000        1230  [    2     16        120         12 ]
           3       27715     224.936   1.852e-05   1.238e-06   1.877e-02   3.394e-03   2.173e-02  1.0000        1230  [    2     17        120         11 ]
           3       28333     227.329   1.852e-05   1.238e-06   1.877e-02   3.379e-03   2.133e-02  1.0000        1244  [    3      3        240         20 ]
           3       28712     229.602   1.852e-05   1.238e-06   1.877e-02   3.365e-03   2.116e-02  1.0000        1240  [    2     18        120         14 ]
           3       29062     231.996   1.852e-05   1.238e-06   1.877e-02   3.363e-03   2.102e-02  1.0000        1241  [    2     19        120         15 ]
           3       29388     234.535   1.852e-05   1.238e-06   1.877e-02   3.358e-03   2.088e-02  1.0000        1242  [    2     20        120         14 ]
           3       29703     236.897   1.852e-05   1.238e-06   1.877e-02   3.349e-03   2.083e-02  1.0000        1243  [    2     21        120         17 ]
           3       30029     239.452   1.852e-05   1.238e-06   1.877e-02   3.346e-03   2.067e-02  1.0000        1243  [    2     22        120         15 ]
           3       30359     241.569   1.852e-05   1.238e-06   1.877e-02   3.346e-03   2.062e-02  1.0000        1245  [    2     23        120         19 ]
           3       30675     243.853   1.852e-05   1.238e-06   1.877e-02   3.347e-03   2.052e-02  1.0000        1243  [    2     24        120         17 ]
           3       30997     246.204   1.852e-05   1.238e-06   1.877e-02   3.339e-03   2.010e-02  1.0000        1240  [    2     25        120         11 ]
           3       31605     248.724   1.852e-05   1.238e-06   1.839e-02   5.106e-03   2.405e-02  1.0000         751  [    3      4        240         22 ]
           3       31985     249.884   1.852e-05   1.238e-06   1.839e-02   5.103e-03   2.376e-02  1.0000         752  [    2     26        120         15 ]
           3       32345     251.351   1.852e-05   1.238e-06   1.839e-02   5.083e-03   2.362e-02  1.0000         755  [    2     27        120         18 ]
           3       32674     252.796   1.852e-05   1.238e-06   1.839e-02   5.054e-03   2.350e-02  1.0000         751  [    2     28        120         14 ]
           3       33004     253.847   1.852e-05   1.238e-06   1.839e-02   5.035e-03   2.345e-02  1.0000         755  [    2     29        120         14 ]
           3       33325     255.090   1.852e-05   1.238e-06   1.838e-02   4.954e-03   2.310e-02  1.0000         759  [    2     30        120         14 ]
           3       33641     256.229   1.852e-05   1.238e-06   1.838e-02   4.939e-03   2.290e-02  1.0000         760  [    2     31        120         13 ]
           3       33951     257.596   1.852e-05   1.238e-06   1.838e-02   4.908e-03   2.275e-02  1.0000         763  [    2     32        120         14 ]
           3       34250     258.951   1.852e-05   1.238e-06   1.838e-02   4.872e-03   2.259e-02  1.0000         769  [    2     33        120         13 ]
           3       34854     260.495   1.852e-05   1.238e-06   1.841e-02   4.874e-03   2.221e-02  1.0000         783  [    3      5        240         23 ]
           3       35235     262.004   1.852e-05   1.238e-06   1.841e-02   4.832e-03   2.210e-02  1.0000         782  [    2     34        120         16 ]
           3       35571     263.489   1.852e-05   1.238e-06   1.841e-02   4.794e-03   2.184e-02  1.0000         779  [    2     35        120         16 ]
           3       35898     264.906   1.852e-05   1.238e-06   1.841e-02   4.789e-03   2.184e-02  1.0000         788  [    2     36        120         18 ]
           3       36227     266.487   1.852e-05   1.238e-06   1.841e-02   4.777e-03   2.151e-02  1.0000         795  [    2     37        120         18 ]
           3       36562     267.981   1.852e-05   1.238e-06   1.841e-02   4.763e-03   2.134e-02  1.0000         805  [    2     38        120         18 ]
           3       36899     269.433   1.852e-05   1.238e-06   1.845e-02   4.765e-03   2.131e-02  1.0000         799  [    2     39        120         17 ]
           3       37227     270.848   1.852e-05   1.238e-06   1.845e-02   4.789e-03   2.129e-02  1.0000         795  [    2     40        120         17 ]
           3       37557     271.954   1.852e-05   1.238e-06   1.845e-02   4.803e-03   2.125e-02  1.0000         794  [    2     41        120         17 ]
           3       38148     273.254   1.852e-05   1.238e-06   1.845e-02   4.772e-03   2.115e-02  1.0000         814  [    3      6        240         24 ]
           3       38554     274.719   1.852e-05   1.238e-06   1.845e-02   4.760e-03   2.107e-02  1.0000         809  [    2     42        120         20 ]
           3       38916     276.138   1.852e-05   1.238e-06   1.845e-02   4.753e-03   2.092e-02  1.0000         810  [    2     43        120         23 ]
           3       39274     277.697   1.852e-05   1.238e-06   1.845e-02   4.720e-03   2.073e-02  1.0000         806  [    2     44        120         18 ]
           3       39598     279.290   1.852e-05   1.238e-06   1.845e-02   4.703e-03   2.065e-02  1.0000         810  [    2     45        120         16 ]
           3       39912     280.781   1.852e-05   1.238e-06   1.845e-02   4.708e-03   2.064e-02  1.0000         810  [    2     46        120         15 ]
           3       40215     282.231   1.852e-05   1.238e-06   1.848e-02   4.706e-03   2.062e-02  1.0000         811  [    2     47        120         14 ]
           3       40514     283.463   1.852e-05   1.238e-06   1.848e-02   4.690e-03   2.045e-02  1.0000         807  [    2     48        120         13 ]
           3       40826     285.021   1.852e-05   1.238e-06   1.848e-02   4.677e-03   2.031e-02  1.0000         810  [    2     49        120         14 ]
           3       41412     286.272   1.852e-05   1.238e-06   1.848e-02   4.665e-03   2.027e-02  1.0000         818  [    3      7        240         21 ]
           3       41779     287.727   1.852e-05   1.238e-06   1.848e-02   4.700e-03   2.020e-02  1.0000         816  [    2     50        120         16 ]
           3       42131     289.326   1.852e-05   1.238e-06   1.848e-02   4.698e-03   2.004e-02  1.0000         821  [    2     51        120         19 ]
           3       42486     290.835   1.852e-05   1.238e-06   1.848e-02   4.696e-03   2.000e-02  1.0000         819  [    2     52        120         19 ]
           3       42823     292.144   1.852e-05   1.238e-06   1.848e-02   4.684e-03   1.985e-02  1.0000         819  [    2     53        120         18 ]
           3       43201     293.657   1.852e-05   1.238e-06   1.848e-02   4.666e-03   1.972e-02  1.0000         822  [    2     54        120         20 ]
           3       43580     295.196   1.852e-05   1.238e-06   1.848e-02   4.675e-03   1.947e-02  1.0000         823  [    2     55        120         19 ]
           3       43953     296.796   1.852e-05   1.238e-06   1.848e-02   4.686e-03   1.946e-02  1.0000         830  [    2     56        120         20 ]
           3       44324     298.324   1.852e-05   1.238e-06   1.848e-02   4.683e-03   1.942e-02  1.0000         829  [    2     57        120         20 ]
           3       44934     299.916   1.852e-05   1.238e-06   1.848e-02   4.618e-03   1.941e-02  1.0000         831  [    3      8        240         19 ]
           3       45324     301.531   1.852e-05   1.238e-06   1.854e-02   4.605e-03   1.929e-02  1.0000         828  [    2     58        120         22 ]
           3       45711     303.043   1.852e-05   1.238e-06   1.854e-02   4.601e-03   1.928e-02  1.0000         833  [    2     59        120         20 ]
           3       46105     304.487   1.852e-05   1.238e-06   1.854e-02   4.601e-03   1.910e-02  1.0000         830  [    2     60        120         18 ]
           3       46449     305.783   1.852e-05   1.238e-06   1.854e-02   4.610e-03   1.908e-02  1.0000         828  [    2     61        120         18 ]
           3       46795     307.363   1.852e-05   1.238e-06   1.854e-02   4.602e-03   1.898e-02  1.0000         834  [    2     62        120         19 ]
           3       47149     308.677   1.852e-05   1.238e-06   1.854e-02   4.599e-03   1.894e-02  1.0000         840  [    2     63        120         20 ]
           3       47488     309.564   1.852e-05   1.238e-06   1.854e-02   4.596e-03   1.887e-02  1.0000         841  [    2     64        120         15 ]
           4       49914     310.704   7.175e-06   1.238e-06   1.859e-02   4.546e-03   1.878e-02  1.0000         835  [    4      1        480         17 ]
           4       50264     311.868   7.175e-06   1.238e-06   1.859e-02   4.552e-03   1.877e-02  1.0000         841  [    2     65        120         15 ]
           4       50858     313.476   7.175e-06   1.238e-06   1.859e-02   4.556e-03   1.866e-02  1.0000         839  [    3      9        240         21 ]
           4       51942     315.165   7.175e-06   1.238e-06   1.863e-02   4.549e-03   1.842e-02  1.0000         854  [    4      2        480         27 ]
           4       52346     316.294   7.175e-06   1.238e-06   1.863e-02   4.546e-03   1.840e-02  1.0000         852  [    2     66        120         20 ]
           4       52723     317.831   7.175e-06   1.238e-06   1.863e-02   4.547e-03   1.832e-02  1.0000         855  [    2     67        120         19 ]
           4       53078     319.317   7.175e-06   1.238e-06   1.863e-02   4.559e-03   1.818e-02  1.0000         839  [    2     68        120         17 ]
           4       53436     320.751   7.175e-06   1.238e-06   1.863e-02   4.559e-03   1.818e-02  1.0000         839  [    2     69        120         17 ]
           4       53782     322.058   7.175e-06   1.238e-06   1.863e-02   4.557e-03   1.813e-02  1.0000         840  [    2     70        120         17 ]
           4       54158     323.167   7.175e-06   1.238e-06   1.863e-02   4.555e-03   1.812e-02  1.0000         843  [    2     71        120         19 ]
           4       54504     324.652   7.175e-06   1.238e-06   1.863e-02   4.554e-03   1.810e-02  1.0000         842  [    2     72        120         18 ]
           4       54875     326.259   7.175e-06   1.238e-06   1.863e-02   4.550e-03   1.806e-02  1.0000         846  [    2     73        120         18 ]
           4       55474     327.340   7.175e-06   1.238e-06   1.863e-02   4.530e-03   1.796e-02  1.0000         856  [    3     10        240         24 ]
           4       55850     329.038   7.175e-06   1.238e-06   1.863e-02   4.531e-03   1.793e-02  1.0000         857  [    2     74        120         21 ]
           4       56228     330.552   7.175e-06   1.238e-06   1.863e-02   4.527e-03   1.789e-02  1.0000         838  [    2     75        120         15 ]
           4       56586     331.669   7.175e-06   1.238e-06   1.863e-02   4.530e-03   1.779e-02  1.0000         840  [    2     76        120         16 ]
           4       56926     332.618   7.175e-06   1.238e-06   1.863e-02   4.525e-03   1.776e-02  1.0000         841  [    2     77        120         18 ]
           4       57257     333.872   7.175e-06   1.238e-06   1.863e-02   4.525e-03   1.776e-02  1.0000         842  [    2     78        120         17 ]
           4       57573     334.881   7.175e-06   8.104e-07   1.863e-02   4.524e-03   1.775e-02  1.0000         834  [    2     79        120         12 ]
           4       57881     335.921   5.776e-06   8.104e-07   1.863e-02   4.524e-03   1.763e-02  1.0000         833  [    2     80        120         11 ]
           4       58173     337.096   5.776e-06   8.104e-07   1.863e-02   4.532e-03   1.760e-02  1.0000         836  [    2     81        120         11 ]
           4       58730     338.610   5.776e-06   8.104e-07   1.863e-02   4.532e-03   1.760e-02  1.0000         849  [    3     11        240         21 ]
           4       59083     340.083   5.776e-06   8.104e-07   1.863e-02   4.532e-03   1.759e-02  1.0000         836  [    2     82        120         13 ]
           4       59408     341.524   5.776e-06   8.104e-07   1.863e-02   4.537e-03   1.755e-02  1.0000         836  [    2     83        120         12 ]
           4       59744     342.909   5.776e-06   8.104e-07   1.863e-02   4.538e-03   1.752e-02  1.0000         835  [    2     84        120         12 ]
           4       60096     343.974   3.121e-06   8.104e-07   1.863e-02   4.489e-03   1.741e-02  1.0000         833  [    2     85        120         11 ]
           4       60418     345.223   3.121e-06   8.104e-07   1.863e-02   4.485e-03   1.728e-02  1.0000         835  [    2     86        120         10 ]
           4       60708     346.317   3.121e-06   8.104e-07   1.863e-02   4.484e-03   1.722e-02  1.0000         837  [    2     87        120         12 ]
           4       61008     347.475   3.121e-06   8.104e-07   1.863e-02   4.480e-03   1.721e-02  1.0000         833  [    2     88        120         10 ]
           4       61300     349.027   3.121e-06   8.104e-07   1.863e-02   4.479e-03   1.716e-02  1.0000         832  [    2     89        120          9 ]
           4       61879     350.027   3.121e-06   8.104e-07   1.863e-02   4.464e-03   1.709e-02  1.0000         841  [    3     12        240         15 ]
           4       62205     351.655   3.121e-06   8.104e-07   1.866e-02   4.461e-03   1.707e-02  1.0000         833  [    2     90        120         10 ]
           4       62513     352.752   3.121e-06   8.104e-07   1.866e-02   4.485e-03   1.698e-02  1.0000         834  [    2     91        120         10 ]
           4       62807     353.766   3.121e-06   8.104e-07   1.866e-02   4.470e-03   1.692e-02  1.0000         836  [    2     92        120         12 ]
           4       63097     354.963   3.121e-06   8.104e-07   1.866e-02   4.478e-03   1.688e-02  1.0000         835  [    2     93        120         10 ]
           4       63395     355.868   3.121e-06   8.104e-07   1.866e-02   4.477e-03   1.682e-02  1.0000         837  [    2     94        120         10 ]
           4       63691     357.027   3.121e-06   8.104e-07   1.866e-02   4.478e-03   1.680e-02  1.0000         836  [    2     95        120         10 ]
           4       63972     358.527   3.121e-06   8.104e-07   1.866e-02   4.478e-03   1.680e-02  1.0000         836  [    2     96        120         10 ]
           4       64282     359.760   3.121e-06   8.104e-07   1.866e-02   4.474e-03   1.672e-02  1.0000         837  [    2     97        120         10 ]
           4       64802     361.385   3.121e-06   8.104e-07   1.866e-02   4.464e-03   1.665e-02  1.0000         842  [    3     13        240         13 ]
           4       65129     362.783   3.121e-06   8.104e-07   1.866e-02   4.447e-03   1.648e-02  1.0000         840  [    2     98        120         11 ]
           4       65457     364.228   3.121e-06   8.104e-07   1.866e-02   4.448e-03   1.644e-02  1.0000         844  [    2     99        120         13 ]
           4       65765     365.851   3.121e-06   8.104e-07   1.866e-02   4.447e-03   1.643e-02  1.0000         843  [    2    100        120         13 ]
           4       66078     367.163   3.121e-06   8.104e-07   1.866e-02   4.447e-03   1.643e-02  1.0000         844  [    2    101        120         12 ]
           4       66394     368.277   3.121e-06   8.104e-07   1.866e-02   4.443e-03   1.641e-02  1.0000         842  [    2    102        120         12 ]
           4       66687     369.742   3.121e-06   8.104e-07   1.866e-02   4.440e-03   1.638e-02  1.0000         843  [    2    103        120         12 ]
           4       66976     371.147   3.121e-06   8.104e-07   1.866e-02   4.440e-03   1.637e-02  1.0000         843  [    2    104        120         12 ]
           4       67279     372.387   3.121e-06   8.104e-07   1.866e-02   4.439e-03   1.635e-02  1.0000         842  [    2    105        120         12 ]
           4       67796     373.767   3.121e-06   5.291e-08   1.866e-02   4.432e-03   1.629e-02  1.0000         843  [    3     14        240         14 ]
           4       68116     375.370   3.121e-06   5.291e-08   1.866e-02   4.431e-03   1.628e-02  1.0000         848  [    2    106        120         13 ]
           4       68445     377.017   3.121e-06   5.291e-08   1.866e-02   4.429e-03   1.622e-02  1.0000         843  [    2    107        120         14 ]
           4       68785     378.449   5.744e-07   5.291e-08   1.866e-02   4.429e-03   1.619e-02  1.0000         842  [    2    108        120         12 ]
           4       69089     379.674   5.744e-07   5.291e-08   1.866e-02   4.424e-03   1.610e-02  1.0000         841  [    2    109        120         11 ]
           4       69391     380.771   5.744e-07   5.291e-08   1.866e-02   4.419e-03   1.600e-02  1.0000         838  [    2    110        120         10 ]
           4       69685     382.081   5.744e-07   5.291e-08   1.866e-02   4.416e-03   1.592e-02  1.0000         837  [    2    111        120          9 ]
           4       69972     383.135   5.744e-07   5.291e-08   1.866e-02   4.415e-03   1.584e-02  1.0000         837  [    2    112        120          9 ]
           4       70263     384.118   5.744e-07   5.291e-08   1.866e-02   4.415e-03   1.579e-02  1.0000         837  [    2    113        120          9 ]
           4       70775     385.742   5.744e-07   5.291e-08   1.866e-02   4.414e-03   1.577e-02  1.0000         844  [    3     15        240         15 ]
           4       71112     387.238   5.744e-07   5.291e-08   1.866e-02   4.401e-03   1.571e-02  1.0000         838  [    2    114        120          9 ]
           4       71396     388.634   5.744e-07   5.291e-08   1.866e-02   4.399e-03   1.561e-02  1.0000         839  [    2    115        120          9 ]
           4       71682     390.104   5.744e-07   5.291e-08   1.866e-02   4.390e-03   1.542e-02  1.0000         839  [    2    116        120          9 ]
           4       71981     391.385   5.744e-07   5.291e-08   1.866e-02   4.389e-03   1.538e-02  1.0000         839  [    2    117        120          9 ]
           4       72269     393.001   5.744e-07   5.291e-08   1.866e-02   4.387e-03   1.535e-02  1.0000         839  [    2    118        120          9 ]
           4       72564     394.602   5.744e-07   5.291e-08   1.866e-02   4.397e-03   1.518e-02  1.0000         839  [    2    119        120          9 ]
           4       72855     396.265   5.744e-07   5.291e-08   1.866e-02   4.397e-03   1.514e-02  1.0000         839  [    2    120        120          9 ]
           4       73147     397.844   5.744e-07   5.291e-08   1.866e-02   4.397e-03   1.508e-02  1.0000         839  [    2    121        120          9 ]
           4       73709     399.300   5.744e-07   5.291e-08   1.866e-02   4.392e-03   1.503e-02  1.0000         848  [    3     16        240         17 ]
           4       74056     400.491   5.744e-07   5.291e-08   1.866e-02   4.377e-03   1.495e-02  1.0000         842  [    2    122        120         12 ]
           4       74383     401.804   5.744e-07   5.291e-08   1.866e-02   4.377e-03   1.495e-02  1.0000         843  [    2    123        120         14 ]
           4       74709     402.838   5.744e-07   5.291e-08   1.866e-02   4.377e-03   1.493e-02  1.0000         846  [    2    124        120         15 ]
           4       75038     404.292   5.744e-07   5.291e-08   1.866e-02   4.376e-03   1.490e-02  1.0000         847  [    2    125        120         15 ]
           4       75359     405.804   5.744e-07   5.291e-08   1.866e-02   4.376e-03   1.490e-02  1.0000         852  [    2    126        120         15 ]
           4       75677     407.134   5.744e-07   5.291e-08   1.866e-02   4.373e-03   1.482e-02  1.0000         856  [    2    127        120         16 ]
           4       76006     408.487   5.744e-07   5.291e-08   1.866e-02   4.373e-03   1.482e-02  1.0000         864  [    2    128        120         17 ]
           4       76339     409.366   5.744e-07   5.291e-08   1.866e-02   4.373e-03   1.479e-02  1.0000         869  [    2    129        120         14 ]
           4       76891     410.474   5.744e-07   5.291e-08   1.866e-02   4.373e-03   1.479e-02  1.0000         848  [    3     17        240         16 ]
           4       77897     412.014   5.744e-07   5.291e-08   1.866e-02   4.379e-03   1.478e-02  1.0000         865  [    4      3        480         25 ]
           4       78283     413.421   5.744e-07   5.291e-08   1.866e-02   4.378e-03   1.475e-02  1.0000         855  [    2    130        120         16 ]
           4       78633     414.825   5.744e-07   5.291e-08   1.866e-02   4.377e-03   1.475e-02  1.0000         853  [    2    131        120         18 ]
           4       78961     415.780   5.744e-07   5.291e-08   1.866e-02   4.377e-03   1.475e-02  1.0000         847  [    2    132        120         15 ]
           4       79284     416.817   5.744e-07   5.291e-08   1.866e-02   4.370e-03   1.464e-02  1.0000         845  [    2    133        120         12 ]
           4       79581     417.886   5.744e-07   5.291e-08   1.866e-02   4.371e-03   1.464e-02  1.0000         845  [    2    134        120         12 ]
           4       79913     419.105   5.744e-07   5.291e-08   1.866e-02   4.371e-03   1.464e-02  1.0000         846  [    2    135        120         13 ]
           4       80220     420.743   5.744e-07   5.291e-08   1.866e-02   4.369e-03   1.457e-02  1.0000         845  [    2    136        120         12 ]
           4       80526     422.148   5.744e-07   5.291e-08   1.866e-02   4.368e-03   1.455e-02  1.0000         846  [    2    137        120         13 ]
           4       81083     423.329   5.744e-07   5.291e-08   1.866e-02   4.368e-03   1.455e-02  1.0000         857  [    3     18        240         20 ]
           4       81479     424.817   5.744e-07   5.291e-08   1.866e-02   4.389e-03   1.449e-02  1.0000         853  [    2    138        120         18 ]
           4       81829     426.411   5.744e-07   5.291e-08   1.866e-02   4.387e-03   1.446e-02  1.0000         853  [    2    139        120         20 ]
           4       82184     427.653   5.744e-07   5.291e-08   1.866e-02   4.386e-03   1.444e-02  1.0000         855  [    2    140        120         18 ]
           4       82540     428.935   5.744e-07   5.291e-08   1.866e-02   4.390e-03   1.443e-02  1.0000         857  [    2    141        120         17 ]
           4       82865     429.913   5.744e-07   5.291e-08   1.866e-02   4.390e-03   1.442e-02  1.0000         860  [    2    142        120         18 ]
           4       83203     431.182   5.744e-07   5.291e-08   1.866e-02   4.390e-03   1.442e-02  1.0000         852  [    2    143        120         17 ]
           4       83546     432.386   5.744e-07   5.291e-08   1.866e-02   4.387e-03   1.428e-02  1.0000         850  [    2    144        120         14 ]
           4       83863     433.877   5.744e-07   5.291e-08   1.866e-02   4.383e-03   1.426e-02  1.0000         846  [    2    145        120         13 ]
           4       84434     435.526   5.744e-07   5.291e-08   1.866e-02   4.383e-03   1.426e-02  1.0000         850  [    3     19        240         15 ]
           4       84801     437.157   5.744e-07   5.291e-08   1.866e-02   4.380e-03   1.423e-02  1.0000         850  [    2    146        120         15 ]
           4       85131     438.706   5.744e-07   5.291e-08   1.866e-02   4.378e-03   1.423e-02  1.0000         852  [    2    147        120         16 ]
           4       85459     439.917   5.744e-07   5.291e-08   1.866e-02   4.376e-03   1.418e-02  1.0000         847  [    2    148        120         14 ]
           4       85770     440.943   5.744e-07   5.291e-08   1.866e-02   4.373e-03   1.416e-02  1.0000         850  [    2    149        120         14 ]
           4       86096     442.106   5.744e-07   5.291e-08   1.866e-02   4.372e-03   1.412e-02  1.0000         853  [    2    150        120         17 ]
           4       86438     443.240   5.744e-07   5.291e-08   1.866e-02   4.369e-03   1.409e-02  1.0000         848  [    2    151        120         14 ]
           4       86754     444.512   5.744e-07   5.291e-08   1.866e-02   4.384e-03   1.407e-02  1.0000         849  [    2    152        120         15 ]
           4       87064     446.044   5.744e-07   5.291e-08   1.866e-02   4.384e-03   1.407e-02  1.0000         848  [    2    153        120         16 ]
           4       87587     447.278   5.744e-07   5.291e-08   1.866e-02   4.384e-03   1.407e-02  1.0000         851  [    3     20        240         16 ]
           4       87931     448.691   5.744e-07   5.291e-08   1.866e-02   4.384e-03   1.406e-02  1.0000         853  [    2    154        120         14 ]
           4       88271     449.766   5.744e-07   5.291e-08   1.866e-02   4.384e-03   1.405e-02  1.0000         848  [    2    155        120         13 ]
           4       88618     451.413   5.744e-07   5.291e-08   1.866e-02   4.383e-03   1.404e-02  1.0000         850  [    2    156        120         16 ]
           4       88948     453.022   5.744e-07   5.291e-08   1.866e-02   4.383e-03   1.404e-02  1.0000         848  [    2    157        120         15 ]
           4       89262     454.569   5.744e-07   5.291e-08   1.866e-02   4.383e-03   1.404e-02  1.0000         848  [    2    158        120         11 ]
           4       89587     455.803   5.744e-07   5.291e-08   1.866e-02   4.382e-03   1.401e-02  1.0000         845  [    2    159        120         12 ]
           4       89900     457.021   5.744e-07   5.291e-08   1.866e-02   4.382e-03   1.401e-02  1.0000         847  [    2    160        120         13 ]
           4       90199     458.430   5.744e-07   5.291e-08   1.866e-02   4.383e-03   1.398e-02  1.0000         846  [    2    161        120         11 ]
           4       90745     460.018   5.744e-07   5.291e-08   1.866e-02   4.383e-03   1.398e-02  1.0000         857  [    3     21        240         21 ]
           4       91118     461.755   5.744e-07   5.291e-08   1.866e-02   4.383e-03   1.398e-02  1.0000         851  [    2    162        120         15 ]
           4       91470     463.194   5.744e-07   5.291e-08   1.866e-02   4.383e-03   1.396e-02  1.0000         852  [    2    163        120         18 ]
           4       91799     464.535   5.744e-07   5.291e-08   1.866e-02   4.383e-03   1.396e-02  1.0000         855  [    2    164        120         16 ]
           4       92134     466.117   5.744e-07   5.291e-08   1.866e-02   4.380e-03   1.395e-02  1.0000         850  [    2    165        120         17 ]
           4       92450     467.611   5.744e-07   5.291e-08   1.867e-02   4.379e-03   1.391e-02  1.0000         850  [    2    166        120         15 ]
           4       92758     469.098   5.744e-07   5.291e-08   1.867e-02   4.375e-03   1.390e-02  1.0000         851  [    2    167        120         14 ]
           4       93078     470.731   5.744e-07   5.291e-08   1.867e-02   4.374e-03   1.386e-02  1.0000         853  [    2    168        120         14 ]
           4       93412     471.851   5.744e-07   5.291e-08   1.867e-02   4.374e-03   1.386e-02  1.0000         859  [    2    169        120         16 ]
           4       93983     472.996   5.744e-07   5.291e-08   1.867e-02   4.374e-03   1.386e-02  1.0000         862  [    3     22        240         19 ]
           4       94353     474.325   5.744e-07   5.291e-08   1.867e-02   4.373e-03   1.384e-02  1.0000         867  [    2    170        120         17 ]
           4       94691     475.790   5.744e-07   5.291e-08   1.867e-02   4.373e-03   1.382e-02  1.0000         862  [    2    171        120         14 ]
           4       95022     476.988   5.744e-07   5.291e-08   1.867e-02   4.373e-03   1.382e-02  1.0000         862  [    2    172        120         14 ]
           4       95351     478.393   5.744e-07   5.291e-08   1.867e-02   4.373e-03   1.382e-02  1.0000         869  [    2    173        120         16 ]
           4       95679     479.525   5.744e-07   5.291e-08   1.867e-02   4.373e-03   1.382e-02  1.0000         851  [    2    174        120         15 ]
           4       95997     480.881   5.744e-07   5.291e-08   1.867e-02   4.371e-03   1.381e-02  1.0000         852  [    2    175        120         14 ]
           4       96311     482.269   5.744e-07   5.291e-08   1.867e-02   4.371e-03   1.381e-02  1.0000         853  [    2    176        120         16 ]
           4       96603     483.901   5.744e-07   5.291e-08   1.867e-02   4.371e-03   1.381e-02  1.0000         850  [    2    177        120         12 ]
           4       97165     485.453   5.744e-07   5.291e-08   1.867e-02   4.371e-03   1.380e-02  1.0000         856  [    3     23        240         20 ]
           4       97512     487.064   5.744e-07   5.291e-08   1.867e-02   4.366e-03   1.379e-02  1.0000         852  [    2    178        120         14 ]
           4       97862     488.495   5.744e-07   5.291e-08   1.867e-02   4.356e-03   1.375e-02  1.0000         849  [    2    179        120         15 ]
           4       98212     489.839   5.744e-07   5.291e-08   1.867e-02   4.356e-03   1.375e-02  1.0000         854  [    2    180        120         16 ]
           4       98568     491.191   5.744e-07   5.291e-08   1.867e-02   4.355e-03   1.373e-02  1.0000         851  [    2    181        120         16 ]
           4       98901     492.728   5.744e-07   5.291e-08   1.867e-02   4.356e-03   1.373e-02  1.0000         855  [    2    182        120         19 ]
           4       99227     494.401   5.744e-07   5.291e-08   1.867e-02   4.351e-03   1.372e-02  1.0000         851  [    2    183        120         15 ]
           4       99539     495.717   5.744e-07   5.291e-08   1.867e-02   4.351e-03   1.371e-02  1.0000         854  [    2    184        120         16 ]
           4       99869     497.154   5.744e-07   5.291e-08   1.867e-02   4.351e-03   1.371e-02  1.0000         854  [    2    185        120         16 ]
           5      100444     498.812   5.744e-07   5.291e-08   1.867e-02   4.351e-03   1.371e-02  1.0000         859  [    4      3        480         25 ]
