# Generation  Evaluations  Time (s)  Best_obj[0]  Best_obj[1]  Hypervol.   IGD         IGDX        SR    Appr.set  [ Pop.index  Subgen.  Pop.size  Subpops ]
           0         119       2.394   1.016e-02   1.144e-01   5.271e-01   6.472e-02   2.401e-01  0.0000          31  [    0      1         30         10 ]
           0         239       2.484   1.016e-02   3.619e-02   5.017e-01   4.001e-02   2.344e-01  0.0000          42  [    0      2         30         12 ]
           0         366       2.524   1.016e-02   3.619e-02   6.971e-01   2.456e-02   2.047e-01  0.0000          68  [    0      3         30         14 ]
           0         498       2.610   3.864e-03   2.562e-04   6.900e-01   2.286e-02   1.453e-01  0.0000          82  [    0      4         30         16 ]
           0         647       2.694   3.864e-03   2.562e-04   5.929e-01   2.234e-02   1.284e-01  0.0000         104  [    0      5         30         19 ]
           0         815       2.776   3.864e-03   2.562e-04   5.434e-01   1.795e-02   1.232e-01  0.0000         126  [    0      6         30         21 ]
           0         982       2.901   3.864e-03   2.245e-04   6.258e-01   1.526e-02   1.057e-01  0.0000         140  [    0      7         30         21 ]
           0        1168       3.012   3.737e-03   2.245e-04   5.707e-01   1.309e-02   1.016e-01  0.0000         165  [    0      8         30         24 ]
           1        1723       3.168   8.439e-04   2.245e-04   6.698e-01   7.742e-03   6.747e-02  0.0000         351  [    1      1         60         38 ]
           1        2010       3.404   8.439e-04   2.245e-04   5.671e-01   6.997e-03   6.103e-02  0.0000         373  [    0      9         30         39 ]
           1        2364       3.687   8.439e-04   2.245e-04   5.992e-01   6.420e-03   5.609e-02  0.5000         410  [    1      2         60         44 ]
           1        2675       3.980   8.439e-04   2.245e-04   6.012e-01   5.959e-03   5.112e-02  0.5000         437  [    0     10         30         41 ]
           1        2974       4.307   8.439e-04   2.245e-04   5.725e-01   5.773e-03   5.007e-02  0.5000         459  [    0     11         30         41 ]
           1        3277       4.638   8.439e-04   2.245e-04   6.282e-01   5.117e-03   4.990e-02  0.5000         465  [    0     12         30         40 ]
           1        3578       4.988   8.439e-04   2.245e-04   5.844e-01   5.074e-03   5.028e-02  0.5000         474  [    0     13         30         39 ]
           1        3881       5.312   8.439e-04   2.245e-04   5.818e-01   4.935e-03   4.954e-02  0.5000         488  [    0     14         30         42 ]
           1        4197       5.661   8.439e-04   2.245e-04   5.742e-01   4.932e-03   4.806e-02  0.5000         500  [    0     15         30         43 ]
           1        4523       6.044   8.439e-04   2.245e-04   6.192e-01   4.711e-03   4.672e-02  0.5000         511  [    0     16         30         45 ]
           1        4863       6.405   8.439e-04   2.245e-04   6.116e-01   4.629e-03   4.728e-02  0.5000         536  [    0     17         30         44 ]
           1        5269       6.795   7.320e-05   2.245e-04   5.606e-01   4.482e-03   4.520e-02  1.0000         565  [    1      3         60         47 ]
           1        5604       7.313   7.320e-05   2.245e-04   5.861e-01   4.479e-03   4.502e-02  1.0000         580  [    0     18         30         49 ]
           1        5944       7.736   7.320e-05   2.245e-04   5.623e-01   4.089e-03   4.368e-02  1.0000         596  [    0     19         30         45 ]
           1        6273       8.189   7.320e-05   2.245e-04   5.759e-01   3.882e-03   4.260e-02  1.0000         617  [    0     20         30         45 ]
           1        6602       8.623   7.320e-05   2.245e-04   5.875e-01   3.813e-03   4.219e-02  1.0000         623  [    0     21         30         44 ]
           1        6938       9.061   7.320e-05   2.245e-04   6.044e-01   3.734e-03   4.152e-02  1.0000         655  [    0     22         30         47 ]
           1        7307       9.528   7.320e-05   2.245e-04   6.430e-01   3.493e-03   3.918e-02  1.0000         671  [    0     23         30         46 ]
           1        7668      10.034   7.320e-05   2.245e-04   6.596e-01   3.261e-03   3.764e-02  1.0000         670  [    0     24         30         44 ]
           1        8002      11.010   7.320e-05   2.245e-04   6.583e-01   3.163e-03   3.764e-02  1.0000         690  [    0     25         30         43 ]
           1        8390      11.881   2.529e-05   2.245e-04   6.574e-01   3.123e-03   3.752e-02  1.0000         711  [    1      4         60         46 ]
           1        8734      12.568   2.529e-05   2.245e-04   5.416e-01   3.122e-03   3.710e-02  1.0000         713  [    0     26         30         46 ]
           1        9086      13.218   2.529e-05   2.245e-04   6.544e-01   3.002e-03   3.583e-02  1.0000         722  [    0     27         30         47 ]
           1        9431      14.046   2.529e-05   2.245e-04   6.254e-01   2.996e-03   3.497e-02  1.0000         728  [    0     28         30         46 ]
           1        9786      14.763   2.529e-05   2.245e-04   6.463e-01   2.927e-03   3.408e-02  1.0000         738  [    0     29         30         46 ]
           1       10129      15.492   2.529e-05   2.245e-04   6.101e-01   2.927e-03   3.402e-02  1.0000         742  [    0     30         30         46 ]
           1       10479      16.212   2.529e-05   2.245e-04   6.020e-01   2.914e-03   3.353e-02  1.0000         747  [    0     31         30         47 ]
           1       10831      16.957   2.529e-05   2.245e-04   6.480e-01   2.907e-03   3.298e-02  1.0000         759  [    0     32         30         48 ]
           1       11208      17.619   2.529e-05   2.245e-04   6.496e-01   2.883e-03   3.213e-02  1.0000         779  [    0     33         30         47 ]
           1       11638      18.295   2.529e-05   2.245e-04   6.517e-01   2.826e-03   3.164e-02  1.0000         810  [    1      5         60         47 ]
           1       12004      19.086   2.529e-05   2.245e-04   6.488e-01   2.804e-03   3.144e-02  1.0000         823  [    0     34         30         48 ]
           1       12369      19.871   2.529e-05   2.245e-04   5.381e-01   2.777e-03   3.109e-02  1.0000         838  [    0     35         30         49 ]
           1       12739      20.682   2.529e-05   2.245e-04   5.366e-01   2.706e-03   3.030e-02  1.0000         847  [    0     36         30         49 ]
           1       13101      21.770   2.529e-05   2.245e-04   6.450e-01   2.706e-03   2.996e-02  1.0000         862  [    0     37         30         49 ]
           1       13483      22.581   2.529e-05   2.245e-04   6.027e-01   2.590e-03   2.896e-02  1.0000         869  [    0     38         30         48 ]
           1       13848      23.588   2.529e-05   2.245e-04   6.006e-01   2.588e-03   2.871e-02  1.0000         883  [    0     39         30         49 ]
           1       14222      24.909   2.529e-05   2.245e-04   6.059e-01   2.413e-03   2.832e-02  1.0000         892  [    0     40         30         51 ]
           1       14602      26.244   2.529e-05   2.245e-04   5.456e-01   2.362e-03   2.767e-02  1.0000         900  [    0     41         30         49 ]
           1       15048      27.493   2.529e-05   2.245e-04   5.446e-01   2.342e-03   2.727e-02  1.0000         911  [    1      6         60         48 ]
           1       15443      28.620   2.529e-05   2.245e-04   5.479e-01   2.330e-03   2.669e-02  1.0000         899  [    0     42         30         46 ]
           1       15807      29.950   2.529e-05   2.245e-04   6.127e-01   2.286e-03   2.633e-02  1.0000         918  [    0     43         30         46 ]
           1       16172      31.208   2.529e-05   2.245e-04   5.472e-01   2.286e-03   2.595e-02  1.0000         924  [    0     44         30         47 ]
           1       16547      32.458   2.529e-05   2.245e-04   6.540e-01   2.277e-03   2.589e-02  1.0000         933  [    0     45         30         48 ]
           1       16916      33.869   2.529e-05   2.245e-04   5.527e-01   2.277e-03   2.510e-02  1.0000         931  [    0     46         30         48 ]
           1       17296      35.155   2.529e-05   2.245e-04   6.193e-01   2.105e-03   2.540e-02  1.0000         934  [    0     47         30         47 ]
           1       17669      36.740   2.529e-05   2.245e-04   6.509e-01   2.081e-03   2.499e-02  1.0000         960  [    0     48         30         45 ]
           1       18031      37.919   2.529e-05   2.245e-04   6.491e-01   2.081e-03   2.422e-02  1.0000         965  [    0     49         30         47 ]
           1       18469      39.453   2.529e-05   2.245e-04   6.439e-01   2.060e-03   2.394e-02  1.0000         992  [    1      7         60         45 ]
           1       18817      41.140   2.529e-05   2.245e-04   6.489e-01   2.045e-03   2.384e-02  1.0000         998  [    0     50         30         44 ]
           1       19170      42.606   2.529e-05   2.245e-04   6.529e-01   2.007e-03   2.331e-02  1.0000         995  [    0     51         30         42 ]
           1       19528      44.127   2.529e-05   2.245e-04   6.536e-01   1.998e-03   2.286e-02  1.0000         996  [    0     52         30         41 ]
           1       19878      45.810   2.529e-05   2.245e-04   5.494e-01   1.993e-03   2.265e-02  1.0000        1004  [    0     53         30         42 ]
           1       20210      47.333   2.529e-05   2.245e-04   5.476e-01   1.993e-03   2.264e-02  1.0000        1004  [    0     54         30         42 ]
           1       20550      48.713   2.529e-05   2.245e-04   6.635e-01   1.993e-03   2.227e-02  1.0000        1008  [    0     55         30         42 ]
           1       20896      49.844   2.529e-05   2.245e-04   5.635e-01   1.986e-03   2.264e-02  1.0000         971  [    0     56         30         39 ]
           1       21219      51.169   2.529e-05   2.245e-04   6.621e-01   1.951e-03   2.291e-02  1.0000         978  [    0     57         30         39 ]
           1       21611      52.286   2.529e-05   2.245e-04   5.707e-01   1.815e-03   2.248e-02  1.0000         990  [    1      8         60         39 ]
           1       21938      53.727   2.529e-05   2.245e-04   5.697e-01   1.808e-03   2.222e-02  1.0000        1003  [    0     58         30         38 ]
           1       22268      54.981   2.529e-05   2.245e-04   6.805e-01   1.792e-03   2.177e-02  1.0000        1016  [    0     59         30         39 ]
           1       22593      56.030   2.529e-05   2.245e-04   5.717e-01   1.791e-03   2.167e-02  1.0000        1022  [    0     60         30         39 ]
           1       22915      57.249   2.529e-05   2.245e-04   5.674e-01   1.791e-03   2.167e-02  1.0000        1026  [    0     61         30         39 ]
           1       23241      58.911   2.529e-05   2.245e-04   5.671e-01   1.791e-03   2.166e-02  1.0000        1031  [    0     62         30         39 ]
           1       23575      60.746   2.529e-05   2.245e-04   5.641e-01   1.788e-03   2.117e-02  1.0000        1038  [    0     63         30         39 ]
           1       23909      62.662   2.529e-05   2.245e-04   6.601e-01   1.766e-03   2.117e-02  1.0000        1037  [    0     64         30         39 ]
           2       25923      64.645   5.521e-06   1.953e-05   5.172e-01   3.139e-03   3.528e-02  1.0000         753  [    2      1        120         46 ]
           2       26380      65.911   6.411e-07   1.953e-05   5.717e-01   3.085e-03   3.535e-02  1.0000         676  [    0     65         30         39 ]
           2       26789      67.041   6.411e-07   1.953e-05   4.909e-01   2.887e-03   3.399e-02  1.0000         636  [    1      9         60         33 ]
           2       27331      68.065   6.411e-07   1.953e-05   5.071e-01   2.574e-03   3.174e-02  1.0000         716  [    2      2        120         37 ]
           2       27638      69.081   6.411e-07   1.953e-05   6.215e-01   2.540e-03   3.155e-02  1.0000         717  [    0     66         30         34 ]
           2       27931      70.177   6.411e-07   1.953e-05   6.227e-01   2.534e-03   3.129e-02  1.0000         730  [    0     67         30         35 ]
           2       28227      71.283   6.411e-07   1.953e-05   6.307e-01   2.460e-03   3.064e-02  1.0000         731  [    0     68         30         33 ]
           2       28519      72.558   6.411e-07   1.953e-05   6.422e-01   2.387e-03   2.999e-02  1.0000         708  [    0     69         30         31 ]
           2       28793      73.608   6.411e-07   1.953e-05   6.441e-01   2.384e-03   2.992e-02  1.0000         716  [    0     70         30         30 ]
           2       29063      74.813   6.411e-07   1.953e-05   6.512e-01   2.351e-03   2.995e-02  1.0000         688  [    0     71         30         29 ]
           2       29327      75.978   6.411e-07   1.953e-05   6.496e-01   2.343e-03   2.993e-02  1.0000         698  [    0     72         30         29 ]
           2       29591      77.191   6.411e-07   1.953e-05   6.487e-01   2.336e-03   2.963e-02  1.0000         687  [    0     73         30         29 ]
           2       29937      78.253   6.411e-07   1.953e-05   6.591e-01   2.307e-03   2.965e-02  1.0000         697  [    1     10         60         29 ]
           2       30210      79.160   6.411e-07   1.953e-05   6.805e-01   2.260e-03   2.872e-02  1.0000         667  [    0     74         30         27 ]
           2       30454      80.310   6.411e-07   1.953e-05   5.621e-01   2.215e-03   2.843e-02  1.0000         673  [    0     75         30         27 ]
           2       30701      81.035   6.411e-07   1.953e-05   6.573e-01   2.204e-03   2.839e-02  1.0000         686  [    0     76         30         27 ]
           2       30949      81.810   6.411e-07   1.953e-05   5.873e-01   2.198e-03   2.797e-02  1.0000         687  [    0     77         30         26 ]
           2       31204      82.775   6.411e-07   1.953e-05   5.971e-01   2.188e-03   2.789e-02  1.0000         679  [    0     78         30         24 ]
           2       31433      83.808   6.411e-07   1.953e-05   6.829e-01   2.172e-03   2.764e-02  1.0000         692  [    0     79         30         23 ]
           2       31664      84.460   6.411e-07   1.953e-05   6.806e-01   2.107e-03   2.742e-02  1.0000         702  [    0     80         30         23 ]
           2       31896      85.316   6.411e-07   1.953e-05   6.195e-01   2.090e-03   2.737e-02  1.0000         718  [    0     81         30         23 ]
           2       32202      86.377   6.411e-07   1.953e-05   5.734e-01   2.085e-03   2.723e-02  1.0000         726  [    1     11         60         25 ]
           2       32459      87.210   6.411e-07   1.953e-05   6.784e-01   2.084e-03   2.702e-02  1.0000         734  [    0     82         30         25 ]
           2       32687      88.283   6.411e-07   1.953e-05   5.698e-01   2.072e-03   2.699e-02  1.0000         744  [    0     83         30         24 ]
           2       32932      89.528   6.411e-07   1.953e-05   6.439e-01   2.062e-03   2.683e-02  1.0000         751  [    0     84         30         24 ]
           2       33176      90.833   6.411e-07   1.953e-05   6.194e-01   2.061e-03   2.669e-02  1.0000         760  [    0     85         30         25 ]
           2       33421      91.746   6.411e-07   1.953e-05   5.332e-01   2.048e-03   2.646e-02  1.0000         767  [    0     86         30         26 ]
           2       33654      92.542   6.411e-07   1.953e-05   5.472e-01   2.040e-03   2.598e-02  1.0000         771  [    0     87         30         26 ]
           2       33897      93.722   6.411e-07   1.953e-05   5.408e-01   2.018e-03   2.584e-02  1.0000         779  [    0     88         30         26 ]
           2       34151      94.725   6.411e-07   1.953e-05   6.427e-01   1.959e-03   2.564e-02  1.0000         759  [    0     89         30         24 ]
           2       34450      95.479   6.411e-07   1.953e-05   5.526e-01   1.919e-03   2.522e-02  1.0000         776  [    1     12         60         25 ]
           2       34721      96.291   6.411e-07   1.953e-05   6.372e-01   1.919e-03   2.542e-02  1.0000         769  [    0     90         30         23 ]
           2       34959      97.411   6.411e-07   1.953e-05   5.563e-01   1.918e-03   2.530e-02  1.0000         774  [    0     91         30         24 ]
           2       35203      98.450   6.411e-07   1.953e-05   6.383e-01   1.905e-03   2.508e-02  1.0000         778  [    0     92         30         23 ]
           2       35447      99.482   6.411e-07   1.953e-05   6.658e-01   1.903e-03   2.473e-02  1.0000         787  [    0     93         30         24 ]
           2       35701     100.481   6.411e-07   1.953e-05   6.658e-01   1.903e-03   2.460e-02  1.0000         799  [    0     94         30         24 ]
           2       35940     101.426   6.411e-07   1.953e-05   6.260e-01   1.900e-03   2.436e-02  1.0000         820  [    0     95         30         24 ]
           2       36188     102.717   6.411e-07   1.953e-05   5.744e-01   1.896e-03   2.442e-02  1.0000         805  [    0     96         30         22 ]
           2       36443     104.198   6.411e-07   1.953e-05   5.747e-01   1.888e-03   2.415e-02  1.0000         811  [    0     97         30         22 ]
           2       36745     105.277   6.411e-07   1.953e-05   6.756e-01   1.886e-03   2.417e-02  1.0000         831  [    1     13         60         22 ]
           2       36985     106.487   6.411e-07   1.953e-05   5.641e-01   1.884e-03   2.406e-02  1.0000         834  [    0     98         30         23 ]
           2       37229     107.627   6.411e-07   1.953e-05   5.647e-01   1.845e-03   2.405e-02  1.0000         841  [    0     99         30         23 ]
           2       37467     108.675   6.411e-07   1.953e-05   6.725e-01   1.842e-03   2.397e-02  1.0000         852  [    0    100         30         24 ]
           2       37706     110.087   6.411e-07   1.953e-05   5.630e-01   1.811e-03   2.374e-02  1.0000         853  [    0    101         30         24 ]
           2       37953     110.907   6.411e-07   1.953e-05   5.652e-01   1.764e-03   2.368e-02  1.0000         848  [    0    102         30         24 ]
           2       38204     111.834   6.411e-07   1.953e-05   6.803e-01   1.764e-03   2.353e-02  1.0000         807  [    0    103         30         23 ]
           2       38446     112.893   6.411e-07   1.953e-05   6.568e-01   1.692e-03   2.325e-02  1.0000         815  [    0    104         30         21 ]
           2       38677     113.897   6.411e-07   1.953e-05   5.702e-01   1.692e-03   2.325e-02  1.0000         818  [    0    105         30         21 ]
           2       38974     114.871   6.411e-07   1.953e-05   6.786e-01   1.690e-03   2.277e-02  1.0000         832  [    1     14         60         23 ]
           2       39209     115.822   6.411e-07   1.953e-05   6.516e-01   1.688e-03   2.280e-02  1.0000         833  [    0    106         30         22 ]
           2       39466     116.880   6.411e-07   1.953e-05   6.962e-01   1.688e-03   2.277e-02  1.0000         822  [    0    107         30         23 ]
           2       39708     117.803   6.411e-07   1.953e-05   7.114e-01   1.685e-03   2.251e-02  1.0000         806  [    0    108         30         21 ]
           2       39938     119.084   6.411e-07   1.953e-05   7.139e-01   1.681e-03   2.247e-02  1.0000         799  [    0    109         30         21 ]
           2       40156     120.134   6.411e-07   1.953e-05   6.049e-01   1.681e-03   2.242e-02  1.0000         805  [    0    110         30         21 ]
           2       40369     121.355   6.411e-07   1.953e-05   5.988e-01   1.680e-03   2.243e-02  1.0000         807  [    0    111         30         21 ]
           2       40589     122.530   6.411e-07   1.953e-05   6.546e-01   1.678e-03   2.259e-02  1.0000         805  [    0    112         30         21 ]
           2       40809     123.454   6.411e-07   1.953e-05   7.400e-01   1.653e-03   2.225e-02  1.0000         797  [    0    113         30         22 ]
           2       41102     124.281   6.411e-07   1.953e-05   7.484e-01   1.650e-03   2.224e-02  1.0000         797  [    1     15         60         21 ]
           2       41336     125.139   6.411e-07   1.953e-05   7.106e-01   1.634e-03   2.228e-02  1.0000         805  [    0    114         30         22 ]
           2       41569     126.352   6.411e-07   1.953e-05   6.331e-01   1.631e-03   2.219e-02  1.0000         816  [    0    115         30         23 ]
           2       41813     127.268   6.411e-07   1.953e-05   6.318e-01   1.631e-03   2.219e-02  1.0000         822  [    0    116         30         24 ]
           2       42060     128.136   6.411e-07   1.953e-05   7.399e-01   1.619e-03   2.212e-02  1.0000         831  [    0    117         30         23 ]
           2       42291     129.100   6.411e-07   1.953e-05   6.297e-01   1.609e-03   2.200e-02  1.0000         835  [    0    118         30         22 ]
           2       42528     130.069   6.411e-07   1.953e-05   7.055e-01   1.599e-03   2.176e-02  1.0000         821  [    0    119         30         22 ]
           2       42767     131.264   6.411e-07   1.953e-05   7.074e-01   1.596e-03   2.165e-02  1.0000         830  [    0    120         30         22 ]
           2       43001     132.582   6.411e-07   1.953e-05   7.483e-01   1.591e-03   2.155e-02  1.0000         828  [    0    121         30         21 ]
           2       43307     133.581   6.411e-07   1.953e-05   6.466e-01   1.562e-03   2.139e-02  1.0000         803  [    1     16         60         21 ]
           2       43540     134.940   6.411e-07   1.953e-05   7.235e-01   1.562e-03   2.132e-02  1.0000         804  [    0    122         30         21 ]
           2       43779     136.170   6.411e-07   1.953e-05   7.582e-01   1.558e-03   2.126e-02  1.0000         813  [    0    123         30         21 ]
           2       43997     137.242   6.411e-07   1.953e-05   6.331e-01   1.544e-03   2.107e-02  1.0000         822  [    0    124         30         21 ]
           2       44231     138.262   6.411e-07   1.953e-05   7.450e-01   1.542e-03   2.106e-02  1.0000         823  [    0    125         30         21 ]
           2       44450     139.211   6.411e-07   1.953e-05   6.327e-01   1.537e-03   2.097e-02  1.0000         833  [    0    126         30         22 ]
           2       44671     140.158   6.411e-07   1.953e-05   7.224e-01   1.537e-03   2.095e-02  1.0000         836  [    0    127         30         22 ]
           2       44907     141.265   6.411e-07   1.953e-05   7.425e-01   1.536e-03   2.094e-02  1.0000         836  [    0    128         30         20 ]
           2       45125     142.421   6.411e-07   1.953e-05   6.322e-01   1.535e-03   2.090e-02  1.0000         845  [    0    129         30         20 ]
           2       45415     144.010   6.411e-07   1.953e-05   6.474e-01   1.533e-03   2.084e-02  1.0000         854  [    1     17         60         20 ]
           2       45862     145.337   6.411e-07   1.953e-05   6.357e-01   1.503e-03   2.031e-02  1.0000         899  [    2      3        120         21 ]
           2       46093     146.604   6.411e-07   1.953e-05   7.048e-01   1.485e-03   2.007e-02  1.0000         908  [    0    130         30         21 ]
           2       46331     147.774   6.411e-07   1.953e-05   7.098e-01   1.485e-03   1.989e-02  1.0000         920  [    0    131         30         21 ]
           2       46565     149.327   6.411e-07   1.953e-05   6.531e-01   1.483e-03   1.999e-02  1.0000         920  [    0    132         30         21 ]
           2       46778     150.689   6.411e-07   1.953e-05   6.361e-01   1.483e-03   2.000e-02  1.0000         923  [    0    133         30         22 ]
           2       47010     152.019   6.411e-07   1.953e-05   7.459e-01   1.466e-03   1.971e-02  1.0000         930  [    0    134         30         23 ]
           2       47253     153.546   6.411e-07   1.953e-05   6.361e-01   1.463e-03   1.956e-02  1.0000         934  [    0    135         30         21 ]
           2       47469     154.909   6.411e-07   1.953e-05   6.726e-01   1.463e-03   1.958e-02  1.0000         892  [    0    136         30         19 ]
           2       47678     156.222   6.411e-07   1.953e-05   6.630e-01   1.460e-03   1.957e-02  1.0000         896  [    0    137         30         18 ]
           2       47969     157.493   6.411e-07   1.953e-05   6.607e-01   1.411e-03   1.949e-02  1.0000         906  [    1     18         60         19 ]
           2       48194     158.850   6.411e-07   1.953e-05   7.705e-01   1.411e-03   1.949e-02  1.0000         907  [    0    138         30         19 ]
           2       48404     160.207   6.411e-07   1.953e-05   7.569e-01   1.411e-03   1.948e-02  1.0000         914  [    0    139         30         19 ]
           2       48611     161.918   6.411e-07   1.953e-05   7.433e-01   1.411e-03   1.948e-02  1.0000         917  [    0    140         30         20 ]
           2       48830     163.479   6.411e-07   1.953e-05   7.183e-01   1.411e-03   1.948e-02  1.0000         915  [    0    141         30         20 ]
           2       49057     165.056   6.411e-07   1.953e-05   7.184e-01   1.411e-03   1.946e-02  1.0000         917  [    0    142         30         20 ]
           2       49277     166.644   6.411e-07   1.953e-05   6.458e-01   1.409e-03   1.946e-02  1.0000         906  [    0    143         30         19 ]
           2       49490     168.154   6.411e-07   1.953e-05   7.582e-01   1.406e-03   1.957e-02  1.0000         906  [    0    144         30         18 ]
           2       49695     169.448   6.411e-07   1.953e-05   7.513e-01   1.404e-03   1.957e-02  1.0000         915  [    0    145         30         18 ]
           2       49994     171.144   6.411e-07   1.953e-05   7.120e-01   1.389e-03   1.949e-02  1.0000         930  [    1     19         60         21 ]
           2       50205     172.511   6.411e-07   1.953e-05   7.126e-01   1.383e-03   1.949e-02  1.0000         934  [    0    146         30         21 ]
           2       50419     173.805   6.411e-07   1.953e-05   7.247e-01   1.383e-03   1.946e-02  1.0000         912  [    0    147         30         20 ]
           2       50648     175.466   6.411e-07   1.953e-05   6.588e-01   1.382e-03   1.941e-02  1.0000         920  [    0    148         30         20 ]
           2       50886     176.987   6.411e-07   1.953e-05   6.510e-01   1.379e-03   1.940e-02  1.0000         928  [    0    149         30         20 ]
           2       51123     178.319   6.411e-07   1.953e-05   6.434e-01   1.367e-03   1.939e-02  1.0000         938  [    0    150         30         20 ]
           2       51343     179.496   6.411e-07   1.953e-05   6.434e-01   1.353e-03   1.916e-02  1.0000         944  [    0    151         30         20 ]
           2       51570     180.657   6.411e-07   1.953e-05   6.489e-01   1.353e-03   1.916e-02  1.0000         946  [    0    152         30         22 ]
           2       51792     182.010   6.411e-07   1.953e-05   7.088e-01   1.353e-03   1.916e-02  1.0000         945  [    0    153         30         21 ]
           2       52105     183.698   6.411e-07   1.953e-05   6.572e-01   1.339e-03   1.897e-02  1.0000         960  [    1     20         60         22 ]
           2       52327     185.048   6.411e-07   1.953e-05   7.286e-01   1.336e-03   1.896e-02  1.0000         964  [    0    154         30         21 ]
           2       52575     186.319   6.411e-07   1.953e-05   7.667e-01   1.336e-03   1.895e-02  1.0000         972  [    0    155         30         22 ]
           2       52826     187.455   6.411e-07   1.953e-05   7.331e-01   1.333e-03   1.884e-02  1.0000         977  [    0    156         30         22 ]
           2       53063     188.824   6.411e-07   1.953e-05   7.356e-01   1.333e-03   1.884e-02  1.0000         967  [    0    157         30         22 ]
           2       53308     190.187   6.411e-07   1.953e-05   7.320e-01   1.333e-03   1.884e-02  1.0000         976  [    0    158         30         21 ]
           2       53552     191.349   6.411e-07   1.953e-05   7.439e-01   1.330e-03   1.852e-02  1.0000         978  [    0    159         30         21 ]
           2       53789     192.762   6.411e-07   1.953e-05   7.803e-01   1.328e-03   1.852e-02  1.0000         966  [    0    160         30         20 ]
           2       54012     194.267   6.411e-07   1.953e-05   8.013e-01   1.318e-03   1.837e-02  1.0000         933  [    0    161         30         19 ]
           2       54293     196.088   6.411e-07   1.953e-05   7.657e-01   1.312e-03   1.835e-02  1.0000         940  [    1     21         60         19 ]
           2       54509     197.771   6.411e-07   1.953e-05   7.994e-01   1.300e-03   1.850e-02  1.0000         944  [    0    162         30         19 ]
           2       54738     199.243   6.411e-07   1.953e-05   7.985e-01   1.282e-03   1.828e-02  1.0000         953  [    0    163         30         19 ]
           2       54945     200.749   6.411e-07   1.953e-05   7.586e-01   1.276e-03   1.827e-02  1.0000         957  [    0    164         30         21 ]
           2       55162     201.894   6.411e-07   1.953e-05   7.933e-01   1.266e-03   1.812e-02  1.0000         969  [    0    165         30         21 ]
           2       55382     202.941   6.411e-07   1.953e-05   7.929e-01   1.266e-03   1.813e-02  1.0000         973  [    0    166         30         20 ]
           2       55598     204.181   6.411e-07   1.953e-05   7.933e-01   1.266e-03   1.813e-02  1.0000         977  [    0    167         30         20 ]
           2       55819     205.936   6.411e-07   1.953e-05   7.905e-01   1.265e-03   1.808e-02  1.0000         983  [    0    168         30         20 ]
           2       56041     207.482   6.411e-07   1.953e-05   7.861e-01   1.264e-03   1.808e-02  1.0000         995  [    0    169         30         20 ]
           2       56344     209.093   6.411e-07   1.953e-05   6.765e-01   1.257e-03   1.807e-02  1.0000        1009  [    1     22         60         23 ]
           2       56587     210.259   6.411e-07   1.953e-05   7.865e-01   1.252e-03   1.805e-02  1.0000        1017  [    0    170         30         22 ]
           2       56831     212.064   6.411e-07   1.953e-05   6.728e-01   1.252e-03   1.805e-02  1.0000        1024  [    0    171         30         22 ]
           2       57059     213.667   6.411e-07   1.953e-05   7.590e-01   1.252e-03   1.805e-02  1.0000        1028  [    0    172         30         20 ]
           2       57285     215.555   6.411e-07   1.953e-05   7.788e-01   1.252e-03   1.805e-02  1.0000        1039  [    0    173         30         18 ]
           2       57519     216.798   6.411e-07   1.953e-05   7.768e-01   1.251e-03   1.800e-02  1.0000        1039  [    0    174         30         18 ]
           2       57746     218.020   6.411e-07   1.953e-05   7.561e-01   1.251e-03   1.799e-02  1.0000        1045  [    0    175         30         18 ]
           2       57973     219.272   6.411e-07   1.953e-05   6.592e-01   1.239e-03   1.783e-02  1.0000        1052  [    0    176         30         19 ]
           2       58198     220.878   6.411e-07   1.953e-05   6.585e-01   1.239e-03   1.782e-02  1.0000        1063  [    0    177         30         19 ]
           2       58508     222.825   6.411e-07   1.953e-05   6.680e-01   1.211e-03   1.774e-02  1.0000        1052  [    1     23         60         18 ]
           2       58737     224.082   6.411e-07   1.953e-05   7.766e-01   1.194e-03   1.765e-02  1.0000        1055  [    0    178         30         18 ]
           2       58954     225.397   6.411e-07   1.953e-05   7.555e-01   1.194e-03   1.763e-02  1.0000        1062  [    0    179         30         19 ]
           2       59181     227.011   6.411e-07   1.953e-05   7.006e-01   1.193e-03   1.762e-02  1.0000        1048  [    0    180         30         18 ]
           2       59394     228.568   6.411e-07   1.953e-05   6.944e-01   1.193e-03   1.760e-02  1.0000        1057  [    0    181         30         18 ]
           2       59608     230.098   6.411e-07   1.953e-05   7.890e-01   1.192e-03   1.759e-02  1.0000        1049  [    0    182         30         17 ]
           2       59820     231.685   6.411e-07   1.953e-05   7.571e-01   1.192e-03   1.759e-02  1.0000        1054  [    0    183         30         17 ]
           2       60040     233.205   6.411e-07   1.048e-06   7.600e-01   1.144e-03   1.714e-02  1.0000        1065  [    0    184         30         17 ]
           2       60242     234.489   6.411e-07   1.048e-06   7.194e-01   1.143e-03   1.714e-02  1.0000        1071  [    0    185         30         17 ]
           2       60520     235.879   6.411e-07   1.048e-06   7.609e-01   1.141e-03   1.711e-02  1.0000        1069  [    1     24         60         15 ]
           2       60726     237.207   6.411e-07   1.048e-06   7.596e-01   1.141e-03   1.711e-02  1.0000        1071  [    0    186         30         15 ]
           2       60922     238.608   6.411e-07   1.048e-06   7.920e-01   1.141e-03   1.711e-02  1.0000        1077  [    0    187         30         15 ]
           2       61116     240.516   6.411e-07   1.048e-06   7.598e-01   1.137e-03   1.705e-02  1.0000        1088  [    0    188         30         15 ]
           2       61314     242.395   6.411e-07   1.048e-06   7.921e-01   1.136e-03   1.702e-02  1.0000        1086  [    0    189         30         15 ]
           2       61495     244.254   6.411e-07   1.048e-06   7.921e-01   1.136e-03   1.702e-02  1.0000        1087  [    0    190         30         15 ]
           2       61688     245.801   6.411e-07   1.048e-06   7.605e-01   1.132e-03   1.701e-02  1.0000        1099  [    0    191         30         16 ]
           2       61892     247.696   6.411e-07   1.048e-06   6.814e-01   1.132e-03   1.700e-02  1.0000        1104  [    0    192         30         18 ]
           2       62100     249.703   6.411e-07   1.048e-06   6.808e-01   1.131e-03   1.689e-02  1.0000        1108  [    0    193         30         18 ]
           2       62389     251.350   6.411e-07   1.048e-06   7.523e-01   1.123e-03   1.685e-02  1.0000        1126  [    1     25         60         17 ]
           2       62822     253.290   3.790e-07   1.048e-06   7.672e-01   1.115e-03   1.670e-02  1.0000        1150  [    2      4        120         19 ]
           2       63047     254.852   3.790e-07   1.048e-06   6.902e-01   1.115e-03   1.670e-02  1.0000        1150  [    0    194         30         18 ]
           2       63276     256.381   3.790e-07   9.784e-09   6.898e-01   1.109e-03   1.661e-02  1.0000        1161  [    0    195         30         18 ]
           2       63513     258.519   3.790e-07   9.784e-09   7.699e-01   1.107e-03   1.662e-02  1.0000        1163  [    0    196         30         18 ]
           2       63735     260.609   3.790e-07   9.784e-09   7.667e-01   1.107e-03   1.662e-02  1.0000        1170  [    0    197         30         18 ]
           2       63973     262.628   3.790e-07   9.784e-09   7.755e-01   1.090e-03   1.634e-02  1.0000        1142  [    0    198         30         18 ]
           2       64206     264.669   3.790e-07   9.784e-09   6.918e-01   1.087e-03   1.631e-02  1.0000        1136  [    0    199         30         16 ]
           2       64414     266.422   3.790e-07   9.784e-09   6.993e-01   1.081e-03   1.619e-02  1.0000        1139  [    0    200         30         16 ]
           2       64627     268.185   3.790e-07   9.784e-09   7.273e-01   1.069e-03   1.614e-02  1.0000        1131  [    0    201         30         16 ]
           2       64896     270.172   3.790e-07   9.784e-09   8.049e-01   1.056e-03   1.612e-02  1.0000        1107  [    1     26         60         17 ]
           2       65102     272.202   3.790e-07   9.784e-09   6.915e-01   1.048e-03   1.607e-02  1.0000        1111  [    0    202         30         17 ]
           2       65313     274.264   3.790e-07   9.784e-09   7.407e-01   1.048e-03   1.607e-02  1.0000        1108  [    0    203         30         17 ]
           2       65522     276.032   3.790e-07   9.784e-09   7.663e-01   1.044e-03   1.605e-02  1.0000        1114  [    0    204         30         17 ]
           2       65729     277.953   3.790e-07   9.784e-09   6.972e-01   1.044e-03   1.606e-02  1.0000        1105  [    0    205         30         17 ]
           2       65933     279.394   3.790e-07   9.784e-09   6.996e-01   1.044e-03   1.601e-02  1.0000        1107  [    0    206         30         16 ]
           2       66146     281.195   3.790e-07   9.784e-09   7.045e-01   1.037e-03   1.599e-02  1.0000        1118  [    0    207         30         16 ]
           2       66341     283.310   3.790e-07   9.784e-09   6.928e-01   1.036e-03   1.598e-02  1.0000        1133  [    0    208         30         16 ]
           2       66554     284.956   3.790e-07   9.784e-09   7.856e-01   1.036e-03   1.598e-02  1.0000        1141  [    0    209         30         17 ]
           2       66868     287.021   3.790e-07   9.784e-09   6.985e-01   1.034e-03   1.577e-02  1.0000        1141  [    1     27         60         17 ]
           2       67073     288.678   3.790e-07   9.784e-09   7.883e-01   1.032e-03   1.576e-02  1.0000        1147  [    0    210         30         17 ]
           2       67274     290.148   3.790e-07   9.784e-09   6.983e-01   1.032e-03   1.576e-02  1.0000        1148  [    0    211         30         17 ]
           2       67500     291.952   3.790e-07   9.784e-09   7.850e-01   1.032e-03   1.567e-02  1.0000        1152  [    0    212         30         16 ]
           2       67717     294.181   3.790e-07   9.784e-09   7.005e-01   1.032e-03   1.567e-02  1.0000        1156  [    0    213         30         17 ]
           2       67945     296.360   3.790e-07   9.784e-09   7.821e-01   1.031e-03   1.566e-02  1.0000        1165  [    0    214         30         18 ]
           2       68180     298.614   3.790e-07   9.784e-09   7.871e-01   1.022e-03   1.569e-02  1.0000        1174  [    0    215         30         17 ]
           2       68391     300.239   3.790e-07   9.784e-09   7.041e-01   1.022e-03   1.569e-02  1.0000        1182  [    0    216         30         17 ]
           2       68602     301.782   3.790e-07   9.784e-09   7.583e-01   1.017e-03   1.567e-02  1.0000        1192  [    0    217         30         16 ]
           2       68908     303.345   3.790e-07   9.784e-09   7.375e-01   1.016e-03   1.560e-02  1.0000        1201  [    1     28         60         17 ]
           2       69131     305.398   3.790e-07   9.784e-09   7.848e-01   1.016e-03   1.560e-02  1.0000        1196  [    0    218         30         17 ]
           2       69346     307.041   3.790e-07   9.784e-09   7.114e-01   1.016e-03   1.560e-02  1.0000        1193  [    0    219         30         16 ]
           2       69553     308.495   3.790e-07   9.784e-09   7.397e-01   1.015e-03   1.560e-02  1.0000        1198  [    0    220         30         16 ]
           2       69762     310.649   3.790e-07   9.784e-09   7.987e-01   1.012e-03   1.555e-02  1.0000        1203  [    0    221         30         16 ]
           2       69968     312.344   3.790e-07   9.784e-09   7.175e-01   1.011e-03   1.555e-02  1.0000        1179  [    0    222         30         15 ]
           2       70166     313.745   3.790e-07   9.784e-09   7.170e-01   1.011e-03   1.552e-02  1.0000        1182  [    0    223         30         15 ]
           2       70356     316.016   3.790e-07   9.784e-09   7.671e-01   1.011e-03   1.552e-02  1.0000        1181  [    0    224         30         15 ]
           2       70539     318.113   3.790e-07   9.784e-09   7.066e-01   1.011e-03   1.552e-02  1.0000        1189  [    0    225         30         14 ]
           2       70819     320.058   3.790e-07   9.784e-09   8.051e-01   1.007e-03   1.544e-02  1.0000        1156  [    1     29         60         13 ]
           2       70993     321.801   3.790e-07   9.784e-09   8.040e-01   1.007e-03   1.539e-02  1.0000        1162  [    0    226         30         14 ]
           2       71184     323.497   3.790e-07   9.784e-09   6.937e-01   1.006e-03   1.539e-02  1.0000        1172  [    0    227         30         15 ]
           2       71377     325.637   3.790e-07   9.784e-09   6.914e-01   1.006e-03   1.539e-02  1.0000        1177  [    0    228         30         14 ]
           2       71576     327.337   3.790e-07   9.784e-09   7.121e-01   1.006e-03   1.539e-02  1.0000        1179  [    0    229         30         14 ]
           2       71763     329.157   3.790e-07   9.784e-09   7.945e-01   1.006e-03   1.539e-02  1.0000        1182  [    0    230         30         16 ]
           2       71961     331.136   3.790e-07   9.784e-09   7.076e-01   1.006e-03   1.539e-02  1.0000        1186  [    0    231         30         16 ]
           2       72170     333.047   3.790e-07   9.784e-09   6.837e-01   1.002e-03   1.534e-02  1.0000        1189  [    0    232         30         15 ]
           2       72380     334.696   3.790e-07   9.784e-09   7.504e-01   1.002e-03   1.534e-02  1.0000        1195  [    0    233         30         15 ]
           2       72676     336.362   3.790e-07   9.784e-09   7.282e-01   9.948e-04   1.526e-02  1.0000        1205  [    1     30         60         16 ]
           2       72880     338.560   3.790e-07   9.784e-09   7.910e-01   9.930e-04   1.526e-02  1.0000        1212  [    0    234         30         17 ]
           2       73082     340.334   3.790e-07   9.784e-09   7.875e-01   9.930e-04   1.526e-02  1.0000        1220  [    0    235         30         16 ]
           2       73279     342.077   3.790e-07   9.784e-09   7.835e-01   9.908e-04   1.527e-02  1.0000        1226  [    0    236         30         16 ]
           2       73478     344.200   3.790e-07   9.784e-09   6.767e-01   9.908e-04   1.527e-02  1.0000        1210  [    0    237         30         13 ]
           2       73662     345.897   3.790e-07   9.784e-09   7.510e-01   9.906e-04   1.526e-02  1.0000        1213  [    0    238         30         15 ]
           2       73846     347.539   3.790e-07   9.784e-09   7.219e-01   9.891e-04   1.526e-02  1.0000        1226  [    0    239         30         16 ]
           2       74041     348.971   3.790e-07   9.784e-09   7.477e-01   9.820e-04   1.522e-02  1.0000        1234  [    0    240         30         16 ]
           2       74253     350.949   3.790e-07   9.784e-09   6.745e-01   9.815e-04   1.514e-02  1.0000        1234  [    0    241         30         15 ]
           2       74548     352.695   3.790e-07   9.784e-09   6.768e-01   9.748e-04   1.516e-02  1.0000        1243  [    1     31         60         16 ]
           2       74770     354.883   3.790e-07   9.784e-09   7.796e-01   9.729e-04   1.518e-02  1.0000        1230  [    0    242         30         17 ]
           2       74978     357.184   3.790e-07   9.784e-09   7.900e-01   9.714e-04   1.517e-02  1.0000        1241  [    0    243         30         17 ]
           2       75181     359.378   3.790e-07   9.784e-09   7.416e-01   1.210e-03   1.795e-02  1.0000         740  [    0    244         30         17 ]
           2       75371     360.225   3.790e-07   9.784e-09   6.651e-01   1.210e-03   1.801e-02  1.0000         704  [    0    245         30         13 ]
           2       75565     361.182   3.790e-07   9.784e-09   7.447e-01   1.209e-03   1.801e-02  1.0000         703  [    0    246         30         13 ]
           2       75761     361.902   3.790e-07   9.784e-09   7.446e-01   1.208e-03   1.800e-02  1.0000         698  [    0    247         30         12 ]
           2       75943     362.779   3.790e-07   9.784e-09   7.779e-01   1.204e-03   1.780e-02  1.0000         701  [    0    248         30         12 ]
           2       76116     363.669   3.790e-07   9.784e-09   6.806e-01   1.204e-03   1.780e-02  1.0000         706  [    0    249         30         13 ]
           2       76380     364.492   3.790e-07   9.784e-09   6.668e-01   1.192e-03   1.769e-02  1.0000         726  [    1     32         60         13 ]
           2       76565     365.409   3.790e-07   9.784e-09   6.830e-01   1.191e-03   1.769e-02  1.0000         734  [    0    250         30         14 ]
           2       76742     366.431   3.790e-07   9.784e-09   7.590e-01   1.188e-03   1.768e-02  1.0000         738  [    0    251         30         13 ]
           2       76935     367.806   3.790e-07   9.784e-09   6.767e-01   1.179e-03   1.765e-02  1.0000         717  [    0    252         30         13 ]
           2       77119     369.136   3.790e-07   9.784e-09   7.876e-01   1.179e-03   1.764e-02  1.0000         716  [    0    253         30         12 ]
           2       77304     370.444   3.790e-07   9.784e-09   6.767e-01   1.179e-03   1.764e-02  1.0000         722  [    0    254         30         12 ]
           2       77483     371.754   3.790e-07   9.784e-09   7.205e-01   1.178e-03   1.764e-02  1.0000         731  [    0    255         30         12 ]
           2       77658     372.930   3.790e-07   9.784e-09   6.766e-01   1.172e-03   1.749e-02  1.0000         744  [    0    256         30         12 ]
           2       77841     374.300   3.790e-07   9.784e-09   6.753e-01   1.165e-03   1.744e-02  1.0000         757  [    0    257         30         12 ]
           2       78109     375.525   3.790e-07   9.784e-09   6.830e-01   1.164e-03   1.743e-02  1.0000         737  [    1     33         60         12 ]
           2       78494     376.415   3.790e-07   9.784e-09   7.730e-01   1.129e-03   1.699e-02  1.0000         747  [    2      5        120         12 ]
           2       78685     377.391   3.790e-07   9.784e-09   7.712e-01   1.128e-03   1.699e-02  1.0000         755  [    0    258         30         14 ]
           2       78874     378.406   3.790e-07   9.784e-09   6.840e-01   1.128e-03   1.699e-02  1.0000         759  [    0    259         30         16 ]
           2       79070     379.725   3.790e-07   9.784e-09   7.948e-01   1.128e-03   1.699e-02  1.0000         759  [    0    260         30         15 ]
           2       79260     380.908   3.790e-07   9.784e-09   7.931e-01   1.128e-03   1.699e-02  1.0000         765  [    0    261         30         15 ]
           2       79446     382.072   3.790e-07   9.784e-09   7.771e-01   1.126e-03   1.699e-02  1.0000         768  [    0    262         30         15 ]
           2       79637     383.027   3.790e-07   9.784e-09   7.919e-01   1.126e-03   1.699e-02  1.0000         770  [    0    263         30         16 ]
           2       79829     384.275   3.790e-07   9.784e-09   7.754e-01   1.122e-03   1.694e-02  1.0000         777  [    0    264         30         16 ]
           2       80020     385.591   3.790e-07   9.784e-09   6.946e-01   1.122e-03   1.694e-02  1.0000         782  [    0    265         30         16 ]
           2       80301     386.958   3.790e-07   9.784e-09   7.773e-01   1.112e-03   1.688e-02  1.0000         794  [    1     34         60         15 ]
           2       80513     388.270   3.790e-07   9.784e-09   7.878e-01   1.112e-03   1.688e-02  1.0000         798  [    0    266         30         16 ]
           2       80718     389.767   3.790e-07   9.784e-09   6.882e-01   1.101e-03   1.687e-02  1.0000         778  [    0    267         30         15 ]
           2       80915     391.111   3.790e-07   9.784e-09   7.980e-01   1.100e-03   1.686e-02  1.0000         784  [    0    268         30         15 ]
           2       81109     392.478   3.790e-07   9.784e-09   6.848e-01   1.100e-03   1.686e-02  1.0000         795  [    0    269         30         16 ]
           2       81308     393.580   3.790e-07   9.784e-09   6.923e-01   1.100e-03   1.686e-02  1.0000         794  [    0    270         30         16 ]
           2       81493     394.688   3.790e-07   9.784e-09   6.940e-01   1.091e-03   1.675e-02  1.0000         784  [    0    271         30         14 ]
           2       81689     395.801   3.790e-07   9.784e-09   6.940e-01   1.091e-03   1.675e-02  1.0000         786  [    0    272         30         15 ]
           2       81875     396.607   3.790e-07   9.784e-09   6.911e-01   1.091e-03   1.675e-02  1.0000         787  [    0    273         30         16 ]
           2       82128     397.826   3.790e-07   9.784e-09   7.997e-01   1.087e-03   1.668e-02  1.0000         801  [    1     35         60         14 ]
           2       82315     398.981   3.790e-07   9.784e-09   7.981e-01   1.087e-03   1.668e-02  1.0000         803  [    0    274         30         15 ]
           2       82512     400.071   3.790e-07   9.784e-09   7.284e-01   1.087e-03   1.622e-02  1.0000         803  [    0    275         30         16 ]
           2       82703     401.132   3.790e-07   9.784e-09   7.283e-01   1.085e-03   1.622e-02  1.0000         803  [    0    276         30         15 ]
           2       82897     402.617   3.790e-07   9.784e-09   6.941e-01   1.074e-03   1.622e-02  1.0000         809  [    0    277         30         15 ]
           2       83088     403.949   2.876e-07   9.784e-09   8.051e-01   1.074e-03   1.622e-02  1.0000         806  [    0    278         30         14 ]
           2       83278     405.006   2.876e-07   9.784e-09   7.318e-01   1.074e-03   1.622e-02  1.0000         813  [    0    279         30         16 ]
           2       83494     405.943   2.876e-07   9.784e-09   8.007e-01   1.074e-03   1.622e-02  1.0000         820  [    0    280         30         16 ]
           2       83701     406.931   2.876e-07   9.784e-09   7.524e-01   1.072e-03   1.615e-02  1.0000         795  [    0    281         30         14 ]
           2       83978     407.840   2.876e-07   9.784e-09   6.908e-01   1.072e-03   1.615e-02  1.0000         806  [    1     36         60         16 ]
           2       84189     409.063   2.876e-07   9.784e-09   7.406e-01   1.059e-03   1.595e-02  1.0000         822  [    0    282         30         17 ]
           2       84394     410.033   2.876e-07   9.784e-09   7.391e-01   1.059e-03   1.595e-02  1.0000         825  [    0    283         30         16 ]
           2       84592     411.114   2.876e-07   9.784e-09   7.966e-01   1.058e-03   1.595e-02  1.0000         820  [    0    284         30         14 ]
           2       84789     412.189   2.876e-07   9.784e-09   6.960e-01   1.058e-03   1.598e-02  1.0000         819  [    0    285         30         14 ]
           2       84988     413.310   2.876e-07   9.784e-09   6.834e-01   1.058e-03   1.598e-02  1.0000         820  [    0    286         30         15 ]
           2       85192     414.786   2.876e-07   9.784e-09   7.812e-01   1.058e-03   1.598e-02  1.0000         808  [    0    287         30         14 ]
           2       85381     416.273   2.876e-07   9.784e-09   7.872e-01   1.057e-03   1.594e-02  1.0000         808  [    0    288         30         15 ]
           2       85593     417.387   2.876e-07   9.784e-09   7.667e-01   1.057e-03   1.594e-02  1.0000         805  [    0    289         30         15 ]
           2       85868     418.870   2.876e-07   9.784e-09   6.976e-01   1.056e-03   1.584e-02  1.0000         808  [    1     37         60         15 ]
           2       86062     420.379   2.876e-07   9.784e-09   7.225e-01   1.054e-03   1.583e-02  1.0000         794  [    0    290         30         17 ]
           2       86261     421.546   2.876e-07   9.784e-09   7.219e-01   1.052e-03   1.582e-02  1.0000         794  [    0    291         30         16 ]
           2       86466     422.630   2.876e-07   9.784e-09   7.219e-01   1.045e-03   1.575e-02  1.0000         799  [    0    292         30         15 ]
           2       86666     423.993   2.876e-07   9.784e-09   8.003e-01   1.037e-03   1.572e-02  1.0000         807  [    0    293         30         17 ]
           2       86866     425.309   2.876e-07   9.784e-09   7.195e-01   1.037e-03   1.572e-02  1.0000         806  [    0    294         30         17 ]
           2       87066     426.556   2.876e-07   9.784e-09   7.196e-01   1.037e-03   1.572e-02  1.0000         807  [    0    295         30         17 ]
           2       87290     427.836   2.876e-07   9.784e-09   7.557e-01   1.035e-03   1.574e-02  1.0000         808  [    0    296         30         18 ]
           2       87507     428.867   2.876e-07   9.784e-09   7.994e-01   1.035e-03   1.571e-02  1.0000         812  [    0    297         30         17 ]
           2       87792     430.239   2.876e-07   9.784e-09   8.087e-01   1.030e-03   1.563e-02  1.0000         823  [    1     38         60         19 ]
           2       87993     431.420   2.876e-07   9.784e-09   7.590e-01   1.030e-03   1.563e-02  1.0000         828  [    0    298         30         19 ]
           2       88215     432.845   2.876e-07   9.784e-09   7.110e-01   1.028e-03   1.562e-02  1.0000         831  [    0    299         30         19 ]
           2       88436     433.970   2.876e-07   9.784e-09   7.748e-01   1.024e-03   1.555e-02  1.0000         835  [    0    300         30         18 ]
           2       88663     435.154   2.876e-07   9.784e-09   7.399e-01   1.024e-03   1.555e-02  1.0000         843  [    0    301         30         18 ]
           2       88878     436.299   2.876e-07   9.784e-09   7.390e-01   1.024e-03   1.555e-02  1.0000         846  [    0    302         30         18 ]
           2       89099     437.748   2.876e-07   9.784e-09   7.984e-01   1.024e-03   1.555e-02  1.0000         845  [    0    303         30         17 ]
           2       89314     438.907   2.876e-07   9.784e-09   7.856e-01   1.024e-03   1.554e-02  1.0000         848  [    0    304         30         17 ]
           2       89519     440.119   2.876e-07   9.784e-09   7.950e-01   1.023e-03   1.554e-02  1.0000         856  [    0    305         30         18 ]
           2       89821     441.421   2.876e-07   9.784e-09   7.423e-01   1.022e-03   1.552e-02  1.0000         851  [    1     39         60         18 ]
           2       90053     442.857   2.876e-07   9.784e-09   7.063e-01   1.022e-03   1.552e-02  1.0000         852  [    0    306         30         20 ]
           2       90276     444.156   2.876e-07   9.784e-09   7.123e-01   1.022e-03   1.551e-02  1.0000         845  [    0    307         30         20 ]
           2       90496     445.439   2.876e-07   9.784e-09   7.143e-01   1.019e-03   1.546e-02  1.0000         848  [    0    308         30         19 ]
           2       90729     446.659   2.876e-07   9.784e-09   7.512e-01   1.017e-03   1.546e-02  1.0000         847  [    0    309         30         18 ]
           2       90941     447.901   2.876e-07   9.784e-09   8.074e-01   1.017e-03   1.546e-02  1.0000         841  [    0    310         30         18 ]
           2       91149     448.941   2.876e-07   9.784e-09   8.048e-01   1.011e-03   1.543e-02  1.0000         855  [    0    311         30         18 ]
           2       91359     450.211   2.876e-07   9.784e-09   8.248e-01   1.006e-03   1.542e-02  1.0000         859  [    0    312         30         17 ]
           2       91576     451.531   2.876e-07   9.784e-09   7.112e-01   1.005e-03   1.541e-02  1.0000         862  [    0    313         30         17 ]
           2       91867     452.970   2.876e-07   9.784e-09   7.279e-01   1.004e-03   1.541e-02  1.0000         878  [    1     40         60         18 ]
           2       92083     454.503   2.876e-07   9.784e-09   7.049e-01   1.004e-03   1.541e-02  1.0000         881  [    0    314         30         18 ]
           2       92316     455.836   2.876e-07   9.784e-09   7.054e-01   1.004e-03   1.541e-02  1.0000         881  [    0    315         30         19 ]
           2       92532     457.415   2.876e-07   9.784e-09   8.077e-01   1.003e-03   1.541e-02  1.0000         894  [    0    316         30         19 ]
           2       92762     458.904   2.876e-07   9.784e-09   8.260e-01   1.003e-03   1.541e-02  1.0000         867  [    0    317         30         16 ]
           2       92963     460.230   2.876e-07   9.784e-09   8.198e-01   1.003e-03   1.541e-02  1.0000         862  [    0    318         30         16 ]
           2       93163     461.489   2.876e-07   9.784e-09   7.981e-01   1.000e-03   1.534e-02  1.0000         875  [    0    319         30         16 ]
           2       93372     463.128   2.876e-07   9.784e-09   7.498e-01   9.957e-04   1.527e-02  1.0000         882  [    0    320         30         16 ]
           2       93567     464.544   2.876e-07   9.784e-09   7.924e-01   9.930e-04   1.527e-02  1.0000         885  [    0    321         30         16 ]
           2       93855     466.015   2.876e-07   9.784e-09   8.106e-01   9.890e-04   1.515e-02  1.0000         897  [    1     41         60         15 ]
           2       94255     467.491   2.876e-07   9.784e-09   7.955e-01   9.799e-04   1.510e-02  1.0000         937  [    2      6        120         18 ]
           2       94471     469.075   2.876e-07   9.784e-09   7.743e-01   9.799e-04   1.509e-02  1.0000         954  [    0    322         30         17 ]
           2       94674     470.529   2.876e-07   9.784e-09   6.851e-01   9.799e-04   1.509e-02  1.0000         957  [    0    323         30         17 ]
           2       94892     471.783   2.876e-07   9.784e-09   7.875e-01   9.799e-04   1.509e-02  1.0000         941  [    0    324         30         16 ]
           2       95100     472.935   2.876e-07   9.784e-09   8.053e-01   9.799e-04   1.509e-02  1.0000         942  [    0    325         30         16 ]
           2       95306     474.582   2.876e-07   9.784e-09   7.420e-01   9.780e-04   1.503e-02  1.0000         951  [    0    326         30         16 ]
           2       95516     475.841   2.876e-07   9.784e-09   6.929e-01   9.774e-04   1.501e-02  1.0000         937  [    0    327         30         16 ]
           2       95721     477.094   2.876e-07   9.784e-09   7.425e-01   9.757e-04   1.497e-02  1.0000         940  [    0    328         30         16 ]
           2       95915     478.285   2.876e-07   9.784e-09   8.026e-01   9.658e-04   1.483e-02  1.0000         954  [    0    329         30         16 ]
           2       96190     479.608   2.876e-07   9.784e-09   7.922e-01   9.584e-04   1.466e-02  1.0000         978  [    1     42         60         17 ]
           2       96402     481.068   2.876e-07   9.784e-09   7.733e-01   9.572e-04   1.463e-02  1.0000         982  [    0    330         30         18 ]
           2       96631     482.807   2.876e-07   9.784e-09   6.824e-01   9.572e-04   1.462e-02  1.0000         983  [    0    331         30         18 ]
           2       96852     484.341   2.876e-07   9.784e-09   6.821e-01   9.544e-04   1.459e-02  1.0000         984  [    0    332         30         19 ]
           2       97074     485.687   2.876e-07   9.784e-09   6.844e-01   9.544e-04   1.459e-02  1.0000         981  [    0    333         30         18 ]
           2       97289     487.218   2.876e-07   9.784e-09   7.943e-01   9.544e-04   1.459e-02  1.0000         988  [    0    334         30         18 ]
           2       97493     488.965   2.876e-07   9.784e-09   7.465e-01   9.544e-04   1.459e-02  1.0000         990  [    0    335         30         17 ]
           2       97698     490.775   2.876e-07   9.784e-09   7.916e-01   9.501e-04   1.458e-02  1.0000         993  [    0    336         30         16 ]
           2       97901     492.324   2.876e-07   9.784e-09   7.888e-01   9.501e-04   1.458e-02  1.0000         999  [    0    337         30         17 ]
           2       98201     493.885   2.876e-07   9.784e-09   7.792e-01   9.451e-04   1.458e-02  1.0000        1009  [    1     43         60         17 ]
           2       98408     495.743   2.876e-07   9.784e-09   8.009e-01   9.445e-04   1.458e-02  1.0000        1007  [    0    338         30         17 ]
           2       98620     497.087   2.876e-07   9.784e-09   7.997e-01   9.445e-04   1.458e-02  1.0000        1011  [    0    339         30         17 ]
           2       98834     498.593   2.876e-07   9.784e-09   6.897e-01   9.445e-04   1.458e-02  1.0000        1011  [    0    340         30         17 ]
           2       99043     499.847   2.876e-07   9.784e-09   6.892e-01   9.443e-04   1.452e-02  1.0000        1014  [    0    341         30         17 ]
           2       99269     501.155   1.568e-07   9.784e-09   7.164e-01   9.395e-04   1.453e-02  1.0000        1019  [    0    342         30         18 ]
           2       99487     502.902   1.568e-07   9.784e-09   8.058e-01   9.360e-04   1.445e-02  1.0000        1010  [    0    343         30         16 ]
           2       99689     504.611   1.568e-07   9.784e-09   6.902e-01   9.360e-04   1.445e-02  1.0000        1017  [    0    344         30         17 ]
           2       99891     506.249   1.568e-07   9.784e-09   7.602e-01   9.305e-04   1.443e-02  1.0000        1024  [    0    345         30         17 ]
           3      100188     507.835   1.568e-07   9.784e-09   6.882e-01   9.305e-04   1.443e-02  1.0000        1026  [    2      6        120         18 ]
