# Generation  Evaluations  Time (s)  Best_obj[0]  Best_obj[1]  Best_obj[2]  Hypervol.   IGD         IGDX        SR    Appr.set  [ Pop.index  Subgen.  Pop.size  Subpops ]
           0         234       8.011   2.648e+00   2.240e+00   2.116e+00   0.000e+00   2.799e+00   2.628e+00  0.0000          14  [    0      1         80          6 ]
           0         413       8.057   1.987e+00   1.857e+00   9.929e-01   0.000e+00   1.962e+00   2.059e+00  0.0000          24  [    0      2         80          5 ]
           0         582       8.109   1.819e+00   1.850e+00   9.929e-01   0.000e+00   1.739e+00   1.859e+00  0.0000          30  [    0      3         80          3 ]
           0         751       8.172   1.715e+00   1.722e+00   7.756e-01   0.000e+00   1.531e+00   1.760e+00  0.0000          57  [    0      4         80          3 ]
           0         943       8.287   1.540e+00   1.636e+00   6.472e-01   0.000e+00   1.067e+00   1.520e+00  0.0000          86  [    0      5         80          3 ]
           0        1124       8.453   1.540e+00   1.636e+00   4.859e-01   0.000e+00   1.060e+00   1.500e+00  0.0000          61  [    0      6         80          2 ]
           0        1292       8.575   1.540e+00   1.605e+00   4.859e-01   0.000e+00   1.048e+00   1.484e+00  0.0000          91  [    0      7         80          2 ]
           0        1471       8.759   1.471e+00   1.396e+00   4.585e-01   0.000e+00   1.003e+00   1.432e+00  0.0000         104  [    0      8         80          2 ]
           1        2087       8.965   1.132e+00   8.501e-01   4.556e-01   0.000e+00   8.841e-01   1.235e+00  0.0000         215  [    1      1        160          4 ]
           1        2278       9.259   1.098e+00   8.501e-01   4.399e-01   0.000e+00   8.747e-01   1.213e+00  0.0000         235  [    0      9         80          4 ]
           1        2594       9.742   1.098e+00   7.760e-01   3.491e-01   0.000e+00   7.248e-01   1.038e+00  0.0000         184  [    1      2        160          4 ]
           1        2783      10.106   1.098e+00   7.760e-01   3.491e-01   0.000e+00   7.140e-01   1.023e+00  0.0000         193  [    0     10         80          4 ]
           1        2974      10.488   1.098e+00   5.366e-01   3.491e-01   0.000e+00   6.035e-01   8.904e-01  0.0000         142  [    0     11         80          3 ]
           1        3175      10.751   8.542e-01   3.252e-01   3.491e-01   0.000e+00   4.485e-01   8.145e-01  0.0000         165  [    0     12         80          4 ]
           1        3352      11.074   8.542e-01   3.022e-01   3.491e-01   0.000e+00   4.312e-01   7.811e-01  0.0000         194  [    0     13         80          3 ]
           1        3551      11.479   8.542e-01   3.022e-01   3.491e-01   0.000e+00   4.162e-01   7.660e-01  0.0000         228  [    0     14         80          3 ]
           1        3741      11.931   8.264e-01   3.022e-01   3.491e-01   0.000e+00   3.616e-01   7.021e-01  0.0000         178  [    0     15         80          3 ]
           1        3939      12.297   7.466e-01   3.022e-01   3.491e-01   0.000e+00   2.930e-01   5.764e-01  0.0000         210  [    0     16         80          5 ]
           1        4152      12.720   7.466e-01   3.022e-01   3.188e-01   0.000e+00   2.127e-01   5.191e-01  0.0000         221  [    0     17         80          6 ]
           1        4490      13.079   7.466e-01   3.022e-01   2.179e-01   0.000e+00   2.091e-01   5.157e-01  0.0000         224  [    1      3        160          7 ]
           1        4691      13.473   7.466e-01   3.022e-01   2.179e-01   0.000e+00   1.982e-01   4.806e-01  0.0000         236  [    0     18         80          7 ]
           1        4881      13.915   6.210e-01   2.390e-01   2.179e-01   0.000e+00   1.842e-01   4.588e-01  0.0000         224  [    0     19         80          6 ]
           1        5055      14.349   3.957e-01   2.390e-01   2.179e-01   0.000e+00   1.684e-01   4.511e-01  0.0000         241  [    0     20         80          4 ]
           1        5251      14.826   3.957e-01   2.390e-01   2.179e-01   0.000e+00   1.623e-01   4.362e-01  0.0000         262  [    0     21         80          6 ]
           1        5441      15.356   3.957e-01   2.390e-01   2.179e-01   0.000e+00   1.561e-01   4.000e-01  0.0000         259  [    0     22         80          5 ]
           1        5619      15.748   3.957e-01   2.390e-01   2.179e-01   0.000e+00   1.544e-01   3.934e-01  0.0000         268  [    0     23         80          4 ]
           1        5778      16.279   3.957e-01   2.390e-01   2.179e-01   0.000e+00   1.539e-01   3.875e-01  0.0000         284  [    0     24         80          4 ]
           1        5966      16.875   3.957e-01   2.390e-01   2.179e-01   0.000e+00   1.508e-01   3.763e-01  0.0000         296  [    0     25         80          4 ]
           1        6298      17.462   3.957e-01   2.390e-01   2.125e-01   0.000e+00   1.446e-01   3.728e-01  0.0000         315  [    1      4        160          5 ]
           1        6479      18.090   3.957e-01   2.390e-01   2.125e-01   0.000e+00   1.386e-01   3.544e-01  0.0000         327  [    0     26         80          5 ]
           1        6643      18.740   2.699e-01   2.390e-01   2.125e-01   0.000e+00   1.349e-01   3.493e-01  0.0000         334  [    0     27         80          4 ]
           1        6813      19.427   2.699e-01   2.390e-01   2.125e-01   0.000e+00   1.330e-01   3.414e-01  0.0000         349  [    0     28         80          4 ]
           1        6968      20.152   2.699e-01   2.390e-01   2.125e-01   0.000e+00   1.330e-01   3.414e-01  0.0000         348  [    0     29         80          4 ]
           1        7144      20.788   2.699e-01   2.390e-01   2.125e-01   0.000e+00   1.328e-01   3.387e-01  0.0000         360  [    0     30         80          4 ]
           1        7309      21.485   2.699e-01   2.390e-01   2.125e-01   0.000e+00   1.328e-01   3.379e-01  0.0000         366  [    0     31         80          4 ]
           1        7486      21.962   2.699e-01   2.390e-01   2.125e-01   0.000e+00   1.269e-01   3.372e-01  0.0000         381  [    0     32         80          5 ]
           1        7662      22.725   2.699e-01   2.390e-01   2.125e-01   0.000e+00   1.234e-01   3.273e-01  0.0000         382  [    0     33         80          4 ]
           1        8003      23.368   2.699e-01   2.390e-01   2.125e-01   0.000e+00   1.088e-01   3.076e-01  0.0000         442  [    1      5        160          5 ]
           1        8184      24.268   1.267e-01   2.390e-01   2.125e-01   0.000e+00   1.077e-01   3.055e-01  0.0000         440  [    0     34         80          5 ]
           1        8356      25.175   1.267e-01   2.390e-01   2.125e-01   0.000e+00   1.077e-01   3.018e-01  0.0000         443  [    0     35         80          5 ]
           1        8548      25.905   1.267e-01   2.390e-01   2.125e-01   0.000e+00   1.077e-01   3.018e-01  0.0000         458  [    0     36         80          8 ]
           1        8754      26.582   1.267e-01   2.390e-01   2.125e-01   0.000e+00   1.077e-01   3.018e-01  0.0000         463  [    0     37         80          6 ]
           1        8939      27.319   1.267e-01   2.390e-01   2.125e-01   0.000e+00   1.077e-01   3.018e-01  0.0000         457  [    0     38         80          5 ]
           1        9128      28.201   1.267e-01   2.390e-01   2.125e-01   0.000e+00   1.067e-01   3.015e-01  0.0000         460  [    0     39         80          7 ]
           1        9311      28.825   1.267e-01   2.390e-01   2.125e-01   0.000e+00   1.067e-01   3.015e-01  0.0000         459  [    0     40         80          5 ]
           1        9481      29.695   1.267e-01   2.390e-01   2.125e-01   0.000e+00   1.067e-01   3.009e-01  0.0000         461  [    0     41         80          4 ]
           1        9837      30.569   1.267e-01   2.390e-01   2.003e-01   0.000e+00   9.018e-02   2.832e-01  0.0000         550  [    1      6        160          7 ]
           1       10037      31.499   1.267e-01   2.390e-01   2.003e-01   0.000e+00   8.836e-02   2.798e-01  0.0000         573  [    0     42         80          7 ]
           1       10240      32.725   1.267e-01   2.390e-01   2.003e-01   0.000e+00   8.649e-02   2.775e-01  0.0000         589  [    0     43         80          8 ]
           1       10445      33.718   1.267e-01   2.390e-01   2.003e-01   0.000e+00   8.515e-02   2.759e-01  0.0000         595  [    0     44         80          7 ]
           1       10656      34.828   1.267e-01   2.390e-01   2.003e-01   0.000e+00   8.507e-02   2.759e-01  0.0000         594  [    0     45         80          5 ]
           1       10842      36.103   1.267e-01   2.390e-01   2.003e-01   0.000e+00   8.507e-02   2.748e-01  0.0000         602  [    0     46         80          7 ]
           1       11024      37.359   1.267e-01   2.390e-01   2.003e-01   0.000e+00   8.507e-02   2.744e-01  0.0000         588  [    0     47         80          5 ]
           1       11209      38.680   1.267e-01   2.390e-01   2.003e-01   0.000e+00   8.503e-02   2.744e-01  0.0000         591  [    0     48         80          5 ]
           1       11394      39.678   1.267e-01   2.390e-01   2.003e-01   0.000e+00   8.503e-02   2.744e-01  0.0000         591  [    0     49         80          4 ]
           1       11753      40.824   1.267e-01   2.390e-01   2.003e-01   0.000e+00   8.256e-02   2.640e-01  0.0000         659  [    1      7        160          5 ]
           1       11926      41.959   1.267e-01   2.390e-01   2.003e-01   0.000e+00   8.246e-02   2.640e-01  0.0000         659  [    0     50         80          5 ]
           1       12114      43.089   1.267e-01   2.390e-01   2.003e-01   0.000e+00   8.206e-02   2.528e-01  0.0000         650  [    0     51         80          7 ]
           1       12304      44.204   1.267e-01   2.390e-01   2.003e-01   0.000e+00   8.074e-02   2.509e-01  0.0000         651  [    0     52         80          6 ]
           1       12473      45.430   1.267e-01   2.390e-01   2.003e-01   0.000e+00   8.074e-02   2.509e-01  0.0000         653  [    0     53         80          6 ]
           1       12665      46.594   1.267e-01   2.390e-01   2.003e-01   0.000e+00   7.972e-02   2.459e-01  0.0000         655  [    0     54         80          5 ]
           1       12835      47.955   1.267e-01   2.390e-01   2.003e-01   0.000e+00   7.972e-02   2.459e-01  0.0000         659  [    0     55         80          5 ]
           1       13011      49.289   1.267e-01   2.390e-01   2.003e-01   0.000e+00   7.944e-02   2.455e-01  0.0000         662  [    0     56         80          4 ]
           1       13184      50.534   1.267e-01   2.390e-01   2.003e-01   0.000e+00   7.769e-02   2.407e-01  0.0000         655  [    0     57         80          6 ]
           1       13545      51.732   1.267e-01   2.390e-01   2.003e-01   0.000e+00   7.522e-02   2.286e-01  0.0000         741  [    1      8        160          5 ]
           1       13729      53.049   1.267e-01   2.390e-01   2.003e-01   0.000e+00   7.255e-02   2.174e-01  0.0000         738  [    0     58         80          4 ]
           1       13908      54.632   1.267e-01   2.390e-01   2.003e-01   0.000e+00   7.234e-02   2.169e-01  0.0000         743  [    0     59         80          4 ]
           1       14072      56.223   1.267e-01   2.390e-01   2.003e-01   0.000e+00   7.220e-02   2.168e-01  0.0000         753  [    0     60         80          4 ]
           1       14257      57.668   1.267e-01   2.390e-01   2.003e-01   0.000e+00   6.986e-02   2.123e-01  0.0000         770  [    0     61         80          5 ]
           1       14448      59.209   1.267e-01   2.390e-01   2.003e-01   0.000e+00   6.830e-02   2.116e-01  0.0000         795  [    0     62         80          4 ]
           1       14656      60.728   1.267e-01   2.390e-01   2.003e-01   0.000e+00   6.432e-02   2.077e-01  0.0000         823  [    0     63         80          6 ]
           1       14846      62.163   1.267e-01   2.390e-01   2.003e-01   0.000e+00   6.416e-02   2.046e-01  0.0000         818  [    0     64         80          6 ]
           2       17190      64.073   1.267e-01   2.161e-01   1.970e-01   0.000e+00   5.462e-02   1.965e-01  0.0000        1660  [    2      1        320         13 ]
           2       17582      68.080   1.267e-01   2.161e-01   1.970e-01   0.000e+00   5.426e-02   1.853e-01  0.0000        1658  [    1      9        160          8 ]
           2       18249      72.174   1.267e-01   2.161e-01   1.970e-01   0.000e+00   5.270e-02   1.820e-01  0.0000        1722  [    2      2        320          7 ]
           2       18629      76.267   1.267e-01   2.161e-01   1.970e-01   0.000e+00   5.231e-02   1.808e-01  0.0000        1728  [    1     10        160          6 ]
           2       18985      80.676   1.267e-01   2.161e-01   1.970e-01   0.000e+00   5.085e-02   1.745e-01  0.0000        1752  [    1     11        160          5 ]
           2       19349      84.897   1.267e-01   2.161e-01   1.970e-01   0.000e+00   4.943e-02   1.688e-01  0.0000        1793  [    1     12        160          5 ]
           2       19723      89.602   1.267e-01   2.161e-01   1.970e-01   0.000e+00   4.762e-02   1.608e-01  0.0000        1820  [    1     13        160          6 ]
           2       20107      94.119   1.267e-01   2.161e-01   1.970e-01   0.000e+00   4.454e-02   1.497e-01  0.0000        1859  [    1     14        160          6 ]
           2       20507      98.456   1.267e-01   2.161e-01   1.970e-01   0.000e+00   4.384e-02   1.452e-01  0.0000        1929  [    1     15        160          5 ]
           2       20873     103.239   1.267e-01   2.161e-01   1.970e-01   0.000e+00   4.278e-02   1.417e-01  0.0000        2003  [    1     16        160          7 ]
           2       21252     108.475   1.267e-01   2.161e-01   1.970e-01   0.000e+00   4.214e-02   1.405e-01  0.0000        2069  [    1     17        160          7 ]
           2       21971     113.167   1.267e-01   2.161e-01   1.357e-01   0.000e+00   4.130e-02   1.392e-01  0.0000        2190  [    2      3        320          7 ]
           2       22358     118.833   1.267e-01   2.161e-01   1.357e-01   0.000e+00   4.101e-02   1.369e-01  0.0000        2230  [    1     18        160          7 ]
           2       22758     124.171   1.267e-01   2.161e-01   1.357e-01   0.000e+00   4.079e-02   1.348e-01  0.0000        2249  [    1     19        160          8 ]
           2       23133     130.029   1.267e-01   2.161e-01   1.357e-01   0.000e+00   4.038e-02   1.335e-01  0.0000        2257  [    1     20        160          7 ]
           2       23512     135.785   1.267e-01   2.161e-01   1.357e-01   0.000e+00   4.016e-02   1.329e-01  0.0000        2290  [    1     21        160          9 ]
           2       23918     141.858   1.267e-01   2.161e-01   1.357e-01   0.000e+00   3.962e-02   1.324e-01  0.0000        2311  [    1     22        160          8 ]
           2       24303     147.526   1.267e-01   2.161e-01   1.357e-01   0.000e+00   3.946e-02   1.320e-01  0.0000        2321  [    1     23        160          8 ]
           2       24706     153.565   1.267e-01   1.162e-01   1.357e-01   0.000e+00   3.890e-02   1.317e-01  0.0000        2342  [    1     24        160         11 ]
           2       25121     159.215   1.267e-01   1.162e-01   1.357e-01   0.000e+00   3.882e-02   1.317e-01  0.0000        2358  [    1     25        160         10 ]
           2       25872     165.076   1.267e-01   1.162e-01   1.357e-01   0.000e+00   3.829e-02   1.315e-01  0.0000        2476  [    2      4        320         11 ]
           2       26294     171.568   1.267e-01   1.162e-01   1.357e-01   0.000e+00   3.798e-02   1.313e-01  0.0000        2511  [    1     26        160         12 ]
           2       26696     177.264   1.267e-01   1.162e-01   1.357e-01   0.000e+00   3.789e-02   1.312e-01  0.0000        2499  [    1     27        160         13 ]
           2       27133     184.047   1.267e-01   1.162e-01   1.357e-01   0.000e+00   3.789e-02   1.312e-01  0.0000        2503  [    1     28        160         10 ]
           2       27546     190.899   1.267e-01   1.162e-01   1.357e-01   0.000e+00   3.789e-02   1.312e-01  0.0000        2516  [    1     29        160         11 ]
           2       27972     197.874   1.267e-01   1.162e-01   1.357e-01   0.000e+00   3.789e-02   1.312e-01  0.0000        2514  [    1     30        160         10 ]
           2       28399     204.416   1.267e-01   1.162e-01   1.357e-01   0.000e+00   3.789e-02   1.312e-01  0.0000        2531  [    1     31        160         11 ]
           2       28832     210.906   1.267e-01   1.162e-01   1.357e-01   0.000e+00   3.782e-02   1.308e-01  0.0000        2542  [    1     32        160         12 ]
           2       29276     217.873   1.267e-01   1.162e-01   1.357e-01   0.000e+00   3.777e-02   1.304e-01  0.0000        2535  [    1     33        160         11 ]
           2       30047     223.996   1.267e-01   1.162e-01   1.357e-01   0.000e+00   3.718e-02   1.284e-01  0.0000        2612  [    2      5        320         13 ]
           2       30457     231.257   1.267e-01   1.162e-01   1.357e-01   0.000e+00   3.715e-02   1.283e-01  0.0000        2624  [    1     34        160         12 ]
           2       30868     238.105   1.267e-01   1.162e-01   1.357e-01   0.000e+00   3.715e-02   1.283e-01  0.0000        2612  [    1     35        160         10 ]
           2       31292     244.613   1.267e-01   1.162e-01   1.357e-01   0.000e+00   3.710e-02   1.283e-01  0.0000        2609  [    1     36        160          8 ]
           2       31704     251.241   1.267e-01   1.162e-01   1.357e-01   0.000e+00   3.710e-02   1.283e-01  0.0000        2615  [    1     37        160         10 ]
           2       32120     258.184   1.267e-01   1.162e-01   1.357e-01   0.000e+00   3.710e-02   1.283e-01  0.0000        2615  [    1     38        160          7 ]
           2       32502     265.240   1.267e-01   1.162e-01   1.357e-01   0.000e+00   3.710e-02   1.283e-01  0.0000        2619  [    1     39        160          8 ]
           2       32924     271.612   1.267e-01   1.162e-01   1.357e-01   0.000e+00   3.710e-02   1.283e-01  0.0000        2619  [    1     40        160          8 ]
           2       33315     278.603   1.267e-01   1.162e-01   1.357e-01   0.000e+00   3.705e-02   1.283e-01  0.0000        2618  [    1     41        160          7 ]
           2       34025     285.647   1.267e-01   1.162e-01   1.357e-01   0.000e+00   3.677e-02   1.269e-01  0.0000        2683  [    2      6        320          9 ]
           2       34436     291.787   1.267e-01   1.162e-01   1.357e-01   0.000e+00   3.669e-02   1.269e-01  0.0000        2696  [    1     42        160          9 ]
           2       34840     298.170   1.267e-01   1.162e-01   1.357e-01   0.000e+00   3.658e-02   1.269e-01  0.0000        2701  [    1     43        160          8 ]
           2       35254     305.387   1.267e-01   1.162e-01   1.357e-01   0.000e+00   3.649e-02   1.267e-01  0.0000        2704  [    1     44        160         12 ]
           2       35664     312.435   1.267e-01   1.162e-01   1.357e-01   0.000e+00   3.646e-02   1.267e-01  0.0000        2710  [    1     45        160          7 ]
           2       36058     319.821   1.267e-01   1.162e-01   1.357e-01   0.000e+00   3.613e-02   1.262e-01  0.0000        2738  [    1     46        160          9 ]
           2       36448     327.382   1.267e-01   1.162e-01   1.357e-01   0.000e+00   3.587e-02   1.260e-01  0.0000        2763  [    1     47        160         10 ]
           2       36843     335.125   1.267e-01   1.162e-01   1.357e-01   0.000e+00   3.579e-02   1.255e-01  0.0000        2769  [    1     48        160          8 ]
           2       37237     342.316   1.267e-01   1.162e-01   1.357e-01   0.000e+00   3.554e-02   1.250e-01  0.0000        2778  [    1     49        160          7 ]
           2       37953     349.856   1.267e-01   1.162e-01   1.357e-01   0.000e+00   3.495e-02   1.229e-01  0.0000        2852  [    2      7        320          7 ]
           2       38350     357.623   1.267e-01   1.162e-01   1.357e-01   0.000e+00   3.490e-02   1.226e-01  0.0000        2863  [    1     50        160          7 ]
           2       38749     365.143   1.267e-01   1.162e-01   1.357e-01   0.000e+00   3.482e-02   1.225e-01  0.0000        2888  [    1     51        160          7 ]
           2       39144     372.033   1.267e-01   1.162e-01   1.357e-01   0.000e+00   3.482e-02   1.225e-01  0.0000        2895  [    1     52        160          7 ]
           2       39516     379.471   1.267e-01   1.162e-01   1.357e-01   0.000e+00   3.470e-02   1.222e-01  0.0000        2929  [    1     53        160          5 ]
           2       39905     387.670   1.267e-01   1.162e-01   1.357e-01   0.000e+00   3.418e-02   1.192e-01  0.0000        2923  [    1     54        160          8 ]
           2       40306     395.162   1.267e-01   1.162e-01   1.357e-01   0.000e+00   3.407e-02   1.191e-01  0.0000        2973  [    1     55        160         10 ]
           2       40688     403.298   1.267e-01   1.162e-01   1.357e-01   0.000e+00   3.402e-02   1.191e-01  0.0000        2987  [    1     56        160          8 ]
           2       41061     411.416   1.267e-01   1.162e-01   1.357e-01   0.000e+00   3.397e-02   1.190e-01  0.0000        3011  [    1     57        160          7 ]
           2       41820     418.455   1.267e-01   1.162e-01   1.357e-01   0.000e+00   3.274e-02   1.160e-01  0.0000        3108  [    2      8        320         14 ]
           2       42233     428.241   1.267e-01   1.162e-01   1.357e-01   0.000e+00   3.571e-02   1.205e-01  0.0000        1881  [    1     58        160         10 ]
           2       42627     432.365   1.267e-01   1.162e-01   1.357e-01   0.000e+00   3.565e-02   1.204e-01  0.0000        1865  [    1     59        160         10 ]
           2       43023     436.326   1.267e-01   1.162e-01   1.357e-01   0.000e+00   3.552e-02   1.202e-01  0.0000        1908  [    1     60        160          9 ]
           2       43433     441.076   1.267e-01   1.162e-01   1.357e-01   0.000e+00   3.536e-02   1.201e-01  0.0000        1940  [    1     61        160          9 ]
           2       43844     445.115   1.267e-01   1.162e-01   1.357e-01   0.000e+00   3.515e-02   1.198e-01  0.0000        1984  [    1     62        160          8 ]
           2       44231     449.377   1.267e-01   1.162e-01   1.357e-01   0.000e+00   3.500e-02   1.194e-01  0.0000        2022  [    1     63        160          8 ]
           2       44613     454.324   1.267e-01   1.162e-01   1.357e-01   0.000e+00   3.485e-02   1.193e-01  0.0000        2059  [    1     64        160          8 ]
           3       49926     465.549   1.267e-01   9.449e-02   1.198e-01   0.000e+00   3.380e-02   1.186e-01  0.0000        1902  [    3      1        640         11 ]
           3       50580     470.586   1.267e-01   9.449e-02   1.198e-01   0.000e+00   3.368e-02   1.174e-01  0.0000        1887  [    2      9        320          6 ]
           3       51953     476.216   1.267e-01   9.449e-02   1.198e-01   0.000e+00   3.226e-02   1.140e-01  0.0000        1991  [    3      2        640          6 ]
           3       52611     481.886   1.267e-01   9.449e-02   1.198e-01   0.000e+00   3.207e-02   1.126e-01  0.0000        1971  [    2     10        320          6 ]
           3       53337     486.580   1.267e-01   9.449e-02   1.198e-01   0.000e+00   3.166e-02   1.109e-01  0.0000        2010  [    2     11        320          9 ]
           3       54047     491.607   1.267e-01   9.449e-02   1.198e-01   0.000e+00   3.138e-02   1.091e-01  0.0000        2018  [    2     12        320         11 ]
           3       54757     496.198   1.267e-01   9.449e-02   1.198e-01   0.000e+00   3.130e-02   1.081e-01  0.0000        2025  [    2     13        320         10 ]
           3       55477     501.263   1.267e-01   9.449e-02   1.198e-01   0.000e+00   3.115e-02   1.080e-01  0.0000        2047  [    2     14        320         13 ]
           3       56195     506.940   1.267e-01   9.449e-02   1.198e-01   0.000e+00   3.114e-02   1.078e-01  0.0000        2074  [    2     15        320         15 ]
           3       56931     512.500   1.267e-01   9.449e-02   1.198e-01   0.000e+00   3.108e-02   1.076e-01  0.0000        2093  [    2     16        320         19 ]
           3       57671     518.308   1.267e-01   9.449e-02   1.198e-01   0.000e+00   3.104e-02   1.075e-01  0.0000        2107  [    2     17        320         16 ]
           3       59104     524.426   1.267e-01   9.449e-02   1.198e-01   0.000e+00   3.012e-02   1.036e-01  0.0000        2135  [    3      3        640         11 ]
           3       59785     530.087   1.267e-01   9.449e-02   1.198e-01   0.000e+00   3.004e-02   1.036e-01  0.0000        2162  [    2     18        320         15 ]
           3       60496     535.686   1.267e-01   9.449e-02   1.198e-01   0.000e+00   3.004e-02   1.036e-01  0.0000        2165  [    2     19        320         14 ]
           3       61229     541.947   1.267e-01   9.449e-02   1.198e-01   0.000e+00   3.004e-02   1.036e-01  0.0000        2147  [    2     20        320         13 ]
           3       61947     547.409   1.267e-01   9.449e-02   1.198e-01   0.000e+00   3.004e-02   1.036e-01  0.0000        2136  [    2     21        320         12 ]
           3       62621     553.122   1.267e-01   9.449e-02   1.198e-01   0.000e+00   3.003e-02   1.036e-01  0.0000        2122  [    2     22        320         10 ]
           3       63305     558.677   1.267e-01   9.449e-02   1.198e-01   0.000e+00   3.003e-02   1.036e-01  0.0000        2125  [    2     23        320         11 ]
           3       63991     563.733   1.267e-01   9.449e-02   1.198e-01   0.000e+00   2.997e-02   1.036e-01  0.0000        2126  [    2     24        320          9 ]
           3       64654     568.981   1.267e-01   9.449e-02   1.198e-01   0.000e+00   2.997e-02   1.036e-01  0.0000        2123  [    2     25        320          7 ]
           3       66034     575.260   1.267e-01   9.449e-02   1.198e-01   0.000e+00   2.954e-02   1.023e-01  0.0000        2181  [    3      4        640          8 ]
           3       66633     580.952   1.267e-01   9.449e-02   1.198e-01   0.000e+00   2.954e-02   1.023e-01  0.0000        2183  [    2     26        320          7 ]
           3       67251     585.846   1.267e-01   9.449e-02   1.198e-01   0.000e+00   2.954e-02   1.023e-01  0.0000        2184  [    2     27        320          7 ]
           3       67845     591.385   1.267e-01   9.449e-02   1.198e-01   0.000e+00   2.953e-02   1.023e-01  0.0000        2180  [    2     28        320          6 ]
           3       68530     597.076   1.267e-01   9.449e-02   1.198e-01   0.000e+00   2.953e-02   1.023e-01  0.0000        2186  [    2     29        320         12 ]
           3       69269     603.418   1.267e-01   9.449e-02   1.198e-01   0.000e+00   2.953e-02   1.023e-01  0.0000        2197  [    2     30        320         12 ]
           3       69983     608.346   1.267e-01   9.449e-02   1.198e-01   0.000e+00   2.953e-02   1.023e-01  0.0000        2195  [    2     31        320         12 ]
           3       70691     614.594   1.267e-01   9.449e-02   1.198e-01   0.000e+00   2.953e-02   1.023e-01  0.0000        2197  [    2     32        320         12 ]
           3       71421     620.194   1.267e-01   9.449e-02   1.198e-01   0.000e+00   2.953e-02   1.023e-01  0.0000        2197  [    2     33        320         13 ]
           3       72865     625.707   1.267e-01   9.449e-02   1.198e-01   0.000e+00   2.890e-02   9.976e-02  0.5000        2229  [    3      5        640         12 ]
           3       73613     631.933   1.267e-01   9.449e-02   1.198e-01   0.000e+00   2.890e-02   9.976e-02  0.5000        2225  [    2     34        320         11 ]
           3       74362     637.199   1.267e-01   9.449e-02   1.198e-01   0.000e+00   2.890e-02   9.976e-02  0.5000        2219  [    2     35        320         10 ]
           3       75059     642.172   1.267e-01   9.449e-02   1.198e-01   0.000e+00   2.890e-02   9.976e-02  0.5000        2223  [    2     36        320         11 ]
           3       75828     648.448   1.267e-01   9.449e-02   1.198e-01   0.000e+00   2.890e-02   9.976e-02  0.5000        2224  [    2     37        320         11 ]
           3       76631     653.602   1.267e-01   9.449e-02   1.198e-01   0.000e+00   2.890e-02   9.976e-02  0.5000        2223  [    2     38        320         14 ]
           3       77412     658.742   1.267e-01   9.449e-02   1.198e-01   0.000e+00   2.887e-02   9.976e-02  0.5000        2225  [    2     39        320         11 ]
           3       78188     664.327   1.267e-01   9.449e-02   1.198e-01   0.000e+00   2.886e-02   9.976e-02  0.5000        2233  [    2     40        320         12 ]
           3       78960     669.661   1.267e-01   9.449e-02   1.198e-01   0.000e+00   2.886e-02   9.976e-02  0.5000        2237  [    2     41        320          9 ]
           3       80294     676.060   1.267e-01   9.449e-02   8.096e-02   0.000e+00   2.851e-02   9.844e-02  0.5000        2255  [    3      6        640         10 ]
           3       80988     682.539   1.267e-01   9.449e-02   8.096e-02   0.000e+00   2.846e-02   9.840e-02  0.5000        2260  [    2     42        320          9 ]
           3       81734     688.121   1.267e-01   9.449e-02   8.096e-02   0.000e+00   2.845e-02   9.839e-02  0.5000        2261  [    2     43        320          8 ]
           3       82543     693.552   1.267e-01   9.449e-02   8.096e-02   0.000e+00   2.843e-02   9.839e-02  0.5000        2275  [    2     44        320         11 ]
           3       83323     698.787   1.267e-01   9.449e-02   8.096e-02   0.000e+00   2.836e-02   9.827e-02  1.0000        2285  [    2     45        320         12 ]
           3       84073     704.846   1.267e-01   9.449e-02   8.096e-02   0.000e+00   2.835e-02   9.792e-02  1.0000        2281  [    2     46        320          8 ]
           3       84796     710.375   1.267e-01   9.449e-02   8.096e-02   0.000e+00   2.830e-02   9.791e-02  1.0000        2288  [    2     47        320         11 ]
           3       85552     716.146   1.267e-01   9.449e-02   8.096e-02   0.000e+00   2.827e-02   9.783e-02  1.0000        2292  [    2     48        320         10 ]
           3       86313     722.136   1.267e-01   9.449e-02   8.096e-02   0.000e+00   2.825e-02   9.765e-02  1.0000        2293  [    2     49        320          8 ]
           3       87626     728.776   1.267e-01   9.449e-02   8.096e-02   0.000e+00   2.809e-02   9.736e-02  1.0000        2321  [    3      7        640          9 ]
           3       88359     734.433   1.267e-01   9.449e-02   8.096e-02   0.000e+00   2.809e-02   9.736e-02  1.0000        2325  [    2     50        320         11 ]
           3       89070     740.220   1.267e-01   9.449e-02   8.096e-02   0.000e+00   2.809e-02   9.736e-02  1.0000        2329  [    2     51        320         11 ]
           3       89822     747.037   1.267e-01   9.449e-02   8.096e-02   0.000e+00   2.809e-02   9.736e-02  1.0000        2321  [    2     52        320         12 ]
           3       90576     753.599   1.267e-01   9.449e-02   8.096e-02   0.000e+00   2.809e-02   9.736e-02  1.0000        2318  [    2     53        320         11 ]
           3       91301     759.188   1.267e-01   9.449e-02   8.096e-02   0.000e+00   2.809e-02   9.736e-02  1.0000        2320  [    2     54        320         11 ]
           3       92054     765.000   1.267e-01   9.449e-02   8.096e-02   0.000e+00   2.809e-02   9.736e-02  1.0000        2320  [    2     55        320         11 ]
           3       92774     770.324   1.267e-01   9.449e-02   8.096e-02   0.000e+00   2.808e-02   9.729e-02  1.0000        2324  [    2     56        320         11 ]
           3       93536     776.943   1.267e-01   9.449e-02   8.096e-02   0.000e+00   2.812e-02   9.683e-02  1.0000        2331  [    2     57        320         11 ]
           3       94842     783.117   1.267e-01   9.449e-02   8.096e-02   0.000e+00   2.806e-02   9.656e-02  1.0000        2358  [    3      8        640         10 ]
           3       95614     788.821   1.267e-01   9.449e-02   8.096e-02   0.000e+00   2.805e-02   9.648e-02  1.0000        2367  [    2     58        320         12 ]
           3       96373     794.660   1.267e-01   9.449e-02   8.096e-02   0.000e+00   2.801e-02   9.637e-02  1.0000        2378  [    2     59        320         12 ]
           3       97163     800.994   1.267e-01   9.449e-02   8.096e-02   0.000e+00   2.800e-02   9.636e-02  1.0000        2374  [    2     60        320         12 ]
           3       97873     806.346   1.267e-01   9.449e-02   8.096e-02   0.000e+00   2.800e-02   9.636e-02  1.0000        2349  [    2     61        320          7 ]
           3       98523     812.046   1.267e-01   9.449e-02   8.096e-02   0.000e+00   2.799e-02   9.636e-02  1.0000        2358  [    2     62        320          9 ]
           3       99219     817.521   1.267e-01   9.449e-02   8.096e-02   0.000e+00   2.793e-02   9.634e-02  1.0000        2366  [    2     63        320          8 ]
           3       99940     823.732   1.267e-01   9.449e-02   8.096e-02   0.000e+00   2.789e-02   9.616e-02  1.0000        2374  [    2     64        320          6 ]
           4      107484     833.215   1.242e-01   9.154e-02   6.925e-02   0.000e+00   2.697e-02   9.501e-02  1.0000        2579  [    4      1       1280         10 ]
           4      108768     840.377   1.242e-01   9.154e-02   6.925e-02   0.000e+00   2.687e-02   9.438e-02  1.0000        2592  [    3      9        640         10 ]
           4      111395     849.024   1.242e-01   9.154e-02   6.925e-02   0.000e+00   2.606e-02   9.170e-02  1.0000        2613  [    4      2       1280         13 ]
           4      112716     856.130   1.242e-01   9.154e-02   6.925e-02   0.000e+00   2.602e-02   9.119e-02  1.0000        2613  [    3     10        640         14 ]
           4      113967     864.029   1.242e-01   9.154e-02   6.925e-02   0.000e+00   2.601e-02   9.118e-02  1.0000        2603  [    3     11        640         11 ]
           4      115262     872.054   1.242e-01   9.154e-02   6.925e-02   0.000e+00   2.600e-02   9.118e-02  1.0000        2617  [    3     12        640         16 ]
           4      116576     879.065   1.242e-01   9.154e-02   6.925e-02   0.000e+00   2.600e-02   9.118e-02  1.0000        2622  [    3     13        640         12 ]
           4      117782     887.379   1.242e-01   9.154e-02   6.925e-02   0.000e+00   2.598e-02   9.108e-02  1.0000        2627  [    3     14        640         11 ]
           4      119054     895.704   1.242e-01   9.154e-02   6.925e-02   0.000e+00   2.591e-02   9.102e-02  1.0000        2629  [    3     15        640         10 ]
           4      120403     903.638   1.242e-01   9.154e-02   6.925e-02   0.000e+00   2.589e-02   9.092e-02  1.0000        2660  [    3     16        640         12 ]
           4      121681     910.919   1.242e-01   9.154e-02   6.925e-02   0.000e+00   2.588e-02   9.090e-02  1.0000        2639  [    3     17        640          7 ]
           4      124207     919.501   1.242e-01   9.154e-02   6.925e-02   0.000e+00   2.551e-02   8.953e-02  1.0000        2679  [    4      3       1280         11 ]
           4      125520     927.731   1.242e-01   9.154e-02   6.925e-02   0.000e+00   2.547e-02   8.952e-02  1.0000        2686  [    3     18        640         12 ]
           4      126779     936.337   1.242e-01   9.154e-02   6.925e-02   0.000e+00   2.545e-02   8.952e-02  1.0000        2677  [    3     19        640          6 ]
           4      128059     944.109   1.242e-01   9.154e-02   6.925e-02   0.000e+00   2.538e-02   8.948e-02  1.0000        2697  [    3     20        640          9 ]
           4      129317     952.033   1.242e-01   9.154e-02   6.925e-02   0.000e+00   2.527e-02   8.947e-02  1.0000        2694  [    3     21        640         10 ]
           4      130655     960.058   1.242e-01   9.154e-02   6.925e-02   0.000e+00   2.520e-02   8.910e-02  1.0000        2700  [    3     22        640         10 ]
           4      132015     968.389   1.242e-01   9.154e-02   6.925e-02   0.000e+00   2.518e-02   8.901e-02  1.0000        2705  [    3     23        640          9 ]
           4      133288     976.036   1.242e-01   8.389e-02   6.925e-02   0.000e+00   2.518e-02   8.899e-02  1.0000        2710  [    3     24        640         10 ]
           4      134663     983.626   1.242e-01   8.389e-02   6.925e-02   0.000e+00   2.518e-02   8.899e-02  1.0000        2707  [    3     25        640         10 ]
           4      137243     992.600   9.002e-02   8.389e-02   6.925e-02   0.000e+00   2.492e-02   8.702e-02  1.0000        2753  [    4      4       1280         13 ]
           4      138575    1000.308   9.002e-02   8.389e-02   6.925e-02   0.000e+00   2.489e-02   8.701e-02  1.0000        2764  [    3     26        640         13 ]
           4      139795    1008.261   9.002e-02   8.389e-02   6.925e-02   0.000e+00   2.489e-02   8.701e-02  1.0000        2742  [    3     27        640         11 ]
           4      141112    1016.652   9.002e-02   8.389e-02   6.925e-02   0.000e+00   2.489e-02   8.701e-02  1.0000        2737  [    3     28        640         13 ]
           4      142530    1024.279   9.002e-02   8.389e-02   6.925e-02   0.000e+00   2.489e-02   8.701e-02  1.0000        2755  [    3     29        640         19 ]
           4      143982    1032.707   9.002e-02   8.389e-02   6.925e-02   0.000e+00   2.489e-02   8.701e-02  1.0000        2755  [    3     30        640         19 ]
           4      145388    1040.271   9.002e-02   8.389e-02   6.925e-02   0.000e+00   2.489e-02   8.701e-02  1.0000        2767  [    3     31        640         18 ]
           4      146762    1048.029   9.002e-02   8.389e-02   6.925e-02   0.000e+00   2.489e-02   8.701e-02  1.0000        2758  [    3     32        640         15 ]
           4      148160    1055.673   9.002e-02   8.389e-02   6.925e-02   0.000e+00   2.489e-02   8.701e-02  1.0000        2743  [    3     33        640         13 ]
           4      150681    1064.574   6.731e-02   8.389e-02   6.925e-02   0.000e+00   2.471e-02   8.649e-02  1.0000        2793  [    4      5       1280         15 ]
           4      152051    1072.646   6.731e-02   8.389e-02   6.925e-02   0.000e+00   2.471e-02   8.649e-02  1.0000        2771  [    3     34        640         14 ]
           4      153343    1080.082   6.731e-02   8.389e-02   6.925e-02   0.000e+00   2.471e-02   8.649e-02  1.0000        2771  [    3     35        640         11 ]
           4      154635    1087.779   6.731e-02   8.389e-02   6.925e-02   0.000e+00   2.471e-02   8.649e-02  1.0000        2774  [    3     36        640         12 ]
           4      155996    1096.149   6.731e-02   8.389e-02   6.925e-02   0.000e+00   2.471e-02   8.649e-02  1.0000        2762  [    3     37        640         11 ]
           4      157366    1103.725   6.731e-02   8.389e-02   6.925e-02   0.000e+00   2.471e-02   8.649e-02  1.0000        2750  [    3     38        640         12 ]
           4      158701    1111.437   6.731e-02   8.389e-02   6.925e-02   0.000e+00   2.465e-02   8.647e-02  1.0000        2751  [    3     39        640         10 ]
           4      160002    1119.548   6.731e-02   8.389e-02   6.925e-02   0.000e+00   2.465e-02   8.647e-02  1.0000        2754  [    3     40        640         11 ]
           4      161310    1127.922   6.731e-02   8.389e-02   6.925e-02   0.000e+00   2.464e-02   8.647e-02  1.0000        2737  [    3     41        640          9 ]
           4      163779    1136.854   6.110e-02   8.389e-02   6.925e-02   0.000e+00   2.458e-02   8.639e-02  1.0000        2767  [    4      6       1280         10 ]
           4      165170    1145.798   6.110e-02   8.389e-02   6.925e-02   0.000e+00   2.456e-02   8.637e-02  1.0000        2765  [    3     42        640          9 ]
           4      166451    1153.094   6.110e-02   8.389e-02   6.925e-02   0.000e+00   2.456e-02   8.618e-02  1.0000        2764  [    3     43        640          7 ]
           4      167784    1160.779   6.110e-02   8.389e-02   6.925e-02   0.000e+00   2.452e-02   8.572e-02  1.0000        2761  [    3     44        640          9 ]
           4      169127    1168.901   6.110e-02   8.389e-02   6.925e-02   0.000e+00   2.448e-02   8.540e-02  1.0000        2765  [    3     45        640          8 ]
           4      170555    1176.688   6.110e-02   8.389e-02   6.925e-02   0.000e+00   2.448e-02   8.540e-02  1.0000        2769  [    3     46        640         10 ]
           4      172020    1184.361   6.110e-02   8.389e-02   6.925e-02   0.000e+00   2.448e-02   8.540e-02  1.0000        2786  [    3     47        640         14 ]
           4      173431    1192.489   6.110e-02   8.389e-02   6.925e-02   0.000e+00   2.448e-02   8.540e-02  1.0000        2778  [    3     48        640          7 ]
           4      174803    1200.722   6.110e-02   8.389e-02   6.925e-02   0.000e+00   2.448e-02   8.540e-02  1.0000        2779  [    3     49        640          8 ]
           4      177306    1209.506   6.110e-02   8.389e-02   6.925e-02   0.000e+00   2.434e-02   8.503e-02  1.0000        2820  [    4      7       1280         12 ]
           4      178691    1217.601   6.110e-02   8.389e-02   6.925e-02   0.000e+00   2.434e-02   8.503e-02  1.0000        2823  [    3     50        640         12 ]
           4      180117    1225.388   6.110e-02   8.389e-02   6.925e-02   0.000e+00   2.434e-02   8.503e-02  1.0000        2814  [    3     51        640         13 ]
           4      181559    1232.368   6.110e-02   8.389e-02   6.925e-02   0.000e+00   2.434e-02   8.503e-02  1.0000        2821  [    3     52        640         14 ]
           4      183003    1240.788   6.110e-02   8.389e-02   6.925e-02   0.000e+00   2.434e-02   8.503e-02  1.0000        2833  [    3     53        640         16 ]
           4      184487    1248.428   6.110e-02   8.389e-02   6.925e-02   0.000e+00   2.434e-02   8.503e-02  1.0000        2822  [    3     54        640         14 ]
           4      185879    1256.537   6.110e-02   8.389e-02   6.925e-02   0.000e+00   2.434e-02   8.503e-02  1.0000        2818  [    3     55        640         12 ]
           4      187272    1264.242   6.110e-02   8.389e-02   6.925e-02   0.000e+00   2.434e-02   8.503e-02  1.0000        2828  [    3     56        640         13 ]
           4      188677    1271.928   6.110e-02   8.389e-02   6.925e-02   0.000e+00   2.434e-02   8.503e-02  1.0000        2814  [    3     57        640         14 ]
           4      191226    1280.821   6.110e-02   8.389e-02   6.925e-02   0.000e+00   2.424e-02   8.459e-02  1.0000        2833  [    4      8       1280         17 ]
           4      192675    1288.613   6.110e-02   8.389e-02   6.925e-02   0.000e+00   2.424e-02   8.459e-02  1.0000        2826  [    3     58        640         14 ]
           4      194172    1296.962   6.110e-02   8.389e-02   6.925e-02   0.000e+00   2.424e-02   8.459e-02  1.0000        2828  [    3     59        640         14 ]
           4      195655    1304.639   6.110e-02   8.389e-02   6.925e-02   0.000e+00   2.424e-02   8.459e-02  1.0000        2825  [    3     60        640         15 ]
           4      197149    1311.913   6.110e-02   8.389e-02   6.925e-02   0.000e+00   2.424e-02   8.459e-02  1.0000        2827  [    3     61        640         15 ]
           4      198694    1320.060   6.110e-02   8.389e-02   6.925e-02   0.000e+00   2.424e-02   8.459e-02  1.0000        2831  [    3     62        640         20 ]
           4      200250    1328.984   6.110e-02   8.389e-02   6.925e-02   0.000e+00   2.424e-02   8.459e-02  1.0000        2830  [    3     63        640         18 ]
           4      201708    1336.085   6.110e-02   8.389e-02   6.925e-02   0.000e+00   2.424e-02   8.459e-02  1.0000        2822  [    3     64        640         16 ]
           5      213510    1350.622   6.110e-02   5.460e-02   6.925e-02   0.000e+00   2.392e-02   8.399e-02  1.0000        2905  [    5      1       2560         17 ]
           5      216111    1360.699   6.110e-02   5.460e-02   6.925e-02   0.000e+00   2.387e-02   8.390e-02  1.0000        2904  [    4      9       1280         19 ]
           5      220876    1374.745   6.110e-02   5.460e-02   6.925e-02   0.000e+00   2.357e-02   8.242e-02  1.0000        2911  [    5      2       2560         16 ]
           5      223376    1384.577   6.110e-02   5.460e-02   6.925e-02   0.000e+00   2.349e-02   8.229e-02  1.0000        2908  [    4     10       1280         11 ]
           5      225904    1393.807   6.110e-02   5.460e-02   6.925e-02   0.000e+00   2.348e-02   8.221e-02  1.0000        2931  [    4     11       1280         11 ]
           5      228357    1403.299   6.110e-02   5.460e-02   6.925e-02   0.000e+00   2.346e-02   8.215e-02  1.0000        2945  [    4     12       1280         12 ]
           5      230854    1413.332   6.110e-02   5.460e-02   6.925e-02   0.000e+00   2.346e-02   8.215e-02  1.0000        2944  [    4     13       1280         12 ]
           5      233364    1423.474   6.110e-02   5.460e-02   6.925e-02   0.000e+00   2.346e-02   8.215e-02  1.0000        2928  [    4     14       1280         11 ]
           5      235884    1432.703   6.110e-02   5.460e-02   6.925e-02   0.000e+00   2.345e-02   8.214e-02  1.0000        2933  [    4     15       1280         10 ]
           5      238459    1441.387   6.110e-02   5.460e-02   6.925e-02   0.000e+00   2.345e-02   8.214e-02  1.0000        2975  [    4     16       1280         14 ]
           5      240872    1451.016   6.110e-02   5.460e-02   6.925e-02   0.000e+00   2.345e-02   8.214e-02  1.0000        2967  [    4     17       1280         12 ]
           5      245506    1462.791   6.110e-02   5.460e-02   6.925e-02   0.000e+00   2.339e-02   8.167e-02  1.0000        2969  [    5      3       2560         14 ]
           5      247989    1473.119   6.110e-02   5.460e-02   6.925e-02   0.000e+00   2.339e-02   8.167e-02  1.0000        2982  [    4     18       1280         14 ]
           5      250410    1482.793   6.110e-02   5.460e-02   6.925e-02   0.000e+00   2.339e-02   8.167e-02  1.0000        2996  [    4     19       1280         14 ]
           5      252844    1492.835   6.110e-02   5.460e-02   6.925e-02   0.000e+00   2.339e-02   8.167e-02  1.0000        2998  [    4     20       1280         14 ]
           5      255430    1502.774   6.110e-02   5.460e-02   6.925e-02   0.000e+00   2.339e-02   8.167e-02  1.0000        2995  [    4     21       1280         14 ]
           5      257930    1511.828   6.110e-02   5.460e-02   6.925e-02   0.000e+00   2.339e-02   8.167e-02  1.0000        2981  [    4     22       1280         15 ]
           5      260496    1520.665   6.110e-02   5.460e-02   6.925e-02   0.000e+00   2.339e-02   8.167e-02  1.0000        2975  [    4     23       1280         14 ]
           5      263063    1530.284   6.110e-02   5.460e-02   6.925e-02   0.000e+00   2.339e-02   8.167e-02  1.0000        2974  [    4     24       1280         11 ]
           5      265631    1540.142   6.110e-02   5.460e-02   6.925e-02   0.000e+00   2.339e-02   8.167e-02  1.0000        2980  [    4     25       1280         12 ]
           5      270172    1551.862   6.110e-02   5.460e-02   6.925e-02   0.000e+00   2.336e-02   8.146e-02  1.0000        2985  [    5      4       2560         12 ]
           5      272809    1562.521   6.110e-02   5.460e-02   6.925e-02   0.000e+00   2.336e-02   8.146e-02  1.0000        2976  [    4     26       1280         13 ]
           5      275523    1573.272   6.110e-02   5.460e-02   6.925e-02   0.000e+00   2.336e-02   8.146e-02  1.0000        2987  [    4     27       1280         16 ]
           5      278203    1583.613   6.110e-02   5.460e-02   6.925e-02   0.000e+00   2.336e-02   8.146e-02  1.0000        2988  [    4     28       1280         14 ]
           5      280782    1593.230   6.110e-02   5.460e-02   6.925e-02   0.000e+00   2.336e-02   8.146e-02  1.0000        2983  [    4     29       1280         11 ]
           5      283217    1602.696   6.110e-02   5.460e-02   6.925e-02   0.000e+00   2.336e-02   8.146e-02  1.0000        2986  [    4     30       1280         11 ]
           5      285875    1613.495   6.110e-02   5.460e-02   6.925e-02   0.000e+00   2.336e-02   8.146e-02  1.0000        2961  [    4     31       1280         13 ]
           5      288544    1624.667   6.110e-02   5.460e-02   6.925e-02   0.000e+00   2.330e-02   8.112e-02  1.0000        2967  [    4     32       1280         14 ]
           5      291213    1636.361   6.110e-02   5.460e-02   6.925e-02   0.000e+00   2.330e-02   8.112e-02  1.0000        2963  [    4     33       1280         14 ]
           5      295704    1648.808   6.110e-02   5.460e-02   6.925e-02   0.000e+00   2.329e-02   8.110e-02  1.0000        2963  [    5      5       2560         14 ]
           5      298348    1657.990   6.110e-02   5.460e-02   6.925e-02   0.000e+00   2.329e-02   8.110e-02  1.0000        2968  [    4     34       1280         14 ]
           5      300873    1667.837   6.110e-02   5.460e-02   6.925e-02   0.000e+00   2.329e-02   8.110e-02  1.0000        2980  [    4     35       1280         13 ]
           5      303487    1678.902   6.110e-02   5.460e-02   6.925e-02   0.000e+00   2.329e-02   8.110e-02  1.0000        2976  [    4     36       1280         15 ]
           5      306163    1688.646   6.110e-02   5.460e-02   6.925e-02   0.000e+00   2.329e-02   8.110e-02  1.0000        2988  [    4     37       1280         16 ]
           5      308923    1697.922   6.110e-02   5.460e-02   6.925e-02   0.000e+00   2.328e-02   8.110e-02  1.0000        2984  [    4     38       1280         17 ]
           5      311519    1707.160   6.110e-02   5.460e-02   6.925e-02   0.000e+00   2.328e-02   8.110e-02  1.0000        2995  [    4     39       1280         12 ]
           5      314177    1717.347   6.110e-02   5.460e-02   6.925e-02   0.000e+00   2.328e-02   8.110e-02  1.0000        3005  [    4     40       1280         14 ]
           5      316730    1727.326   6.110e-02   5.460e-02   6.925e-02   0.000e+00   2.328e-02   8.110e-02  1.0000        3005  [    4     41       1280         11 ]
           5      321354    1739.084   6.110e-02   5.460e-02   4.598e-02   0.000e+00   2.322e-02   8.104e-02  1.0000        3003  [    5      6       2560         14 ]
           5      323988    1749.607   6.110e-02   5.460e-02   4.598e-02   0.000e+00   2.321e-02   8.104e-02  1.0000        3002  [    4     42       1280         14 ]
           5      326581    1760.267   6.110e-02   5.460e-02   4.598e-02   0.000e+00   2.313e-02   8.079e-02  1.0000        2975  [    4     43       1280          7 ]
           5      329134    1770.837   6.110e-02   5.460e-02   4.598e-02   0.000e+00   2.312e-02   8.079e-02  1.0000        2990  [    4     44       1280         12 ]
           5      331733    1782.268   6.110e-02   5.460e-02   4.598e-02   0.000e+00   2.312e-02   8.079e-02  1.0000        3005  [    4     45       1280         14 ]
           5      334331    1793.261   6.110e-02   5.460e-02   4.598e-02   0.000e+00   2.312e-02   8.079e-02  1.0000        3001  [    4     46       1280         13 ]
           5      336878    1803.716   6.110e-02   5.460e-02   4.598e-02   0.000e+00   2.312e-02   8.079e-02  1.0000        3006  [    4     47       1280         11 ]
           5      339485    1814.164   6.110e-02   5.460e-02   4.598e-02   0.000e+00   2.312e-02   8.079e-02  1.0000        3018  [    4     48       1280         12 ]
           5      342086    1824.149   6.110e-02   5.460e-02   4.598e-02   0.000e+00   2.313e-02   8.077e-02  1.0000        3034  [    4     49       1280         14 ]
           5      346640    1837.700   6.110e-02   5.460e-02   4.598e-02   0.000e+00   2.312e-02   8.075e-02  1.0000        3029  [    5      7       2560         12 ]
           5      349320    1849.105   6.110e-02   5.460e-02   4.598e-02   0.000e+00   2.312e-02   8.060e-02  1.0000        3000  [    4     50       1280         12 ]
           5      351878    1860.182   6.110e-02   5.460e-02   4.598e-02   0.000e+00   2.312e-02   8.060e-02  1.0000        2995  [    4     51       1280         11 ]
           5      354320    1871.714   6.110e-02   5.460e-02   4.598e-02   0.000e+00   2.311e-02   8.050e-02  1.0000        2980  [    4     52       1280         12 ]
           5      356910    1884.059   6.110e-02   5.460e-02   4.598e-02   0.000e+00   2.311e-02   8.048e-02  1.0000        2975  [    4     53       1280          8 ]
           5      359452    1895.625   6.110e-02   5.460e-02   4.598e-02   0.000e+00   2.311e-02   8.048e-02  1.0000        2995  [    4     54       1280          9 ]
           5      362065    1906.906   6.110e-02   5.460e-02   4.598e-02   0.000e+00   2.311e-02   8.048e-02  1.0000        3014  [    4     55       1280         17 ]
           5      364715    1918.043   6.110e-02   5.460e-02   4.598e-02   0.000e+00   2.311e-02   8.048e-02  1.0000        3012  [    4     56       1280         15 ]
           5      367447    1927.868   6.110e-02   5.460e-02   4.598e-02   0.000e+00   2.310e-02   8.048e-02  1.0000        3012  [    4     57       1280         12 ]
           5      372075    1939.890   6.110e-02   5.460e-02   4.598e-02   0.000e+00   2.309e-02   8.038e-02  1.0000        3052  [    5      8       2560         15 ]
           5      374633    1949.291   6.110e-02   5.460e-02   4.598e-02   0.000e+00   2.309e-02   8.038e-02  1.0000        3053  [    4     58       1280         17 ]
           5      377297    1958.858   6.110e-02   5.460e-02   4.598e-02   0.000e+00   2.309e-02   8.038e-02  1.0000        3047  [    4     59       1280         11 ]
           5      379719    1969.752   6.110e-02   5.460e-02   4.598e-02   0.000e+00   2.309e-02   8.038e-02  1.0000        3023  [    4     60       1280          8 ]
           5      382208    1980.212   6.110e-02   5.460e-02   4.598e-02   0.000e+00   2.309e-02   8.038e-02  1.0000        3020  [    4     61       1280          7 ]
           5      384670    1989.964   6.110e-02   5.460e-02   4.598e-02   0.000e+00   2.309e-02   8.038e-02  1.0000        3009  [    4     62       1280         14 ]
           5      387157    2000.140   6.110e-02   5.460e-02   4.598e-02   0.000e+00   2.309e-02   8.038e-02  1.0000        3013  [    4     63       1280         11 ]
           5      389715    2010.519   6.110e-02   5.460e-02   4.598e-02   0.000e+00   2.309e-02   8.038e-02  1.0000        3014  [    4     64       1280         11 ]
           6      408570    2042.947   6.110e-02   5.460e-02   4.598e-02   0.000e+00   2.298e-02   8.031e-02  1.0000        3060  [    6      1       5120         12 ]
           6      413179    2056.982   6.110e-02   5.460e-02   4.598e-02   0.000e+00   2.298e-02   8.031e-02  1.0000        3038  [    5      9       2560          8 ]
           6      422212    2080.082   6.110e-02   5.460e-02   4.598e-02   0.000e+00   2.279e-02   7.868e-02  1.0000        3027  [    6      2       5120         12 ]
           6      426800    2092.893   6.110e-02   5.460e-02   4.598e-02   0.000e+00   2.279e-02   7.867e-02  1.0000        3040  [    5     10       2560         13 ]
           6      431402    2105.668   6.110e-02   5.460e-02   4.598e-02   0.000e+00   2.277e-02   7.864e-02  1.0000        3052  [    5     11       2560         14 ]
           6      436117    2119.589   6.110e-02   5.460e-02   4.598e-02   0.000e+00   2.277e-02   7.864e-02  1.0000        3048  [    5     12       2560         11 ]
           6      440881    2132.680   6.110e-02   5.460e-02   4.598e-02   0.000e+00   2.275e-02   7.853e-02  1.0000        3048  [    5     13       2560         14 ]
           6      445595    2145.459   6.110e-02   5.460e-02   4.598e-02   0.000e+00   2.275e-02   7.853e-02  1.0000        3030  [    5     14       2560         11 ]
           6      450358    2157.005   6.110e-02   5.460e-02   4.598e-02   0.000e+00   2.275e-02   7.853e-02  1.0000        3064  [    5     15       2560         22 ]
           6      455224    2170.035   6.110e-02   5.460e-02   4.598e-02   0.000e+00   2.275e-02   7.853e-02  1.0000        3042  [    5     16       2560         14 ]
           6      460120    2184.791   6.110e-02   5.460e-02   4.598e-02   0.000e+00   2.275e-02   7.853e-02  1.0000        3052  [    5     17       2560         14 ]
           6      469191    2204.677   6.110e-02   5.460e-02   4.598e-02   0.000e+00   2.261e-02   7.808e-02  1.0000        3093  [    6      3       5120         17 ]
           6      474004    2218.487   6.110e-02   5.460e-02   4.598e-02   0.000e+00   2.259e-02   7.808e-02  1.0000        3083  [    5     18       2560         10 ]
           6      478962    2233.042   6.110e-02   5.460e-02   4.598e-02   0.000e+00   2.259e-02   7.808e-02  1.0000        3077  [    5     19       2560         13 ]
           6      483887    2246.044   6.110e-02   5.460e-02   4.598e-02   0.000e+00   2.259e-02   7.808e-02  1.0000        3082  [    5     20       2560         14 ]
           6      488888    2260.587   6.110e-02   5.460e-02   4.598e-02   0.000e+00   2.259e-02   7.808e-02  1.0000        3061  [    5     21       2560         15 ]
           6      494005    2274.118   6.110e-02   5.460e-02   4.598e-02   0.000e+00   2.259e-02   7.808e-02  1.0000        3068  [    5     22       2560         16 ]
           6      498904    2288.940   6.110e-02   5.460e-02   4.598e-02   0.000e+00   2.259e-02   7.808e-02  1.0000        3057  [    5     23       2560         13 ]
           6      503871    2302.907   6.110e-02   5.460e-02   4.598e-02   0.000e+00   2.259e-02   7.808e-02  1.0000        3071  [    5     24       2560         17 ]
           6      508650    2317.753   6.110e-02   5.460e-02   4.598e-02   0.000e+00   2.259e-02   7.808e-02  1.0000        3051  [    5     25       2560          9 ]
           6      517417    2339.469   6.110e-02   5.460e-02   4.598e-02   0.000e+00   2.259e-02   7.804e-02  1.0000        3108  [    6      4       5120         11 ]
           6      522222    2354.011   6.110e-02   5.460e-02   4.598e-02   0.000e+00   2.258e-02   7.801e-02  1.0000        3078  [    5     26       2560         10 ]
           6      526911    2368.125   6.110e-02   5.460e-02   4.598e-02   0.000e+00   2.258e-02   7.801e-02  1.0000        3082  [    5     27       2560          8 ]
           6      531700    2382.096   6.110e-02   5.460e-02   4.598e-02   0.000e+00   2.258e-02   7.801e-02  1.0000        3074  [    5     28       2560         13 ]
           6      536482    2395.297   6.110e-02   5.460e-02   4.598e-02   0.000e+00   2.258e-02   7.801e-02  1.0000        3083  [    5     29       2560          9 ]
           6      541341    2409.581   6.110e-02   5.460e-02   4.598e-02   0.000e+00   2.258e-02   7.801e-02  1.0000        3074  [    5     30       2560          8 ]
           6      546168    2425.977   6.110e-02   5.460e-02   4.598e-02   0.000e+00   2.258e-02   7.801e-02  1.0000        3114  [    5     31       2560         16 ]
           6      550936    2439.588   6.110e-02   5.460e-02   4.598e-02   0.000e+00   2.258e-02   7.801e-02  1.0000        3079  [    5     32       2560         10 ]
           6      555896    2453.593   6.110e-02   5.460e-02   4.598e-02   0.000e+00   2.257e-02   7.801e-02  1.0000        3114  [    5     33       2560         16 ]
           6      564917    2474.995   6.110e-02   5.460e-02   4.598e-02   0.000e+00   2.252e-02   7.797e-02  1.0000        3116  [    6      5       5120         11 ]
           6      569446    2489.100   6.110e-02   5.460e-02   4.598e-02   0.000e+00   2.251e-02   7.797e-02  1.0000        3101  [    5     34       2560         12 ]
           6      574343    2502.396   6.110e-02   5.460e-02   4.598e-02   0.000e+00   2.251e-02   7.797e-02  1.0000        3105  [    5     35       2560         15 ]
           6      579173    2516.507   6.110e-02   5.460e-02   4.598e-02   0.000e+00   2.251e-02   7.797e-02  1.0000        3103  [    5     36       2560         12 ]
           6      584017    2530.833   6.110e-02   5.460e-02   4.598e-02   0.000e+00   2.251e-02   7.797e-02  1.0000        3110  [    5     37       2560         14 ]
           6      588997    2546.240   6.110e-02   5.460e-02   4.598e-02   0.000e+00   2.251e-02   7.797e-02  1.0000        3113  [    5     38       2560         15 ]
           6      594079    2561.860   6.110e-02   5.460e-02   4.598e-02   0.000e+00   2.251e-02   7.797e-02  1.0000        3111  [    5     39       2560         14 ]
           6      599155    2575.335   6.110e-02   5.460e-02   4.598e-02   0.000e+00   2.250e-02   7.797e-02  1.0000        3098  [    5     40       2560         14 ]
           6      604096    2588.799   6.110e-02   5.460e-02   4.598e-02   0.000e+00   2.250e-02   7.797e-02  1.0000        3115  [    5     41       2560         19 ]
           6      613123    2614.468   6.110e-02   5.460e-02   4.598e-02   0.000e+00   2.803e-02   8.672e-02  1.0000        1866  [    6      6       5120         13 ]
           6      618154    2622.662   6.110e-02   5.460e-02   4.598e-02   0.000e+00   2.803e-02   8.672e-02  1.0000        1866  [    5     42       2560         14 ]
           6      623117    2631.110   6.110e-02   5.460e-02   4.598e-02   0.000e+00   2.802e-02   8.671e-02  1.0000        1894  [    5     43       2560         14 ]
           6      627993    2639.413   6.110e-02   5.460e-02   4.598e-02   0.000e+00   2.801e-02   8.671e-02  1.0000        1946  [    5     44       2560         14 ]
           6      632866    2648.051   6.110e-02   5.460e-02   4.598e-02   0.000e+00   2.798e-02   8.671e-02  1.0000        1980  [    5     45       2560         14 ]
           6      637638    2656.571   6.110e-02   5.460e-02   4.598e-02   0.000e+00   2.792e-02   8.669e-02  1.0000        2020  [    5     46       2560         16 ]
           6      642523    2665.178   6.110e-02   5.460e-02   4.598e-02   0.000e+00   2.791e-02   8.669e-02  1.0000        2035  [    5     47       2560         15 ]
           6      647404    2674.413   6.110e-02   5.460e-02   4.598e-02   0.000e+00   2.788e-02   8.669e-02  1.0000        2047  [    5     48       2560         16 ]
           6      652156    2683.969   6.110e-02   5.460e-02   4.598e-02   0.000e+00   2.788e-02   8.669e-02  1.0000        2043  [    5     49       2560         10 ]
           6      661022    2699.377   6.110e-02   5.460e-02   4.598e-02   0.000e+00   2.691e-02   8.564e-02  1.0000        2957  [    6      7       5120         13 ]
           6      665745    2712.687   6.110e-02   5.460e-02   4.598e-02   0.000e+00   2.691e-02   8.564e-02  1.0000        2993  [    5     50       2560         13 ]
           6      670452    2726.006   6.110e-02   5.460e-02   4.598e-02   0.000e+00   2.691e-02   8.564e-02  1.0000        3004  [    5     51       2560         12 ]
           6      675310    2739.879   6.110e-02   5.460e-02   4.598e-02   0.000e+00   2.689e-02   8.564e-02  1.0000        3008  [    5     52       2560         13 ]
           6      680244    2753.282   6.110e-02   5.460e-02   4.598e-02   0.000e+00   2.683e-02   8.542e-02  1.0000        3015  [    5     53       2560         12 ]
           6      685075    2765.134   6.110e-02   5.460e-02   4.598e-02   0.000e+00   2.683e-02   8.542e-02  1.0000        3029  [    5     54       2560         13 ]
           6      689858    2777.840   6.110e-02   5.460e-02   4.598e-02   0.000e+00   2.682e-02   8.542e-02  1.0000        3047  [    5     55       2560         12 ]
           6      694874    2790.903   6.110e-02   5.460e-02   4.598e-02   0.000e+00   2.680e-02   8.542e-02  1.0000        3063  [    5     56       2560         16 ]
           6      699919    2803.596   6.110e-02   5.460e-02   4.598e-02   0.000e+00   2.680e-02   8.542e-02  1.0000        3066  [    5     57       2560         17 ]
           6      709201    2826.899   6.110e-02   5.460e-02   4.598e-02   0.000e+00   2.946e-02   8.827e-02  1.0000        1850  [    6      8       5120         22 ]
           6      714148    2834.864   6.110e-02   5.460e-02   4.598e-02   0.000e+00   2.946e-02   8.827e-02  1.0000        1837  [    5     58       2560         11 ]
           6      718866    2843.098   6.110e-02   5.460e-02   4.598e-02   0.000e+00   2.946e-02   8.827e-02  1.0000        1830  [    5     59       2560         11 ]
           6      723748    2850.243   6.110e-02   5.460e-02   4.598e-02   0.000e+00   2.938e-02   8.827e-02  1.0000        1858  [    5     60       2560         13 ]
           6      728528    2858.263   6.110e-02   5.460e-02   4.598e-02   0.000e+00   2.935e-02   8.826e-02  1.0000        1881  [    5     61       2560         10 ]
           6      733093    2866.905   6.110e-02   5.460e-02   4.598e-02   0.000e+00   2.912e-02   8.820e-02  1.0000        1911  [    5     62       2560          6 ]
           6      737492    2874.649   6.110e-02   5.460e-02   4.598e-02   0.000e+00   2.852e-02   8.720e-02  1.0000        2014  [    5     63       2560          7 ]
           6      742236    2882.852   6.110e-02   5.460e-02   4.598e-02   0.000e+00   2.772e-02   8.576e-02  1.0000        2236  [    5     64       2560          9 ]
           7      772589    2965.457   6.110e-02   5.460e-02   4.598e-02   0.000e+00   2.729e-02   8.536e-02  1.0000        1907  [    7      1      10240         14 ]
           7      781371    2979.817   6.110e-02   5.460e-02   4.598e-02   0.000e+00   2.712e-02   8.493e-02  1.0000        1966  [    6      9       5120          8 ]
           7      798294    3024.128   6.110e-02   5.460e-02   4.598e-02   0.000e+00   2.667e-02   8.378e-02  1.0000        2032  [    7      2      10240          7 ]
           7      806988    3039.450   6.110e-02   5.460e-02   4.598e-02   0.000e+00   2.656e-02   8.365e-02  1.0000        2118  [    6     10       5120         14 ]
           7      815906    3056.612   6.110e-02   5.460e-02   4.598e-02   0.000e+00   2.653e-02   8.364e-02  1.0000        2131  [    6     11       5120         14 ]
           7      824740    3072.570   6.110e-02   5.460e-02   4.598e-02   0.000e+00   2.652e-02   8.364e-02  1.0000        2180  [    6     12       5120         15 ]
           7      833892    3088.719   6.110e-02   5.460e-02   4.598e-02   0.000e+00   2.651e-02   8.364e-02  1.0000        2192  [    6     13       5120         11 ]
           7      843120    3104.330   6.110e-02   5.460e-02   4.598e-02   0.000e+00   2.639e-02   8.358e-02  1.0000        2224  [    6     14       5120         14 ]
           7      852458    3121.316   6.110e-02   5.460e-02   4.598e-02   0.000e+00   2.633e-02   8.352e-02  1.0000        2240  [    6     15       5120         11 ]
           7      861448    3138.528   6.110e-02   4.525e-02   4.598e-02   0.000e+00   2.631e-02   8.350e-02  1.0000        2257  [    6     16       5120         12 ]
           7      870763    3155.259   6.110e-02   4.525e-02   4.598e-02   0.000e+00   2.622e-02   8.350e-02  1.0000        2281  [    6     17       5120         15 ]
           7      888548    3194.765   6.110e-02   4.525e-02   4.598e-02   0.000e+00   2.556e-02   8.170e-02  1.0000        2344  [    7      3      10240         16 ]
           7      897952    3212.021   6.110e-02   4.525e-02   4.598e-02   0.000e+00   2.555e-02   8.170e-02  1.0000        2347  [    6     18       5120         12 ]
           7      907343    3227.901   6.110e-02   4.525e-02   4.598e-02   0.000e+00   2.548e-02   8.156e-02  1.0000        2384  [    6     19       5120         19 ]
           7      916484    3246.501   6.110e-02   4.525e-02   4.598e-02   0.000e+00   2.548e-02   8.156e-02  1.0000        2367  [    6     20       5120         14 ]
           7      926046    3264.576   6.110e-02   4.525e-02   4.598e-02   0.000e+00   2.548e-02   8.156e-02  1.0000        2372  [    6     21       5120         16 ]
           7      935461    3282.561   6.110e-02   4.525e-02   4.598e-02   0.000e+00   2.545e-02   8.142e-02  1.0000        2391  [    6     22       5120         22 ]
           7      944972    3299.340   6.110e-02   4.525e-02   4.598e-02   0.000e+00   2.545e-02   8.139e-02  1.0000        2403  [    6     23       5120         22 ]
           7      954436    3316.469   6.110e-02   4.525e-02   4.598e-02   0.000e+00   2.540e-02   8.139e-02  1.0000        2396  [    6     24       5120         17 ]
           7      963748    3332.910   6.110e-02   4.525e-02   4.598e-02   0.000e+00   2.538e-02   8.139e-02  1.0000        2406  [    6     25       5120         20 ]
           7      981079    3372.877   6.110e-02   4.525e-02   4.598e-02   0.000e+00   2.514e-02   8.073e-02  1.0000        2436  [    7      4      10240         12 ]
           7      990519    3390.204   6.110e-02   4.525e-02   4.598e-02   0.000e+00   2.513e-02   8.073e-02  1.0000        2453  [    6     26       5120         13 ]
           7      999819    3408.326   6.110e-02   4.525e-02   4.598e-02   0.000e+00   2.506e-02   8.055e-02  1.0000        2430  [    6     27       5120          9 ]
           8     1009156    3425.859   6.110e-02   4.525e-02   4.598e-02   0.000e+00   2.500e-02   8.043e-02  1.0000        2471  [    7      4      10240         12 ]
