# Generation  Evaluations  Time (s)  Best_obj[0]  Best_obj[1]  Hypervol.   IGD         IGDX        SR    Appr.set  [ Pop.index  Subgen.  Pop.size  Subpops ]
           0          85       3.739   9.806e-01   5.039e+00   0.000e+00   4.061e+00   3.270e+00  0.0000           7  [    0      1         30          6 ]
           0         155       3.759   3.234e-01   3.229e-01   0.000e+00   1.068e+00   2.088e+00  0.0000          10  [    0      2         30          9 ]
           0         231       3.789   3.234e-01   3.229e-01   9.656e-03   5.181e-01   1.428e+00  0.0000          16  [    0      3         30          9 ]
           0         313       3.836   2.454e-01   1.550e-01   9.656e-03   4.120e-01   1.447e+00  0.0000          23  [    0      4         30          9 ]
           0         398       3.875   3.339e-02   5.554e-02   1.044e-04   3.526e-01   1.094e+00  0.0000          34  [    0      5         30          8 ]
           0         494       3.930   2.031e-02   5.554e-02   2.736e-03   3.087e-01   8.892e-01  0.0000          52  [    0      6         30         10 ]
           0         588       4.012   2.031e-02   5.554e-02   2.736e-03   2.900e-01   6.111e-01  0.0000          67  [    0      7         30         10 ]
           0         686       4.121   2.802e-03   5.554e-02   9.656e-03   1.798e-01   5.649e-01  0.0000          78  [    0      8         30          9 ]
           1         961       4.248   2.802e-03   3.186e-02   1.013e-02   1.031e-01   4.664e-01  0.0000         130  [    1      1         60         11 ]
           1        1064       4.449   2.802e-03   3.186e-02   1.013e-02   7.963e-02   4.490e-01  0.0000         135  [    0      9         30         11 ]
           1        1237       4.658   2.802e-03   3.186e-02   9.907e-03   7.462e-02   4.329e-01  0.0000         159  [    1      2         60         11 ]
           1        1339       4.911   2.802e-03   3.013e-02   3.894e-03   6.299e-02   4.017e-01  0.0000         164  [    0     10         30         11 ]
           1        1440       5.168   2.802e-03   2.012e-02   3.894e-03   6.278e-02   4.012e-01  0.0000         174  [    0     11         30         11 ]
           1        1550       5.433   2.802e-03   2.012e-02   3.894e-03   5.772e-02   3.880e-01  0.0000         180  [    0     12         30         11 ]
           1        1657       5.671   2.802e-03   2.012e-02   3.190e-03   5.373e-02   3.261e-01  0.0000         193  [    0     13         30         11 ]
           1        1764       5.902   2.802e-03   2.012e-02   3.190e-03   4.831e-02   3.221e-01  0.0000         207  [    0     14         30         11 ]
           1        1871       6.177   2.802e-03   2.012e-02   4.031e-03   4.647e-02   3.032e-01  0.0000         224  [    0     15         30         10 ]
           1        1979       6.534   2.802e-03   2.012e-02   4.031e-03   4.189e-02   2.866e-01  0.1111         233  [    0     16         30         10 ]
           1        2085       6.905   2.802e-03   2.012e-02   4.031e-03   3.798e-02   2.821e-01  0.1111         239  [    0     17         30         10 ]
           1        2253       7.173   2.802e-03   2.012e-02   4.031e-03   3.630e-02   2.628e-01  0.1111         266  [    1      3         60         12 ]
           1        2367       7.552   2.802e-03   2.012e-02   4.645e-03   3.448e-02   2.605e-01  0.1111         274  [    0     18         30         11 ]
           1        2470       7.883   2.802e-03   1.182e-02   9.671e-03   3.066e-02   2.601e-01  0.1111         288  [    0     19         30         11 ]
           1        2577       8.360   2.802e-03   8.085e-04   9.671e-03   2.701e-02   2.393e-01  0.1111         292  [    0     20         30         10 ]
           1        2682       8.852   4.240e-04   4.585e-04   9.671e-03   2.539e-02   2.371e-01  0.1111         307  [    0     21         30         10 ]
           1        2798       9.269   4.240e-04   4.585e-04   9.671e-03   2.189e-02   2.195e-01  0.2222         319  [    0     22         30         10 ]
           1        2902       9.705   4.240e-04   4.585e-04   1.220e-02   2.068e-02   2.182e-01  0.2222         334  [    0     23         30         10 ]
           1        3012      10.253   3.680e-06   4.585e-04   1.220e-02   2.012e-02   2.176e-01  0.2222         345  [    0     24         30         10 ]
           1        3118      10.823   3.680e-06   4.585e-04   1.220e-02   1.963e-02   2.169e-01  0.2222         349  [    0     25         30         10 ]
           1        3291      11.415   3.680e-06   4.585e-04   1.071e-02   1.821e-02   2.098e-01  0.2222         384  [    1      4         60         12 ]
           1        3416      12.019   3.680e-06   4.585e-04   1.071e-02   1.803e-02   2.096e-01  0.2222         392  [    0     26         30         13 ]
           1        3547      12.674   3.680e-06   4.585e-04   1.071e-02   1.726e-02   2.094e-01  0.2222         397  [    0     27         30         14 ]
           1        3670      13.304   3.680e-06   4.585e-04   1.137e-02   1.664e-02   1.647e-01  0.2222         403  [    0     28         30         11 ]
           1        3776      13.936   3.680e-06   4.585e-04   1.137e-02   1.663e-02   1.626e-01  0.2222         407  [    0     29         30         11 ]
           1        3890      14.589   3.680e-06   4.585e-04   1.137e-02   1.563e-02   1.588e-01  0.2222         415  [    0     30         30         11 ]
           1        4000      15.153   3.680e-06   4.585e-04   1.137e-02   1.553e-02   1.576e-01  0.2222         422  [    0     31         30         11 ]
           1        4117      15.641   3.680e-06   4.585e-04   1.137e-02   1.537e-02   1.517e-01  0.2222         439  [    0     32         30         11 ]
           1        4239      16.399   3.680e-06   4.585e-04   1.137e-02   1.505e-02   1.375e-01  0.2222         440  [    0     33         30         11 ]
           1        4412      17.184   3.680e-06   4.585e-04   1.137e-02   1.390e-02   1.336e-01  0.2222         482  [    1      5         60         13 ]
           1        4540      17.805   3.680e-06   4.585e-04   1.236e-02   1.379e-02   1.322e-01  0.2222         501  [    0     34         30         14 ]
           1        4672      18.619   3.680e-06   4.585e-04   1.236e-02   1.356e-02   1.291e-01  0.2222         512  [    0     35         30         13 ]
           1        4800      19.473   3.680e-06   4.585e-04   1.316e-02   1.334e-02   1.287e-01  0.2222         528  [    0     36         30         13 ]
           1        4923      20.175   3.680e-06   4.585e-04   1.333e-02   1.317e-02   1.281e-01  0.2222         529  [    0     37         30         12 ]
           1        5040      20.907   3.680e-06   4.585e-04   1.330e-02   1.309e-02   1.277e-01  0.2222         531  [    0     38         30         10 ]
           1        5148      21.518   3.680e-06   4.585e-04   1.330e-02   1.250e-02   1.219e-01  0.2222         506  [    0     39         30         10 ]
           1        5256      22.017   3.680e-06   4.585e-04   1.330e-02   1.250e-02   1.219e-01  0.2222         513  [    0     40         30          9 ]
           1        5361      22.663   3.680e-06   4.585e-04   1.391e-02   1.170e-02   1.212e-01  0.2222         531  [    0     41         30          9 ]
           1        5536      23.331   3.680e-06   4.585e-04   1.181e-02   1.136e-02   1.205e-01  0.2222         568  [    1      6         60         13 ]
           1        5660      24.127   3.680e-06   4.585e-04   1.228e-02   1.130e-02   1.198e-01  0.2222         580  [    0     42         30         12 ]
           1        5777      25.127   3.680e-06   4.585e-04   1.010e-02   1.116e-02   1.192e-01  0.2222         602  [    0     43         30         12 ]
           1        5892      26.106   3.680e-06   4.585e-04   1.010e-02   1.082e-02   1.168e-01  0.2222         608  [    0     44         30         11 ]
           1        6010      27.223   3.680e-06   4.585e-04   1.010e-02   1.053e-02   1.111e-01  0.2222         623  [    0     45         30         11 ]
           1        6126      28.111   3.680e-06   4.585e-04   1.040e-02   1.007e-02   9.953e-02  0.2222         640  [    0     46         30         11 ]
           1        6236      29.176   3.680e-06   4.585e-04   1.040e-02   9.605e-03   9.154e-02  0.2222         651  [    0     47         30         11 ]
           1        6349      30.361   3.680e-06   4.585e-04   1.040e-02   9.345e-03   8.443e-02  0.2222         665  [    0     48         30         11 ]
           1        6466      31.435   3.680e-06   4.585e-04   1.040e-02   9.259e-03   8.429e-02  0.2222         679  [    0     49         30         11 ]
           1        6659      32.594   3.680e-06   4.585e-04   1.017e-02   9.150e-03   8.274e-02  0.2222         717  [    1      7         60         17 ]
           1        6811      33.730   3.680e-06   4.585e-04   1.017e-02   9.092e-03   8.236e-02  0.2222         723  [    0     50         30         13 ]
           1        6933      34.827   3.680e-06   4.585e-04   1.017e-02   8.828e-03   8.147e-02  0.2222         727  [    0     51         30         11 ]
           1        7044      36.075   3.680e-06   4.585e-04   1.023e-02   8.700e-03   8.147e-02  0.2222         740  [    0     52         30         10 ]
           1        7143      37.429   3.680e-06   4.585e-04   1.029e-02   8.632e-03   8.145e-02  0.2222         747  [    0     53         30         10 ]
           1        7247      38.718   3.680e-06   4.585e-04   1.029e-02   8.563e-03   7.925e-02  0.2222         754  [    0     54         30         10 ]
           1        7352      39.882   3.680e-06   4.585e-04   1.029e-02   8.362e-03   7.751e-02  0.3333         771  [    0     55         30         10 ]
           1        7461      41.183   3.680e-06   4.585e-04   1.029e-02   8.262e-03   7.703e-02  0.3333         783  [    0     56         30         10 ]
           1        7560      42.268   3.680e-06   4.585e-04   1.029e-02   8.254e-03   7.700e-02  0.3333         788  [    0     57         30         10 ]
           1        7740      43.526   3.680e-06   4.585e-04   1.287e-02   8.037e-03   6.894e-02  0.4444         797  [    1      8         60         14 ]
           1        7876      45.041   3.680e-06   4.585e-04   1.287e-02   8.015e-03   6.842e-02  0.4444         800  [    0     58         30         13 ]
           1        7997      46.311   3.680e-06   4.585e-04   1.288e-02   7.849e-03   6.827e-02  0.4444         814  [    0     59         30         11 ]
           1        8118      47.560   3.680e-06   4.585e-04   1.288e-02   7.794e-03   6.825e-02  0.4444         825  [    0     60         30         12 ]
           1        8240      49.022   3.680e-06   4.585e-04   1.288e-02   7.778e-03   6.682e-02  0.4444         839  [    0     61         30         12 ]
           1        8362      50.382   3.680e-06   4.585e-04   1.288e-02   7.428e-03   6.659e-02  0.4444         860  [    0     62         30         13 ]
           1        8490      51.824   3.680e-06   4.585e-04   1.288e-02   7.397e-03   6.619e-02  0.5556         856  [    0     63         30         12 ]
           1        8608      53.267   3.680e-06   4.585e-04   1.263e-02   7.397e-03   6.619e-02  0.5556         860  [    0     64         30         12 ]
           2       10203      54.878   3.680e-06   4.585e-04   1.423e-02   6.900e-03   6.098e-02  0.6667         750  [    2      1        120         17 ]
           2       10428      56.216   3.680e-06   4.585e-04   1.662e-02   6.791e-03   4.988e-02  0.6667         748  [    1      9         60         16 ]
           2       10790      57.618   3.680e-06   4.585e-04   1.636e-02   6.268e-03   4.831e-02  0.6667         829  [    2      2        120         19 ]
           2       11023      59.069   3.680e-06   4.585e-04   1.648e-02   6.147e-03   4.817e-02  0.6667         844  [    1     10         60         14 ]
           2       11221      60.668   3.680e-06   3.848e-04   1.650e-02   5.994e-03   4.773e-02  0.6667         867  [    1     11         60         12 ]
           2       11400      62.329   3.680e-06   3.848e-04   1.650e-02   5.833e-03   4.521e-02  0.6667         912  [    1     12         60         13 ]
           2       11579      64.059   3.680e-06   3.848e-04   1.659e-02   5.686e-03   4.441e-02  0.6667         944  [    1     13         60         12 ]
           2       11760      65.734   3.680e-06   2.605e-04   1.670e-02   5.590e-03   4.340e-02  0.6667         942  [    1     14         60         11 ]
           2       11925      67.214   3.680e-06   6.349e-05   1.680e-02   5.344e-03   4.230e-02  0.6667         991  [    1     15         60         11 ]
           2       12100      68.945   3.680e-06   6.349e-05   1.742e-02   5.186e-03   3.900e-02  0.6667        1034  [    1     16         60         11 ]
           2       12269      70.754   3.680e-06   6.349e-05   1.688e-02   4.938e-03   3.804e-02  0.6667        1066  [    1     17         60         11 ]
           2       12604      72.408   3.680e-06   6.349e-05   1.729e-02   4.807e-03   3.670e-02  0.6667        1119  [    2      3        120         14 ]
           2       12826      74.292   3.680e-06   6.349e-05   1.729e-02   4.593e-03   3.620e-02  0.6667        1160  [    1     18         60         13 ]
           2       13047      76.103   3.680e-06   6.349e-05   1.798e-02   4.305e-03   3.492e-02  0.6667        1192  [    1     19         60         14 ]
           2       13259      77.901   3.680e-06   6.349e-05   1.798e-02   4.140e-03   3.366e-02  0.7778        1227  [    1     20         60         13 ]
           2       13458      80.162   3.680e-06   6.349e-05   1.758e-02   5.998e-03   3.329e-02  0.7778         752  [    1     21         60         12 ]
           2       13653      81.467   3.680e-06   6.349e-05   1.758e-02   5.989e-03   3.212e-02  0.8889         753  [    1     22         60         12 ]
           2       13843      82.649   3.680e-06   6.349e-05   1.758e-02   5.896e-03   3.122e-02  0.8889         766  [    1     23         60         12 ]
           2       14025      83.891   3.680e-06   6.349e-05   1.758e-02   5.875e-03   3.123e-02  0.8889         771  [    1     24         60         13 ]
           2       14233      85.171   3.680e-06   6.349e-05   1.758e-02   5.802e-03   2.913e-02  1.0000         791  [    1     25         60         14 ]
           2       14579      86.587   3.680e-06   2.810e-05   1.766e-02   5.666e-03   2.835e-02  1.0000         794  [    2      4        120         14 ]
           2       14792      87.828   3.680e-06   2.810e-05   1.766e-02   5.557e-03   2.733e-02  1.0000         808  [    1     26         60         16 ]
           2       15010      89.123   3.680e-06   2.810e-05   1.766e-02   5.538e-03   2.698e-02  1.0000         808  [    1     27         60         15 ]
           2       15198      90.063   3.680e-06   2.810e-05   1.766e-02   5.482e-03   2.683e-02  1.0000         810  [    1     28         60         11 ]
           2       15359      91.546   3.680e-06   2.810e-05   1.774e-02   5.441e-03   2.649e-02  1.0000         815  [    1     29         60         10 ]
           2       15535      92.666   3.680e-06   2.810e-05   1.774e-02   5.313e-03   2.581e-02  1.0000         817  [    1     30         60         10 ]
           2       15706      93.586   3.680e-06   2.810e-05   1.774e-02   5.252e-03   2.419e-02  1.0000         828  [    1     31         60         10 ]
           2       15890      94.532   3.680e-06   2.810e-05   1.774e-02   5.222e-03   2.382e-02  1.0000         822  [    1     32         60          9 ]
           2       16053      96.036   3.680e-06   2.810e-05   1.774e-02   5.112e-03   2.292e-02  1.0000         826  [    1     33         60          9 ]
           2       16368      97.386   3.680e-06   2.810e-05   1.780e-02   5.088e-03   2.253e-02  1.0000         843  [    2      5        120         13 ]
           2       16553      98.397   3.680e-06   2.810e-05   1.780e-02   4.991e-03   2.222e-02  1.0000         846  [    1     34         60         10 ]
           2       16724      99.313   3.680e-06   2.492e-05   1.780e-02   4.931e-03   2.166e-02  1.0000         848  [    1     35         60          9 ]
           2       16880     100.462   3.680e-06   2.492e-05   1.780e-02   4.835e-03   2.138e-02  1.0000         859  [    1     36         60          9 ]
           2       17057     101.725   3.680e-06   2.492e-05   1.799e-02   4.756e-03   2.091e-02  1.0000         871  [    1     37         60          9 ]
           2       17227     102.768   3.680e-06   2.492e-05   1.799e-02   4.692e-03   2.046e-02  1.0000         880  [    1     38         60          9 ]
           2       17394     103.987   3.680e-06   2.492e-05   1.802e-02   4.646e-03   1.982e-02  1.0000         887  [    1     39         60          9 ]
           2       17568     104.990   3.680e-06   2.492e-05   1.802e-02   4.551e-03   1.934e-02  1.0000         895  [    1     40         60          9 ]
           2       17728     106.489   3.680e-06   2.492e-05   1.802e-02   4.510e-03   1.904e-02  1.0000         903  [    1     41         60          9 ]
           2       18057     107.956   3.680e-06   2.492e-05   1.802e-02   4.487e-03   1.901e-02  1.0000         917  [    2      6        120         15 ]
           2       18266     109.195   3.680e-06   2.492e-05   1.804e-02   4.433e-03   1.846e-02  1.0000         917  [    1     42         60         12 ]
           2       18452     110.521   3.680e-06   2.492e-05   1.814e-02   4.419e-03   1.840e-02  1.0000         917  [    1     43         60         10 ]
           2       18627     112.066   3.680e-06   2.492e-05   1.814e-02   4.347e-03   1.799e-02  1.0000         924  [    1     44         60         10 ]
           2       18801     113.832   3.680e-06   2.492e-05   1.814e-02   4.346e-03   1.791e-02  1.0000         927  [    1     45         60         10 ]
           2       18982     115.225   3.680e-06   2.492e-05   1.814e-02   4.317e-03   1.772e-02  1.0000         933  [    1     46         60         10 ]
           2       19158     116.422   3.680e-06   2.492e-05   1.814e-02   4.292e-03   1.767e-02  1.0000         940  [    1     47         60         10 ]
           2       19339     118.142   3.680e-06   2.492e-05   1.814e-02   4.260e-03   1.752e-02  1.0000         949  [    1     48         60         10 ]
           2       19512     119.527   3.680e-06   2.492e-05   1.814e-02   4.248e-03   1.737e-02  1.0000         954  [    1     49         60         11 ]
           2       19836     121.144   3.680e-06   2.492e-05   1.791e-02   4.239e-03   1.719e-02  1.0000         963  [    2      7        120         13 ]
           2       20021     122.397   3.680e-06   2.492e-05   1.791e-02   4.221e-03   1.715e-02  1.0000         970  [    1     50         60         12 ]
           2       20217     123.976   3.680e-06   2.492e-05   1.808e-02   4.188e-03   1.698e-02  1.0000         972  [    1     51         60         12 ]
           2       20403     125.494   3.680e-06   2.492e-05   1.808e-02   4.168e-03   1.654e-02  1.0000         974  [    1     52         60         11 ]
           2       20585     127.235   3.680e-06   2.492e-05   1.808e-02   4.175e-03   1.638e-02  1.0000         977  [    1     53         60         11 ]
           2       20764     128.885   3.680e-06   2.492e-05   1.808e-02   4.157e-03   1.611e-02  1.0000         979  [    1     54         60         11 ]
           2       20937     130.517   3.680e-06   2.492e-05   1.808e-02   4.146e-03   1.597e-02  1.0000         983  [    1     55         60         11 ]
           2       21106     131.813   3.680e-06   2.492e-05   1.808e-02   4.139e-03   1.583e-02  1.0000         987  [    1     56         60         11 ]
           2       21285     133.087   3.680e-06   2.492e-05   1.808e-02   4.132e-03   1.582e-02  1.0000         990  [    1     57         60         11 ]
           2       21588     134.313   3.680e-06   2.492e-05   1.808e-02   4.061e-03   1.560e-02  1.0000         994  [    2      8        120         10 ]
           2       21767     135.541   3.680e-06   2.492e-05   1.808e-02   4.071e-03   1.552e-02  1.0000         999  [    1     58         60         12 ]
           2       21961     137.060   3.680e-06   2.492e-05   1.808e-02   4.063e-03   1.541e-02  1.0000        1004  [    1     59         60         12 ]
           2       22140     138.465   3.680e-06   2.492e-05   1.808e-02   4.044e-03   1.541e-02  1.0000        1006  [    1     60         60         12 ]
           2       22306     140.180   3.680e-06   2.492e-05   1.808e-02   4.044e-03   1.540e-02  1.0000        1007  [    1     61         60         12 ]
           2       22492     141.969   3.680e-06   2.492e-05   1.808e-02   4.044e-03   1.536e-02  1.0000        1008  [    1     62         60         12 ]
           2       22681     143.660   3.680e-06   2.492e-05   1.808e-02   4.023e-03   1.530e-02  1.0000        1011  [    1     63         60         11 ]
           2       22855     145.464   3.680e-06   2.492e-05   1.808e-02   4.019e-03   1.517e-02  1.0000        1010  [    1     64         60         12 ]
           3       24914     147.131   3.680e-06   2.492e-05   1.813e-02   3.874e-03   1.485e-02  1.0000        1049  [    3      1        240         16 ]
           3       25130     148.941   3.680e-06   2.492e-05   1.813e-02   3.878e-03   1.480e-02  1.0000        1050  [    1     65         60         16 ]
           3       25446     150.705   3.680e-06   2.492e-05   1.822e-02   3.872e-03   1.475e-02  1.0000        1050  [    2      9        120         14 ]
           3       26097     152.560   3.680e-06   2.492e-05   1.825e-02   3.851e-03   1.452e-02  1.0000        1065  [    3      2        240         22 ]
           3       26371     154.376   3.680e-06   2.492e-05   1.825e-02   3.845e-03   1.450e-02  1.0000        1063  [    1     66         60         21 ]
           3       26617     156.242   3.680e-06   2.492e-05   1.817e-02   3.845e-03   1.450e-02  1.0000        1060  [    1     67         60         15 ]
           3       26817     158.093   3.680e-06   2.492e-05   1.817e-02   3.845e-03   1.450e-02  1.0000        1062  [    1     68         60         15 ]
           3       27037     159.956   3.680e-06   2.492e-05   1.817e-02   3.829e-03   1.442e-02  1.0000        1064  [    1     69         60         16 ]
           3       27244     161.631   3.680e-06   2.492e-05   1.817e-02   3.826e-03   1.434e-02  1.0000        1061  [    1     70         60         15 ]
           3       27443     162.815   3.680e-06   2.492e-05   1.817e-02   3.826e-03   1.432e-02  1.0000        1061  [    1     71         60         12 ]
           3       27639     164.106   3.680e-06   2.492e-05   1.817e-02   3.820e-03   1.432e-02  1.0000        1064  [    1     72         60         12 ]
           3       27825     165.743   3.680e-06   2.492e-05   1.817e-02   3.819e-03   1.427e-02  1.0000        1060  [    1     73         60         12 ]
           3       28178     167.057   3.680e-06   2.492e-05   1.817e-02   3.818e-03   1.426e-02  1.0000        1066  [    2     10        120         17 ]
           3       28396     168.617   3.680e-06   2.492e-05   1.817e-02   3.814e-03   1.420e-02  1.0000        1067  [    1     74         60         15 ]
           3       28602     170.094   3.680e-06   2.492e-05   1.817e-02   3.808e-03   1.413e-02  1.0000        1070  [    1     75         60         14 ]
           3       28793     171.604   3.680e-06   2.492e-05   1.817e-02   3.800e-03   1.411e-02  1.0000        1069  [    1     76         60         15 ]
           3       29000     173.244   3.680e-06   2.492e-05   1.817e-02   3.796e-03   1.408e-02  1.0000        1078  [    1     77         60         15 ]
           3       29215     174.902   3.680e-06   2.492e-05   1.817e-02   3.785e-03   1.402e-02  1.0000        1066  [    1     78         60         17 ]
           3       29451     176.759   3.680e-06   2.492e-05   1.817e-02   3.777e-03   1.396e-02  1.0000        1059  [    1     79         60         14 ]
           3       29641     178.131   3.680e-06   2.492e-05   1.817e-02   3.775e-03   1.396e-02  1.0000        1061  [    1     80         60         14 ]
           3       29853     179.648   3.680e-06   2.492e-05   1.817e-02   3.770e-03   1.390e-02  1.0000        1062  [    1     81         60         13 ]
           3       30177     181.266   3.680e-06   2.492e-05   1.817e-02   3.766e-03   1.387e-02  1.0000        1074  [    2     11        120         17 ]
           3       30398     182.943   3.680e-06   2.492e-05   1.817e-02   3.766e-03   1.387e-02  1.0000        1075  [    1     82         60         16 ]
           3       30612     184.363   3.680e-06   2.492e-05   1.817e-02   3.766e-03   1.386e-02  1.0000        1078  [    1     83         60         16 ]
           3       30831     185.765   3.680e-06   2.492e-05   1.817e-02   3.763e-03   1.384e-02  1.0000        1067  [    1     84         60         14 ]
           3       31036     187.345   3.680e-06   2.492e-05   1.817e-02   3.761e-03   1.378e-02  1.0000        1067  [    1     85         60         13 ]
           3       31246     189.020   3.680e-06   2.492e-05   1.817e-02   3.761e-03   1.376e-02  1.0000        1067  [    1     86         60         13 ]
           3       31444     190.640   3.680e-06   2.492e-05   1.817e-02   3.761e-03   1.376e-02  1.0000        1074  [    1     87         60         15 ]
           3       31645     192.364   3.680e-06   2.492e-05   1.817e-02   3.754e-03   1.373e-02  1.0000        1071  [    1     88         60         15 ]
           3       31843     194.075   3.680e-06   2.492e-05   1.817e-02   3.749e-03   1.365e-02  1.0000        1074  [    1     89         60         15 ]
           3       32190     195.620   3.680e-06   2.492e-05   1.817e-02   3.751e-03   1.363e-02  1.0000        1080  [    2     12        120         22 ]
           3       32445     197.177   3.680e-06   2.492e-05   1.817e-02   3.747e-03   1.356e-02  1.0000        1080  [    1     90         60         20 ]
           3       32683     198.639   3.680e-06   2.492e-05   1.817e-02   3.740e-03   1.351e-02  1.0000        1079  [    1     91         60         18 ]
           3       32908     200.363   3.680e-06   2.492e-05   1.817e-02   3.740e-03   1.351e-02  1.0000        1085  [    1     92         60         17 ]
           3       33118     202.386   3.680e-06   2.492e-05   1.817e-02   3.737e-03   1.343e-02  1.0000        1077  [    1     93         60         16 ]
           3       33321     204.362   3.680e-06   2.492e-05   1.817e-02   3.737e-03   1.340e-02  1.0000        1080  [    1     94         60         16 ]
           3       33533     205.861   3.680e-06   2.492e-05   1.817e-02   3.737e-03   1.339e-02  1.0000        1086  [    1     95         60         17 ]
           3       33762     207.195   3.680e-06   2.492e-05   1.817e-02   3.735e-03   1.338e-02  1.0000        1089  [    1     96         60         18 ]
           3       33987     208.898   3.680e-06   2.492e-05   1.813e-02   3.734e-03   1.337e-02  1.0000        1097  [    1     97         60         19 ]
           3       34343     210.381   3.680e-06   1.836e-06   1.813e-02   3.737e-03   1.337e-02  1.0000        1091  [    2     13        120         21 ]
           3       34601     212.410   3.680e-06   1.836e-06   1.813e-02   3.727e-03   1.335e-02  1.0000        1088  [    1     98         60         19 ]
           3       34834     214.288   3.680e-06   1.836e-06   1.813e-02   3.726e-03   1.334e-02  1.0000        1091  [    1     99         60         17 ]
           3       35049     215.461   3.680e-06   1.836e-06   1.813e-02   3.726e-03   1.334e-02  1.0000        1094  [    1    100         60         18 ]
           3       35258     217.375   3.680e-06   1.836e-06   1.813e-02   3.724e-03   1.330e-02  1.0000        1093  [    1    101         60         15 ]
           3       35448     219.011   3.680e-06   1.836e-06   1.813e-02   3.722e-03   1.330e-02  1.0000        1086  [    1    102         60         13 ]
           3       35641     220.621   3.680e-06   1.836e-06   1.813e-02   3.722e-03   1.330e-02  1.0000        1095  [    1    103         60         13 ]
           3       35838     222.547   3.680e-06   1.836e-06   1.813e-02   3.718e-03   1.330e-02  1.0000        1102  [    1    104         60         14 ]
           3       36042     224.575   3.680e-06   1.836e-06   1.813e-02   3.717e-03   1.317e-02  1.0000        1110  [    1    105         60         13 ]
           3       36385     226.650   3.680e-06   1.836e-06   1.813e-02   3.721e-03   1.309e-02  1.0000        1099  [    2     14        120         16 ]
           3       36592     228.554   3.680e-06   1.836e-06   1.813e-02   3.716e-03   1.296e-02  1.0000        1075  [    1    106         60         13 ]
           3       36799     229.897   3.680e-06   1.836e-06   1.813e-02   3.701e-03   1.280e-02  1.0000        1070  [    1    107         60         12 ]
           3       36992     231.695   3.680e-06   1.836e-06   1.813e-02   3.701e-03   1.280e-02  1.0000        1073  [    1    108         60         13 ]
           3       37179     233.546   3.680e-06   1.836e-06   1.813e-02   3.701e-03   1.280e-02  1.0000        1078  [    1    109         60         13 ]
           3       37357     235.439   3.680e-06   1.836e-06   1.813e-02   3.696e-03   1.273e-02  1.0000        1087  [    1    110         60         14 ]
           3       37553     237.214   3.680e-06   1.836e-06   1.815e-02   3.690e-03   1.271e-02  1.0000        1080  [    1    111         60         13 ]
           3       37746     238.710   3.680e-06   1.836e-06   1.815e-02   3.659e-03   1.270e-02  1.0000        1084  [    1    112         60         12 ]
           3       37938     240.054   3.680e-06   1.836e-06   1.822e-02   3.622e-03   1.268e-02  1.0000        1089  [    1    113         60         13 ]
           3       38278     241.487   3.680e-06   1.836e-06   1.822e-02   3.621e-03   1.268e-02  1.0000        1075  [    2     15        120         16 ]
           3       38489     242.936   3.680e-06   1.836e-06   1.822e-02   3.612e-03   1.260e-02  1.0000        1085  [    1    114         60         17 ]
           3       38725     244.870   3.680e-06   1.836e-06   1.822e-02   3.612e-03   1.260e-02  1.0000        1087  [    1    115         60         17 ]
           3       38958     246.307   3.680e-06   1.836e-06   1.822e-02   3.603e-03   1.258e-02  1.0000        1081  [    1    116         60         15 ]
           3       39162     247.865   3.680e-06   1.836e-06   1.822e-02   3.601e-03   1.245e-02  1.0000        1083  [    1    117         60         15 ]
           3       39369     249.961   3.680e-06   1.836e-06   1.822e-02   3.597e-03   1.240e-02  1.0000        1081  [    1    118         60         14 ]
           3       39559     251.866   3.680e-06   1.836e-06   1.822e-02   3.598e-03   1.239e-02  1.0000        1080  [    1    119         60         14 ]
           3       39751     253.671   3.680e-06   1.836e-06   1.822e-02   3.599e-03   1.239e-02  1.0000        1082  [    1    120         60         13 ]
           3       39945     255.825   3.680e-06   1.836e-06   1.822e-02   3.585e-03   1.232e-02  1.0000        1087  [    1    121         60         13 ]
           3       40263     257.388   3.680e-06   1.836e-06   1.822e-02   3.574e-03   1.221e-02  1.0000        1090  [    2     16        120         14 ]
           3       40453     259.409   3.680e-06   1.836e-06   1.823e-02   3.572e-03   1.217e-02  1.0000        1095  [    1    122         60         13 ]
           3       40643     261.173   3.680e-06   1.836e-06   1.823e-02   3.571e-03   1.210e-02  1.0000        1100  [    1    123         60         13 ]
           3       40853     262.432   3.680e-06   1.836e-06   1.823e-02   3.558e-03   1.208e-02  1.0000        1109  [    1    124         60         14 ]
           3       41065     264.276   3.680e-06   1.836e-06   1.823e-02   3.555e-03   1.201e-02  1.0000        1111  [    1    125         60         16 ]
           3       41276     266.243   3.680e-06   1.836e-06   1.823e-02   3.551e-03   1.198e-02  1.0000        1107  [    1    126         60         17 ]
           3       41487     268.224   3.680e-06   1.836e-06   1.823e-02   3.543e-03   1.195e-02  1.0000        1113  [    1    127         60         18 ]
           3       41719     270.178   3.680e-06   1.836e-06   1.823e-02   3.542e-03   1.193e-02  1.0000        1114  [    1    128         60         18 ]
           3       41948     271.983   3.680e-06   1.836e-06   1.823e-02   3.537e-03   1.191e-02  1.0000        1111  [    1    129         60         14 ]
           3       42278     273.993   3.680e-06   1.836e-06   1.823e-02   3.536e-03   1.189e-02  1.0000        1116  [    2     17        120         16 ]
           3       42872     276.152   3.680e-06   1.836e-06   1.824e-02   3.531e-03   1.180e-02  1.0000        1121  [    3      3        240         23 ]
           3       43140     277.627   3.680e-06   1.836e-06   1.824e-02   3.522e-03   1.179e-02  1.0000        1120  [    1    130         60         19 ]
           3       43368     279.280   3.680e-06   1.836e-06   1.824e-02   3.522e-03   1.179e-02  1.0000        1115  [    1    131         60         17 ]
           3       43583     281.292   3.680e-06   1.836e-06   1.824e-02   3.520e-03   1.173e-02  1.0000        1116  [    1    132         60         15 ]
           3       43794     283.304   3.680e-06   1.836e-06   1.824e-02   3.503e-03   1.165e-02  1.0000        1115  [    1    133         60         14 ]
           3       44009     285.504   3.680e-06   1.836e-06   1.824e-02   3.497e-03   1.165e-02  1.0000        1082  [    1    134         60         14 ]
           3       44227     287.533   3.680e-06   1.836e-06   1.824e-02   3.489e-03   1.164e-02  1.0000        1084  [    1    135         60         13 ]
           3       44432     289.098   3.680e-06   1.836e-06   1.824e-02   3.489e-03   1.164e-02  1.0000        1090  [    1    136         60         14 ]
           3       44637     291.252   3.680e-06   1.836e-06   1.824e-02   3.485e-03   1.160e-02  1.0000        1087  [    1    137         60         12 ]
           3       44969     293.211   3.680e-06   1.836e-06   1.824e-02   3.485e-03   1.160e-02  1.0000        1086  [    2     18        120         16 ]
           3       45186     294.675   3.680e-06   1.836e-06   1.824e-02   3.484e-03   1.159e-02  1.0000        1082  [    1    138         60         13 ]
           3       45376     296.184   3.680e-06   1.836e-06   1.824e-02   3.483e-03   1.159e-02  1.0000        1081  [    1    139         60         11 ]
           3       45543     297.707   3.680e-06   1.836e-06   1.824e-02   3.474e-03   1.154e-02  1.0000        1080  [    1    140         60         11 ]
           3       45713     299.621   3.680e-06   1.836e-06   1.824e-02   3.464e-03   1.149e-02  1.0000        1087  [    1    141         60         12 ]
           3       45889     301.591   3.680e-06   1.836e-06   1.824e-02   3.464e-03   1.149e-02  1.0000        1089  [    1    142         60         12 ]
           3       46076     303.377   3.680e-06   1.836e-06   1.824e-02   3.464e-03   1.148e-02  1.0000        1088  [    1    143         60         12 ]
           3       46258     305.016   3.680e-06   1.836e-06   1.824e-02   3.465e-03   1.148e-02  1.0000        1087  [    1    144         60         13 ]
           3       46437     306.504   3.680e-06   1.836e-06   1.824e-02   3.465e-03   1.146e-02  1.0000        1089  [    1    145         60         13 ]
           3       46760     308.175   3.680e-06   1.836e-06   1.824e-02   3.447e-03   1.141e-02  1.0000        1089  [    2     19        120         16 ]
           3       46953     309.909   3.680e-06   1.836e-06   1.824e-02   3.448e-03   1.141e-02  1.0000        1088  [    1    146         60         14 ]
           3       47141     311.556   3.680e-06   1.836e-06   1.824e-02   3.431e-03   1.141e-02  1.0000        1091  [    1    147         60         13 ]
           3       47339     313.310   3.680e-06   1.836e-06   1.824e-02   3.431e-03   1.141e-02  1.0000        1086  [    1    148         60         13 ]
           3       47526     315.148   3.680e-06   1.836e-06   1.824e-02   3.419e-03   1.138e-02  1.0000        1087  [    1    149         60         13 ]
           3       47725     316.833   3.680e-06   1.836e-06   1.824e-02   3.418e-03   1.137e-02  1.0000        1089  [    1    150         60         12 ]
           3       47908     318.342   3.680e-06   1.836e-06   1.824e-02   3.409e-03   1.127e-02  1.0000        1097  [    1    151         60         13 ]
           3       48093     320.397   3.680e-06   1.836e-06   1.824e-02   3.405e-03   1.126e-02  1.0000        1098  [    1    152         60         12 ]
           3       48273     321.897   3.680e-06   1.836e-06   1.824e-02   3.404e-03   1.126e-02  1.0000        1102  [    1    153         60         12 ]
           3       48586     323.602   3.680e-06   1.836e-06   1.824e-02   3.404e-03   1.126e-02  1.0000        1106  [    2     20        120         13 ]
           3       48783     325.228   3.680e-06   1.836e-06   1.824e-02   3.403e-03   1.119e-02  1.0000        1108  [    1    154         60         13 ]
           3       49005     326.987   3.680e-06   1.836e-06   1.824e-02   3.402e-03   1.116e-02  1.0000        1084  [    1    155         60         11 ]
           3       49191     328.671   3.680e-06   1.836e-06   1.823e-02   3.395e-03   1.112e-02  1.0000        1091  [    1    156         60         11 ]
           3       49372     330.437   3.680e-06   1.836e-06   1.823e-02   3.395e-03   1.112e-02  1.0000        1094  [    1    157         60         12 ]
           3       49563     332.455   3.680e-06   1.836e-06   1.823e-02   3.395e-03   1.108e-02  1.0000        1084  [    1    158         60         13 ]
           3       49757     334.247   3.680e-06   1.836e-06   1.823e-02   3.398e-03   1.105e-02  1.0000        1087  [    1    159         60         13 ]
           3       49949     335.806   3.680e-06   1.836e-06   1.823e-02   3.388e-03   1.104e-02  1.0000        1087  [    1    160         60         13 ]
           3       50158     337.742   3.680e-06   1.836e-06   1.823e-02   3.389e-03   1.099e-02  1.0000        1089  [    1    161         60         13 ]
           3       50484     339.639   3.680e-06   1.836e-06   1.827e-02   3.389e-03   1.099e-02  1.0000        1090  [    2     21        120         14 ]
           3       50690     341.603   3.680e-06   1.836e-06   1.827e-02   3.387e-03   1.099e-02  1.0000        1085  [    1    162         60         12 ]
           3       50868     343.473   3.680e-06   1.836e-06   1.829e-02   3.378e-03   1.097e-02  1.0000        1088  [    1    163         60         11 ]
           3       51046     345.353   3.680e-06   1.836e-06   1.829e-02   3.376e-03   1.096e-02  1.0000        1089  [    1    164         60         11 ]
           3       51220     346.712   3.680e-06   1.836e-06   1.829e-02   3.376e-03   1.096e-02  1.0000        1094  [    1    165         60         11 ]
           3       51396     348.253   3.680e-06   1.836e-06   1.829e-02   3.374e-03   1.091e-02  1.0000        1097  [    1    166         60         11 ]
           3       51566     349.649   3.680e-06   1.836e-06   1.829e-02   3.374e-03   1.091e-02  1.0000        1100  [    1    167         60         11 ]
           3       51749     351.557   3.680e-06   1.836e-06   1.829e-02   3.374e-03   1.091e-02  1.0000        1105  [    1    168         60         11 ]
           3       51927     353.405   3.680e-06   1.836e-06   1.829e-02   3.374e-03   1.091e-02  1.0000        1110  [    1    169         60         11 ]
           3       52246     355.337   3.680e-06   1.836e-06   1.829e-02   3.374e-03   1.091e-02  1.0000        1113  [    2     22        120         13 ]
           3       52446     357.349   3.680e-06   1.836e-06   1.829e-02   3.374e-03   1.091e-02  1.0000        1108  [    1    170         60         13 ]
           3       52645     358.913   3.680e-06   1.836e-06   1.829e-02   3.372e-03   1.090e-02  1.0000        1107  [    1    171         60         14 ]
           3       52839     360.244   3.680e-06   1.836e-06   1.829e-02   3.368e-03   1.088e-02  1.0000        1106  [    1    172         60         11 ]
           3       53012     361.920   3.680e-06   1.836e-06   1.829e-02   3.367e-03   1.087e-02  1.0000        1105  [    1    173         60         10 ]
           3       53183     363.428   3.680e-06   1.836e-06   1.829e-02   3.367e-03   1.087e-02  1.0000        1106  [    1    174         60         10 ]
           3       53354     365.482   3.680e-06   1.836e-06   1.829e-02   3.367e-03   1.087e-02  1.0000        1111  [    1    175         60         10 ]
           3       53533     367.001   3.680e-06   1.836e-06   1.829e-02   3.368e-03   1.085e-02  1.0000        1109  [    1    176         60         10 ]
           3       53716     369.083   3.680e-06   1.836e-06   1.829e-02   3.364e-03   1.082e-02  1.0000        1111  [    1    177         60         10 ]
           3       54045     371.129   3.680e-06   1.836e-06   1.829e-02   3.364e-03   1.082e-02  1.0000        1115  [    2     23        120         13 ]
           3       54249     372.890   3.680e-06   1.836e-06   1.829e-02   3.364e-03   1.076e-02  1.0000        1122  [    1    178         60         13 ]
           3       54461     374.387   3.680e-06   1.836e-06   1.829e-02   3.364e-03   1.076e-02  1.0000        1117  [    1    179         60         13 ]
           3       54656     376.132   3.680e-06   1.836e-06   1.829e-02   3.362e-03   1.075e-02  1.0000        1087  [    1    180         60          9 ]
           3       54823     377.492   3.680e-06   1.836e-06   1.829e-02   3.361e-03   1.068e-02  1.0000        1087  [    1    181         60          9 ]
           3       54990     379.071   3.680e-06   1.836e-06   1.828e-02   3.361e-03   1.067e-02  1.0000        1088  [    1    182         60          9 ]
           3       55161     380.652   3.680e-06   1.836e-06   1.828e-02   3.357e-03   1.062e-02  1.0000        1088  [    1    183         60          9 ]
           3       55325     382.357   3.680e-06   1.836e-06   1.828e-02   3.354e-03   1.060e-02  1.0000        1088  [    1    184         60          9 ]
           3       55492     383.940   3.680e-06   1.836e-06   1.833e-02   3.353e-03   1.054e-02  1.0000        1088  [    1    185         60          9 ]
           3       55800     385.514   3.680e-06   1.836e-06   1.833e-02   3.340e-03   1.050e-02  1.0000        1098  [    2     24        120         15 ]
           3       56017     387.651   3.680e-06   1.165e-06   1.833e-02   3.346e-03   1.050e-02  1.0000        1094  [    1    186         60         13 ]
           3       56215     389.742   3.680e-06   1.165e-06   1.833e-02   3.346e-03   1.048e-02  1.0000        1096  [    1    187         60         14 ]
           3       56414     391.900   3.680e-06   1.165e-06   1.833e-02   3.329e-03   1.047e-02  1.0000        1092  [    1    188         60         12 ]
           3       56612     393.812   3.680e-06   1.165e-06   1.833e-02   3.329e-03   1.046e-02  1.0000        1093  [    1    189         60         13 ]
           3       56821     395.306   3.680e-06   1.165e-06   1.835e-02   3.329e-03   1.045e-02  1.0000        1095  [    1    190         60         15 ]
           3       57014     396.968   3.680e-06   1.165e-06   1.835e-02   3.327e-03   1.045e-02  1.0000        1095  [    1    191         60         14 ]
           3       57223     398.786   3.680e-06   1.165e-06   1.835e-02   3.328e-03   1.044e-02  1.0000        1095  [    1    192         60         14 ]
           3       57410     400.709   3.680e-06   1.165e-06   1.835e-02   3.327e-03   1.044e-02  1.0000        1099  [    1    193         60         14 ]
           3       57784     402.320   3.680e-06   1.165e-06   1.835e-02   3.327e-03   1.044e-02  1.0000        1104  [    2     25        120         17 ]
           3       58392     404.103   3.680e-06   1.165e-06   1.835e-02   3.318e-03   1.036e-02  1.0000        1106  [    3      4        240         19 ]
           3       58638     406.144   3.680e-06   1.165e-06   1.835e-02   3.318e-03   1.036e-02  1.0000        1106  [    1    194         60         18 ]
           3       58850     407.887   3.680e-06   1.165e-06   1.835e-02   3.319e-03   1.036e-02  1.0000        1103  [    1    195         60         15 ]
           3       59070     409.782   3.680e-06   1.165e-06   1.835e-02   3.319e-03   1.036e-02  1.0000        1107  [    1    196         60         14 ]
           3       59280     411.448   3.680e-06   1.165e-06   1.835e-02   3.319e-03   1.036e-02  1.0000        1103  [    1    197         60         12 ]
           3       59456     413.164   3.680e-06   1.165e-06   1.835e-02   3.322e-03   1.032e-02  1.0000        1103  [    1    198         60         11 ]
           3       59631     414.944   3.680e-06   1.165e-06   1.835e-02   3.322e-03   1.023e-02  1.0000        1109  [    1    199         60         11 ]
           3       59813     417.116   3.680e-06   1.165e-06   1.835e-02   3.319e-03   1.019e-02  1.0000        1115  [    1    200         60         12 ]
           3       60004     419.121   3.680e-06   1.165e-06   1.835e-02   3.314e-03   1.019e-02  1.0000        1119  [    1    201         60         12 ]
           3       60328     421.206   3.680e-06   1.165e-06   1.835e-02   3.314e-03   1.019e-02  1.0000        1105  [    2     26        120         18 ]
           3       60547     423.408   3.680e-06   1.165e-06   1.835e-02   3.314e-03   1.019e-02  1.0000        1103  [    1    202         60         17 ]
           3       60772     425.340   3.680e-06   1.165e-06   1.835e-02   3.314e-03   1.019e-02  1.0000        1106  [    1    203         60         17 ]
           3       60986     426.856   3.680e-06   1.165e-06   1.835e-02   3.313e-03   1.018e-02  1.0000        1101  [    1    204         60         14 ]
           3       61187     428.295   3.680e-06   1.165e-06   1.835e-02   3.311e-03   1.018e-02  1.0000        1102  [    1    205         60         16 ]
           3       61390     429.887   3.680e-06   1.165e-06   1.835e-02   3.313e-03   1.016e-02  1.0000        1106  [    1    206         60         15 ]
           3       61605     431.335   3.680e-06   1.165e-06   1.835e-02   3.311e-03   1.015e-02  1.0000        1101  [    1    207         60         12 ]
           3       61779     432.887   3.680e-06   1.165e-06   1.835e-02   3.310e-03   1.014e-02  1.0000        1103  [    1    208         60         13 ]
           3       61965     434.443   3.680e-06   1.165e-06   1.835e-02   3.310e-03   1.014e-02  1.0000        1103  [    1    209         60         12 ]
           3       62304     436.338   3.680e-06   1.165e-06   1.835e-02   3.310e-03   1.014e-02  1.0000        1104  [    2     27        120         14 ]
           3       62515     438.201   3.680e-06   1.165e-06   1.835e-02   3.310e-03   1.014e-02  1.0000        1108  [    1    210         60         14 ]
           3       62720     439.778   3.680e-06   1.165e-06   1.835e-02   3.310e-03   1.014e-02  1.0000        1109  [    1    211         60         12 ]
           3       62907     441.558   3.680e-06   1.165e-06   1.835e-02   3.308e-03   1.014e-02  1.0000        1108  [    1    212         60         11 ]
           3       63087     443.001   3.680e-06   1.165e-06   1.835e-02   3.308e-03   1.011e-02  1.0000        1113  [    1    213         60         11 ]
           3       63272     445.048   3.680e-06   1.165e-06   1.835e-02   3.304e-03   1.009e-02  1.0000        1114  [    1    214         60         11 ]
           3       63445     446.974   3.680e-06   1.165e-06   1.835e-02   3.301e-03   1.009e-02  1.0000        1115  [    1    215         60         11 ]
           3       63630     448.628   3.680e-06   1.165e-06   1.835e-02   3.295e-03   1.007e-02  1.0000        1113  [    1    216         60         11 ]
           3       63815     450.658   3.680e-06   1.165e-06   1.835e-02   3.295e-03   1.005e-02  1.0000        1114  [    1    217         60         11 ]
           3       64126     452.435   3.680e-06   1.165e-06   1.835e-02   3.295e-03   1.005e-02  1.0000        1121  [    2     28        120         16 ]
           3       64340     454.374   1.634e-06   1.165e-06   1.835e-02   3.295e-03   1.003e-02  1.0000        1115  [    1    218         60         14 ]
           3       64546     456.450   1.634e-06   1.165e-06   1.835e-02   3.292e-03   1.001e-02  1.0000        1099  [    1    219         60         11 ]
           3       64725     458.343   1.634e-06   1.165e-06   1.835e-02   3.291e-03   9.979e-03  1.0000        1099  [    1    220         60         11 ]
           3       64901     459.791   1.634e-06   1.165e-06   1.835e-02   3.288e-03   9.957e-03  1.0000        1101  [    1    221         60         11 ]
           3       65071     461.308   1.634e-06   1.165e-06   1.835e-02   3.286e-03   9.953e-03  1.0000        1100  [    1    222         60         11 ]
           3       65249     463.294   1.634e-06   1.165e-06   1.835e-02   3.285e-03   9.910e-03  1.0000        1102  [    1    223         60         11 ]
           3       65426     465.042   1.634e-06   1.165e-06   1.835e-02   3.279e-03   9.867e-03  1.0000        1109  [    1    224         60         11 ]
           3       65593     466.752   1.634e-06   1.165e-06   1.835e-02   3.281e-03   9.851e-03  1.0000        1111  [    1    225         60         11 ]
           3       65913     468.591   1.634e-06   1.165e-06   1.835e-02   3.281e-03   9.846e-03  1.0000        1125  [    2     29        120         19 ]
           3       66133     470.392   1.634e-06   1.165e-06   1.835e-02   3.282e-03   9.777e-03  1.0000        1124  [    1    226         60         16 ]
           3       66357     472.349   1.634e-06   1.165e-06   1.836e-02   3.281e-03   9.735e-03  1.0000        1127  [    1    227         60         17 ]
           3       66597     474.250   1.634e-06   1.165e-06   1.836e-02   3.277e-03   9.711e-03  1.0000        1136  [    1    228         60         17 ]
           3       66832     475.839   1.634e-06   1.165e-06   1.836e-02   3.277e-03   9.711e-03  1.0000        1130  [    1    229         60         15 ]
           3       67035     477.681   1.634e-06   1.165e-06   1.836e-02   3.276e-03   9.706e-03  1.0000        1132  [    1    230         60         16 ]
           3       67258     479.340   1.634e-06   1.165e-06   1.836e-02   3.276e-03   9.700e-03  1.0000        1138  [    1    231         60         17 ]
           3       67497     481.621   1.634e-06   1.165e-06   1.836e-02   3.276e-03   9.700e-03  1.0000        1111  [    1    232         60         16 ]
           3       67702     483.311   1.634e-06   1.165e-06   1.836e-02   3.276e-03   9.700e-03  1.0000        1108  [    1    233         60         13 ]
           3       68033     485.209   1.634e-06   1.165e-06   1.836e-02   3.276e-03   9.700e-03  1.0000        1117  [    2     30        120         17 ]
           3       68255     486.658   1.634e-06   1.165e-06   1.835e-02   3.276e-03   9.694e-03  1.0000        1119  [    1    234         60         15 ]
           3       68467     488.102   1.634e-06   1.165e-06   1.835e-02   3.276e-03   9.694e-03  1.0000        1119  [    1    235         60         16 ]
           3       68688     489.893   1.634e-06   1.165e-06   1.835e-02   3.276e-03   9.694e-03  1.0000        1119  [    1    236         60         15 ]
           3       68902     491.471   1.634e-06   1.165e-06   1.835e-02   3.276e-03   9.694e-03  1.0000        1121  [    1    237         60         17 ]
           3       69121     493.392   1.634e-06   1.165e-06   1.835e-02   3.275e-03   9.689e-03  1.0000        1128  [    1    238         60         14 ]
           3       69309     495.052   1.634e-06   1.165e-06   1.835e-02   3.275e-03   9.689e-03  1.0000        1127  [    1    239         60         14 ]
           3       69506     497.106   1.634e-06   1.165e-06   1.835e-02   3.275e-03   9.689e-03  1.0000        1132  [    1    240         60         15 ]
           3       69724     499.125   1.634e-06   1.165e-06   1.835e-02   3.275e-03   9.658e-03  1.0000        1129  [    1    241         60         14 ]
           3       70053     501.203   1.634e-06   1.165e-06   1.835e-02   3.275e-03   9.656e-03  1.0000        1122  [    2     31        120         14 ]
           3       70253     502.969   1.634e-06   1.165e-06   1.835e-02   3.273e-03   9.659e-03  1.0000        1119  [    1    242         60         14 ]
           3       70447     504.991   1.634e-06   1.165e-06   1.835e-02   3.275e-03   9.652e-03  1.0000        1110  [    1    243         60         14 ]
           3       70640     506.903   1.634e-06   1.165e-06   1.835e-02   3.274e-03   9.650e-03  1.0000        1107  [    1    244         60         13 ]
           3       70843     509.059   1.634e-06   1.165e-06   1.835e-02   3.274e-03   9.646e-03  1.0000        1109  [    1    245         60         13 ]
           3       71035     511.179   1.634e-06   1.165e-06   1.835e-02   3.274e-03   9.643e-03  1.0000        1108  [    1    246         60         12 ]
           3       71213     513.074   1.634e-06   1.165e-06   1.835e-02   3.275e-03   9.634e-03  1.0000        1111  [    1    247         60         12 ]
           3       71411     515.267   1.634e-06   1.165e-06   1.835e-02   3.267e-03   9.620e-03  1.0000        1112  [    1    248         60         13 ]
           3       71609     517.094   1.634e-06   1.165e-06   1.835e-02   3.266e-03   9.595e-03  1.0000        1113  [    1    249         60         12 ]
           3       71929     519.126   1.634e-06   1.165e-06   1.835e-02   3.266e-03   9.595e-03  1.0000        1107  [    2     32        120         15 ]
           3       72137     520.663   1.634e-06   1.165e-06   1.836e-02   3.265e-03   9.584e-03  1.0000        1105  [    1    250         60         13 ]
           3       72332     522.307   1.634e-06   1.165e-06   1.836e-02   3.260e-03   9.576e-03  1.0000        1106  [    1    251         60         12 ]
           3       72517     524.171   1.634e-06   1.165e-06   1.836e-02   3.259e-03   9.580e-03  1.0000        1111  [    1    252         60         14 ]
           3       72711     525.947   1.634e-06   1.165e-06   1.836e-02   3.256e-03   9.580e-03  1.0000        1117  [    1    253         60         13 ]
           3       72904     528.108   1.634e-06   1.165e-06   1.836e-02   3.256e-03   9.580e-03  1.0000        1110  [    1    254         60         13 ]
           3       73095     529.683   1.634e-06   1.165e-06   1.838e-02   3.249e-03   9.510e-03  1.0000        1113  [    1    255         60         13 ]
           3       73276     531.789   1.634e-06   1.165e-06   1.838e-02   3.249e-03   9.510e-03  1.0000        1116  [    1    256         60         13 ]
           3       73457     533.593   1.634e-06   1.165e-06   1.838e-02   3.249e-03   9.510e-03  1.0000        1122  [    1    257         60         14 ]
           3       73796     535.548   1.634e-06   1.165e-06   1.838e-02   3.249e-03   9.510e-03  1.0000        1126  [    2     33        120         16 ]
           3       74414     537.418   1.634e-06   1.165e-06   1.840e-02   3.240e-03   9.453e-03  1.0000        1127  [    3      5        240         20 ]
           3       74663     539.136   1.634e-06   1.165e-06   1.840e-02   3.240e-03   9.453e-03  1.0000        1120  [    1    258         60         17 ]
           3       74898     541.219   1.634e-06   1.165e-06   1.840e-02   3.240e-03   9.446e-03  1.0000        1113  [    1    259         60         16 ]
           3       75098     543.377   1.634e-06   1.165e-06   1.840e-02   3.235e-03   9.445e-03  1.0000        1109  [    1    260         60         13 ]
           3       75299     545.196   1.634e-06   1.165e-06   1.840e-02   3.234e-03   9.443e-03  1.0000        1110  [    1    261         60         13 ]
           3       75495     546.694   1.634e-06   1.165e-06   1.840e-02   3.231e-03   9.443e-03  1.0000        1111  [    1    262         60         14 ]
           3       75688     548.317   1.634e-06   1.165e-06   1.840e-02   3.231e-03   9.443e-03  1.0000        1115  [    1    263         60         13 ]
           3       75889     549.818   1.634e-06   1.165e-06   1.840e-02   3.231e-03   9.444e-03  1.0000        1116  [    1    264         60         14 ]
           3       76078     551.738   1.634e-06   1.165e-06   1.840e-02   3.231e-03   9.387e-03  1.0000        1111  [    1    265         60         13 ]
           3       76430     553.956   1.634e-06   1.165e-06   1.840e-02   3.231e-03   9.387e-03  1.0000        1114  [    2     34        120         16 ]
           3       76655     555.558   1.634e-06   1.165e-06   1.840e-02   3.231e-03   9.376e-03  1.0000        1115  [    1    266         60         16 ]
           3       76874     557.246   1.634e-06   1.165e-06   1.840e-02   3.231e-03   9.354e-03  1.0000        1113  [    1    267         60         14 ]
           3       77085     559.384   1.634e-06   1.165e-06   1.840e-02   3.231e-03   9.347e-03  1.0000        1110  [    1    268         60         13 ]
           3       77256     561.063   1.634e-06   1.165e-06   1.840e-02   3.231e-03   9.347e-03  1.0000        1109  [    1    269         60         13 ]
           3       77429     563.092   1.634e-06   1.165e-06   1.840e-02   3.231e-03   9.347e-03  1.0000        1110  [    1    270         60         12 ]
           3       77610     564.647   1.634e-06   1.165e-06   1.840e-02   3.230e-03   9.327e-03  1.0000        1110  [    1    271         60         11 ]
           3       77792     566.536   1.634e-06   1.165e-06   1.840e-02   3.230e-03   9.305e-03  1.0000        1116  [    1    272         60         11 ]
           3       77978     568.618   1.634e-06   1.165e-06   1.840e-02   3.230e-03   9.291e-03  1.0000        1121  [    1    273         60         11 ]
           3       78302     570.474   1.634e-06   1.165e-06   1.840e-02   3.230e-03   9.291e-03  1.0000        1130  [    2     35        120         17 ]
           3       78525     572.519   1.634e-06   1.165e-06   1.840e-02   3.230e-03   9.295e-03  1.0000        1132  [    1    274         60         16 ]
           3       78740     574.310   1.634e-06   1.165e-06   1.847e-02   3.229e-03   9.283e-03  1.0000        1127  [    1    275         60         14 ]
           3       78934     576.272   1.634e-06   1.165e-06   1.847e-02   3.227e-03   9.285e-03  1.0000        1121  [    1    276         60         13 ]
           3       79118     578.099   1.634e-06   1.165e-06   1.847e-02   3.228e-03   9.285e-03  1.0000        1124  [    1    277         60         13 ]
           3       79312     580.066   1.634e-06   1.165e-06   1.847e-02   3.228e-03   9.285e-03  1.0000        1120  [    1    278         60         14 ]
           3       79497     581.615   1.634e-06   1.165e-06   1.847e-02   3.228e-03   9.274e-03  1.0000        1127  [    1    279         60         14 ]
           3       79686     583.640   1.634e-06   1.165e-06   1.847e-02   3.227e-03   9.266e-03  1.0000        1133  [    1    280         60         14 ]
           3       79874     585.605   1.634e-06   1.165e-06   1.847e-02   3.227e-03   9.263e-03  1.0000        1140  [    1    281         60         13 ]
           3       80201     587.400   1.634e-06   1.165e-06   1.847e-02   3.228e-03   9.256e-03  1.0000        1133  [    2     36        120         14 ]
           3       80382     589.055   1.634e-06   1.165e-06   1.847e-02   3.228e-03   9.256e-03  1.0000        1130  [    1    282         60         13 ]
           3       80570     590.875   1.634e-06   1.165e-06   1.847e-02   3.228e-03   9.257e-03  1.0000        1127  [    1    283         60         12 ]
           3       80754     592.876   1.634e-06   1.165e-06   1.847e-02   3.227e-03   9.235e-03  1.0000        1134  [    1    284         60         12 ]
           3       80940     594.687   1.634e-06   1.165e-06   1.847e-02   3.226e-03   9.251e-03  1.0000        1132  [    1    285         60         12 ]
           3       81116     596.702   1.634e-06   7.926e-07   1.847e-02   3.234e-03   9.231e-03  1.0000        1141  [    1    286         60         12 ]
           3       81294     598.823   1.634e-06   7.926e-07   1.847e-02   3.234e-03   9.231e-03  1.0000        1151  [    1    287         60         12 ]
           3       81482     600.590   1.634e-06   7.926e-07   1.847e-02   3.234e-03   9.231e-03  1.0000        1158  [    1    288         60         12 ]
           3       81668     602.178   1.634e-06   7.926e-07   1.847e-02   3.233e-03   9.223e-03  1.0000        1162  [    1    289         60         12 ]
           3       81989     604.298   1.634e-06   7.926e-07   1.847e-02   3.233e-03   9.223e-03  1.0000        1145  [    2     37        120         13 ]
           3       82165     606.254   1.634e-06   7.926e-07   1.847e-02   3.231e-03   9.222e-03  1.0000        1154  [    1    290         60         13 ]
           3       82358     608.020   1.634e-06   7.926e-07   1.847e-02   3.230e-03   9.215e-03  1.0000        1155  [    1    291         60         14 ]
           3       82542     610.113   1.634e-06   7.926e-07   1.847e-02   3.228e-03   9.217e-03  1.0000        1137  [    1    292         60         13 ]
           3       82735     611.614   1.634e-06   7.926e-07   1.847e-02   3.228e-03   9.200e-03  1.0000        1138  [    1    293         60         13 ]
           3       82919     613.541   1.634e-06   7.926e-07   1.847e-02   3.228e-03   9.200e-03  1.0000        1144  [    1    294         60         12 ]
           3       83112     615.451   1.634e-06   7.926e-07   1.847e-02   3.228e-03   9.200e-03  1.0000        1131  [    1    295         60         12 ]
           3       83302     617.444   1.634e-06   7.926e-07   1.847e-02   3.225e-03   9.189e-03  1.0000        1132  [    1    296         60         13 ]
           3       83485     619.675   1.634e-06   7.926e-07   1.847e-02   3.224e-03   9.183e-03  1.0000        1135  [    1    297         60         12 ]
           3       83790     621.758   1.634e-06   7.926e-07   1.847e-02   3.224e-03   9.179e-03  1.0000        1129  [    2     38        120         12 ]
           3       83969     623.732   1.634e-06   7.926e-07   1.847e-02   3.222e-03   9.177e-03  1.0000        1129  [    1    298         60         11 ]
           3       84165     625.611   1.634e-06   7.926e-07   1.847e-02   3.221e-03   9.177e-03  1.0000        1132  [    1    299         60         12 ]
           3       84358     627.558   1.634e-06   7.926e-07   1.847e-02   3.222e-03   9.172e-03  1.0000        1109  [    1    300         60         11 ]
           3       84547     629.346   1.634e-06   7.926e-07   1.847e-02   3.221e-03   9.162e-03  1.0000        1106  [    1    301         60         10 ]
           3       84725     631.239   1.634e-06   7.926e-07   1.847e-02   3.221e-03   9.162e-03  1.0000        1106  [    1    302         60         10 ]
           3       84901     633.072   1.634e-06   7.926e-07   1.851e-02   3.218e-03   9.140e-03  1.0000        1106  [    1    303         60         10 ]
           3       85069     634.718   1.634e-06   7.926e-07   1.851e-02   3.218e-03   9.128e-03  1.0000        1106  [    1    304         60         10 ]
           3       85238     636.849   1.634e-06   7.926e-07   1.851e-02   3.217e-03   9.111e-03  1.0000        1107  [    1    305         60         10 ]
           3       85527     638.811   1.634e-06   7.926e-07   1.851e-02   3.217e-03   9.111e-03  1.0000        1110  [    2     39        120         10 ]
           3       85705     640.790   1.634e-06   7.926e-07   1.851e-02   3.214e-03   9.105e-03  1.0000        1110  [    1    306         60         10 ]
           3       85878     642.818   1.634e-06   7.926e-07   1.851e-02   3.207e-03   9.104e-03  1.0000        1111  [    1    307         60         11 ]
           3       86060     644.732   1.634e-06   7.926e-07   1.851e-02   3.206e-03   9.096e-03  1.0000        1112  [    1    308         60         12 ]
           3       86255     646.705   1.634e-06   7.926e-07   1.851e-02   3.206e-03   9.096e-03  1.0000        1109  [    1    309         60         12 ]
           3       86443     648.444   1.634e-06   7.926e-07   1.851e-02   3.205e-03   9.087e-03  1.0000        1111  [    1    310         60         12 ]
           3       86623     650.150   1.634e-06   7.926e-07   1.851e-02   3.205e-03   9.087e-03  1.0000        1116  [    1    311         60         12 ]
           3       86817     652.339   1.634e-06   7.926e-07   1.851e-02   3.208e-03   9.083e-03  1.0000        1118  [    1    312         60         12 ]
           3       87003     654.346   1.634e-06   7.926e-07   1.851e-02   3.208e-03   9.079e-03  1.0000        1122  [    1    313         60         12 ]
           3       87299     656.591   1.634e-06   7.926e-07   1.851e-02   3.207e-03   9.079e-03  1.0000        1119  [    2     40        120         14 ]
           3       87503     658.379   1.634e-06   7.926e-07   1.851e-02   3.210e-03   9.077e-03  1.0000        1123  [    1    314         60         14 ]
           3       87688     660.477   1.634e-06   7.926e-07   1.851e-02   3.210e-03   9.077e-03  1.0000        1119  [    1    315         60         12 ]
           3       87892     662.607   1.634e-06   7.926e-07   1.851e-02   3.207e-03   9.043e-03  1.0000        1109  [    1    316         60         11 ]
           3       88083     664.734   1.634e-06   7.926e-07   1.851e-02   3.206e-03   9.037e-03  1.0000        1108  [    1    317         60         10 ]
           3       88264     666.568   1.634e-06   7.926e-07   1.851e-02   3.207e-03   9.032e-03  1.0000        1109  [    1    318         60         10 ]
           3       88431     668.283   1.634e-06   7.926e-07   1.851e-02   3.207e-03   9.027e-03  1.0000        1108  [    1    319         60         10 ]
           3       88610     669.876   1.634e-06   7.926e-07   1.851e-02   3.205e-03   9.027e-03  1.0000        1109  [    1    320         60         10 ]
           3       88782     671.925   1.634e-06   7.926e-07   1.851e-02   3.204e-03   9.006e-03  1.0000        1109  [    1    321         60         10 ]
           3       89087     674.043   1.634e-06   7.926e-07   1.851e-02   3.201e-03   9.002e-03  1.0000        1113  [    2     41        120         16 ]
           3       89692     675.753   1.634e-06   7.926e-07   1.851e-02   3.201e-03   9.003e-03  1.0000        1127  [    3      6        240         21 ]
           3       89925     677.684   1.634e-06   7.926e-07   1.851e-02   3.201e-03   8.994e-03  1.0000        1113  [    1    322         60         14 ]
           3       90137     679.546   1.634e-06   7.926e-07   1.851e-02   3.200e-03   8.987e-03  1.0000        1113  [    1    323         60         13 ]
           3       90320     681.169   1.634e-06   7.926e-07   1.851e-02   3.205e-03   8.951e-03  1.0000        1115  [    1    324         60         14 ]
           3       90497     683.209   1.634e-06   7.926e-07   1.851e-02   3.205e-03   8.951e-03  1.0000        1112  [    1    325         60         14 ]
           3       90678     684.837   1.634e-06   7.926e-07   1.851e-02   3.205e-03   8.951e-03  1.0000        1111  [    1    326         60         14 ]
           3       90870     686.715   1.634e-06   7.926e-07   1.852e-02   3.200e-03   8.932e-03  1.0000        1112  [    1    327         60         13 ]
           3       91045     688.754   1.634e-06   7.926e-07   1.852e-02   3.200e-03   8.932e-03  1.0000        1110  [    1    328         60         13 ]
           3       91230     690.139   1.634e-06   7.926e-07   1.852e-02   3.200e-03   8.932e-03  1.0000        1109  [    1    329         60         12 ]
           3       91592     691.719   1.634e-06   7.926e-07   1.852e-02   3.200e-03   8.932e-03  1.0000        1118  [    2     42        120         18 ]
           3       91818     693.098   1.634e-06   7.926e-07   1.852e-02   3.200e-03   8.898e-03  1.0000        1113  [    1    330         60         13 ]
           3       92016     695.206   1.634e-06   7.926e-07   1.852e-02   3.200e-03   8.898e-03  1.0000        1113  [    1    331         60         12 ]
           3       92206     696.767   1.634e-06   7.926e-07   1.852e-02   3.199e-03   8.890e-03  1.0000        1114  [    1    332         60         12 ]
           3       92400     698.438   1.634e-06   7.926e-07   1.852e-02   3.199e-03   8.890e-03  1.0000        1119  [    1    333         60         12 ]
           3       92595     700.423   1.634e-06   7.926e-07   1.852e-02   3.202e-03   8.863e-03  1.0000        1118  [    1    334         60         12 ]
           3       92784     702.251   1.634e-06   7.926e-07   1.852e-02   3.205e-03   8.862e-03  1.0000        1116  [    1    335         60         11 ]
           3       92962     704.214   1.634e-06   7.926e-07   1.852e-02   3.204e-03   8.857e-03  1.0000        1124  [    1    336         60         11 ]
           3       93140     706.155   1.634e-06   7.926e-07   1.852e-02   3.203e-03   8.855e-03  1.0000        1132  [    1    337         60         11 ]
           3       93471     708.037   1.634e-06   7.926e-07   1.852e-02   3.203e-03   8.855e-03  1.0000        1120  [    2     43        120         15 ]
           3       93677     710.139   1.634e-06   7.926e-07   1.852e-02   3.204e-03   8.833e-03  1.0000        1127  [    1    338         60         14 ]
           3       93874     711.828   1.634e-06   7.926e-07   1.852e-02   3.204e-03   8.833e-03  1.0000        1120  [    1    339         60         13 ]
           3       94091     713.550   1.634e-06   7.926e-07   1.852e-02   3.204e-03   8.808e-03  1.0000        1118  [    1    340         60         15 ]
           3       94301     715.281   1.634e-06   7.926e-07   1.855e-02   3.202e-03   8.794e-03  1.0000        1114  [    1    341         60         12 ]
           3       94480     717.089   1.634e-06   7.926e-07   1.855e-02   3.202e-03   8.794e-03  1.0000        1116  [    1    342         60         12 ]
           3       94661     719.076   1.634e-06   7.926e-07   1.855e-02   3.202e-03   8.794e-03  1.0000        1116  [    1    343         60         12 ]
           3       94855     720.947   1.634e-06   7.926e-07   1.855e-02   3.202e-03   8.790e-03  1.0000        1112  [    1    344         60         12 ]
           3       95042     722.896   1.634e-06   7.926e-07   1.855e-02   3.200e-03   8.790e-03  1.0000        1114  [    1    345         60         11 ]
           3       95386     724.722   1.634e-06   7.926e-07   1.855e-02   3.200e-03   8.777e-03  1.0000        1112  [    2     44        120         13 ]
           3       95575     726.705   1.634e-06   7.926e-07   1.855e-02   3.200e-03   8.777e-03  1.0000        1108  [    1    346         60         10 ]
           3       95741     728.362   1.634e-06   7.926e-07   1.855e-02   3.200e-03   8.777e-03  1.0000        1108  [    1    347         60         10 ]
           3       95920     730.555   1.634e-06   7.926e-07   1.855e-02   3.195e-03   8.770e-03  1.0000        1109  [    1    348         60         11 ]
           3       96105     732.661   1.634e-06   7.926e-07   1.855e-02   3.198e-03   8.768e-03  1.0000        1111  [    1    349         60         12 ]
           3       96292     734.688   1.634e-06   7.926e-07   1.855e-02   3.198e-03   8.754e-03  1.0000        1113  [    1    350         60         14 ]
           3       96475     736.449   1.634e-06   7.926e-07   1.855e-02   3.196e-03   8.726e-03  1.0000        1110  [    1    351         60         11 ]
           3       96640     738.281   1.634e-06   7.926e-07   1.855e-02   3.196e-03   8.726e-03  1.0000        1108  [    1    352         60         10 ]
           3       96807     740.203   1.634e-06   7.926e-07   1.855e-02   3.196e-03   8.726e-03  1.0000        1107  [    1    353         60          9 ]
           3       97118     742.225   1.634e-06   7.926e-07   1.855e-02   3.194e-03   8.681e-03  1.0000        1109  [    2     45        120         10 ]
           3       97290     744.217   1.634e-06   7.926e-07   1.855e-02   3.195e-03   8.668e-03  1.0000        1109  [    1    354         60         10 ]
           3       97453     746.165   1.634e-06   7.926e-07   1.855e-02   3.195e-03   8.656e-03  1.0000        1109  [    1    355         60         10 ]
           3       97632     748.096   1.634e-06   7.926e-07   1.855e-02   3.195e-03   8.663e-03  1.0000        1110  [    1    356         60         10 ]
           3       97818     749.954   1.634e-06   7.926e-07   1.855e-02   3.195e-03   8.663e-03  1.0000        1111  [    1    357         60         11 ]
           3       98006     751.616   1.634e-06   7.926e-07   1.855e-02   3.195e-03   8.663e-03  1.0000        1112  [    1    358         60         11 ]
           3       98191     753.046   1.634e-06   7.926e-07   1.855e-02   3.194e-03   8.663e-03  1.0000        1113  [    1    359         60         12 ]
           3       98386     754.595   1.634e-06   7.926e-07   1.855e-02   3.194e-03   8.663e-03  1.0000        1118  [    1    360         60         13 ]
           3       98593     756.132   1.634e-06   7.926e-07   1.858e-02   3.194e-03   8.663e-03  1.0000        1126  [    1    361         60         13 ]
           3       98895     757.707   1.634e-06   7.926e-07   1.858e-02   3.194e-03   8.663e-03  1.0000        1113  [    2     46        120         13 ]
           3       99093     759.556   1.634e-06   7.926e-07   1.858e-02   3.190e-03   8.657e-03  1.0000        1117  [    1    362         60         15 ]
           3       99298     761.447   1.634e-06   7.926e-07   1.858e-02   3.190e-03   8.657e-03  1.0000        1114  [    1    363         60         13 ]
           3       99498     763.669   1.634e-06   7.926e-07   1.858e-02   3.190e-03   8.651e-03  1.0000        1116  [    1    364         60         13 ]
           3       99696     765.684   1.634e-06   7.926e-07   1.858e-02   3.190e-03   8.651e-03  1.0000        1121  [    1    365         60         13 ]
           3       99893     767.636   1.634e-06   7.926e-07   1.858e-02   3.190e-03   8.651e-03  1.0000        1127  [    1    366         60         15 ]
           4      100087     769.218   1.634e-06   7.926e-07   1.858e-02   3.184e-03   8.648e-03  1.0000        1128  [    3      6        240         21 ]
