# Generation  Evaluations  Time (s)  Best_obj[0]  Best_obj[1]  Best_obj[2]  Hypervol.   IGD         IGDX        SR    Appr.set  [ Pop.index  Subgen.  Pop.size  Subpops ]
           0         251       4.722   1.424e+00   1.915e+00   2.496e+00   0.000e+00   2.003e+00   2.429e+00  0.0000           7  [    0      1         80          2 ]
           0         393       4.742   1.334e+00   5.599e-01   1.216e+00   0.000e+00   6.816e-01   1.374e+00  0.0000           9  [    0      2         80          3 ]
           0         547       4.759   1.087e+00   5.599e-01   1.216e+00   0.000e+00   5.449e-01   1.163e+00  0.0000          25  [    0      3         80          3 ]
           0         721       4.804   1.026e+00   5.599e-01   1.216e+00   0.000e+00   4.838e-01   1.144e+00  0.0000          66  [    0      4         80          3 ]
           0         925       4.918   9.100e-01   5.599e-01   1.196e+00   0.000e+00   4.615e-01   1.098e+00  0.0000         131  [    0      5         80          3 ]
           0        1124       5.041   9.100e-01   5.599e-01   9.945e-01   0.000e+00   4.280e-01   1.065e+00  0.0000         203  [    0      6         80          3 ]
           0        1337       5.331   8.521e-01   5.599e-01   9.945e-01   0.000e+00   4.241e-01   1.033e+00  0.0000         266  [    0      7         80          3 ]
           0        1554       5.763   8.521e-01   5.599e-01   9.945e-01   0.000e+00   4.226e-01   1.027e+00  0.0000         346  [    0      8         80          3 ]
           1        2651       6.215   8.265e-01   5.489e-01   9.945e-01   0.000e+00   4.207e-01   1.011e+00  0.0000         809  [    1      1        160          6 ]
           1        2887       7.162   8.265e-01   5.137e-01   9.945e-01   0.000e+00   4.111e-01   1.009e+00  0.0000         836  [    0      9         80          4 ]
           1        3248       7.956   4.946e-01   5.137e-01   6.535e-01   0.000e+00   3.720e-01   8.813e-01  0.0000         785  [    1      2        160          4 ]
           1        3447       8.684   3.376e-01   5.070e-01   6.535e-01   0.000e+00   3.485e-01   8.730e-01  0.0000         736  [    0     10         80          3 ]
           1        3644       9.382   2.834e-01   5.070e-01   6.460e-01   0.000e+00   2.982e-01   8.437e-01  0.0000         638  [    0     11         80          3 ]
           1        3832       9.963   2.834e-01   5.070e-01   5.477e-01   0.000e+00   2.394e-01   7.730e-01  0.0000         610  [    0     12         80          4 ]
           1        4035      10.497   2.834e-01   5.070e-01   5.477e-01   0.000e+00   2.239e-01   7.541e-01  0.0000         605  [    0     13         80          3 ]
           1        4222      11.229   2.834e-01   3.784e-01   5.477e-01   0.000e+00   2.028e-01   6.710e-01  0.0000         596  [    0     14         80          4 ]
           1        4426      11.973   2.834e-01   3.784e-01   5.477e-01   0.000e+00   1.984e-01   6.540e-01  0.0000         610  [    0     15         80          4 ]
           1        4609      12.669   2.834e-01   3.784e-01   5.477e-01   0.000e+00   1.910e-01   6.452e-01  0.0000         632  [    0     16         80          4 ]
           1        4799      13.294   2.834e-01   3.784e-01   5.477e-01   0.000e+00   1.834e-01   5.969e-01  0.0000         650  [    0     17         80          4 ]
           1        5161      14.003   2.834e-01   3.784e-01   5.477e-01   0.000e+00   1.827e-01   5.948e-01  0.0000         706  [    1      3        160          6 ]
           1        5346      14.897   2.834e-01   3.784e-01   5.477e-01   0.000e+00   1.807e-01   5.393e-01  0.0000         720  [    0     18         80          5 ]
           1        5517      15.599   2.834e-01   3.784e-01   5.477e-01   0.000e+00   1.797e-01   5.336e-01  0.0000         742  [    0     19         80          4 ]
           1        5714      16.471   2.834e-01   3.784e-01   3.130e-01   0.000e+00   1.699e-01   5.297e-01  0.0000         771  [    0     20         80          5 ]
           1        5915      17.240   2.834e-01   3.784e-01   9.242e-02   0.000e+00   1.674e-01   5.280e-01  0.0000         792  [    0     21         80          4 ]
           1        6101      18.070   2.834e-01   3.784e-01   9.242e-02   0.000e+00   1.674e-01   5.261e-01  0.0000         819  [    0     22         80          5 ]
           1        6288      18.795   2.834e-01   3.784e-01   9.242e-02   0.000e+00   1.674e-01   5.261e-01  0.0000         818  [    0     23         80          4 ]
           1        6465      19.651   2.834e-01   3.448e-01   9.242e-02   0.000e+00   1.674e-01   5.258e-01  0.0000         842  [    0     24         80          4 ]
           1        6659      20.411   2.834e-01   3.133e-01   9.242e-02   0.000e+00   1.658e-01   5.196e-01  0.0000         858  [    0     25         80          7 ]
           1        7028      21.208   2.834e-01   3.133e-01   9.242e-02   0.000e+00   1.643e-01   5.188e-01  0.0000         907  [    1      4        160          9 ]
           1        7244      22.030   2.834e-01   3.133e-01   9.242e-02   0.000e+00   1.643e-01   5.188e-01  0.0000         927  [    0     26         80          9 ]
           1        7458      22.892   2.834e-01   3.133e-01   9.242e-02   0.000e+00   1.643e-01   5.188e-01  0.0000         940  [    0     27         80          8 ]
           1        7654      23.964   2.834e-01   3.133e-01   9.242e-02   0.000e+00   1.643e-01   5.188e-01  0.0000         933  [    0     28         80          5 ]
           1        7843      24.988   2.834e-01   3.133e-01   9.242e-02   0.000e+00   1.643e-01   5.155e-01  0.0000         942  [    0     29         80          6 ]
           1        8040      25.842   2.834e-01   3.133e-01   9.242e-02   0.000e+00   1.593e-01   4.913e-01  0.0000         951  [    0     30         80          5 ]
           1        8236      26.877   2.834e-01   3.133e-01   9.242e-02   0.000e+00   1.542e-01   4.217e-01  0.0000         972  [    0     31         80          5 ]
           1        8477      28.099   2.834e-01   3.133e-01   9.242e-02   0.000e+00   1.444e-01   4.101e-01  0.0000         981  [    0     32         80          9 ]
           1        8713      29.057   2.834e-01   3.133e-01   9.242e-02   0.000e+00   1.428e-01   3.926e-01  0.0000         992  [    0     33         80          9 ]
           1        9100      30.086   2.834e-01   3.133e-01   9.242e-02   0.000e+00   1.411e-01   3.920e-01  0.0000        1027  [    1      5        160          7 ]
           1        9305      31.127   2.834e-01   3.133e-01   9.242e-02   0.000e+00   1.392e-01   3.918e-01  0.0000        1036  [    0     34         80          7 ]
           1        9503      32.106   2.834e-01   3.133e-01   9.242e-02   0.000e+00   1.385e-01   3.910e-01  0.0000        1044  [    0     35         80          7 ]
           1        9728      33.168   2.834e-01   3.133e-01   9.242e-02   0.000e+00   1.379e-01   3.881e-01  0.0000        1063  [    0     36         80          9 ]
           1        9956      34.404   2.834e-01   3.133e-01   9.242e-02   0.000e+00   1.349e-01   3.849e-01  0.0000        1067  [    0     37         80          9 ]
           1       10191      35.471   2.834e-01   3.133e-01   9.242e-02   0.000e+00   1.326e-01   3.803e-01  0.0000        1091  [    0     38         80          8 ]
           1       10423      36.568   2.834e-01   3.133e-01   9.242e-02   0.000e+00   1.317e-01   3.732e-01  0.0000        1107  [    0     39         80          9 ]
           1       10661      37.698   2.834e-01   3.133e-01   9.242e-02   0.000e+00   1.316e-01   3.727e-01  0.0000        1112  [    0     40         80         11 ]
           1       10888      38.749   2.834e-01   3.133e-01   9.242e-02   0.000e+00   1.314e-01   3.719e-01  0.0000        1121  [    0     41         80         10 ]
           1       11266      40.044   2.834e-01   3.133e-01   9.242e-02   0.000e+00   1.281e-01   3.633e-01  0.0000        1120  [    1      6        160          6 ]
           1       11474      41.501   2.834e-01   3.133e-01   9.242e-02   0.000e+00   1.272e-01   3.632e-01  0.0000        1138  [    0     42         80          8 ]
           1       11688      42.713   2.834e-01   3.133e-01   9.242e-02   0.000e+00   1.272e-01   3.631e-01  0.0000        1150  [    0     43         80          6 ]
           1       11911      43.887   2.834e-01   3.133e-01   9.242e-02   0.000e+00   1.253e-01   3.622e-01  0.0000        1186  [    0     44         80          8 ]
           1       12131      45.040   2.834e-01   3.133e-01   9.242e-02   0.000e+00   1.222e-01   3.453e-01  0.0000        1143  [    0     45         80          8 ]
           1       12344      46.126   2.834e-01   3.133e-01   9.242e-02   0.000e+00   1.162e-01   3.241e-01  0.0000        1081  [    0     46         80          7 ]
           1       12561      47.596   2.834e-01   2.435e-01   9.242e-02   0.000e+00   1.116e-01   3.231e-01  0.0000        1120  [    0     47         80          8 ]
           1       12777      48.797   2.834e-01   2.435e-01   9.242e-02   0.000e+00   1.100e-01   3.223e-01  0.0000        1016  [    0     48         80          7 ]
           1       12979      49.890   2.834e-01   2.435e-01   9.242e-02   0.000e+00   1.093e-01   3.163e-01  0.0000        1008  [    0     49         80          6 ]
           1       13361      50.919   2.834e-01   2.435e-01   9.242e-02   0.000e+00   1.058e-01   3.134e-01  0.0000        1067  [    1      7        160          7 ]
           1       13592      52.081   2.834e-01   2.435e-01   9.242e-02   0.000e+00   1.050e-01   3.133e-01  0.0000        1073  [    0     50         80          7 ]
           1       13807      53.218   2.834e-01   2.435e-01   9.242e-02   0.000e+00   9.936e-02   3.043e-01  0.0000        1067  [    0     51         80          9 ]
           1       14042      54.584   2.834e-01   2.435e-01   9.242e-02   0.000e+00   9.801e-02   2.987e-01  0.0000        1066  [    0     52         80          9 ]
           1       14280      55.688   2.834e-01   2.435e-01   9.242e-02   0.000e+00   9.796e-02   2.967e-01  0.0000        1073  [    0     53         80          7 ]
           1       14501      56.687   2.834e-01   2.435e-01   9.242e-02   0.000e+00   9.796e-02   2.967e-01  0.0000        1082  [    0     54         80          9 ]
           1       14734      57.670   2.834e-01   2.435e-01   9.242e-02   0.000e+00   9.796e-02   2.957e-01  0.0000        1084  [    0     55         80          9 ]
           1       14958      58.660   2.834e-01   2.435e-01   9.242e-02   0.000e+00   9.780e-02   2.942e-01  0.0000        1079  [    0     56         80          8 ]
           1       15176      59.636   2.834e-01   2.435e-01   9.242e-02   0.000e+00   9.780e-02   2.942e-01  0.0000        1079  [    0     57         80          7 ]
           1       15586      60.690   2.834e-01   2.435e-01   9.242e-02   0.000e+00   9.419e-02   2.815e-01  0.0000        1044  [    1      8        160          8 ]
           1       15811      61.751   2.834e-01   2.435e-01   9.242e-02   0.000e+00   9.419e-02   2.815e-01  0.0000        1046  [    0     58         80         10 ]
           1       16058      62.671   2.834e-01   2.435e-01   9.242e-02   0.000e+00   9.419e-02   2.815e-01  0.0000        1045  [    0     59         80         11 ]
           1       16314      63.692   2.834e-01   2.435e-01   9.242e-02   0.000e+00   9.419e-02   2.815e-01  0.0000        1045  [    0     60         80         10 ]
           1       16556      64.633   2.834e-01   2.435e-01   9.242e-02   0.000e+00   9.419e-02   2.815e-01  0.0000        1044  [    0     61         80          9 ]
           1       16795      65.858   2.834e-01   2.435e-01   9.242e-02   0.000e+00   9.419e-02   2.815e-01  0.0000        1046  [    0     62         80         10 ]
           1       17022      67.056   2.834e-01   2.435e-01   9.242e-02   0.000e+00   9.419e-02   2.814e-01  0.0000        1050  [    0     63         80          8 ]
           1       17230      68.014   2.834e-01   2.435e-01   9.242e-02   0.000e+00   9.409e-02   2.814e-01  0.0000        1059  [    0     64         80          7 ]
           2       19898      69.129   2.321e-01   2.406e-01   9.242e-02   0.000e+00   8.526e-02   2.752e-01  0.0000        2060  [    2      1        320         12 ]
           2       20325      71.914   2.321e-01   2.406e-01   9.242e-02   0.000e+00   8.437e-02   2.702e-01  0.0000        2018  [    1      9        160          9 ]
           2       21083      74.330   2.321e-01   2.406e-01   9.242e-02   0.000e+00   8.248e-02   2.670e-01  0.0000        2044  [    2      2        320          8 ]
           2       21475      76.828   2.321e-01   2.406e-01   9.242e-02   0.000e+00   8.125e-02   2.626e-01  0.0000        1951  [    1     10        160         10 ]
           2       21896      79.043   2.321e-01   2.406e-01   9.242e-02   0.000e+00   7.856e-02   2.573e-01  0.0000        1935  [    1     11        160         11 ]
           2       22310      81.749   2.321e-01   1.965e-01   9.242e-02   0.000e+00   7.588e-02   2.480e-01  0.0000        1912  [    1     12        160         12 ]
           2       22703      83.954   2.321e-01   1.965e-01   9.242e-02   0.000e+00   7.462e-02   2.403e-01  0.0000        1925  [    1     13        160         10 ]
           2       23072      86.535   2.321e-01   1.965e-01   9.242e-02   0.000e+00   7.446e-02   2.401e-01  0.0000        1910  [    1     14        160         10 ]
           2       23453      89.022   2.321e-01   1.965e-01   9.242e-02   0.000e+00   7.424e-02   2.372e-01  0.0000        1907  [    1     15        160          7 ]
           2       23855      91.244   2.321e-01   1.965e-01   9.242e-02   0.000e+00   7.341e-02   2.312e-01  0.0000        1912  [    1     16        160         10 ]
           2       24224      93.405   2.321e-01   1.965e-01   9.242e-02   0.000e+00   7.338e-02   2.309e-01  0.0000        1922  [    1     17        160          9 ]
           2       24934      95.928   2.321e-01   1.965e-01   9.242e-02   0.000e+00   7.168e-02   2.285e-01  0.0000        2008  [    2      3        320          6 ]
           2       25312      98.411   2.321e-01   1.965e-01   9.242e-02   0.000e+00   7.117e-02   2.281e-01  0.0000        2021  [    1     18        160          7 ]
           2       25668     100.882   2.321e-01   1.965e-01   9.242e-02   0.000e+00   7.101e-02   2.281e-01  0.0000        2040  [    1     19        160          9 ]
           2       26045     103.294   2.321e-01   1.965e-01   9.242e-02   0.000e+00   7.066e-02   2.268e-01  0.0000        2047  [    1     20        160          9 ]
           2       26409     105.824   2.321e-01   1.965e-01   9.242e-02   0.000e+00   7.049e-02   2.266e-01  0.0000        2052  [    1     21        160          9 ]
           2       26815     108.179   2.321e-01   1.965e-01   9.242e-02   0.000e+00   7.010e-02   2.251e-01  0.0000        2031  [    1     22        160         14 ]
           2       27234     110.614   2.321e-01   1.965e-01   9.242e-02   0.000e+00   6.989e-02   2.230e-01  0.0000        2029  [    1     23        160         10 ]
           2       27620     112.926   2.321e-01   1.965e-01   9.242e-02   0.000e+00   6.944e-02   2.223e-01  0.0000        2055  [    1     24        160         10 ]
           2       27993     115.312   1.966e-01   1.965e-01   9.242e-02   0.000e+00   6.944e-02   2.222e-01  0.0000        2058  [    1     25        160         10 ]
           2       28740     117.846   1.966e-01   1.965e-01   9.242e-02   0.000e+00   6.708e-02   2.154e-01  0.0000        2147  [    2      4        320         11 ]
           2       29151     120.389   1.966e-01   1.965e-01   9.242e-02   0.000e+00   6.676e-02   2.146e-01  0.0000        2157  [    1     26        160         13 ]
           2       29549     122.844   1.966e-01   1.965e-01   9.242e-02   0.000e+00   6.623e-02   2.105e-01  0.0000        2132  [    1     27        160         10 ]
           2       29930     125.648   1.966e-01   1.965e-01   9.242e-02   0.000e+00   6.620e-02   2.103e-01  0.0000        2136  [    1     28        160         11 ]
           2       30321     128.032   1.966e-01   1.965e-01   9.242e-02   0.000e+00   6.620e-02   2.103e-01  0.0000        2141  [    1     29        160         12 ]
           2       30741     130.635   1.966e-01   1.965e-01   9.242e-02   0.000e+00   6.620e-02   2.103e-01  0.0000        2144  [    1     30        160         12 ]
           2       31159     133.102   1.966e-01   1.965e-01   9.242e-02   0.000e+00   6.620e-02   2.103e-01  0.0000        2148  [    1     31        160         11 ]
           2       31548     136.091   1.966e-01   1.965e-01   9.242e-02   0.000e+00   6.620e-02   2.103e-01  0.0000        2146  [    1     32        160         10 ]
           2       31943     138.707   1.966e-01   1.965e-01   9.242e-02   0.000e+00   6.620e-02   2.103e-01  0.0000        2161  [    1     33        160         10 ]
           2       32674     141.689   1.966e-01   1.965e-01   9.242e-02   0.000e+00   6.491e-02   2.084e-01  0.0000        2215  [    2      5        320          6 ]
           2       33025     144.318   1.966e-01   1.965e-01   9.242e-02   0.000e+00   6.491e-02   2.084e-01  0.0000        2213  [    1     34        160          7 ]
           2       33385     147.164   1.966e-01   1.965e-01   9.242e-02   0.000e+00   6.491e-02   2.084e-01  0.0000        2213  [    1     35        160          5 ]
           2       33720     150.069   1.966e-01   1.965e-01   9.242e-02   0.000e+00   6.491e-02   2.084e-01  0.0000        2220  [    1     36        160          9 ]
           2       34087     152.707   1.966e-01   1.965e-01   9.242e-02   0.000e+00   6.491e-02   2.084e-01  0.0000        2221  [    1     37        160          7 ]
           2       34442     155.329   1.966e-01   1.965e-01   9.242e-02   0.000e+00   6.491e-02   2.084e-01  0.0000        2230  [    1     38        160          8 ]
           2       34810     158.016   1.966e-01   1.965e-01   9.242e-02   0.000e+00   6.491e-02   2.084e-01  0.0000        2231  [    1     39        160          8 ]
           2       35220     160.530   1.966e-01   1.965e-01   9.242e-02   0.000e+00   6.491e-02   2.084e-01  0.0000        2237  [    1     40        160         12 ]
           2       35649     163.512   1.966e-01   1.965e-01   9.242e-02   0.000e+00   6.491e-02   2.084e-01  0.0000        2233  [    1     41        160          9 ]
           2       36378     166.600   1.966e-01   1.965e-01   9.242e-02   0.000e+00   6.268e-02   2.033e-01  0.0000        2344  [    2      6        320         12 ]
           2       36819     169.663   1.966e-01   1.965e-01   9.242e-02   0.000e+00   6.268e-02   2.033e-01  0.0000        2292  [    1     42        160         12 ]
           2       37258     172.811   1.966e-01   1.965e-01   9.242e-02   0.000e+00   6.268e-02   2.033e-01  0.0000        2294  [    1     43        160         12 ]
           2       37704     175.594   1.966e-01   1.965e-01   9.242e-02   0.000e+00   6.268e-02   2.033e-01  0.0000        2293  [    1     44        160         12 ]
           2       38113     178.638   1.966e-01   1.965e-01   9.242e-02   0.000e+00   6.268e-02   2.033e-01  0.0000        2295  [    1     45        160         11 ]
           2       38497     181.527   1.966e-01   1.965e-01   9.242e-02   0.000e+00   6.268e-02   2.033e-01  0.0000        2257  [    1     46        160         10 ]
           2       38908     184.583   1.966e-01   1.965e-01   9.242e-02   0.000e+00   6.268e-02   2.033e-01  0.0000        2245  [    1     47        160         10 ]
           2       39309     187.141   1.966e-01   1.965e-01   9.242e-02   0.000e+00   6.268e-02   2.033e-01  0.0000        2248  [    1     48        160         10 ]
           2       39731     189.897   1.966e-01   1.965e-01   9.242e-02   0.000e+00   6.268e-02   2.033e-01  0.0000        2250  [    1     49        160         11 ]
           2       40436     192.619   1.966e-01   1.965e-01   9.242e-02   0.000e+00   6.050e-02   1.975e-01  0.0000        2315  [    2      7        320         11 ]
           2       40883     195.674   1.966e-01   1.965e-01   9.242e-02   0.000e+00   6.050e-02   1.975e-01  0.0000        2318  [    1     50        160         12 ]
           2       41316     199.250   1.966e-01   1.965e-01   9.242e-02   0.000e+00   6.050e-02   1.975e-01  0.0000        2324  [    1     51        160         14 ]
           2       41798     202.129   1.966e-01   1.965e-01   9.242e-02   0.000e+00   6.050e-02   1.975e-01  0.0000        2312  [    1     52        160         11 ]
           2       42260     204.911   1.966e-01   1.965e-01   9.242e-02   0.000e+00   6.049e-02   1.975e-01  0.0000        2317  [    1     53        160         14 ]
           2       42727     207.750   1.966e-01   1.965e-01   9.242e-02   0.000e+00   6.049e-02   1.975e-01  0.0000        2312  [    1     54        160         11 ]
           2       43154     210.634   1.966e-01   1.965e-01   9.242e-02   0.000e+00   6.049e-02   1.975e-01  0.0000        2306  [    1     55        160         10 ]
           2       43575     213.369   1.966e-01   1.965e-01   9.242e-02   0.000e+00   6.049e-02   1.975e-01  0.0000        2309  [    1     56        160         12 ]
           2       44038     216.203   1.966e-01   1.965e-01   9.242e-02   0.000e+00   6.043e-02   1.975e-01  0.0000        2321  [    1     57        160         14 ]
           2       44782     219.288   1.966e-01   1.965e-01   9.242e-02   0.000e+00   5.937e-02   1.960e-01  0.0000        2346  [    2      8        320         12 ]
           2       45241     222.620   1.966e-01   1.965e-01   9.242e-02   0.000e+00   5.867e-02   1.911e-01  0.0000        2339  [    1     58        160         13 ]
           2       45692     225.316   1.966e-01   1.965e-01   9.242e-02   0.000e+00   5.833e-02   1.905e-01  0.0000        2355  [    1     59        160         13 ]
           2       46128     228.177   1.966e-01   1.965e-01   9.242e-02   0.000e+00   5.782e-02   1.892e-01  0.0000        2362  [    1     60        160         14 ]
           2       46571     231.044   1.966e-01   1.965e-01   9.242e-02   0.000e+00   5.713e-02   1.889e-01  0.0000        2377  [    1     61        160         15 ]
           2       47045     233.833   1.966e-01   1.965e-01   9.242e-02   0.000e+00   5.697e-02   1.888e-01  0.0000        2386  [    1     62        160         17 ]
           2       47478     236.889   1.966e-01   1.965e-01   9.242e-02   0.000e+00   5.691e-02   1.887e-01  0.0000        2374  [    1     63        160         14 ]
           2       47916     240.194   1.966e-01   1.965e-01   9.242e-02   0.000e+00   5.682e-02   1.885e-01  0.0000        2368  [    1     64        160         13 ]
           3       53676     247.835   1.903e-01   1.951e-01   9.202e-02   0.000e+00   5.422e-02   1.880e-01  0.0000        1910  [    3      1        640         13 ]
           3       54384     250.347   1.903e-01   1.951e-01   9.202e-02   0.000e+00   5.350e-02   1.870e-01  0.0000        1915  [    2      9        320         12 ]
           3       55770     253.379   1.903e-01   1.951e-01   9.202e-02   0.000e+00   5.207e-02   1.848e-01  0.0000        1949  [    3      2        640          9 ]
           3       56429     256.144   1.903e-01   1.951e-01   9.202e-02   0.000e+00   5.155e-02   1.818e-01  0.0000        1962  [    2     10        320          9 ]
           3       57064     258.975   1.903e-01   1.951e-01   9.202e-02   0.000e+00   5.123e-02   1.793e-01  0.0000        1968  [    2     11        320          4 ]
           3       57750     261.741   1.274e-01   1.951e-01   9.202e-02   0.000e+00   4.986e-02   1.759e-01  0.0000        1981  [    2     12        320          9 ]
           3       58438     264.306   1.274e-01   1.951e-01   9.202e-02   0.000e+00   4.920e-02   1.754e-01  0.0000        1973  [    2     13        320          9 ]
           3       59119     266.778   1.274e-01   1.951e-01   9.202e-02   0.000e+00   4.842e-02   1.687e-01  0.0000        1979  [    2     14        320          9 ]
           3       59812     269.626   1.274e-01   1.951e-01   9.202e-02   0.000e+00   4.732e-02   1.600e-01  0.0000        1980  [    2     15        320          8 ]
           3       60500     272.507   1.274e-01   1.951e-01   9.202e-02   0.000e+00   4.630e-02   1.580e-01  0.0000        2007  [    2     16        320          8 ]
           3       61201     275.312   1.274e-01   1.951e-01   9.202e-02   0.000e+00   4.538e-02   1.563e-01  0.0000        2029  [    2     17        320         14 ]
           3       62546     278.400   1.274e-01   1.951e-01   9.202e-02   0.000e+00   4.336e-02   1.538e-01  0.0000        2057  [    3      3        640          9 ]
           3       63319     281.276   1.274e-01   1.951e-01   9.202e-02   0.000e+00   4.288e-02   1.513e-01  0.0000        2050  [    2     18        320         11 ]
           3       64032     283.950   1.274e-01   1.917e-01   9.202e-02   0.000e+00   4.275e-02   1.507e-01  0.0000        2063  [    2     19        320          8 ]
           3       64704     286.962   1.274e-01   1.917e-01   9.202e-02   0.000e+00   4.229e-02   1.490e-01  0.0000        2064  [    2     20        320          7 ]
           3       65364     290.671   1.274e-01   1.917e-01   9.202e-02   0.000e+00   4.210e-02   1.470e-01  0.0000        2062  [    2     21        320          8 ]
           3       66064     293.634   1.274e-01   1.917e-01   9.202e-02   0.000e+00   4.198e-02   1.469e-01  0.0000        2081  [    2     22        320         11 ]
           3       66753     296.562   1.274e-01   1.917e-01   9.202e-02   0.000e+00   4.196e-02   1.469e-01  0.0000        2079  [    2     23        320          8 ]
           3       67444     299.455   1.274e-01   1.917e-01   9.202e-02   0.000e+00   4.184e-02   1.468e-01  0.0000        2081  [    2     24        320          8 ]
           3       68113     302.206   1.274e-01   1.917e-01   9.202e-02   0.000e+00   4.174e-02   1.468e-01  0.0000        2095  [    2     25        320          8 ]
           3       69486     305.168   1.274e-01   1.917e-01   9.202e-02   0.000e+00   3.972e-02   1.412e-01  0.0000        2134  [    3      4        640         11 ]
           3       70204     307.963   1.274e-01   1.917e-01   9.202e-02   0.000e+00   3.952e-02   1.390e-01  0.0000        2134  [    2     26        320         10 ]
           3       70903     310.760   1.274e-01   1.917e-01   9.202e-02   0.000e+00   3.933e-02   1.383e-01  0.0000        2147  [    2     27        320         12 ]
           3       71599     313.469   1.274e-01   1.917e-01   9.202e-02   0.000e+00   3.907e-02   1.366e-01  0.0000        2156  [    2     28        320         12 ]
           3       72374     316.244   1.274e-01   1.917e-01   9.202e-02   0.000e+00   3.878e-02   1.349e-01  0.0000        2165  [    2     29        320          9 ]
           3       73049     319.023   1.274e-01   1.917e-01   9.202e-02   0.000e+00   3.856e-02   1.342e-01  0.0000        2172  [    2     30        320         10 ]
           3       73759     322.164   1.274e-01   1.917e-01   9.202e-02   0.000e+00   3.826e-02   1.329e-01  0.0000        2170  [    2     31        320          6 ]
           3       74484     324.917   1.274e-01   1.917e-01   9.202e-02   0.000e+00   3.781e-02   1.326e-01  0.0000        2188  [    2     32        320          9 ]
           3       75195     328.416   1.274e-01   1.917e-01   9.202e-02   0.000e+00   3.755e-02   1.318e-01  0.0000        2200  [    2     33        320          8 ]
           3       76568     332.449   1.274e-01   1.917e-01   9.202e-02   0.000e+00   3.617e-02   1.289e-01  0.0000        2256  [    3      5        640         13 ]
           3       77377     335.431   1.274e-01   1.917e-01   9.202e-02   0.000e+00   3.603e-02   1.288e-01  0.0000        2272  [    2     34        320         13 ]
           3       78152     338.616   1.274e-01   1.917e-01   9.202e-02   0.000e+00   3.596e-02   1.286e-01  0.0000        2274  [    2     35        320         11 ]
           3       78890     341.709   1.274e-01   1.917e-01   9.202e-02   0.000e+00   3.578e-02   1.286e-01  0.0000        2291  [    2     36        320         10 ]
           3       79590     344.869   1.274e-01   1.917e-01   9.202e-02   0.000e+00   3.576e-02   1.286e-01  0.0000        2288  [    2     37        320          8 ]
           3       80306     347.866   1.274e-01   1.917e-01   9.202e-02   0.000e+00   3.573e-02   1.286e-01  0.0000        2299  [    2     38        320         11 ]
           3       81041     350.826   1.274e-01   1.917e-01   9.202e-02   0.000e+00   3.569e-02   1.286e-01  0.0000        2303  [    2     39        320         11 ]
           3       81791     354.077   1.274e-01   1.904e-01   9.202e-02   0.000e+00   3.570e-02   1.285e-01  0.0000        2310  [    2     40        320         15 ]
           3       82544     357.134   1.274e-01   1.904e-01   9.202e-02   0.000e+00   3.547e-02   1.280e-01  0.0000        2302  [    2     41        320          9 ]
           3       83821     360.332   1.274e-01   1.904e-01   9.202e-02   0.000e+00   3.502e-02   1.270e-01  0.0000        2325  [    3      6        640          9 ]
           3       84591     363.916   1.274e-01   1.904e-01   9.202e-02   0.000e+00   3.490e-02   1.268e-01  0.0000        2325  [    2     42        320         11 ]
           3       85380     367.301   9.052e-02   1.904e-01   9.202e-02   0.000e+00   3.488e-02   1.267e-01  0.0000        2329  [    2     43        320         10 ]
           3       86123     370.210   9.052e-02   1.904e-01   9.202e-02   0.000e+00   3.483e-02   1.267e-01  0.0000        2328  [    2     44        320          9 ]
           3       86852     373.736   9.052e-02   1.904e-01   9.202e-02   0.000e+00   3.471e-02   1.265e-01  0.0000        2334  [    2     45        320          8 ]
           3       87613     376.777   9.052e-02   1.904e-01   9.202e-02   0.000e+00   3.467e-02   1.264e-01  0.0000        2348  [    2     46        320         11 ]
           3       88390     380.443   9.052e-02   1.904e-01   9.202e-02   0.000e+00   3.448e-02   1.256e-01  0.0000        2350  [    2     47        320         11 ]
           3       89161     383.945   9.052e-02   1.904e-01   9.202e-02   0.000e+00   3.411e-02   1.245e-01  0.0000        2360  [    2     48        320         11 ]
           3       89922     387.404   9.052e-02   1.904e-01   9.202e-02   0.000e+00   3.367e-02   1.231e-01  0.5000        2360  [    2     49        320         11 ]
           3       91255     391.104   9.052e-02   1.904e-01   9.202e-02   0.000e+00   3.349e-02   1.224e-01  0.5000        2411  [    3      7        640         10 ]
           3       92089     394.376   9.052e-02   1.904e-01   9.202e-02   0.000e+00   3.349e-02   1.224e-01  0.5000        2407  [    2     50        320         13 ]
           3       92876     397.525   9.052e-02   1.904e-01   9.202e-02   0.000e+00   3.342e-02   1.224e-01  0.5000        2404  [    2     51        320         12 ]
           3       93631     401.062   9.052e-02   1.904e-01   9.202e-02   0.000e+00   3.337e-02   1.224e-01  0.5000        2395  [    2     52        320         11 ]
           3       94403     404.215   9.052e-02   1.904e-01   9.202e-02   0.000e+00   3.336e-02   1.224e-01  0.5000        2394  [    2     53        320         10 ]
           3       95201     407.227   9.052e-02   1.904e-01   9.202e-02   0.000e+00   3.333e-02   1.224e-01  0.5000        2396  [    2     54        320         11 ]
           3       95994     410.416   9.052e-02   1.904e-01   9.202e-02   0.000e+00   3.320e-02   1.219e-01  0.5000        2408  [    2     55        320         12 ]
           3       96805     413.583   9.052e-02   1.904e-01   9.202e-02   0.000e+00   3.303e-02   1.216e-01  0.5000        2404  [    2     56        320         10 ]
           3       97678     416.928   9.052e-02   1.904e-01   9.202e-02   0.000e+00   3.297e-02   1.212e-01  0.5000        2416  [    2     57        320         14 ]
           3       99021     420.378   9.052e-02   1.904e-01   9.202e-02   0.000e+00   3.267e-02   1.200e-01  0.5000        2434  [    3      8        640         10 ]
           3       99829     423.600   9.052e-02   1.904e-01   9.202e-02   0.000e+00   3.260e-02   1.200e-01  0.5000        2441  [    2     58        320         11 ]
           3      100650     427.703   9.052e-02   1.904e-01   9.202e-02   0.000e+00   3.255e-02   1.199e-01  0.5000        2445  [    2     59        320         11 ]
           3      101439     431.154   9.052e-02   1.904e-01   9.202e-02   0.000e+00   3.244e-02   1.197e-01  0.5000        2456  [    2     60        320         17 ]
           3      102243     434.369   9.052e-02   1.904e-01   9.202e-02   0.000e+00   3.234e-02   1.196e-01  0.5000        2457  [    2     61        320         13 ]
           3      103041     437.465   9.052e-02   1.904e-01   9.202e-02   0.000e+00   3.233e-02   1.196e-01  0.5000        2448  [    2     62        320         15 ]
           3      103786     440.618   9.052e-02   1.904e-01   9.202e-02   0.000e+00   3.233e-02   1.196e-01  0.5000        2439  [    2     63        320         10 ]
           3      104540     443.811   9.052e-02   1.904e-01   9.202e-02   0.000e+00   3.230e-02   1.196e-01  0.5000        2443  [    2     64        320         11 ]
           4      112283     449.110   6.771e-02   1.764e-01   9.202e-02   0.000e+00   3.028e-02   1.181e-01  0.5000        2754  [    4      1       1280         20 ]
           4      113639     453.919   6.771e-02   1.764e-01   9.202e-02   0.000e+00   3.014e-02   1.166e-01  0.5000        2754  [    3      9        640         12 ]
           4      116188     459.219   6.771e-02   1.764e-01   9.202e-02   0.000e+00   2.965e-02   1.149e-01  0.5000        2769  [    4      2       1280         10 ]
           4      117484     463.979   6.771e-02   1.764e-01   9.202e-02   0.000e+00   2.943e-02   1.131e-01  0.5000        2758  [    3     10        640          8 ]
           4      118775     468.858   6.771e-02   1.764e-01   9.202e-02   0.000e+00   2.930e-02   1.128e-01  0.5000        2766  [    3     11        640          8 ]
           4      120063     473.346   6.771e-02   1.764e-01   9.202e-02   0.000e+00   2.926e-02   1.128e-01  0.5000        2782  [    3     12        640          9 ]
           4      121409     477.793   6.771e-02   1.764e-01   9.202e-02   0.000e+00   2.918e-02   1.116e-01  0.5000        2812  [    3     13        640         15 ]
           4      122738     482.937   6.771e-02   1.764e-01   9.202e-02   0.000e+00   2.917e-02   1.113e-01  0.5000        2812  [    3     14        640         10 ]
           4      124025     487.621   6.771e-02   1.764e-01   9.202e-02   0.000e+00   2.913e-02   1.112e-01  0.5000        2832  [    3     15        640          9 ]
           4      125393     492.118   6.771e-02   1.764e-01   9.202e-02   0.000e+00   2.909e-02   1.110e-01  0.5000        2867  [    3     16        640         15 ]
           4      126714     496.670   6.771e-02   1.764e-01   9.202e-02   0.000e+00   2.906e-02   1.109e-01  0.5000        2850  [    3     17        640         12 ]
           4      129137     501.995   6.771e-02   1.764e-01   9.202e-02   0.000e+00   2.881e-02   1.086e-01  0.5000        2882  [    4      3       1280          8 ]
           4      130407     506.704   6.771e-02   1.764e-01   9.202e-02   0.000e+00   2.872e-02   1.081e-01  0.5000        2884  [    3     18        640         10 ]
           4      131672     511.255   6.771e-02   1.764e-01   9.202e-02   0.000e+00   2.867e-02   1.078e-01  0.5000        2899  [    3     19        640         10 ]
           4      132965     516.195   6.771e-02   1.495e-01   9.202e-02   0.000e+00   2.863e-02   1.078e-01  0.5000        2913  [    3     20        640          8 ]
           4      134233     520.884   6.771e-02   1.495e-01   9.202e-02   0.000e+00   2.853e-02   1.074e-01  0.5000        2924  [    3     21        640          7 ]
           4      135511     525.832   6.771e-02   1.495e-01   9.202e-02   0.000e+00   2.850e-02   1.073e-01  0.5000        2899  [    3     22        640          7 ]
           4      136855     530.434   6.771e-02   1.495e-01   9.202e-02   0.000e+00   2.846e-02   1.072e-01  0.5000        2921  [    3     23        640         10 ]
           4      138330     535.403   6.771e-02   1.495e-01   9.202e-02   0.000e+00   2.843e-02   1.070e-01  0.5000        2930  [    3     24        640         16 ]
           4      139729     540.317   6.771e-02   1.495e-01   9.202e-02   0.000e+00   2.842e-02   1.070e-01  0.5000        2935  [    3     25        640         16 ]
           4      142257     545.832   6.771e-02   1.495e-01   9.202e-02   0.000e+00   2.788e-02   1.050e-01  0.5000        2983  [    4      4       1280          7 ]
           4      143562     550.852   6.771e-02   1.495e-01   9.202e-02   0.000e+00   2.787e-02   1.050e-01  0.5000        2977  [    3     26        640         11 ]
           4      144933     555.985   6.771e-02   1.495e-01   9.202e-02   0.000e+00   2.787e-02   1.050e-01  0.5000        2983  [    3     27        640         11 ]
           4      146363     561.018   6.771e-02   1.495e-01   9.202e-02   0.000e+00   2.787e-02   1.050e-01  0.5000        2996  [    3     28        640         10 ]
           4      147675     566.261   6.771e-02   1.495e-01   9.202e-02   0.000e+00   2.787e-02   1.050e-01  0.5000        2967  [    3     29        640          7 ]
           4      149022     571.021   6.771e-02   1.495e-01   9.202e-02   0.000e+00   2.785e-02   1.045e-01  0.5000        2966  [    3     30        640          7 ]
           4      150277     575.720   6.771e-02   1.495e-01   9.202e-02   0.000e+00   2.785e-02   1.045e-01  0.5000        2974  [    3     31        640         10 ]
           4      151662     580.469   6.771e-02   1.495e-01   9.202e-02   0.000e+00   2.778e-02   1.044e-01  0.5000        2981  [    3     32        640         14 ]
           4      153021     585.154   6.771e-02   1.495e-01   9.202e-02   0.000e+00   2.778e-02   1.044e-01  0.5000        2973  [    3     33        640          8 ]
           4      155673     590.757   6.771e-02   1.495e-01   5.375e-02   0.000e+00   2.724e-02   1.023e-01  0.5000        3056  [    4      5       1280         12 ]
           4      156965     595.866   6.771e-02   1.495e-01   5.375e-02   0.000e+00   2.722e-02   1.023e-01  0.5000        3051  [    3     34        640          9 ]
           4      158314     601.154   6.771e-02   1.495e-01   5.375e-02   0.000e+00   2.718e-02   1.016e-01  0.5000        3058  [    3     35        640         11 ]
           4      159653     605.939   6.771e-02   1.495e-01   5.375e-02   0.000e+00   2.710e-02   1.011e-01  0.5000        3060  [    3     36        640         12 ]
           4      160980     610.791   6.771e-02   1.495e-01   5.375e-02   0.000e+00   2.710e-02   1.011e-01  0.5000        3058  [    3     37        640         11 ]
           4      162393     616.004   6.771e-02   1.495e-01   5.375e-02   0.000e+00   2.710e-02   1.011e-01  0.5000        3059  [    3     38        640         14 ]
           4      163839     621.279   6.771e-02   1.495e-01   5.375e-02   0.000e+00   2.709e-02   1.011e-01  0.5000        3048  [    3     39        640         12 ]
           4      165251     626.076   6.771e-02   1.495e-01   5.375e-02   0.000e+00   2.708e-02   1.011e-01  0.5000        3049  [    3     40        640         14 ]
           4      166753     630.971   6.771e-02   1.495e-01   5.375e-02   0.000e+00   2.708e-02   1.011e-01  0.5000        3057  [    3     41        640         15 ]
           4      169365     637.226   6.771e-02   1.495e-01   5.375e-02   0.000e+00   2.661e-02   9.905e-02  0.5000        3078  [    4      6       1280         15 ]
           4      170864     642.744   6.771e-02   1.495e-01   5.375e-02   0.000e+00   2.657e-02   9.905e-02  0.5000        3087  [    3     42        640         18 ]
           4      172345     647.471   6.771e-02   1.495e-01   5.375e-02   0.000e+00   2.657e-02   9.905e-02  0.5000        3074  [    3     43        640         15 ]
           4      173810     652.368   6.771e-02   1.495e-01   5.375e-02   0.000e+00   2.655e-02   9.887e-02  0.5000        3074  [    3     44        640         16 ]
           4      175356     657.116   6.771e-02   1.495e-01   5.375e-02   0.000e+00   2.655e-02   9.887e-02  0.5000        3085  [    3     45        640         20 ]
           4      176929     662.158   6.771e-02   1.495e-01   5.375e-02   0.000e+00   2.654e-02   9.872e-02  0.5000        3082  [    3     46        640         16 ]
           4      178478     667.080   6.771e-02   1.495e-01   5.375e-02   0.000e+00   2.654e-02   9.872e-02  0.5000        3083  [    3     47        640         16 ]
           4      179975     672.212   6.771e-02   1.495e-01   5.375e-02   0.000e+00   2.654e-02   9.872e-02  0.5000        3078  [    3     48        640         14 ]
           4      181454     677.837   6.771e-02   1.495e-01   5.375e-02   0.000e+00   2.654e-02   9.872e-02  0.5000        3082  [    3     49        640         15 ]
           4      183981     683.548   6.771e-02   1.495e-01   5.375e-02   0.000e+00   2.636e-02   9.767e-02  0.5000        3090  [    4      7       1280         10 ]
           4      185422     688.412   6.771e-02   1.495e-01   5.375e-02   0.000e+00   2.636e-02   9.767e-02  0.5000        3089  [    3     50        640         12 ]
           4      186883     693.459   6.771e-02   1.495e-01   5.375e-02   0.000e+00   2.636e-02   9.767e-02  0.5000        3094  [    3     51        640         12 ]
           4      188264     698.389   6.771e-02   1.495e-01   5.375e-02   0.000e+00   2.636e-02   9.767e-02  0.5000        3091  [    3     52        640         13 ]
           4      189691     703.334   6.771e-02   1.495e-01   5.375e-02   0.000e+00   2.636e-02   9.767e-02  0.5000        3082  [    3     53        640         12 ]
           4      191127     708.309   6.771e-02   1.495e-01   5.375e-02   0.000e+00   2.636e-02   9.767e-02  0.5000        3087  [    3     54        640         14 ]
           4      192504     713.599   6.771e-02   1.495e-01   5.375e-02   0.000e+00   2.636e-02   9.767e-02  0.5000        3071  [    3     55        640         14 ]
           4      193987     718.627   6.771e-02   1.495e-01   5.375e-02   0.000e+00   2.636e-02   9.767e-02  0.5000        3071  [    3     56        640         14 ]
           4      195422     723.805   6.771e-02   1.495e-01   5.375e-02   0.000e+00   2.636e-02   9.767e-02  0.5000        3057  [    3     57        640         11 ]
           4      197867     729.299   6.771e-02   1.495e-01   5.375e-02   0.000e+00   2.619e-02   9.624e-02  0.5000        3081  [    4      8       1280          5 ]
           4      199209     734.195   6.771e-02   1.495e-01   5.375e-02   0.000e+00   2.618e-02   9.624e-02  0.5000        3088  [    3     58        640          8 ]
           4      200564     739.218   6.771e-02   1.495e-01   5.375e-02   0.000e+00   2.618e-02   9.624e-02  0.5000        3096  [    3     59        640          7 ]
           4      201871     744.440   6.771e-02   1.495e-01   5.375e-02   0.000e+00   2.618e-02   9.624e-02  0.5000        3105  [    3     60        640         11 ]
           4      203122     749.585   6.771e-02   1.495e-01   5.375e-02   0.000e+00   2.617e-02   9.624e-02  0.5000        3104  [    3     61        640          9 ]
           4      204290     754.546   6.771e-02   1.495e-01   5.375e-02   0.000e+00   2.617e-02   9.624e-02  0.5000        3110  [    3     62        640          7 ]
           4      205458     759.655   6.771e-02   1.495e-01   5.375e-02   0.000e+00   2.617e-02   9.624e-02  0.5000        3116  [    3     63        640          7 ]
           4      206692     764.751   6.771e-02   1.495e-01   5.375e-02   0.000e+00   2.617e-02   9.624e-02  0.5000        3122  [    3     64        640          9 ]
           5      218957     776.390   6.771e-02   9.250e-02   5.239e-02   0.000e+00   3.106e-02   1.041e-01  0.5000        1846  [    5      1       2560         13 ]
           5      221586     780.347   6.771e-02   9.250e-02   5.239e-02   0.000e+00   2.996e-02   9.987e-02  0.5000        1957  [    4      9       1280         11 ]
           5      226522     785.892   6.771e-02   7.844e-02   5.239e-02   0.000e+00   2.873e-02   9.496e-02  0.5000        2060  [    5      2       2560         11 ]
           5      229065     789.565   6.771e-02   7.844e-02   5.239e-02   0.000e+00   2.836e-02   9.409e-02  0.5000        2086  [    4     10       1280          8 ]
           5      231611     793.476   6.771e-02   7.844e-02   5.239e-02   0.000e+00   2.794e-02   9.289e-02  1.0000        2137  [    4     11       1280          7 ]
           5      234231     797.463   6.771e-02   7.844e-02   5.239e-02   0.000e+00   2.763e-02   9.213e-02  1.0000        2175  [    4     12       1280         10 ]
           5      236784     801.332   6.771e-02   7.844e-02   5.239e-02   0.000e+00   2.747e-02   9.099e-02  1.0000        2223  [    4     13       1280         13 ]
           5      239312     805.300   5.840e-02   7.844e-02   5.239e-02   0.000e+00   2.739e-02   9.059e-02  1.0000        2231  [    4     14       1280         12 ]
           5      241758     809.779   5.603e-02   7.844e-02   5.239e-02   0.000e+00   2.737e-02   9.052e-02  1.0000        2239  [    4     15       1280          9 ]
           5      244169     814.029   5.603e-02   7.844e-02   5.239e-02   0.000e+00   2.733e-02   9.021e-02  1.0000        2253  [    4     16       1280         12 ]
           5      246653     818.214   5.603e-02   7.844e-02   5.239e-02   0.000e+00   2.725e-02   9.015e-02  1.0000        2267  [    4     17       1280         13 ]
           5      251538     824.036   3.335e-02   7.844e-02   5.239e-02   0.000e+00   2.675e-02   8.787e-02  1.0000        2299  [    5      3       2560          9 ]
           5      254068     828.352   3.335e-02   7.844e-02   5.239e-02   0.000e+00   2.672e-02   8.771e-02  1.0000        2323  [    4     18       1280         12 ]
           5      256615     832.550   3.335e-02   7.844e-02   5.239e-02   0.000e+00   2.671e-02   8.771e-02  1.0000        2344  [    4     19       1280         14 ]
           5      259159     837.375   3.335e-02   7.844e-02   5.239e-02   0.000e+00   2.670e-02   8.771e-02  1.0000        2340  [    4     20       1280         15 ]
           5      261607     841.560   3.335e-02   7.844e-02   5.239e-02   0.000e+00   2.670e-02   8.771e-02  1.0000        2341  [    4     21       1280         11 ]
           5      264037     846.048   3.335e-02   7.844e-02   5.239e-02   0.000e+00   2.669e-02   8.765e-02  1.0000        2356  [    4     22       1280         14 ]
           5      266605     850.872   3.335e-02   7.844e-02   5.239e-02   0.000e+00   2.666e-02   8.758e-02  1.0000        2354  [    4     23       1280         16 ]
           5      269048     856.047   3.335e-02   7.844e-02   5.239e-02   0.000e+00   2.666e-02   8.758e-02  1.0000        2359  [    4     24       1280         16 ]
           5      271620     860.948   3.335e-02   7.844e-02   5.239e-02   0.000e+00   2.666e-02   8.758e-02  1.0000        2362  [    4     25       1280         14 ]
           5      276718     867.194   3.335e-02   7.844e-02   5.239e-02   0.000e+00   2.607e-02   8.512e-02  1.0000        2395  [    5      4       2560         13 ]
           5      279284     871.611   3.335e-02   7.844e-02   5.239e-02   0.000e+00   2.607e-02   8.512e-02  1.0000        2393  [    4     26       1280         12 ]
           5      281804     876.967   3.335e-02   7.844e-02   5.239e-02   0.000e+00   2.607e-02   8.512e-02  1.0000        2398  [    4     27       1280         11 ]
           5      284381     881.445   3.335e-02   7.844e-02   5.239e-02   0.000e+00   2.606e-02   8.507e-02  1.0000        2384  [    4     28       1280          8 ]
           5      286855     885.831   3.335e-02   7.844e-02   5.239e-02   0.000e+00   2.601e-02   8.505e-02  1.0000        2362  [    4     29       1280         10 ]
           5      289500     890.327   3.335e-02   7.844e-02   5.239e-02   0.000e+00   2.598e-02   8.492e-02  1.0000        2346  [    4     30       1280         12 ]
           5      292042     894.521   3.335e-02   7.844e-02   5.239e-02   0.000e+00   2.596e-02   8.486e-02  1.0000        2368  [    4     31       1280         16 ]
           5      294672     899.345   3.335e-02   7.844e-02   5.239e-02   0.000e+00   2.590e-02   8.471e-02  1.0000        2352  [    4     32       1280         12 ]
           5      297306     903.875   3.335e-02   7.844e-02   5.239e-02   0.000e+00   2.587e-02   8.467e-02  1.0000        2361  [    4     33       1280         13 ]
           5      302150     909.888   3.335e-02   7.844e-02   5.239e-02   0.000e+00   2.542e-02   8.302e-02  1.0000        2420  [    5      5       2560         11 ]
           5      304796     914.430   3.335e-02   7.844e-02   5.239e-02   0.000e+00   2.541e-02   8.302e-02  1.0000        2422  [    4     34       1280         11 ]
           5      307410     918.870   3.335e-02   7.844e-02   5.239e-02   0.000e+00   2.539e-02   8.287e-02  1.0000        2433  [    4     35       1280         13 ]
           5      310051     923.503   3.335e-02   7.844e-02   5.239e-02   0.000e+00   2.537e-02   8.287e-02  1.0000        2450  [    4     36       1280         12 ]
           5      312684     928.406   3.335e-02   7.844e-02   5.239e-02   0.000e+00   2.536e-02   8.287e-02  1.0000        2436  [    4     37       1280         10 ]
           5      315257     933.111   3.335e-02   7.844e-02   5.239e-02   0.000e+00   2.535e-02   8.285e-02  1.0000        2447  [    4     38       1280         12 ]
           5      317829     937.925   3.335e-02   7.844e-02   5.239e-02   0.000e+00   2.535e-02   8.285e-02  1.0000        2458  [    4     39       1280         17 ]
           5      320380     943.160   3.335e-02   7.844e-02   5.239e-02   0.000e+00   2.535e-02   8.285e-02  1.0000        2449  [    4     40       1280         12 ]
           5      322999     947.983   3.335e-02   7.844e-02   5.239e-02   0.000e+00   2.534e-02   8.285e-02  1.0000        2449  [    4     41       1280         14 ]
           5      328027     954.429   3.335e-02   7.844e-02   5.239e-02   0.000e+00   2.514e-02   8.224e-02  1.0000        2474  [    5      6       2560         15 ]
           5      330601     959.007   3.335e-02   7.844e-02   5.239e-02   0.000e+00   2.514e-02   8.224e-02  1.0000        2472  [    4     42       1280         12 ]
           5      333229     963.945   3.335e-02   7.844e-02   5.239e-02   0.000e+00   2.514e-02   8.224e-02  1.0000        2468  [    4     43       1280         17 ]
           5      335786     968.600   3.335e-02   7.844e-02   5.239e-02   0.000e+00   2.514e-02   8.224e-02  1.0000        2468  [    4     44       1280         13 ]
           5      338347     973.056   3.335e-02   7.844e-02   5.239e-02   0.000e+00   2.514e-02   8.224e-02  1.0000        2461  [    4     45       1280         14 ]
           5      341072     977.924   3.335e-02   7.844e-02   5.239e-02   0.000e+00   2.514e-02   8.224e-02  1.0000        2462  [    4     46       1280         15 ]
           5      343708     982.423   3.335e-02   7.844e-02   5.239e-02   0.000e+00   2.514e-02   8.224e-02  1.0000        2426  [    4     47       1280         13 ]
           5      346359     986.913   3.335e-02   7.844e-02   5.239e-02   0.000e+00   2.514e-02   8.224e-02  1.0000        2424  [    4     48       1280         12 ]
           5      348999     991.320   3.335e-02   7.844e-02   5.239e-02   0.000e+00   2.514e-02   8.224e-02  1.0000        2428  [    4     49       1280         10 ]
           5      353917     997.232   3.335e-02   7.844e-02   5.239e-02   0.000e+00   2.495e-02   8.177e-02  1.0000        2478  [    5      7       2560         17 ]
           5      356479    1002.174   3.335e-02   7.844e-02   5.239e-02   0.000e+00   2.492e-02   8.167e-02  1.0000        2472  [    4     50       1280         13 ]
           5      359105    1006.826   3.335e-02   7.844e-02   5.239e-02   0.000e+00   2.492e-02   8.167e-02  1.0000        2469  [    4     51       1280         11 ]
           5      361643    1011.358   3.335e-02   7.844e-02   5.239e-02   0.000e+00   2.491e-02   8.167e-02  1.0000        2463  [    4     52       1280          9 ]
           5      364093    1017.035   3.335e-02   7.844e-02   5.239e-02   0.000e+00   2.491e-02   8.167e-02  1.0000        2469  [    4     53       1280         12 ]
           5      366666    1022.057   3.335e-02   7.844e-02   5.239e-02   0.000e+00   2.491e-02   8.167e-02  1.0000        2474  [    4     54       1280         13 ]
           5      369107    1027.111   3.335e-02   7.844e-02   5.239e-02   0.000e+00   2.491e-02   8.167e-02  1.0000        2461  [    4     55       1280          8 ]
           5      371655    1031.681   3.335e-02   7.844e-02   5.239e-02   0.000e+00   2.491e-02   8.167e-02  1.0000        2482  [    4     56       1280         11 ]
           5      374204    1036.073   3.335e-02   7.844e-02   5.239e-02   0.000e+00   2.491e-02   8.167e-02  1.0000        2488  [    4     57       1280         11 ]
           5      379044    1042.728   3.335e-02   7.844e-02   5.239e-02   0.000e+00   2.471e-02   8.028e-02  1.0000        2511  [    5      8       2560         13 ]
           5      381561    1047.476   3.335e-02   7.844e-02   5.239e-02   0.000e+00   2.471e-02   8.028e-02  1.0000        2513  [    4     58       1280          9 ]
           5      383980    1052.307   3.335e-02   7.844e-02   5.239e-02   0.000e+00   2.470e-02   8.025e-02  1.0000        2504  [    4     59       1280          9 ]
           5      386492    1056.996   3.335e-02   7.844e-02   5.239e-02   0.000e+00   2.470e-02   8.024e-02  1.0000        2524  [    4     60       1280         14 ]
           5      389029    1061.641   3.335e-02   7.844e-02   5.239e-02   0.000e+00   2.469e-02   8.019e-02  1.0000        2509  [    4     61       1280          8 ]
           5      391633    1066.259   3.335e-02   7.844e-02   5.239e-02   0.000e+00   2.469e-02   8.019e-02  1.0000        2534  [    4     62       1280         16 ]
           5      394147    1071.221   3.335e-02   7.844e-02   5.239e-02   0.000e+00   2.469e-02   8.019e-02  1.0000        2536  [    4     63       1280         18 ]
           5      396613    1075.966   3.335e-02   7.844e-02   5.239e-02   0.000e+00   2.469e-02   8.016e-02  1.0000        2538  [    4     64       1280         15 ]
           6      414660    1093.235   2.925e-02   6.073e-02   5.239e-02   0.000e+00   2.423e-02   7.964e-02  1.0000        2575  [    6      1       5120         14 ]
           6      417194    1098.038   2.925e-02   6.073e-02   5.239e-02   0.000e+00   2.423e-02   7.960e-02  1.0000        2583  [    4     65       1280         15 ]
           6      421855    1104.945   2.925e-02   6.073e-02   5.239e-02   0.000e+00   2.412e-02   7.936e-02  1.0000        2568  [    5      9       2560         10 ]
           6      430692    1118.559   2.925e-02   6.073e-02   5.239e-02   0.000e+00   2.395e-02   7.903e-02  1.0000        2570  [    6      2       5120          8 ]
           6      433278    1123.515   2.925e-02   6.073e-02   5.239e-02   0.000e+00   2.394e-02   7.900e-02  1.0000        2594  [    4     66       1280          9 ]
           6      435781    1128.974   2.925e-02   6.073e-02   5.239e-02   0.000e+00   2.390e-02   7.899e-02  1.0000        2573  [    4     67       1280         10 ]
           6      438299    1134.517   2.925e-02   6.073e-02   5.239e-02   0.000e+00   2.389e-02   7.885e-02  1.0000        2575  [    4     68       1280          7 ]
           6      440804    1139.868   2.925e-02   6.073e-02   5.239e-02   0.000e+00   2.388e-02   7.885e-02  1.0000        2583  [    4     69       1280         11 ]
           6      443262    1145.110   2.925e-02   6.073e-02   5.239e-02   0.000e+00   2.388e-02   7.885e-02  1.0000        2581  [    4     70       1280          9 ]
           6      445817    1150.115   2.925e-02   6.073e-02   5.239e-02   0.000e+00   2.388e-02   7.885e-02  1.0000        2588  [    4     71       1280         15 ]
           6      448372    1155.374   2.925e-02   6.073e-02   5.239e-02   0.000e+00   2.388e-02   7.885e-02  1.0000        2588  [    4     72       1280         12 ]
           6      450780    1160.389   2.925e-02   6.073e-02   5.239e-02   0.000e+00   2.388e-02   7.885e-02  1.0000        2587  [    4     73       1280          7 ]
           6      455554    1167.300   2.925e-02   6.073e-02   5.239e-02   0.000e+00   2.379e-02   7.878e-02  1.0000        2608  [    5     10       2560         11 ]
           6      457979    1173.082   2.925e-02   6.073e-02   5.239e-02   0.000e+00   2.379e-02   7.878e-02  1.0000        2609  [    4     74       1280         10 ]
           6      460422    1178.506   2.925e-02   6.073e-02   5.239e-02   0.000e+00   2.379e-02   7.878e-02  1.0000        2604  [    4     75       1280          6 ]
           6      462732    1183.694   2.925e-02   6.073e-02   5.239e-02   0.000e+00   2.379e-02   7.878e-02  1.0000        2598  [    4     76       1280          9 ]
           6      465245    1188.928   2.925e-02   6.073e-02   5.239e-02   0.000e+00   2.378e-02   7.878e-02  1.0000        2604  [    4     77       1280         11 ]
           6      467779    1193.800   2.925e-02   6.073e-02   5.239e-02   0.000e+00   2.378e-02   7.878e-02  1.0000        2621  [    4     78       1280         13 ]
           6      470332    1199.763   2.925e-02   6.073e-02   5.239e-02   0.000e+00   2.378e-02   7.878e-02  1.0000        2607  [    4     79       1280         10 ]
           6      472794    1204.903   2.925e-02   6.073e-02   5.239e-02   0.000e+00   2.378e-02   7.878e-02  1.0000        2615  [    4     80       1280         11 ]
           6      475350    1210.466   2.925e-02   6.073e-02   5.239e-02   0.000e+00   2.377e-02   7.877e-02  1.0000        2614  [    4     81       1280         13 ]
           6      480093    1217.317   2.925e-02   6.073e-02   5.239e-02   0.000e+00   2.368e-02   7.868e-02  1.0000        2626  [    5     11       2560          9 ]
           6      482698    1222.709   2.925e-02   6.073e-02   5.239e-02   0.000e+00   2.368e-02   7.868e-02  1.0000        2630  [    4     82       1280         10 ]
           6      485150    1228.412   2.925e-02   6.073e-02   5.239e-02   0.000e+00   2.368e-02   7.868e-02  1.0000        2622  [    4     83       1280          9 ]
           6      487695    1233.413   2.925e-02   6.073e-02   5.239e-02   0.000e+00   2.367e-02   7.868e-02  1.0000        2627  [    4     84       1280         13 ]
           6      490261    1238.532   2.925e-02   6.073e-02   5.239e-02   0.000e+00   2.367e-02   7.868e-02  1.0000        2623  [    4     85       1280         12 ]
           6      492772    1244.021   2.925e-02   6.073e-02   5.239e-02   0.000e+00   2.366e-02   7.854e-02  1.0000        2630  [    4     86       1280         10 ]
           6      495277    1249.180   2.925e-02   6.073e-02   5.239e-02   0.000e+00   2.366e-02   7.854e-02  1.0000        2637  [    4     87       1280         13 ]
           6      497862    1254.458   2.925e-02   6.073e-02   5.239e-02   0.000e+00   2.366e-02   7.854e-02  1.0000        2629  [    4     88       1280         10 ]
           6      500341    1259.723   2.925e-02   6.073e-02   5.239e-02   0.000e+00   2.366e-02   7.854e-02  1.0000        2626  [    4     89       1280          9 ]
           6      504998    1266.924   2.925e-02   6.073e-02   5.239e-02   0.000e+00   2.360e-02   7.850e-02  1.0000        2643  [    5     12       2560         12 ]
           6      507653    1272.183   2.925e-02   6.073e-02   5.239e-02   0.000e+00   2.360e-02   7.850e-02  1.0000        2643  [    4     90       1280         11 ]
           6      510166    1277.540   2.925e-02   6.073e-02   5.239e-02   0.000e+00   2.360e-02   7.850e-02  1.0000        2635  [    4     91       1280         12 ]
           6      512752    1283.041   2.925e-02   6.073e-02   5.239e-02   0.000e+00   2.360e-02   7.850e-02  1.0000        2633  [    4     92       1280         11 ]
           6      515138    1288.528   2.925e-02   6.073e-02   5.239e-02   0.000e+00   2.360e-02   7.850e-02  1.0000        2614  [    4     93       1280          8 ]
           6      517511    1293.918   2.925e-02   6.073e-02   5.239e-02   0.000e+00   2.358e-02   7.846e-02  1.0000        2617  [    4     94       1280         10 ]
           6      520123    1299.136   2.925e-02   6.073e-02   5.239e-02   0.000e+00   2.358e-02   7.846e-02  1.0000        2630  [    4     95       1280         14 ]
           6      522622    1304.212   2.925e-02   6.073e-02   5.239e-02   0.000e+00   2.358e-02   7.846e-02  1.0000        2635  [    4     96       1280         14 ]
           6      525251    1309.305   2.925e-02   6.073e-02   5.239e-02   0.000e+00   2.358e-02   7.846e-02  1.0000        2638  [    4     97       1280         17 ]
           6      530227    1316.071   2.925e-02   6.073e-02   5.239e-02   0.000e+00   2.357e-02   7.846e-02  1.0000        2652  [    5     13       2560         17 ]
           6      532836    1321.446   2.925e-02   6.073e-02   5.239e-02   0.000e+00   2.355e-02   7.839e-02  1.0000        2649  [    4     98       1280         16 ]
           6      535312    1326.867   2.925e-02   6.073e-02   5.239e-02   0.000e+00   2.354e-02   7.839e-02  1.0000        2632  [    4     99       1280         10 ]
           6      537753    1332.085   2.925e-02   6.073e-02   5.239e-02   0.000e+00   2.354e-02   7.839e-02  1.0000        2627  [    4    100       1280          7 ]
           6      540158    1337.744   2.925e-02   6.073e-02   5.239e-02   0.000e+00   2.354e-02   7.839e-02  1.0000        2631  [    4    101       1280          8 ]
           6      542560    1343.048   2.925e-02   6.073e-02   5.239e-02   0.000e+00   2.353e-02   7.839e-02  1.0000        2640  [    4    102       1280          7 ]
           6      545056    1348.630   2.925e-02   6.073e-02   5.239e-02   0.000e+00   2.352e-02   7.836e-02  1.0000        2644  [    4    103       1280          9 ]
           6      547534    1354.136   2.925e-02   6.073e-02   5.239e-02   0.000e+00   2.348e-02   7.831e-02  1.0000        2646  [    4    104       1280          7 ]
           6      550072    1359.444   2.925e-02   5.130e-02   5.239e-02   0.000e+00   2.342e-02   7.822e-02  1.0000        2648  [    4    105       1280          9 ]
           6      554847    1366.267   2.925e-02   5.130e-02   5.239e-02   0.000e+00   2.342e-02   7.821e-02  1.0000        2657  [    5     14       2560         10 ]
           6      557432    1371.861   2.925e-02   5.130e-02   5.239e-02   0.000e+00   2.337e-02   7.794e-02  1.0000        2661  [    4    106       1280         10 ]
           6      559968    1377.221   2.925e-02   5.130e-02   5.239e-02   0.000e+00   2.337e-02   7.785e-02  1.0000        2648  [    4    107       1280          8 ]
           6      562740    1382.684   2.925e-02   5.130e-02   5.239e-02   0.000e+00   2.335e-02   7.774e-02  1.0000        2663  [    4    108       1280         13 ]
           6      565428    1388.014   2.925e-02   5.130e-02   5.239e-02   0.000e+00   2.334e-02   7.774e-02  1.0000        2668  [    4    109       1280         12 ]
           6      567993    1393.243   2.925e-02   5.130e-02   5.239e-02   0.000e+00   2.333e-02   7.761e-02  1.0000        2660  [    4    110       1280         13 ]
           6      570650    1398.494   2.925e-02   5.130e-02   5.239e-02   0.000e+00   2.330e-02   7.758e-02  1.0000        2673  [    4    111       1280         15 ]
           6      573299    1403.797   2.925e-02   5.130e-02   5.239e-02   0.000e+00   2.330e-02   7.758e-02  1.0000        2668  [    4    112       1280         16 ]
           6      576031    1409.135   2.925e-02   5.130e-02   5.239e-02   0.000e+00   2.330e-02   7.758e-02  1.0000        2660  [    4    113       1280         13 ]
           6      580694    1416.373   2.925e-02   5.130e-02   5.239e-02   0.000e+00   2.328e-02   7.752e-02  1.0000        2682  [    5     15       2560          9 ]
           6      583295    1421.781   2.925e-02   5.130e-02   5.239e-02   0.000e+00   2.328e-02   7.752e-02  1.0000        2683  [    4    114       1280         12 ]
           6      585974    1427.319   2.925e-02   5.130e-02   5.239e-02   0.000e+00   2.327e-02   7.738e-02  1.0000        2682  [    4    115       1280         11 ]
           6      588657    1432.587   2.925e-02   5.130e-02   5.239e-02   0.000e+00   2.327e-02   7.738e-02  1.0000        2686  [    4    116       1280         15 ]
           6      591306    1438.208   2.925e-02   5.130e-02   5.239e-02   0.000e+00   2.327e-02   7.738e-02  1.0000        2695  [    4    117       1280         15 ]
           6      593904    1443.451   2.925e-02   5.130e-02   5.239e-02   0.000e+00   2.327e-02   7.738e-02  1.0000        2686  [    4    118       1280         13 ]
           6      596494    1449.337   2.925e-02   5.130e-02   5.239e-02   0.000e+00   2.327e-02   7.738e-02  1.0000        2690  [    4    119       1280         12 ]
           6      599166    1454.831   2.925e-02   5.130e-02   5.239e-02   0.000e+00   2.327e-02   7.738e-02  1.0000        2676  [    4    120       1280         12 ]
           6      601762    1460.147   2.925e-02   5.130e-02   5.239e-02   0.000e+00   2.327e-02   7.738e-02  1.0000        2663  [    4    121       1280         10 ]
           6      606556    1467.060   2.925e-02   5.130e-02   5.239e-02   0.000e+00   2.327e-02   7.738e-02  1.0000        2671  [    5     16       2560          9 ]
           6      608979    1472.599   2.925e-02   5.130e-02   5.239e-02   0.000e+00   2.327e-02   7.738e-02  1.0000        2663  [    4    122       1280          8 ]
           6      611567    1477.884   2.925e-02   5.130e-02   5.239e-02   0.000e+00   2.327e-02   7.738e-02  1.0000        2667  [    4    123       1280         11 ]
           6      614197    1483.300   2.925e-02   5.130e-02   5.239e-02   0.000e+00   2.327e-02   7.738e-02  1.0000        2672  [    4    124       1280         12 ]
           6      616763    1489.327   2.925e-02   5.130e-02   5.239e-02   0.000e+00   2.327e-02   7.738e-02  1.0000        2677  [    4    125       1280         12 ]
           6      619410    1494.795   2.925e-02   5.130e-02   5.239e-02   0.000e+00   2.327e-02   7.738e-02  1.0000        2679  [    4    126       1280         13 ]
           6      622059    1500.079   2.925e-02   5.130e-02   5.239e-02   0.000e+00   2.327e-02   7.738e-02  1.0000        2666  [    4    127       1280         11 ]
           6      624651    1505.060   2.925e-02   5.130e-02   5.239e-02   0.000e+00   2.327e-02   7.738e-02  1.0000        2663  [    4    128       1280          9 ]
           6      627245    1510.402   2.925e-02   5.130e-02   5.239e-02   0.000e+00   2.327e-02   7.738e-02  1.0000        2672  [    4    129       1280         11 ]
           6      632130    1517.095   2.925e-02   5.130e-02   5.239e-02   0.000e+00   2.327e-02   7.738e-02  1.0000        2665  [    5     17       2560         10 ]
           6      641031    1528.859   2.925e-02   5.130e-02   5.239e-02   0.000e+00   2.323e-02   7.711e-02  1.0000        2673  [    6      3       5120         10 ]
           6      643641    1534.044   2.925e-02   5.130e-02   5.239e-02   0.000e+00   2.323e-02   7.711e-02  1.0000        2677  [    4    130       1280         15 ]
           6      646304    1539.598   2.925e-02   5.130e-02   5.239e-02   0.000e+00   2.323e-02   7.711e-02  1.0000        2679  [    4    131       1280         15 ]
           6      648907    1545.168   2.925e-02   5.130e-02   5.239e-02   0.000e+00   2.323e-02   7.711e-02  1.0000        2675  [    4    132       1280         12 ]
           6      651663    1550.478   2.925e-02   5.130e-02   5.239e-02   0.000e+00   2.323e-02   7.711e-02  1.0000        2676  [    4    133       1280         12 ]
           6      654351    1555.924   2.925e-02   5.130e-02   5.239e-02   0.000e+00   2.323e-02   7.711e-02  1.0000        2680  [    4    134       1280         10 ]
           6      656846    1561.478   2.925e-02   5.130e-02   5.239e-02   0.000e+00   2.323e-02   7.711e-02  1.0000        2681  [    4    135       1280         11 ]
           6      659594    1567.140   2.925e-02   5.130e-02   5.239e-02   0.000e+00   2.323e-02   7.711e-02  1.0000        2684  [    4    136       1280         18 ]
           6      662277    1572.962   2.925e-02   5.130e-02   5.239e-02   0.000e+00   2.323e-02   7.711e-02  1.0000        2689  [    4    137       1280         14 ]
           6      667258    1580.320   2.925e-02   5.130e-02   5.239e-02   0.000e+00   2.323e-02   7.711e-02  1.0000        2671  [    5     18       2560         15 ]
           6      669875    1585.768   2.925e-02   5.130e-02   5.239e-02   0.000e+00   2.323e-02   7.711e-02  1.0000        2651  [    4    138       1280         11 ]
           6      672599    1591.336   2.925e-02   5.130e-02   5.239e-02   0.000e+00   2.323e-02   7.711e-02  1.0000        2650  [    4    139       1280         14 ]
           6      675281    1596.716   2.925e-02   5.130e-02   5.239e-02   0.000e+00   2.323e-02   7.711e-02  1.0000        2653  [    4    140       1280         16 ]
           6      677913    1601.939   2.925e-02   5.130e-02   5.239e-02   0.000e+00   2.323e-02   7.711e-02  1.0000        2656  [    4    141       1280         16 ]
           6      680544    1607.403   2.925e-02   5.130e-02   5.239e-02   0.000e+00   2.323e-02   7.711e-02  1.0000        2648  [    4    142       1280         13 ]
           6      683235    1612.784   2.925e-02   5.130e-02   5.239e-02   0.000e+00   2.323e-02   7.711e-02  1.0000        2661  [    4    143       1280         13 ]
           6      685880    1618.195   2.925e-02   5.130e-02   5.239e-02   0.000e+00   2.323e-02   7.711e-02  1.0000        2661  [    4    144       1280         12 ]
           6      688468    1623.401   2.925e-02   5.130e-02   5.239e-02   0.000e+00   2.323e-02   7.711e-02  1.0000        2638  [    4    145       1280         11 ]
           6      693398    1630.069   2.925e-02   5.130e-02   5.239e-02   0.000e+00   2.323e-02   7.711e-02  1.0000        2648  [    5     19       2560         15 ]
           6      696035    1635.879   2.925e-02   5.130e-02   5.239e-02   0.000e+00   2.323e-02   7.711e-02  1.0000        2641  [    4    146       1280         14 ]
           6      698748    1641.529   2.925e-02   5.130e-02   5.239e-02   0.000e+00   2.323e-02   7.711e-02  1.0000        2637  [    4    147       1280         13 ]
           6      701431    1646.684   2.925e-02   5.130e-02   5.239e-02   0.000e+00   2.323e-02   7.711e-02  1.0000        2650  [    4    148       1280         17 ]
           6      704130    1652.174   2.925e-02   5.130e-02   5.239e-02   0.000e+00   2.323e-02   7.711e-02  1.0000        2652  [    4    149       1280         14 ]
           6      706808    1657.417   2.925e-02   5.130e-02   5.239e-02   0.000e+00   2.323e-02   7.711e-02  1.0000        2641  [    4    150       1280         12 ]
           6      709475    1663.052   2.925e-02   5.130e-02   5.239e-02   0.000e+00   2.323e-02   7.711e-02  1.0000        2646  [    4    151       1280         12 ]
           6      712136    1668.758   2.925e-02   5.130e-02   5.239e-02   0.000e+00   2.323e-02   7.711e-02  1.0000        2643  [    4    152       1280         12 ]
           6      714872    1674.825   2.925e-02   5.130e-02   5.239e-02   0.000e+00   2.323e-02   7.711e-02  1.0000        2647  [    4    153       1280         14 ]
           6      719730    1681.378   2.925e-02   5.130e-02   5.239e-02   0.000e+00   2.323e-02   7.711e-02  1.0000        2642  [    5     20       2560          9 ]
           6      722420    1686.345   2.925e-02   5.130e-02   5.239e-02   0.000e+00   2.323e-02   7.711e-02  1.0000        2653  [    4    154       1280         11 ]
           6      725012    1691.446   2.925e-02   5.130e-02   5.239e-02   0.000e+00   2.323e-02   7.711e-02  1.0000        2650  [    4    155       1280         13 ]
           6      727547    1697.276   2.925e-02   5.130e-02   5.239e-02   0.000e+00   2.323e-02   7.711e-02  1.0000        2639  [    4    156       1280          9 ]
           6      730009    1702.540   2.925e-02   5.130e-02   5.239e-02   0.000e+00   2.323e-02   7.711e-02  1.0000        2642  [    4    157       1280         11 ]
           6      732404    1708.125   2.925e-02   5.130e-02   5.239e-02   0.000e+00   2.323e-02   7.711e-02  1.0000        2645  [    4    158       1280          8 ]
           6      734877    1713.428   2.925e-02   5.130e-02   5.239e-02   0.000e+00   2.323e-02   7.711e-02  1.0000        2648  [    4    159       1280         10 ]
           6      737379    1719.851   2.925e-02   5.130e-02   5.239e-02   0.000e+00   2.323e-02   7.711e-02  1.0000        2649  [    4    160       1280         11 ]
           6      740001    1724.971   2.925e-02   5.130e-02   5.239e-02   0.000e+00   2.323e-02   7.711e-02  1.0000        2653  [    4    161       1280         15 ]
           6      744890    1732.129   2.925e-02   5.130e-02   5.239e-02   0.000e+00   2.323e-02   7.710e-02  1.0000        2660  [    5     21       2560         11 ]
           6      747371    1737.798   2.925e-02   5.130e-02   5.239e-02   0.000e+00   2.323e-02   7.710e-02  1.0000        2653  [    4    162       1280          7 ]
           6      749940    1743.205   2.925e-02   5.130e-02   5.239e-02   0.000e+00   2.323e-02   7.710e-02  1.0000        2656  [    4    163       1280         10 ]
           6      752569    1748.434   2.925e-02   5.130e-02   5.239e-02   0.000e+00   2.323e-02   7.710e-02  1.0000        2658  [    4    164       1280         12 ]
           6      755195    1753.420   2.925e-02   5.130e-02   5.239e-02   0.000e+00   2.323e-02   7.699e-02  1.0000        2664  [    4    165       1280         11 ]
           6      757792    1759.105   2.925e-02   5.130e-02   5.239e-02   0.000e+00   2.320e-02   7.696e-02  1.0000        2652  [    4    166       1280          8 ]
           6      760368    1764.851   2.925e-02   5.130e-02   5.239e-02   0.000e+00   2.318e-02   7.687e-02  1.0000        2658  [    4    167       1280         10 ]
           6      763022    1770.265   2.925e-02   5.130e-02   5.239e-02   0.000e+00   2.318e-02   7.686e-02  1.0000        2656  [    4    168       1280         10 ]
           6      765586    1776.047   2.925e-02   5.130e-02   5.239e-02   0.000e+00   2.317e-02   7.686e-02  1.0000        2655  [    4    169       1280          8 ]
           6      770566    1782.766   2.925e-02   5.130e-02   5.239e-02   0.000e+00   2.317e-02   7.686e-02  1.0000        2666  [    5     22       2560         11 ]
           6      773250    1788.089   2.925e-02   5.130e-02   5.239e-02   0.000e+00   2.315e-02   7.682e-02  1.0000        2676  [    4    170       1280         13 ]
           6      775808    1793.716   2.925e-02   5.130e-02   5.239e-02   0.000e+00   2.314e-02   7.681e-02  1.0000        2660  [    4    171       1280         12 ]
           6      778505    1799.087   2.925e-02   5.130e-02   5.239e-02   0.000e+00   2.313e-02   7.679e-02  1.0000        2672  [    4    172       1280         12 ]
           6      781008    1804.657   2.925e-02   5.130e-02   5.239e-02   0.000e+00   2.313e-02   7.679e-02  1.0000        2661  [    4    173       1280         12 ]
           6      783615    1809.853   2.925e-02   5.130e-02   5.239e-02   0.000e+00   2.313e-02   7.679e-02  1.0000        2653  [    4    174       1280         11 ]
           6      786183    1815.074   2.925e-02   5.130e-02   5.239e-02   0.000e+00   2.313e-02   7.679e-02  1.0000        2649  [    4    175       1280          8 ]
           6      788697    1820.312   2.925e-02   5.130e-02   5.239e-02   0.000e+00   2.313e-02   7.679e-02  1.0000        2667  [    4    176       1280         13 ]
           6      791108    1825.854   2.925e-02   5.130e-02   5.239e-02   0.000e+00   2.313e-02   7.679e-02  1.0000        2673  [    4    177       1280         13 ]
           6      795983    1832.639   2.925e-02   5.130e-02   5.239e-02   0.000e+00   2.313e-02   7.679e-02  1.0000        2661  [    5     23       2560          9 ]
           6      798584    1838.429   2.925e-02   5.130e-02   5.239e-02   0.000e+00   2.313e-02   7.679e-02  1.0000        2657  [    4    178       1280         10 ]
           6      801071    1843.869   2.925e-02   5.130e-02   5.239e-02   0.000e+00   2.313e-02   7.679e-02  1.0000        2652  [    4    179       1280          7 ]
           6      803540    1849.247   2.925e-02   5.130e-02   5.239e-02   0.000e+00   2.313e-02   7.679e-02  1.0000        2654  [    4    180       1280         10 ]
           6      806089    1854.570   2.925e-02   5.130e-02   5.239e-02   0.000e+00   2.313e-02   7.679e-02  1.0000        2653  [    4    181       1280          9 ]
           6      808653    1859.697   2.925e-02   5.130e-02   5.239e-02   0.000e+00   2.313e-02   7.679e-02  1.0000        2661  [    4    182       1280         12 ]
           6      811124    1864.942   2.925e-02   5.130e-02   5.239e-02   0.000e+00   2.313e-02   7.679e-02  1.0000        2661  [    4    183       1280         10 ]
           6      813610    1870.039   2.925e-02   5.130e-02   5.239e-02   0.000e+00   2.313e-02   7.679e-02  1.0000        2650  [    4    184       1280         10 ]
           6      816173    1875.572   2.925e-02   5.130e-02   5.239e-02   0.000e+00   2.313e-02   7.679e-02  1.0000        2662  [    4    185       1280         15 ]
           6      821150    1882.141   2.925e-02   5.130e-02   5.239e-02   0.000e+00   2.313e-02   7.679e-02  1.0000        2670  [    5     24       2560         12 ]
           6      823760    1887.884   2.925e-02   5.130e-02   5.239e-02   0.000e+00   2.313e-02   7.679e-02  1.0000        2672  [    4    186       1280         14 ]
           6      826335    1893.109   2.925e-02   5.130e-02   5.239e-02   0.000e+00   2.313e-02   7.679e-02  1.0000        2662  [    4    187       1280         12 ]
           6      828998    1898.242   2.925e-02   5.130e-02   5.239e-02   0.000e+00   2.313e-02   7.679e-02  1.0000        2661  [    4    188       1280         15 ]
           6      831641    1903.246   2.925e-02   5.130e-02   5.239e-02   0.000e+00   2.313e-02   7.679e-02  1.0000        2665  [    4    189       1280         15 ]
           6      834230    1908.288   2.925e-02   5.130e-02   5.239e-02   0.000e+00   2.313e-02   7.679e-02  1.0000        2659  [    4    190       1280         12 ]
           6      836867    1913.418   2.925e-02   5.130e-02   5.239e-02   0.000e+00   2.313e-02   7.679e-02  1.0000        2652  [    4    191       1280         10 ]
           6      839520    1918.711   2.925e-02   5.130e-02   5.239e-02   0.000e+00   2.313e-02   7.679e-02  1.0000        2670  [    4    192       1280         14 ]
           6      842060    1924.015   2.925e-02   5.130e-02   5.239e-02   0.000e+00   2.313e-02   7.679e-02  1.0000        2670  [    4    193       1280         12 ]
           6      846870    1931.263   2.925e-02   5.130e-02   5.239e-02   0.000e+00   2.313e-02   7.679e-02  1.0000        2675  [    5     25       2560         12 ]
           6      855779    1942.984   2.925e-02   5.130e-02   5.239e-02   0.000e+00   2.313e-02   7.669e-02  1.0000        2702  [    6      4       5120         11 ]
           6      858357    1948.525   2.925e-02   5.130e-02   5.239e-02   0.000e+00   2.313e-02   7.669e-02  1.0000        2691  [    4    194       1280          9 ]
           6      861029    1954.031   2.925e-02   5.130e-02   5.239e-02   0.000e+00   2.313e-02   7.669e-02  1.0000        2698  [    4    195       1280         10 ]
           6      863547    1959.946   2.925e-02   5.130e-02   5.239e-02   0.000e+00   2.313e-02   7.669e-02  1.0000        2701  [    4    196       1280         11 ]
           6      866078    1965.332   2.925e-02   5.130e-02   5.239e-02   0.000e+00   2.313e-02   7.669e-02  1.0000        2700  [    4    197       1280         10 ]
           6      868580    1970.716   2.925e-02   5.130e-02   5.239e-02   0.000e+00   2.313e-02   7.669e-02  1.0000        2700  [    4    198       1280         18 ]
           6      871175    1975.942   2.925e-02   5.130e-02   5.239e-02   0.000e+00   2.313e-02   7.669e-02  1.0000        2702  [    4    199       1280         17 ]
           6      873766    1981.382   2.925e-02   5.130e-02   5.239e-02   0.000e+00   2.313e-02   7.669e-02  1.0000        2698  [    4    200       1280         14 ]
           6      876372    1986.801   2.925e-02   5.130e-02   5.239e-02   0.000e+00   2.313e-02   7.669e-02  1.0000        2695  [    4    201       1280         15 ]
           6      881395    1993.803   2.925e-02   5.130e-02   5.239e-02   0.000e+00   2.313e-02   7.669e-02  1.0000        2716  [    5     26       2560         17 ]
           6      884068    1998.990   2.925e-02   5.130e-02   5.239e-02   0.000e+00   2.313e-02   7.669e-02  1.0000        2705  [    4    202       1280         18 ]
           6      886693    2004.131   2.925e-02   5.130e-02   5.239e-02   0.000e+00   2.313e-02   7.669e-02  1.0000        2704  [    4    203       1280         16 ]
           6      889370    2009.291   2.925e-02   5.130e-02   5.239e-02   0.000e+00   2.313e-02   7.669e-02  1.0000        2697  [    4    204       1280         13 ]
           6      891863    2014.902   2.925e-02   5.130e-02   5.239e-02   0.000e+00   2.313e-02   7.669e-02  1.0000        2658  [    4    205       1280         13 ]
           6      894397    2020.304   2.925e-02   5.130e-02   5.239e-02   0.000e+00   2.313e-02   7.669e-02  1.0000        2671  [    4    206       1280         13 ]
           6      896903    2025.823   2.925e-02   5.130e-02   5.239e-02   0.000e+00   2.313e-02   7.669e-02  1.0000        2668  [    4    207       1280         12 ]
           6      899602    2031.274   2.925e-02   5.130e-02   5.239e-02   0.000e+00   2.312e-02   7.669e-02  1.0000        2669  [    4    208       1280         13 ]
           6      902336    2036.692   2.925e-02   5.130e-02   5.239e-02   0.000e+00   2.312e-02   7.669e-02  1.0000        2686  [    4    209       1280         17 ]
           6      907382    2043.724   2.925e-02   5.130e-02   5.239e-02   0.000e+00   2.312e-02   7.669e-02  1.0000        2680  [    5     27       2560          9 ]
           6      910026    2048.929   2.925e-02   5.130e-02   5.239e-02   0.000e+00   2.312e-02   7.669e-02  1.0000        2678  [    4    210       1280          8 ]
           6      912657    2054.205   2.925e-02   5.130e-02   5.239e-02   0.000e+00   2.311e-02   7.669e-02  1.0000        2689  [    4    211       1280         12 ]
           6      915272    2059.846   2.925e-02   5.130e-02   5.239e-02   0.000e+00   2.311e-02   7.669e-02  1.0000        2687  [    4    212       1280         14 ]
           6      917806    2065.027   2.925e-02   5.130e-02   5.239e-02   0.000e+00   2.310e-02   7.669e-02  1.0000        2683  [    4    213       1280         11 ]
           6      920359    2070.333   2.925e-02   5.130e-02   5.239e-02   0.000e+00   2.310e-02   7.669e-02  1.0000        2678  [    4    214       1280         10 ]
           6      923002    2075.728   2.925e-02   5.130e-02   5.239e-02   0.000e+00   2.310e-02   7.669e-02  1.0000        2678  [    4    215       1280         10 ]
           6      925601    2081.462   2.925e-02   5.130e-02   5.239e-02   0.000e+00   2.310e-02   7.669e-02  1.0000        2681  [    4    216       1280         14 ]
           6      928143    2086.713   2.925e-02   5.130e-02   5.239e-02   0.000e+00   2.310e-02   7.669e-02  1.0000        2682  [    4    217       1280         11 ]
           6      933128    2093.759   2.925e-02   5.130e-02   5.239e-02   0.000e+00   2.310e-02   7.669e-02  1.0000        2700  [    5     28       2560         13 ]
           6      935689    2098.897   2.925e-02   5.130e-02   5.239e-02   0.000e+00   2.310e-02   7.669e-02  1.0000        2700  [    4    218       1280         14 ]
           6      938322    2104.354   2.925e-02   5.130e-02   5.239e-02   0.000e+00   2.308e-02   7.669e-02  1.0000        2696  [    4    219       1280         13 ]
           6      940845    2109.493   2.925e-02   5.130e-02   5.239e-02   0.000e+00   2.308e-02   7.667e-02  1.0000        2704  [    4    220       1280         15 ]
           6      943373    2115.912   2.925e-02   5.130e-02   5.239e-02   0.000e+00   2.308e-02   7.667e-02  1.0000        2701  [    4    221       1280         12 ]
           6      946015    2122.995   2.925e-02   5.130e-02   5.239e-02   0.000e+00   2.308e-02   7.667e-02  1.0000        2674  [    4    222       1280         15 ]
           6      948771    2128.025   2.925e-02   5.130e-02   5.239e-02   0.000e+00   2.308e-02   7.667e-02  1.0000        2672  [    4    223       1280         13 ]
           6      951432    2134.389   2.925e-02   5.130e-02   5.239e-02   0.000e+00   2.308e-02   7.667e-02  1.0000        2676  [    4    224       1280         14 ]
           6      954072    2139.369   2.925e-02   5.130e-02   5.239e-02   0.000e+00   2.308e-02   7.667e-02  1.0000        2684  [    4    225       1280         15 ]
           6      959029    2146.057   2.925e-02   5.130e-02   5.239e-02   0.000e+00   2.308e-02   7.667e-02  1.0000        2692  [    5     29       2560          8 ]
           6      961598    2151.181   2.925e-02   5.130e-02   5.239e-02   0.000e+00   2.308e-02   7.667e-02  1.0000        2693  [    4    226       1280         10 ]
           6      964194    2156.969   2.925e-02   5.130e-02   5.239e-02   0.000e+00   2.308e-02   7.667e-02  1.0000        2691  [    4    227       1280         10 ]
           6      966733    2162.766   2.925e-02   5.130e-02   5.239e-02   0.000e+00   2.308e-02   7.667e-02  1.0000        2695  [    4    228       1280          9 ]
           6      969235    2168.011   2.925e-02   5.130e-02   5.239e-02   0.000e+00   2.308e-02   7.667e-02  1.0000        2694  [    4    229       1280          9 ]
           6      971798    2173.269   2.925e-02   5.130e-02   5.239e-02   0.000e+00   2.308e-02   7.667e-02  1.0000        2697  [    4    230       1280         10 ]
           6      974359    2178.529   2.925e-02   5.130e-02   5.239e-02   0.000e+00   2.308e-02   7.667e-02  1.0000        2703  [    4    231       1280         14 ]
           6      976968    2184.776   2.925e-02   5.130e-02   5.239e-02   0.000e+00   2.308e-02   7.667e-02  1.0000        2707  [    4    232       1280         18 ]
           6      979600    2189.984   2.925e-02   5.130e-02   5.239e-02   0.000e+00   2.308e-02   7.667e-02  1.0000        2699  [    4    233       1280         17 ]
           6      984646    2197.379   2.925e-02   5.130e-02   5.239e-02   0.000e+00   2.308e-02   7.667e-02  1.0000        2701  [    5     30       2560         12 ]
           6      987270    2202.703   2.925e-02   5.130e-02   5.239e-02   0.000e+00   2.308e-02   7.667e-02  1.0000        2696  [    4    234       1280         12 ]
           6      989904    2208.104   2.925e-02   5.130e-02   5.239e-02   0.000e+00   2.308e-02   7.667e-02  1.0000        2704  [    4    235       1280         13 ]
           6      992532    2213.403   2.925e-02   5.130e-02   5.239e-02   0.000e+00   2.308e-02   7.667e-02  1.0000        2692  [    4    236       1280         11 ]
           6      995229    2218.661   2.925e-02   5.130e-02   5.239e-02   0.000e+00   2.308e-02   7.667e-02  1.0000        2694  [    4    237       1280         13 ]
           6      997923    2224.020   2.925e-02   5.130e-02   5.239e-02   0.000e+00   2.308e-02   7.667e-02  1.0000        2705  [    4    238       1280         14 ]
           7     1000565    2229.308   2.925e-02   5.130e-02   5.239e-02   0.000e+00   2.308e-02   7.667e-02  1.0000        2707  [    6      4       5120         11 ]
