# Generation  Evaluations  Time (s)  Best_obj[0]  Best_obj[1]  Hypervol.   IGD         IGDX        SR    Appr.set  [ Pop.index  Subgen.  Pop.size  Subpops ]
           0         115       3.976   8.749e-02   3.273e-01   1.755e-01   2.543e-01   2.492e-01  0.0000          22  [    0      1         30          8 ]
           0         210       4.048   0.000e+00   0.000e+00   3.068e-01   2.043e-01   2.390e-01  0.0000          28  [    0      2         30         12 ]
           0         335       4.107   0.000e+00   0.000e+00   3.442e-01   1.797e-01   1.229e-01  0.0000          35  [    0      3         30         15 ]
           0         481       4.182   0.000e+00   0.000e+00   3.521e-01   1.431e-01   1.361e-01  0.0000          43  [    0      4         30         17 ]
           0         616       4.276   0.000e+00   0.000e+00   1.137e-01   1.431e-01   1.276e-01  0.0000          49  [    0      5         30         17 ]
           0         772       4.363   0.000e+00   0.000e+00   1.269e-01   1.297e-01   9.676e-02  0.0000          63  [    0      6         30         22 ]
           0         949       4.475   0.000e+00   0.000e+00   1.175e-01   1.080e-01   7.784e-02  0.0000          79  [    0      7         30         25 ]
           0        1155       4.614   0.000e+00   0.000e+00   1.299e-01   9.201e-02   7.121e-02  0.0000          92  [    0      8         30         29 ]
           1        1608       4.769   0.000e+00   0.000e+00   1.638e-01   7.189e-02   5.609e-02  0.0000         161  [    1      1         60         50 ]
           1        1892       5.099   0.000e+00   0.000e+00   2.851e-01   6.094e-02   5.183e-02  0.5000         169  [    0      9         30         51 ]
           1        2267       5.394   0.000e+00   0.000e+00   1.891e-01   5.570e-02   4.393e-02  1.0000         204  [    1      2         60         51 ]
           1        2589       5.766   0.000e+00   0.000e+00   3.025e-01   4.892e-02   4.089e-02  1.0000         212  [    0     10         30         54 ]
           1        2925       6.076   0.000e+00   0.000e+00   3.601e-01   4.856e-02   4.279e-02  1.0000         215  [    0     11         30         54 ]
           1        3271       6.459   0.000e+00   0.000e+00   3.328e-01   4.856e-02   3.923e-02  1.0000         230  [    0     12         30         59 ]
           1        3625       6.872   0.000e+00   0.000e+00   3.476e-01   4.756e-02   4.002e-02  1.0000         221  [    0     13         30         60 ]
           1        3985       7.281   0.000e+00   0.000e+00   3.574e-01   4.259e-02   3.707e-02  1.0000         233  [    0     14         30         61 ]
           1        4348       7.713   0.000e+00   0.000e+00   3.525e-01   4.241e-02   3.691e-02  1.0000         245  [    0     15         30         62 ]
           1        4731       8.145   0.000e+00   0.000e+00   3.588e-01   4.241e-02   3.687e-02  1.0000         257  [    0     16         30         63 ]
           1        5120       8.556   0.000e+00   0.000e+00   2.513e-01   4.229e-02   3.597e-02  1.0000         260  [    0     17         30         65 ]
           1        5558       9.031   0.000e+00   0.000e+00   2.452e-01   4.218e-02   3.461e-02  1.0000         279  [    1      3         60         69 ]
           1        5961       9.516   0.000e+00   0.000e+00   2.454e-01   4.218e-02   3.333e-02  1.0000         285  [    0     18         30         71 ]
           1        6360      10.105   0.000e+00   0.000e+00   2.391e-01   4.197e-02   3.311e-02  1.0000         296  [    0     19         30         74 ]
           1        6766      10.479   0.000e+00   0.000e+00   2.388e-01   4.197e-02   3.311e-02  1.0000         300  [    0     20         30         75 ]
           1        7182      11.048   0.000e+00   0.000e+00   2.369e-01   4.130e-02   3.300e-02  1.0000         309  [    0     21         30         74 ]
           1        7606      11.625   0.000e+00   0.000e+00   2.396e-01   4.021e-02   3.269e-02  1.0000         319  [    0     22         30         73 ]
           1        8022      12.053   0.000e+00   0.000e+00   2.447e-01   4.005e-02   3.260e-02  1.0000         328  [    0     23         30         74 ]
           1        8463      12.434   0.000e+00   0.000e+00   3.506e-01   4.005e-02   3.260e-02  1.0000         339  [    0     24         30         75 ]
           1        8904      13.092   0.000e+00   0.000e+00   3.480e-01   4.005e-02   3.260e-02  1.0000         350  [    0     25         30         76 ]
           1        9431      13.569   0.000e+00   0.000e+00   2.376e-01   4.005e-02   3.261e-02  1.0000         363  [    1      4         60         78 ]
           1        9885      14.209   0.000e+00   0.000e+00   2.326e-01   4.005e-02   3.108e-02  1.0000         368  [    0     26         30         79 ]
           1       10344      14.777   0.000e+00   0.000e+00   2.352e-01   4.005e-02   3.108e-02  1.0000         374  [    0     27         30         80 ]
           1       10809      15.333   0.000e+00   0.000e+00   3.448e-01   3.596e-02   3.183e-02  1.0000         376  [    0     28         30         79 ]
           1       11277      15.968   0.000e+00   0.000e+00   3.373e-01   3.498e-02   2.996e-02  1.0000         386  [    0     29         30         82 ]
           1       11753      16.703   0.000e+00   0.000e+00   2.258e-01   3.498e-02   2.996e-02  1.0000         396  [    0     30         30         83 ]
           1       12251      17.450   0.000e+00   0.000e+00   2.236e-01   3.498e-02   2.996e-02  1.0000         404  [    0     31         30         85 ]
           1       12747      18.196   0.000e+00   0.000e+00   3.374e-01   3.498e-02   2.996e-02  1.0000         411  [    0     32         30         85 ]
           1       13251      18.905   0.000e+00   0.000e+00   2.243e-01   2.926e-02   2.838e-02  1.0000         419  [    0     33         30         85 ]
           1       13804      19.527   0.000e+00   0.000e+00   2.241e-01   2.905e-02   2.697e-02  1.0000         428  [    1      5         60         86 ]
           1       14320      20.179   0.000e+00   0.000e+00   2.230e-01   2.566e-02   2.627e-02  1.0000         438  [    0     34         30         88 ]
           1       14828      20.907   0.000e+00   0.000e+00   3.311e-01   2.309e-02   2.549e-02  1.0000         445  [    0     35         30         90 ]
           1       15347      21.512   0.000e+00   0.000e+00   2.171e-01   2.309e-02   2.549e-02  1.0000         452  [    0     36         30         93 ]
           1       15879      22.312   0.000e+00   0.000e+00   2.103e-01   2.309e-02   2.426e-02  1.0000         456  [    0     37         30         95 ]
           1       16423      23.029   0.000e+00   0.000e+00   1.995e-01   2.309e-02   2.376e-02  1.0000         466  [    0     38         30         98 ]
           1       16979      23.675   0.000e+00   0.000e+00   3.068e-01   2.309e-02   2.491e-02  1.0000         471  [    0     39         30         98 ]
           1       17528      24.311   0.000e+00   0.000e+00   1.970e-01   2.309e-02   2.487e-02  1.0000         476  [    0     40         30         98 ]
           1       18086      25.048   0.000e+00   0.000e+00   1.945e-01   2.309e-02   2.487e-02  1.0000         476  [    0     41         30         98 ]
           1       18706      25.883   0.000e+00   0.000e+00   3.131e-01   2.177e-02   2.212e-02  1.0000         494  [    1      6         60         98 ]
           1       19278      26.726   0.000e+00   0.000e+00   3.095e-01   2.126e-02   2.171e-02  1.0000         502  [    0     42         30         97 ]
           1       19841      27.490   0.000e+00   0.000e+00   1.978e-01   2.126e-02   2.219e-02  1.0000         506  [    0     43         30         98 ]
           1       20413      28.550   0.000e+00   0.000e+00   3.079e-01   2.126e-02   2.215e-02  1.0000         509  [    0     44         30         96 ]
           1       20959      29.529   0.000e+00   0.000e+00   2.433e-01   2.014e-02   2.217e-02  1.0000         514  [    0     45         30         95 ]
           1       21528      30.542   0.000e+00   0.000e+00   2.093e-01   2.014e-02   2.217e-02  1.0000         521  [    0     46         30         95 ]
           1       22096      31.347   0.000e+00   0.000e+00   2.186e-01   2.002e-02   2.179e-02  1.0000         520  [    0     47         30         95 ]
           1       22654      32.169   0.000e+00   0.000e+00   2.269e-01   1.991e-02   1.799e-02  1.0000         529  [    0     48         30         94 ]
           1       23194      33.236   0.000e+00   0.000e+00   3.380e-01   1.991e-02   1.799e-02  1.0000         531  [    0     49         30         93 ]
           1       23807      33.795   0.000e+00   0.000e+00   2.245e-01   1.854e-02   1.615e-02  1.0000         546  [    1      7         60         94 ]
           1       24346      34.685   0.000e+00   0.000e+00   2.723e-01   1.854e-02   1.588e-02  1.0000         546  [    0     50         30         92 ]
           1       24888      35.769   0.000e+00   0.000e+00   2.236e-01   1.854e-02   1.608e-02  1.0000         551  [    0     51         30         92 ]
           1       25428      36.745   0.000e+00   0.000e+00   2.269e-01   1.854e-02   1.608e-02  1.0000         553  [    0     52         30         93 ]
           1       25977      37.724   0.000e+00   0.000e+00   2.265e-01   1.854e-02   1.608e-02  1.0000         559  [    0     53         30         94 ]
           1       26542      38.838   0.000e+00   0.000e+00   2.670e-01   1.819e-02   1.539e-02  1.0000         571  [    0     54         30         96 ]
           1       27099      39.868   0.000e+00   0.000e+00   2.175e-01   1.819e-02   1.539e-02  1.0000         581  [    0     55         30         97 ]
           1       27653      40.948   0.000e+00   0.000e+00   2.107e-01   1.819e-02   1.539e-02  1.0000         590  [    0     56         30         97 ]
           1       28211      42.063   0.000e+00   0.000e+00   2.147e-01   1.819e-02   1.539e-02  1.0000         590  [    0     57         30         97 ]
           1       28814      43.236   0.000e+00   0.000e+00   2.150e-01   1.819e-02   1.539e-02  1.0000         601  [    1      8         60         94 ]
           1       29357      44.217   0.000e+00   0.000e+00   2.140e-01   1.740e-02   1.507e-02  1.0000         609  [    0     58         30         92 ]
           1       29911      45.143   0.000e+00   0.000e+00   2.162e-01   1.705e-02   1.494e-02  1.0000         615  [    0     59         30         92 ]
           1       30456      45.951   0.000e+00   0.000e+00   3.180e-01   1.705e-02   1.494e-02  1.0000         626  [    0     60         30         91 ]
           1       31006      46.748   0.000e+00   0.000e+00   2.167e-01   1.690e-02   1.485e-02  1.0000         636  [    0     61         30         91 ]
           1       31552      47.644   0.000e+00   0.000e+00   2.128e-01   1.690e-02   1.485e-02  1.0000         650  [    0     62         30         92 ]
           1       32099      48.659   0.000e+00   0.000e+00   2.075e-01   1.690e-02   1.485e-02  1.0000         653  [    0     63         30         92 ]
           1       32636      49.851   0.000e+00   0.000e+00   2.074e-01   1.690e-02   1.485e-02  1.0000         653  [    0     64         30         91 ]
           2       34141      51.294   0.000e+00   0.000e+00   3.369e-01   1.193e-02   1.090e-02  1.0000        1128  [    2      1        120        100 ]
           2       34836      53.288   0.000e+00   0.000e+00   2.318e-01   1.193e-02   1.059e-02  1.0000        1124  [    1      9         60         94 ]
           2       35628      55.731   0.000e+00   0.000e+00   2.324e-01   9.930e-03   9.368e-03  1.0000        1137  [    2      2        120         95 ]
           2       36301      58.057   0.000e+00   0.000e+00   3.487e-01   9.930e-03   9.368e-03  1.0000        1128  [    1     10         60         94 ]
           2       36955      59.789   0.000e+00   0.000e+00   2.356e-01   9.930e-03   9.396e-03  1.0000        1144  [    1     11         60         93 ]
           2       37564      61.992   0.000e+00   0.000e+00   3.409e-01   9.930e-03   9.396e-03  1.0000        1158  [    1     12         60         93 ]
           2       38216      63.523   0.000e+00   0.000e+00   3.386e-01   9.930e-03   8.713e-03  1.0000        1167  [    1     13         60         95 ]
           2       38885      65.916   0.000e+00   0.000e+00   2.303e-01   9.924e-03   8.931e-03  1.0000        1170  [    1     14         60         96 ]
           2       39543      68.060   0.000e+00   0.000e+00   2.300e-01   9.876e-03   8.942e-03  1.0000        1172  [    1     15         60         95 ]
           2       40194      70.350   0.000e+00   0.000e+00   2.768e-01   9.016e-03   8.921e-03  1.0000        1180  [    1     16         60         95 ]
           2       40832      72.293   0.000e+00   0.000e+00   3.425e-01   9.016e-03   8.921e-03  1.0000        1184  [    1     17         60         97 ]
           2       41639      74.187   0.000e+00   0.000e+00   3.427e-01   9.016e-03   8.921e-03  1.0000        1194  [    2      3        120         97 ]
           2       42311      76.431   0.000e+00   0.000e+00   2.319e-01   9.016e-03   8.909e-03  1.0000        1207  [    1     18         60         97 ]
           2       42993      78.675   0.000e+00   0.000e+00   2.835e-01   9.016e-03   8.909e-03  1.0000        1207  [    1     19         60         98 ]
           2       43674      81.372   0.000e+00   0.000e+00   2.810e-01   9.016e-03   8.909e-03  1.0000        1214  [    1     20         60         98 ]
           2       44353      84.109   0.000e+00   0.000e+00   2.344e-01   9.016e-03   8.909e-03  1.0000        1213  [    1     21         60         96 ]
           2       45020      86.357   0.000e+00   0.000e+00   2.338e-01   8.608e-03   9.003e-03  1.0000        1219  [    1     22         60         96 ]
           2       45680      88.823   0.000e+00   0.000e+00   2.290e-01   8.600e-03   8.488e-03  1.0000        1231  [    1     23         60         97 ]
           2       46356      91.351   0.000e+00   0.000e+00   2.270e-01   8.600e-03   8.488e-03  1.0000        1241  [    1     24         60         96 ]
           2       47018      94.349   0.000e+00   0.000e+00   3.110e-01   1.282e-02   1.142e-02  1.0000         738  [    1     25         60         96 ]
           2       47739      95.525   0.000e+00   0.000e+00   2.108e-01   1.282e-02   1.206e-02  1.0000         712  [    2      4        120         86 ]
           2       48329      96.795   0.000e+00   0.000e+00   3.348e-01   1.282e-02   1.206e-02  1.0000         719  [    1     26         60         85 ]
           2       48903      98.225   0.000e+00   0.000e+00   2.296e-01   1.282e-02   1.206e-02  1.0000         716  [    1     27         60         84 ]
           2       49467      99.746   0.000e+00   0.000e+00   2.258e-01   1.282e-02   1.206e-02  1.0000         722  [    1     28         60         83 ]
           2       50018     100.993   0.000e+00   0.000e+00   2.259e-01   1.282e-02   1.206e-02  1.0000         734  [    1     29         60         83 ]
           2       50599     102.376   0.000e+00   0.000e+00   2.286e-01   1.282e-02   1.206e-02  1.0000         756  [    1     30         60         82 ]
           2       51147     103.712   0.000e+00   0.000e+00   2.288e-01   1.266e-02   1.196e-02  1.0000         758  [    1     31         60         81 ]
           2       51709     105.327   0.000e+00   0.000e+00   2.266e-01   1.266e-02   1.187e-02  1.0000         778  [    1     32         60         81 ]
           2       52263     106.845   0.000e+00   0.000e+00   2.215e-01   1.266e-02   1.190e-02  1.0000         792  [    1     33         60         82 ]
           2       52923     108.068   0.000e+00   0.000e+00   2.151e-01   1.266e-02   1.174e-02  1.0000         819  [    2      5        120         81 ]
           2       53471     109.789   0.000e+00   0.000e+00   2.153e-01   1.136e-02   1.169e-02  1.0000         830  [    1     34         60         82 ]
           2       54023     111.126   0.000e+00   0.000e+00   2.140e-01   1.136e-02   1.142e-02  1.0000         848  [    1     35         60         83 ]
           2       54598     112.973   0.000e+00   0.000e+00   3.239e-01   1.136e-02   1.142e-02  1.0000         854  [    1     36         60         83 ]
           2       55166     114.831   0.000e+00   0.000e+00   2.095e-01   1.136e-02   1.142e-02  1.0000         856  [    1     37         60         81 ]
           2       55720     116.293   0.000e+00   0.000e+00   2.096e-01   1.136e-02   1.142e-02  1.0000         869  [    1     38         60         81 ]
           2       56278     117.884   0.000e+00   0.000e+00   3.153e-01   1.136e-02   1.142e-02  1.0000         883  [    1     39         60         81 ]
           2       56827     119.385   0.000e+00   0.000e+00   2.077e-01   1.136e-02   1.142e-02  1.0000         898  [    1     40         60         81 ]
           2       57379     120.760   0.000e+00   0.000e+00   2.072e-01   1.136e-02   1.142e-02  1.0000         921  [    1     41         60         81 ]
           2       58048     122.321   0.000e+00   0.000e+00   2.031e-01   1.136e-02   1.142e-02  1.0000         940  [    2      6        120         83 ]
           2       58614     124.507   0.000e+00   0.000e+00   2.012e-01   1.136e-02   1.142e-02  1.0000         952  [    1     42         60         84 ]
           2       59185     126.454   0.000e+00   0.000e+00   2.047e-01   1.136e-02   1.142e-02  1.0000         958  [    1     43         60         84 ]
           2       59758     128.232   0.000e+00   0.000e+00   2.097e-01   1.136e-02   1.142e-02  1.0000         951  [    1     44         60         82 ]
           2       60324     129.970   0.000e+00   0.000e+00   2.091e-01   1.136e-02   1.142e-02  1.0000         957  [    1     45         60         81 ]
           2       60878     131.882   0.000e+00   0.000e+00   2.065e-01   1.018e-02   1.018e-02  1.0000         978  [    1     46         60         80 ]
           2       61447     133.800   0.000e+00   0.000e+00   2.001e-01   9.879e-03   9.933e-03  1.0000         996  [    1     47         60         81 ]
           2       62002     135.645   0.000e+00   0.000e+00   2.002e-01   9.879e-03   9.933e-03  1.0000        1007  [    1     48         60         81 ]
           2       62553     137.205   0.000e+00   0.000e+00   2.002e-01   9.879e-03   9.933e-03  1.0000        1019  [    1     49         60         81 ]
           2       63246     139.249   0.000e+00   0.000e+00   1.989e-01   9.879e-03   1.006e-02  1.0000        1052  [    2      7        120         83 ]
           2       63808     141.363   0.000e+00   0.000e+00   2.016e-01   9.879e-03   1.004e-02  1.0000        1055  [    1     50         60         86 ]
           2       64377     143.024   0.000e+00   0.000e+00   2.465e-01   9.648e-03   1.004e-02  1.0000        1061  [    1     51         60         85 ]
           2       64957     144.749   0.000e+00   0.000e+00   2.002e-01   9.644e-03   1.003e-02  1.0000        1069  [    1     52         60         84 ]
           2       65538     147.053   0.000e+00   0.000e+00   2.008e-01   9.644e-03   1.003e-02  1.0000        1072  [    1     53         60         82 ]
           2       66142     148.685   0.000e+00   0.000e+00   3.075e-01   8.800e-03   9.603e-03  1.0000        1087  [    1     54         60         82 ]
           2       66721     150.613   0.000e+00   0.000e+00   2.438e-01   8.606e-03   9.488e-03  1.0000        1089  [    1     55         60         81 ]
           2       67299     152.252   0.000e+00   0.000e+00   2.007e-01   8.606e-03   9.487e-03  1.0000        1099  [    1     56         60         81 ]
           2       67866     154.020   0.000e+00   0.000e+00   2.015e-01   8.606e-03   9.487e-03  1.0000        1111  [    1     57         60         82 ]
           2       68566     156.295   0.000e+00   0.000e+00   2.009e-01   8.235e-03   9.279e-03  1.0000        1137  [    2      8        120         82 ]
           2       69158     158.243   0.000e+00   0.000e+00   2.022e-01   8.235e-03   9.279e-03  1.0000        1136  [    1     58         60         82 ]
           2       69716     160.778   0.000e+00   0.000e+00   2.018e-01   8.235e-03   9.279e-03  1.0000        1137  [    1     59         60         82 ]
           2       70279     162.723   0.000e+00   0.000e+00   2.050e-01   8.235e-03   9.279e-03  1.0000        1140  [    1     60         60         82 ]
           2       70854     165.245   0.000e+00   0.000e+00   2.069e-01   8.189e-03   9.219e-03  1.0000        1151  [    1     61         60         82 ]
           2       71434     167.265   0.000e+00   0.000e+00   2.047e-01   8.189e-03   9.173e-03  1.0000        1164  [    1     62         60         82 ]
           2       72002     169.607   0.000e+00   0.000e+00   2.077e-01   8.189e-03   9.416e-03  1.0000        1172  [    1     63         60         80 ]
           2       72561     171.820   0.000e+00   0.000e+00   2.066e-01   8.189e-03   9.395e-03  1.0000        1181  [    1     64         60         79 ]
           3       75104     173.928   0.000e+00   0.000e+00   1.769e-01   1.200e-02   1.401e-02  1.0000         748  [    3      1        240         91 ]
           3       75714     175.120   0.000e+00   0.000e+00   1.857e-01   1.200e-02   1.415e-02  1.0000         710  [    1     65         60         87 ]
           3       76419     176.104   0.000e+00   0.000e+00   1.866e-01   1.100e-02   1.358e-02  1.0000         734  [    2      9        120         87 ]
           3       77349     177.342   0.000e+00   0.000e+00   1.728e-01   1.081e-02   1.345e-02  1.0000         851  [    3      2        240         89 ]
           3       77913     178.873   0.000e+00   0.000e+00   1.731e-01   1.081e-02   1.345e-02  1.0000         853  [    1     66         60         91 ]
           3       78494     180.306   0.000e+00   0.000e+00   1.727e-01   1.081e-02   1.341e-02  1.0000         855  [    1     67         60         92 ]
           3       79067     181.967   0.000e+00   0.000e+00   2.175e-01   1.081e-02   1.325e-02  1.0000         872  [    1     68         60         91 ]
           3       79682     183.240   0.000e+00   0.000e+00   2.198e-01   1.081e-02   1.318e-02  1.0000         874  [    1     69         60         88 ]
           3       80253     184.988   0.000e+00   0.000e+00   2.831e-01   1.073e-02   1.312e-02  1.0000         890  [    1     70         60         87 ]
           3       80849     186.367   0.000e+00   0.000e+00   2.815e-01   1.073e-02   1.312e-02  1.0000         894  [    1     71         60         87 ]
           3       81415     188.197   0.000e+00   0.000e+00   1.700e-01   1.073e-02   1.312e-02  1.0000         902  [    1     72         60         86 ]
           3       81969     189.930   0.000e+00   0.000e+00   1.634e-01   1.073e-02   1.308e-02  1.0000         915  [    1     73         60         84 ]
           3       82677     191.620   0.000e+00   0.000e+00   1.671e-01   1.073e-02   1.308e-02  1.0000         935  [    2     10        120         86 ]
           3       83242     193.578   0.000e+00   0.000e+00   1.674e-01   1.073e-02   1.315e-02  1.0000         940  [    1     74         60         86 ]
           3       83812     195.077   0.000e+00   0.000e+00   1.694e-01   1.073e-02   1.315e-02  1.0000         948  [    1     75         60         84 ]
           3       84363     197.052   0.000e+00   0.000e+00   1.662e-01   1.073e-02   1.312e-02  1.0000         960  [    1     76         60         83 ]
           3       84926     199.018   0.000e+00   0.000e+00   2.110e-01   1.073e-02   1.308e-02  1.0000         962  [    1     77         60         82 ]
           3       85463     200.410   0.000e+00   0.000e+00   2.750e-01   1.073e-02   1.308e-02  1.0000         967  [    1     78         60         81 ]
           3       86010     202.545   0.000e+00   0.000e+00   1.670e-01   1.072e-02   1.297e-02  1.0000         975  [    1     79         60         81 ]
           3       86551     204.149   0.000e+00   0.000e+00   1.646e-01   1.072e-02   1.297e-02  1.0000         992  [    1     80         60         81 ]
           3       87086     206.014   0.000e+00   0.000e+00   1.669e-01   1.072e-02   1.288e-02  1.0000         991  [    1     81         60         83 ]
           3       87759     207.782   0.000e+00   0.000e+00   1.686e-01   1.018e-02   1.289e-02  1.0000        1016  [    2     11        120         83 ]
           3       88313     209.332   0.000e+00   0.000e+00   1.683e-01   1.018e-02   1.289e-02  1.0000        1022  [    1     82         60         83 ]
           3       88866     210.796   0.000e+00   0.000e+00   1.677e-01   1.018e-02   1.289e-02  1.0000        1031  [    1     83         60         84 ]
           3       89429     212.138   0.000e+00   0.000e+00   1.676e-01   1.018e-02   1.289e-02  1.0000        1035  [    1     84         60         84 ]
           3       89993     213.607   0.000e+00   0.000e+00   1.718e-01   1.012e-02   1.282e-02  1.0000        1043  [    1     85         60         84 ]
           3       90562     215.311   0.000e+00   0.000e+00   2.767e-01   1.012e-02   1.282e-02  1.0000        1057  [    1     86         60         85 ]
           3       91128     217.320   0.000e+00   0.000e+00   1.666e-01   1.012e-02   1.282e-02  1.0000        1068  [    1     87         60         85 ]
           3       91698     219.563   0.000e+00   0.000e+00   2.118e-01   1.007e-02   1.270e-02  1.0000        1087  [    1     88         60         85 ]
           3       92273     221.260   0.000e+00   0.000e+00   2.118e-01   1.007e-02   1.270e-02  1.0000        1088  [    1     89         60         85 ]
           3       92975     222.784   0.000e+00   0.000e+00   2.028e-01   9.895e-03   1.266e-02  1.0000        1111  [    2     12        120         87 ]
           3       93540     224.693   0.000e+00   0.000e+00   1.577e-01   9.895e-03   1.266e-02  1.0000        1111  [    1     90         60         88 ]
           3       94110     226.281   0.000e+00   0.000e+00   1.576e-01   9.895e-03   1.266e-02  1.0000        1118  [    1     91         60         86 ]
           3       94658     227.822   0.000e+00   0.000e+00   1.580e-01   9.895e-03   1.266e-02  1.0000        1120  [    1     92         60         85 ]
           3       95207     229.750   0.000e+00   0.000e+00   1.580e-01   9.895e-03   1.266e-02  1.0000        1119  [    1     93         60         83 ]
           3       95770     231.548   0.000e+00   0.000e+00   1.578e-01   9.895e-03   1.266e-02  1.0000        1125  [    1     94         60         82 ]
           3       96332     233.688   0.000e+00   0.000e+00   1.561e-01   9.895e-03   1.257e-02  1.0000        1139  [    1     95         60         84 ]
           3       96892     236.183   0.000e+00   0.000e+00   2.025e-01   9.596e-03   1.253e-02  1.0000        1146  [    1     96         60         86 ]
           3       97482     238.665   0.000e+00   0.000e+00   1.702e-01   9.596e-03   1.253e-02  1.0000        1147  [    1     97         60         86 ]
           3       98167     240.836   0.000e+00   0.000e+00   2.787e-01   9.596e-03   1.253e-02  1.0000        1155  [    2     13        120         84 ]
           3       98723     243.142   0.000e+00   0.000e+00   1.683e-01   9.596e-03   1.253e-02  1.0000        1163  [    1     98         60         84 ]
           3       99287     245.368   0.000e+00   0.000e+00   2.127e-01   9.596e-03   1.253e-02  1.0000        1155  [    1     99         60         82 ]
           3       99846     247.478   0.000e+00   0.000e+00   1.656e-01   9.596e-03   1.253e-02  1.0000        1154  [    1    100         60         82 ]
           4      100416     249.417   0.000e+00   0.000e+00   1.694e-01   9.596e-03   1.253e-02  1.0000        1157  [    3      2        240         89 ]
