# Generation  Evaluations  Time (s)  Best_obj[0]  Best_obj[1]  Hypervol.   IGD         IGDX        SR    Appr.set  [ Pop.index  Subgen.  Pop.size  Subpops ]
           0         110       4.479   7.235e-02   1.883e-01   5.607e-01   7.506e-02   2.246e-01  0.0000          40  [    0      1         30         11 ]
           0         236       4.590   3.816e-03   6.167e-03   5.140e-01   5.284e-02   2.303e-01  0.0000          51  [    0      2         30         13 ]
           0         389       4.639   6.558e-04   6.167e-03   5.867e-01   4.245e-02   1.792e-01  0.0000          65  [    0      3         30         17 ]
           0         549       4.762   6.558e-04   6.167e-03   5.852e-01   3.707e-02   1.442e-01  0.0000          89  [    0      4         30         22 ]
           0         729       4.933   6.558e-04   6.167e-03   5.719e-01   3.562e-02   1.317e-01  0.0000          98  [    0      5         30         27 ]
           0         931       5.104   6.558e-04   6.167e-03   6.051e-01   2.416e-02   1.239e-01  0.0000         120  [    0      6         30         28 ]
           0        1129       5.303   6.558e-04   6.855e-05   6.719e-01   2.125e-02   1.210e-01  0.0000         140  [    0      7         30         24 ]
           0        1313       5.514   6.558e-04   6.855e-05   6.503e-01   1.906e-02   1.189e-01  0.0000         153  [    0      8         30         25 ]
           1        1816       5.787   6.558e-04   6.855e-05   6.771e-01   1.300e-02   8.599e-02  0.0000         267  [    1      1         60         34 ]
           1        2065       6.273   6.558e-04   6.855e-05   6.453e-01   1.238e-02   8.124e-02  0.0000         285  [    0      9         30         34 ]
           1        2395       6.812   6.558e-04   6.855e-05   5.160e-01   1.151e-02   7.203e-02  0.0000         334  [    1      2         60         37 ]
           1        2686       7.300   6.558e-04   6.855e-05   6.145e-01   1.069e-02   6.668e-02  0.0000         339  [    0     10         30         36 ]
           1        2963       7.937   6.558e-04   6.855e-05   5.586e-01   1.069e-02   6.489e-02  0.0000         354  [    0     11         30         37 ]
           1        3249       8.530   6.558e-04   6.855e-05   5.158e-01   9.370e-03   6.190e-02  0.0000         379  [    0     12         30         38 ]
           1        3547       9.239   6.558e-04   6.855e-05   6.081e-01   8.835e-03   6.029e-02  0.0000         397  [    0     13         30         38 ]
           1        3845       9.874   6.558e-04   6.855e-05   5.933e-01   8.555e-03   5.583e-02  0.5000         406  [    0     14         30         38 ]
           1        4171      10.632   6.558e-04   6.855e-05   6.197e-01   8.299e-03   5.247e-02  0.5000         419  [    0     15         30         40 ]
           1        4485      11.402   6.558e-04   6.855e-05   5.090e-01   8.287e-03   5.224e-02  0.5000         419  [    0     16         30         39 ]
           1        4804      12.182   6.558e-04   6.855e-05   5.572e-01   7.923e-03   5.115e-02  0.5000         430  [    0     17         30         39 ]
           1        5192      12.956   6.558e-04   6.855e-05   5.861e-01   6.527e-03   4.942e-02  0.5000         427  [    1      3         60         36 ]
           1        5494      13.763   6.558e-04   6.855e-05   5.468e-01   5.905e-03   4.711e-02  0.5000         439  [    0     18         30         38 ]
           1        5800      14.610   6.558e-04   6.855e-05   5.333e-01   5.899e-03   4.680e-02  0.5000         453  [    0     19         30         39 ]
           1        6119      15.349   6.558e-04   6.855e-05   5.368e-01   5.730e-03   4.527e-02  1.0000         467  [    0     20         30         41 ]
           1        6455      16.189   6.558e-04   6.855e-05   5.946e-01   5.404e-03   4.441e-02  1.0000         477  [    0     21         30         42 ]
           1        6779      16.915   6.558e-04   6.855e-05   6.331e-01   5.114e-03   4.205e-02  1.0000         486  [    0     22         30         45 ]
           1        7133      17.610   6.558e-04   6.855e-05   6.587e-01   4.996e-03   4.061e-02  1.0000         497  [    0     23         30         43 ]
           1        7466      18.455   6.558e-04   6.855e-05   6.535e-01   4.751e-03   3.921e-02  1.0000         517  [    0     24         30         41 ]
           1        7796      19.461   6.558e-04   6.855e-05   6.717e-01   4.745e-03   3.935e-02  1.0000         528  [    0     25         30         42 ]
           1        8209      20.423   6.558e-04   6.855e-05   6.246e-01   4.710e-03   3.814e-02  1.0000         561  [    1      4         60         45 ]
           1        8553      21.379   6.558e-04   6.855e-05   5.368e-01   4.684e-03   3.779e-02  1.0000         572  [    0     26         30         45 ]
           1        8911      22.395   6.558e-04   6.855e-05   6.232e-01   4.347e-03   3.668e-02  1.0000         589  [    0     27         30         44 ]
           1        9261      23.295   6.558e-04   6.855e-05   5.423e-01   4.224e-03   3.626e-02  1.0000         608  [    0     28         30         44 ]
           1        9610      24.487   6.558e-04   6.855e-05   6.304e-01   4.224e-03   3.616e-02  1.0000         621  [    0     29         30         44 ]
           1        9973      25.597   6.558e-04   6.855e-05   5.858e-01   4.149e-03   3.481e-02  1.0000         628  [    0     30         30         43 ]
           1       10324      26.678   6.558e-04   6.855e-05   5.320e-01   4.060e-03   3.427e-02  1.0000         639  [    0     31         30         41 ]
           1       10660      27.917   4.456e-04   6.855e-05   6.418e-01   3.838e-03   3.394e-02  1.0000         647  [    0     32         30         43 ]
           1       11013      29.055   4.456e-04   6.855e-05   6.164e-01   3.738e-03   3.345e-02  1.0000         662  [    0     33         30         42 ]
           1       11410      30.059   4.456e-04   6.855e-05   6.456e-01   3.661e-03   3.205e-02  1.0000         686  [    1      5         60         41 ]
           1       11760      31.216   4.456e-04   6.855e-05   5.753e-01   3.427e-03   3.165e-02  1.0000         710  [    0     34         30         41 ]
           1       12128      32.534   4.456e-04   6.855e-05   6.418e-01   3.354e-03   3.031e-02  1.0000         730  [    0     35         30         41 ]
           1       12476      33.561   4.456e-04   6.855e-05   5.787e-01   3.306e-03   3.054e-02  1.0000         726  [    0     36         30         39 ]
           1       12818      34.568   4.456e-04   6.855e-05   5.356e-01   3.300e-03   3.029e-02  1.0000         734  [    0     37         30         41 ]
           1       13172      35.560   4.456e-04   6.855e-05   5.747e-01   3.273e-03   2.976e-02  1.0000         744  [    0     38         30         43 ]
           1       13530      36.764   4.456e-04   6.855e-05   5.166e-01   3.245e-03   2.974e-02  1.0000         755  [    0     39         30         42 ]
           1       13893      37.869   4.456e-04   6.855e-05   6.261e-01   3.233e-03   2.952e-02  1.0000         768  [    0     40         30         45 ]
           1       14270      39.343   4.456e-04   6.855e-05   6.030e-01   3.233e-03   2.942e-02  1.0000         780  [    0     41         30         47 ]
           1       14718      40.739   4.456e-04   6.855e-05   5.469e-01   3.123e-03   2.882e-02  1.0000         811  [    1      6         60         45 ]
           1       15091      42.191   4.456e-04   6.855e-05   5.067e-01   3.074e-03   2.874e-02  1.0000         822  [    0     42         30         45 ]
           1       15464      43.596   4.456e-04   6.855e-05   6.121e-01   3.074e-03   2.857e-02  1.0000         832  [    0     43         30         45 ]
           1       15845      45.269   4.456e-04   6.855e-05   5.218e-01   3.028e-03   2.829e-02  1.0000         808  [    0     44         30         43 ]
           1       16207      46.815   4.456e-04   6.855e-05   6.316e-01   3.024e-03   2.821e-02  1.0000         817  [    0     45         30         44 ]
           1       16584      48.387   6.196e-05   6.855e-05   5.239e-01   2.925e-03   2.700e-02  1.0000         834  [    0     46         30         43 ]
           1       16946      49.837   6.196e-05   6.855e-05   5.282e-01   2.749e-03   2.662e-02  1.0000         854  [    0     47         30         43 ]
           1       17319      51.387   6.196e-05   6.855e-05   5.693e-01   2.683e-03   2.656e-02  1.0000         864  [    0     48         30         43 ]
           1       17698      53.033   6.196e-05   6.855e-05   6.404e-01   2.637e-03   2.510e-02  1.0000         889  [    0     49         30         43 ]
           1       18139      54.745   6.196e-05   6.855e-05   6.384e-01   2.609e-03   2.490e-02  1.0000         910  [    1      7         60         41 ]
           1       18516      56.321   6.196e-05   6.855e-05   5.391e-01   2.599e-03   2.473e-02  1.0000         915  [    0     50         30         40 ]
           1       18902      57.703   6.196e-05   6.855e-05   5.404e-01   2.556e-03   2.461e-02  1.0000         919  [    0     51         30         42 ]
           1       19274      59.299   6.196e-05   6.855e-05   5.771e-01   2.555e-03   2.445e-02  1.0000         927  [    0     52         30         43 ]
           1       19660      61.145   6.196e-05   6.855e-05   6.448e-01   2.433e-03   2.457e-02  1.0000         939  [    0     53         30         44 ]
           1       20029      63.049   6.196e-05   6.855e-05   6.264e-01   2.432e-03   2.462e-02  1.0000         944  [    0     54         30         44 ]
           1       20410      64.572   6.196e-05   6.855e-05   6.459e-01   2.422e-03   2.458e-02  1.0000         932  [    0     55         30         43 ]
           1       20789      66.512   6.196e-05   6.855e-05   5.355e-01   2.391e-03   2.445e-02  1.0000         940  [    0     56         30         43 ]
           1       21152      68.003   6.196e-05   6.855e-05   5.350e-01   2.369e-03   2.446e-02  1.0000         953  [    0     57         30         42 ]
           1       21584      69.611   6.196e-05   6.855e-05   5.464e-01   2.318e-03   2.435e-02  1.0000         947  [    1      8         60         38 ]
           1       21930      71.312   6.196e-05   6.855e-05   6.551e-01   2.294e-03   2.387e-02  1.0000         959  [    0     58         30         40 ]
           1       22284      72.797   6.196e-05   6.855e-05   6.327e-01   2.283e-03   2.401e-02  1.0000         966  [    0     59         30         40 ]
           1       22636      74.323   6.196e-05   6.855e-05   6.528e-01   2.274e-03   2.416e-02  1.0000         966  [    0     60         30         40 ]
           1       22993      75.847   6.196e-05   6.855e-05   5.432e-01   2.273e-03   2.431e-02  1.0000         975  [    0     61         30         40 ]
           1       23340      77.796   6.196e-05   6.855e-05   6.059e-01   2.218e-03   2.410e-02  1.0000         985  [    0     62         30         41 ]
           1       23698      79.528   6.196e-05   6.855e-05   6.004e-01   2.215e-03   2.383e-02  1.0000        1006  [    0     63         30         41 ]
           1       24054      81.268   6.196e-05   6.855e-05   6.363e-01   2.189e-03   2.374e-02  1.0000        1016  [    0     64         30         42 ]
           2       26110      83.195   2.577e-05   2.244e-05   4.550e-01   3.697e-03   3.917e-02  1.0000         743  [    2      1        120         51 ]
           2       26623      84.448   2.577e-05   2.244e-05   4.513e-01   3.693e-03   4.088e-02  1.0000         552  [    0     65         30         38 ]
           2       27053      85.460   2.577e-05   2.244e-05   4.612e-01   3.576e-03   3.950e-02  1.0000         547  [    1      9         60         38 ]
           2       27644      86.534   2.577e-05   2.244e-05   4.700e-01   2.949e-03   3.596e-02  1.0000         635  [    2      2        120         39 ]
           2       28016      87.548   2.577e-05   2.244e-05   4.793e-01   2.818e-03   3.558e-02  1.0000         657  [    0     66         30         39 ]
           2       28385      88.849   2.577e-05   2.244e-05   4.810e-01   2.789e-03   3.532e-02  1.0000         671  [    0     67         30         38 ]
           2       28756      90.025   2.577e-05   2.244e-05   4.145e-01   2.756e-03   3.523e-02  1.0000         695  [    0     68         30         40 ]
           2       29126      91.140   2.577e-05   2.244e-05   4.995e-01   2.748e-03   3.493e-02  1.0000         693  [    0     69         30         40 ]
           2       29511      92.219   2.577e-05   2.244e-05   4.797e-01   2.730e-03   3.355e-02  1.0000         708  [    0     70         30         39 ]
           2       29891      93.330   6.192e-07   2.244e-05   5.200e-01   2.702e-03   3.242e-02  1.0000         720  [    0     71         30         41 ]
           2       30262      94.787   6.192e-07   2.244e-05   5.142e-01   2.669e-03   3.210e-02  1.0000         725  [    0     72         30         41 ]
           2       30627      96.166   6.192e-07   2.244e-05   4.295e-01   2.641e-03   3.183e-02  1.0000         746  [    0     73         30         42 ]
           2       31079      97.368   6.192e-07   2.244e-05   4.337e-01   2.555e-03   3.134e-02  1.0000         748  [    1     10         60         41 ]
           2       31453      98.804   6.192e-07   2.244e-05   4.414e-01   2.548e-03   3.096e-02  1.0000         754  [    0     74         30         43 ]
           2       31842      99.841   6.192e-07   2.244e-05   5.517e-01   2.503e-03   3.065e-02  1.0000         760  [    0     75         30         43 ]
           2       32209     101.180   6.192e-07   2.244e-05   4.659e-01   2.503e-03   3.066e-02  1.0000         762  [    0     76         30         40 ]
           2       32574     102.506   6.192e-07   2.244e-05   4.758e-01   2.461e-03   2.985e-02  1.0000         780  [    0     77         30         39 ]
           2       32932     103.956   6.192e-07   2.244e-05   4.779e-01   2.436e-03   2.943e-02  1.0000         794  [    0     78         30         39 ]
           2       33308     105.407   6.192e-07   2.244e-05   4.811e-01   2.414e-03   2.914e-02  1.0000         803  [    0     79         30         39 ]
           2       33661     106.655   6.192e-07   2.244e-05   4.801e-01   2.402e-03   2.916e-02  1.0000         813  [    0     80         30         39 ]
           2       34011     108.221   6.192e-07   2.244e-05   4.788e-01   2.390e-03   2.915e-02  1.0000         815  [    0     81         30         39 ]
           2       34447     109.906   6.192e-07   2.244e-05   4.778e-01   2.373e-03   2.890e-02  1.0000         822  [    1     11         60         37 ]
           2       34801     111.293   6.192e-07   2.244e-05   4.755e-01   2.347e-03   2.875e-02  1.0000         829  [    0     82         30         36 ]
           2       35162     113.019   6.192e-07   2.244e-05   4.749e-01   2.347e-03   2.875e-02  1.0000         832  [    0     83         30         38 ]
           2       35528     114.315   6.192e-07   2.244e-05   4.757e-01   2.346e-03   2.817e-02  1.0000         835  [    0     84         30         40 ]
           2       35893     115.696   6.192e-07   2.244e-05   4.695e-01   2.337e-03   2.818e-02  1.0000         854  [    0     85         30         41 ]
           2       36251     117.389   6.192e-07   2.244e-05   4.687e-01   2.337e-03   2.816e-02  1.0000         865  [    0     86         30         39 ]
           2       36603     119.029   6.192e-07   2.244e-05   4.673e-01   2.284e-03   2.775e-02  1.0000         864  [    0     87         30         41 ]
           2       36966     120.443   6.192e-07   2.244e-05   4.700e-01   2.221e-03   2.730e-02  1.0000         887  [    0     88         30         40 ]
           2       37335     121.923   6.192e-07   2.244e-05   4.719e-01   2.221e-03   2.721e-02  1.0000         893  [    0     89         30         43 ]
           2       37780     123.257   6.192e-07   2.244e-05   5.633e-01   2.194e-03   2.683e-02  1.0000         918  [    1     12         60         42 ]
           2       38160     124.824   6.192e-07   2.244e-05   5.376e-01   2.194e-03   2.681e-02  1.0000         939  [    0     90         30         42 ]
           2       38540     126.259   6.192e-07   2.244e-05   5.620e-01   2.148e-03   2.668e-02  1.0000         954  [    0     91         30         42 ]
           2       38916     127.601   6.192e-07   2.244e-05   5.677e-01   2.146e-03   2.688e-02  1.0000         959  [    0     92         30         41 ]
           2       39296     129.245   6.192e-07   2.244e-05   5.670e-01   2.117e-03   2.671e-02  1.0000         972  [    0     93         30         40 ]
           2       39660     130.862   6.192e-07   2.244e-05   5.617e-01   2.113e-03   2.662e-02  1.0000         984  [    0     94         30         40 ]
           2       40032     132.561   6.192e-07   2.244e-05   4.751e-01   2.092e-03   2.662e-02  1.0000         993  [    0     95         30         39 ]
           2       40405     134.316   6.192e-07   2.244e-05   5.451e-01   2.079e-03   2.638e-02  1.0000        1003  [    0     96         30         41 ]
           2       40784     136.119   6.192e-07   2.244e-05   4.719e-01   2.079e-03   2.638e-02  1.0000        1012  [    0     97         30         41 ]
           2       41216     138.265   6.192e-07   2.244e-05   5.372e-01   2.073e-03   2.609e-02  1.0000        1023  [    1     13         60         40 ]
           2       41593     140.260   6.192e-07   2.244e-05   5.461e-01   2.052e-03   2.573e-02  1.0000        1004  [    0     98         30         38 ]
           2       41965     142.070   6.192e-07   2.244e-05   5.460e-01   2.022e-03   2.533e-02  1.0000        1012  [    0     99         30         39 ]
           2       42337     143.884   6.192e-07   2.244e-05   5.463e-01   2.018e-03   2.495e-02  1.0000        1008  [    0    100         30         39 ]
           2       42699     145.552   6.192e-07   2.244e-05   4.792e-01   2.002e-03   2.490e-02  1.0000        1020  [    0    101         30         40 ]
           2       43064     147.126   6.192e-07   2.244e-05   5.412e-01   1.999e-03   2.487e-02  1.0000        1036  [    0    102         30         40 ]
           2       43426     148.827   6.192e-07   2.244e-05   5.535e-01   1.966e-03   2.466e-02  1.0000         999  [    0    103         30         38 ]
           2       43766     150.745   6.192e-07   2.244e-05   5.534e-01   1.966e-03   2.465e-02  1.0000        1006  [    0    104         30         38 ]
           2       44117     152.403   6.192e-07   2.244e-05   4.822e-01   1.933e-03   2.412e-02  1.0000        1027  [    0    105         30         38 ]
           2       44542     154.028   6.192e-07   2.244e-05   5.872e-01   1.855e-03   2.333e-02  1.0000        1016  [    1     14         60         36 ]
           2       44858     155.834   6.192e-07   2.244e-05   5.939e-01   1.835e-03   2.318e-02  1.0000        1032  [    0    106         30         35 ]
           2       45175     157.804   6.192e-07   2.244e-05   5.851e-01   1.834e-03   2.302e-02  1.0000        1042  [    0    107         30         36 ]
           2       45504     159.770   6.192e-07   2.244e-05   6.300e-01   1.803e-03   2.281e-02  1.0000        1010  [    0    108         30         35 ]
           2       45820     161.677   6.192e-07   2.244e-05   5.340e-01   1.802e-03   2.270e-02  1.0000        1015  [    0    109         30         35 ]
           2       46131     163.436   6.192e-07   2.244e-05   6.155e-01   1.794e-03   2.265e-02  1.0000        1024  [    0    110         30         35 ]
           2       46437     165.339   6.192e-07   2.244e-05   6.085e-01   1.782e-03   2.269e-02  1.0000        1039  [    0    111         30         37 ]
           2       46773     166.871   6.192e-07   2.244e-05   6.020e-01   1.745e-03   2.231e-02  1.0000        1042  [    0    112         30         35 ]
           2       47081     168.394   6.192e-07   2.244e-05   5.378e-01   1.744e-03   2.231e-02  1.0000        1046  [    0    113         30         36 ]
           2       47455     170.178   6.192e-07   2.244e-05   6.045e-01   1.743e-03   2.230e-02  1.0000        1054  [    1     15         60         34 ]
           2       47769     171.944   6.192e-07   2.244e-05   5.988e-01   1.736e-03   2.205e-02  1.0000        1021  [    0    114         30         33 ]
           2       48056     173.948   6.192e-07   2.244e-05   6.263e-01   1.704e-03   2.188e-02  1.0000        1030  [    0    115         30         33 ]
           2       48354     175.545   6.192e-07   2.244e-05   5.952e-01   1.704e-03   2.188e-02  1.0000        1034  [    0    116         30         34 ]
           2       48657     176.946   6.192e-07   2.244e-05   5.941e-01   1.687e-03   2.169e-02  1.0000        1036  [    0    117         30         34 ]
           2       48966     178.732   6.192e-07   2.244e-05   6.314e-01   1.674e-03   2.163e-02  1.0000        1031  [    0    118         30         34 ]
           2       49270     180.366   6.192e-07   2.244e-05   5.777e-01   1.671e-03   2.161e-02  1.0000        1048  [    0    119         30         34 ]
           2       49586     182.385   6.192e-07   2.244e-05   6.297e-01   1.613e-03   2.131e-02  1.0000        1043  [    0    120         30         33 ]
           2       49869     184.100   6.192e-07   2.244e-05   6.308e-01   1.613e-03   2.131e-02  1.0000        1045  [    0    121         30         32 ]
           2       50228     185.719   6.192e-07   2.244e-05   6.099e-01   1.603e-03   2.127e-02  1.0000        1038  [    1     16         60         31 ]
           2       50505     187.417   6.192e-07   2.244e-05   6.043e-01   1.600e-03   2.111e-02  1.0000        1045  [    0    122         30         33 ]
           2       50808     188.969   6.192e-07   2.244e-05   6.032e-01   1.595e-03   2.111e-02  1.0000        1053  [    0    123         30         33 ]
           2       51107     190.908   6.192e-07   2.244e-05   6.005e-01   1.582e-03   2.096e-02  1.0000        1027  [    0    124         30         33 ]
           2       51393     192.786   6.192e-07   2.244e-05   5.841e-01   1.556e-03   2.083e-02  1.0000        1035  [    0    125         30         34 ]
           2       51692     194.739   6.192e-07   2.244e-05   6.126e-01   1.550e-03   2.064e-02  1.0000        1018  [    0    126         30         33 ]
           2       51979     196.641   6.192e-07   2.244e-05   6.104e-01   1.541e-03   2.064e-02  1.0000        1027  [    0    127         30         33 ]
           2       52283     198.682   6.192e-07   2.244e-05   6.118e-01   1.534e-03   2.057e-02  1.0000        1023  [    0    128         30         32 ]
           2       52565     200.716   6.192e-07   2.244e-05   5.513e-01   1.524e-03   2.074e-02  1.0000        1027  [    0    129         30         30 ]
           2       52923     202.616   6.192e-07   2.244e-05   6.209e-01   1.494e-03   2.051e-02  1.0000         983  [    1     17         60         28 ]
           2       53395     204.353   9.471e-08   2.244e-05   6.845e-01   1.483e-03   2.045e-02  1.0000        1007  [    2      3        120         24 ]
           2       53654     205.935   9.471e-08   2.244e-05   6.914e-01   1.483e-03   2.042e-02  1.0000        1011  [    0    130         30         23 ]
           2       53885     207.382   9.471e-08   2.244e-05   6.946e-01   1.452e-03   2.007e-02  1.0000        1023  [    0    131         30         23 ]
           2       54114     209.314   9.471e-08   2.244e-05   6.973e-01   1.438e-03   1.991e-02  1.0000        1011  [    0    132         30         22 ]
           2       54351     211.168   9.471e-08   2.244e-05   6.973e-01   1.438e-03   1.991e-02  1.0000        1014  [    0    133         30         22 ]
           2       54586     213.023   9.471e-08   2.244e-05   7.014e-01   1.432e-03   1.965e-02  1.0000        1017  [    0    134         30         22 ]
           2       54817     214.958   9.471e-08   2.244e-05   6.967e-01   1.430e-03   1.958e-02  1.0000        1019  [    0    135         30         22 ]
           2       55064     216.924   9.471e-08   2.244e-05   7.743e-01   1.426e-03   1.945e-02  1.0000         996  [    0    136         30         21 ]
           2       55295     218.358   9.471e-08   2.244e-05   7.749e-01   1.405e-03   1.933e-02  1.0000        1007  [    0    137         30         21 ]
           2       55621     219.995   9.471e-08   2.244e-05   6.659e-01   1.391e-03   1.923e-02  1.0000        1020  [    1     18         60         24 ]
           2       55871     221.869   9.471e-08   2.244e-05   7.491e-01   1.391e-03   1.947e-02  1.0000        1010  [    0    138         30         23 ]
           2       56111     223.533   9.471e-08   2.244e-05   7.493e-01   1.391e-03   1.945e-02  1.0000        1009  [    0    139         30         23 ]
           2       56355     225.509   9.471e-08   2.244e-05   6.679e-01   1.381e-03   1.914e-02  1.0000        1016  [    0    140         30         23 ]
           2       56619     227.409   9.471e-08   2.244e-05   7.388e-01   1.362e-03   1.875e-02  1.0000        1024  [    0    141         30         24 ]
           2       56878     229.276   9.471e-08   2.244e-05   6.697e-01   1.354e-03   1.874e-02  1.0000        1026  [    0    142         30         24 ]
           2       57119     231.297   9.471e-08   2.244e-05   6.669e-01   1.353e-03   1.873e-02  1.0000        1035  [    0    143         30         24 ]
           2       57358     233.129   9.471e-08   2.244e-05   7.589e-01   1.352e-03   1.874e-02  1.0000        1039  [    0    144         30         24 ]
           2       57618     234.761   9.471e-08   2.244e-05   6.964e-01   1.348e-03   1.875e-02  1.0000        1045  [    0    145         30         25 ]
           2       57948     236.666   9.471e-08   2.244e-05   7.448e-01   1.348e-03   1.874e-02  1.0000        1049  [    1     19         60         26 ]
           2       58202     238.291   9.471e-08   2.244e-05   7.348e-01   1.348e-03   1.874e-02  1.0000        1053  [    0    146         30         26 ]
           2       58458     239.987   9.471e-08   1.607e-05   7.268e-01   1.339e-03   1.875e-02  1.0000        1068  [    0    147         30         26 ]
           2       58718     241.738   9.471e-08   1.607e-05   6.386e-01   1.333e-03   1.874e-02  1.0000        1076  [    0    148         30         24 ]
           2       58980     243.718   9.471e-08   1.607e-05   7.310e-01   1.332e-03   1.874e-02  1.0000        1085  [    0    149         30         25 ]
           2       59229     245.934   9.471e-08   1.607e-05   7.107e-01   1.325e-03   1.826e-02  1.0000        1097  [    0    150         30         24 ]
           2       59490     247.837   9.471e-08   1.607e-05   7.280e-01   1.321e-03   1.823e-02  1.0000        1108  [    0    151         30         23 ]
           2       59738     249.906   9.471e-08   1.607e-05   7.084e-01   1.299e-03   1.789e-02  1.0000        1117  [    0    152         30         24 ]
           2       59981     252.266   9.471e-08   1.607e-05   7.243e-01   1.283e-03   1.778e-02  1.0000        1077  [    0    153         30         21 ]
           2       60296     254.367   9.471e-08   1.607e-05   7.432e-01   1.283e-03   1.780e-02  1.0000        1084  [    1     20         60         21 ]
           2       60531     256.504   9.471e-08   1.607e-05   6.545e-01   1.275e-03   1.773e-02  1.0000        1089  [    0    154         30         21 ]
           2       60765     258.620   9.471e-08   1.607e-05   7.414e-01   1.274e-03   1.773e-02  1.0000        1095  [    0    155         30         21 ]
           2       60984     260.078   9.471e-08   1.607e-05   7.387e-01   1.270e-03   1.772e-02  1.0000        1094  [    0    156         30         20 ]
           2       61204     262.205   9.471e-08   1.607e-05   7.387e-01   1.270e-03   1.769e-02  1.0000        1097  [    0    157         30         19 ]
           2       61413     264.054   9.471e-08   1.607e-05   6.875e-01   1.270e-03   1.768e-02  1.0000        1100  [    0    158         30         21 ]
           2       61636     265.863   9.471e-08   1.607e-05   7.311e-01   1.270e-03   1.763e-02  1.0000        1102  [    0    159         30         21 ]
           2       61851     267.616   9.471e-08   1.607e-05   7.308e-01   1.270e-03   1.762e-02  1.0000        1107  [    0    160         30         21 ]
           2       62076     269.657   9.471e-08   1.607e-05   6.869e-01   1.270e-03   1.746e-02  1.0000        1108  [    0    161         30         21 ]
           2       62398     271.925   9.471e-08   1.607e-05   7.296e-01   1.268e-03   1.726e-02  1.0000        1119  [    1     21         60         21 ]
           2       62623     274.126   9.471e-08   1.607e-05   7.021e-01   1.263e-03   1.718e-02  1.0000        1072  [    0    162         30         19 ]
           2       62823     275.756   9.471e-08   1.607e-05   7.475e-01   1.261e-03   1.713e-02  1.0000        1046  [    0    163         30         17 ]
           2       63010     277.312   9.471e-08   1.607e-05   6.615e-01   1.261e-03   1.706e-02  1.0000        1047  [    0    164         30         16 ]
           2       63210     279.420   9.471e-08   1.607e-05   6.775e-01   1.261e-03   1.705e-02  1.0000        1028  [    0    165         30         15 ]
           2       63402     281.401   9.471e-08   1.607e-05   6.755e-01   1.261e-03   1.705e-02  1.0000        1032  [    0    166         30         16 ]
           2       63611     283.027   9.471e-08   1.607e-05   7.163e-01   1.260e-03   1.704e-02  1.0000        1036  [    0    167         30         16 ]
           2       63811     284.816   9.471e-08   1.607e-05   6.715e-01   1.256e-03   1.696e-02  1.0000        1051  [    0    168         30         16 ]
           2       64005     286.567   9.471e-08   1.607e-05   6.722e-01   1.251e-03   1.696e-02  1.0000        1057  [    0    169         30         16 ]
           2       64287     288.516   9.471e-08   1.607e-05   7.134e-01   1.251e-03   1.689e-02  1.0000        1066  [    1     22         60         18 ]
           2       64504     290.273   9.471e-08   1.607e-05   6.674e-01   1.243e-03   1.696e-02  1.0000        1073  [    0    170         30         18 ]
           2       64712     292.020   9.471e-08   1.607e-05   6.660e-01   1.243e-03   1.696e-02  1.0000        1071  [    0    171         30         18 ]
           2       64916     293.865   9.471e-08   1.607e-05   7.576e-01   1.241e-03   1.693e-02  1.0000        1082  [    0    172         30         19 ]
           2       65138     295.955   9.471e-08   1.607e-05   7.589e-01   1.241e-03   1.693e-02  1.0000        1092  [    0    173         30         19 ]
           2       65375     297.711   9.471e-08   1.607e-05   7.121e-01   1.235e-03   1.691e-02  1.0000        1103  [    0    174         30         19 ]
           2       65602     299.345   9.471e-08   1.607e-05   7.641e-01   1.229e-03   1.664e-02  1.0000        1093  [    0    175         30         19 ]
           2       65807     300.928   9.471e-08   1.607e-05   6.710e-01   1.224e-03   1.658e-02  1.0000        1102  [    0    176         30         19 ]
           2       66024     302.715   9.471e-08   1.607e-05   7.636e-01   1.201e-03   1.658e-02  1.0000        1112  [    0    177         30         19 ]
           2       66312     304.411   9.471e-08   1.607e-05   7.395e-01   1.200e-03   1.657e-02  1.0000        1103  [    1     23         60         18 ]
           2       66519     306.440   9.471e-08   1.607e-05   7.387e-01   1.199e-03   1.655e-02  1.0000        1112  [    0    178         30         17 ]
           2       66724     308.808   9.471e-08   1.607e-05   7.381e-01   1.198e-03   1.655e-02  1.0000        1119  [    0    179         30         17 ]
           2       66923     310.954   9.471e-08   1.607e-05   7.377e-01   1.197e-03   1.658e-02  1.0000        1124  [    0    180         30         19 ]
           2       67151     313.175   9.471e-08   1.607e-05   6.545e-01   1.195e-03   1.636e-02  1.0000        1139  [    0    181         30         20 ]
           2       67364     315.218   9.471e-08   1.607e-05   6.625e-01   1.179e-03   1.630e-02  1.0000        1114  [    0    182         30         19 ]
           2       67583     317.429   9.471e-08   1.607e-05   7.395e-01   1.179e-03   1.633e-02  1.0000        1117  [    0    183         30         20 ]
           2       67799     319.470   9.471e-08   1.607e-05   6.669e-01   1.178e-03   1.633e-02  1.0000        1125  [    0    184         30         20 ]
           2       68014     321.475   9.471e-08   1.607e-05   7.431e-01   1.170e-03   1.625e-02  1.0000        1128  [    0    185         30         20 ]
           2       68304     323.900   9.471e-08   1.607e-05   7.618e-01   1.160e-03   1.625e-02  1.0000        1107  [    1     24         60         19 ]
           2       68507     326.106   9.471e-08   1.607e-05   7.656e-01   1.140e-03   1.555e-02  1.0000        1114  [    0    186         30         18 ]
           2       68714     328.000   9.471e-08   1.607e-05   7.657e-01   1.140e-03   1.551e-02  1.0000        1114  [    0    187         30         18 ]
           2       68898     329.761   9.471e-08   1.607e-05   7.658e-01   1.139e-03   1.549e-02  1.0000        1116  [    0    188         30         18 ]
           2       69110     331.655   9.471e-08   1.607e-05   6.719e-01   1.139e-03   1.533e-02  1.0000        1113  [    0    189         30         18 ]
           2       69328     333.499   9.471e-08   1.607e-05   6.720e-01   1.139e-03   1.531e-02  1.0000        1118  [    0    190         30         21 ]
           2       69561     334.985   9.471e-08   1.607e-05   7.552e-01   1.137e-03   1.531e-02  1.0000        1123  [    0    191         30         20 ]
           2       69772     336.740   9.471e-08   1.607e-05   7.573e-01   1.136e-03   1.530e-02  1.0000        1118  [    0    192         30         20 ]
           2       69984     339.079   9.471e-08   1.607e-05   7.709e-01   1.129e-03   1.526e-02  1.0000        1132  [    0    193         30         20 ]
           2       70304     341.152   9.471e-08   1.607e-05   6.838e-01   1.127e-03   1.510e-02  1.0000        1125  [    1     25         60         18 ]
           2       70713     343.212   9.471e-08   1.607e-05   6.776e-01   1.109e-03   1.497e-02  1.0000        1147  [    2      4        120         17 ]
           2       70919     345.282   9.471e-08   1.607e-05   6.669e-01   1.109e-03   1.495e-02  1.0000        1158  [    0    194         30         18 ]
           2       71138     347.221   9.471e-08   1.607e-05   7.377e-01   1.102e-03   1.481e-02  1.0000        1163  [    0    195         30         20 ]
           2       71362     349.523   9.471e-08   1.607e-05   6.696e-01   1.102e-03   1.481e-02  1.0000        1160  [    0    196         30         18 ]
           2       71549     351.647   9.471e-08   1.607e-05   7.491e-01   1.102e-03   1.481e-02  1.0000        1163  [    0    197         30         18 ]
           2       71756     354.085   9.471e-08   1.607e-05   7.553e-01   1.102e-03   1.481e-02  1.0000        1168  [    0    198         30         19 ]
           2       71969     356.364   9.471e-08   1.607e-05   7.368e-01   1.102e-03   1.481e-02  1.0000        1176  [    0    199         30         20 ]
           2       72177     358.047   9.471e-08   1.607e-05   6.563e-01   1.099e-03   1.480e-02  1.0000        1182  [    0    200         30         20 ]
           2       72389     359.835   9.471e-08   1.607e-05   7.460e-01   1.096e-03   1.476e-02  1.0000        1187  [    0    201         30         20 ]
           2       72690     362.236   9.471e-08   1.607e-05   6.564e-01   1.095e-03   1.475e-02  1.0000        1199  [    1     26         60         20 ]
           2       72902     364.173   9.471e-08   1.607e-05   6.562e-01   1.095e-03   1.476e-02  1.0000        1204  [    0    202         30         18 ]
           2       73103     366.152   9.471e-08   1.607e-05   6.555e-01   1.094e-03   1.473e-02  1.0000        1209  [    0    203         30         19 ]
           2       73315     368.165   9.471e-08   1.607e-05   6.541e-01   1.092e-03   1.472e-02  1.0000        1227  [    0    204         30         19 ]
           2       73533     370.571   9.471e-08   1.607e-05   7.343e-01   1.079e-03   1.464e-02  1.0000        1226  [    0    205         30         19 ]
           2       73753     372.513   9.471e-08   1.607e-05   7.434e-01   1.078e-03   1.463e-02  1.0000        1200  [    0    206         30         17 ]
           2       73968     374.426   3.734e-09   1.607e-05   6.669e-01   1.075e-03   1.460e-02  1.0000        1185  [    0    207         30         17 ]
           2       74164     376.307   3.734e-09   1.607e-05   7.462e-01   1.075e-03   1.460e-02  1.0000        1192  [    0    208         30         19 ]
           2       74377     378.694   3.734e-09   1.607e-05   6.617e-01   1.075e-03   1.459e-02  1.0000        1200  [    0    209         30         18 ]
           2       74659     380.993   3.734e-09   1.607e-05   7.530e-01   1.058e-03   1.454e-02  1.0000        1199  [    1     27         60         18 ]
           2       74871     383.191   3.734e-09   1.607e-05   7.366e-01   1.051e-03   1.452e-02  1.0000        1203  [    0    210         30         17 ]
           2       75071     385.232   3.734e-09   1.607e-05   7.577e-01   1.034e-03   1.447e-02  1.0000        1198  [    0    211         30         16 ]
           2       75264     387.030   3.734e-09   1.607e-05   7.909e-01   1.030e-03   1.436e-02  1.0000        1183  [    0    212         30         16 ]
           2       75456     389.080   3.734e-09   1.607e-05   7.777e-01   1.028e-03   1.435e-02  1.0000        1190  [    0    213         30         18 ]
           2       75663     391.107   3.734e-09   1.607e-05   7.883e-01   1.027e-03   1.433e-02  1.0000        1199  [    0    214         30         19 ]
           2       75856     393.639   3.734e-09   1.607e-05   6.933e-01   1.021e-03   1.426e-02  1.0000        1199  [    0    215         30         18 ]
           2       76047     395.561   3.734e-09   1.607e-05   7.812e-01   1.015e-03   1.422e-02  1.0000        1190  [    0    216         30         18 ]
           2       76243     397.926   3.734e-09   1.607e-05   7.220e-01   1.013e-03   1.421e-02  1.0000        1199  [    0    217         30         19 ]
           2       76530     400.403   3.734e-09   1.607e-05   7.172e-01   1.012e-03   1.413e-02  1.0000        1217  [    1     28         60         20 ]
           2       76733     402.243   3.734e-09   1.607e-05   7.204e-01   1.012e-03   1.407e-02  1.0000        1220  [    0    218         30         19 ]
           2       76939     404.776   3.734e-09   1.607e-05   7.618e-01   1.012e-03   1.405e-02  1.0000        1219  [    0    219         30         17 ]
           2       77148     407.164   3.734e-09   1.607e-05   7.591e-01   1.011e-03   1.403e-02  1.0000        1226  [    0    220         30         17 ]
           2       77349     409.438   3.734e-09   1.607e-05   7.084e-01   1.011e-03   1.403e-02  1.0000        1232  [    0    221         30         17 ]
           2       77565     411.559   3.734e-09   1.607e-05   7.650e-01   1.010e-03   1.403e-02  1.0000        1237  [    0    222         30         17 ]
           2       77762     413.762   3.734e-09   1.607e-05   7.625e-01   1.010e-03   1.403e-02  1.0000        1240  [    0    223         30         16 ]
           2       77957     416.126   3.734e-09   1.607e-05   7.654e-01   1.010e-03   1.402e-02  1.0000        1239  [    0    224         30         14 ]
           2       78139     418.511   3.734e-09   1.607e-05   7.460e-01   1.006e-03   1.403e-02  1.0000        1242  [    0    225         30         15 ]
           2       78430     420.441   3.734e-09   1.607e-05   7.316e-01   1.331e-03   1.803e-02  1.0000         754  [    1     29         60         16 ]
           2       78615     421.596   3.734e-09   1.607e-05   7.377e-01   1.331e-03   1.802e-02  1.0000         731  [    0    226         30         15 ]
           2       78799     422.826   3.734e-09   1.607e-05   7.325e-01   1.325e-03   1.802e-02  1.0000         731  [    0    227         30         15 ]
           2       78985     423.707   3.734e-09   1.607e-05   7.505e-01   1.325e-03   1.802e-02  1.0000         716  [    0    228         30         15 ]
           2       79167     424.683   3.734e-09   1.607e-05   6.597e-01   1.323e-03   1.789e-02  1.0000         721  [    0    229         30         16 ]
           2       79341     425.666   3.734e-09   1.607e-05   6.597e-01   1.320e-03   1.784e-02  1.0000         732  [    0    230         30         16 ]
           2       79528     426.801   3.734e-09   1.607e-05   6.665e-01   1.317e-03   1.776e-02  1.0000         732  [    0    231         30         16 ]
           2       79706     427.841   3.734e-09   1.607e-05   7.523e-01   1.315e-03   1.774e-02  1.0000         740  [    0    232         30         16 ]
           2       79889     429.319   3.734e-09   1.607e-05   7.569e-01   1.315e-03   1.757e-02  1.0000         738  [    0    233         30         17 ]
           2       80151     430.723   3.734e-09   1.607e-05   7.134e-01   1.315e-03   1.755e-02  1.0000         751  [    1     30         60         16 ]
           2       80337     432.226   3.734e-09   1.607e-05   6.428e-01   1.314e-03   1.755e-02  1.0000         758  [    0    234         30         16 ]
           2       80525     433.489   3.734e-09   1.607e-05   7.291e-01   1.310e-03   1.754e-02  1.0000         770  [    0    235         30         18 ]
           2       80722     434.921   3.734e-09   1.607e-05   6.594e-01   1.304e-03   1.747e-02  1.0000         781  [    0    236         30         16 ]
           2       80894     436.226   3.734e-09   1.607e-05   7.090e-01   1.302e-03   1.744e-02  1.0000         784  [    0    237         30         15 ]
           2       81058     437.463   3.734e-09   1.607e-05   7.347e-01   1.302e-03   1.744e-02  1.0000         771  [    0    238         30         14 ]
           2       81218     438.905   3.734e-09   1.607e-05   6.351e-01   1.302e-03   1.744e-02  1.0000         781  [    0    239         30         14 ]
           2       81381     440.418   3.734e-09   1.607e-05   6.335e-01   1.302e-03   1.744e-02  1.0000         784  [    0    240         30         14 ]
           2       81547     441.835   3.734e-09   1.607e-05   6.315e-01   1.301e-03   1.732e-02  1.0000         791  [    0    241         30         14 ]
           2       81780     443.367   3.734e-09   1.607e-05   6.683e-01   1.297e-03   1.749e-02  1.0000         803  [    1     31         60         15 ]
           2       81960     444.835   3.734e-09   1.607e-05   6.316e-01   1.286e-03   1.745e-02  1.0000         808  [    0    242         30         15 ]
           2       82154     445.978   3.734e-09   1.607e-05   6.348e-01   1.277e-03   1.738e-02  1.0000         815  [    0    243         30         14 ]
           2       82334     447.319   3.734e-09   1.607e-05   6.342e-01   1.277e-03   1.738e-02  1.0000         817  [    0    244         30         13 ]
           2       82518     448.448   3.734e-09   1.607e-05   6.314e-01   1.269e-03   1.731e-02  1.0000         821  [    0    245         30         14 ]
           2       82684     449.666   3.734e-09   1.607e-05   6.260e-01   1.268e-03   1.731e-02  1.0000         824  [    0    246         30         14 ]
           2       82847     451.103   3.734e-09   1.607e-05   7.172e-01   1.265e-03   1.725e-02  1.0000         831  [    0    247         30         14 ]
           2       83027     452.544   3.734e-09   1.607e-05   6.393e-01   1.261e-03   1.725e-02  1.0000         806  [    0    248         30         13 ]
           2       83190     454.102   3.734e-09   1.607e-05   6.423e-01   1.245e-03   1.721e-02  1.0000         814  [    0    249         30         13 ]
           2       83434     455.787   3.734e-09   1.607e-05   6.445e-01   1.239e-03   1.723e-02  1.0000         813  [    1     32         60         14 ]
           2       83615     457.228   3.734e-09   1.607e-05   6.975e-01   1.238e-03   1.722e-02  1.0000         813  [    0    250         30         14 ]
           2       83786     458.592   3.734e-09   1.607e-05   7.019e-01   1.238e-03   1.718e-02  1.0000         806  [    0    251         30         14 ]
           2       83951     459.981   3.734e-09   1.607e-05   7.311e-01   1.229e-03   1.713e-02  1.0000         813  [    0    252         30         12 ]
           2       84108     461.442   3.734e-09   1.607e-05   7.289e-01   1.226e-03   1.703e-02  1.0000         824  [    0    253         30         12 ]
           2       84262     463.174   3.734e-09   1.607e-05   7.091e-01   1.221e-03   1.694e-02  1.0000         831  [    0    254         30         12 ]
           2       84419     464.563   3.734e-09   1.607e-05   6.536e-01   1.221e-03   1.694e-02  1.0000         824  [    0    255         30         13 ]
           2       84583     466.241   3.734e-09   1.607e-05   7.327e-01   1.221e-03   1.694e-02  1.0000         825  [    0    256         30         12 ]
           2       84743     467.726   3.734e-09   1.607e-05   7.306e-01   1.218e-03   1.693e-02  1.0000         828  [    0    257         30         12 ]
           2       84972     469.270   3.734e-09   1.607e-05   6.541e-01   1.210e-03   1.692e-02  1.0000         840  [    1     33         60         13 ]
           2       85362     470.627   3.734e-09   1.607e-05   6.472e-01   1.189e-03   1.680e-02  1.0000         860  [    2      5        120         14 ]
           2       85528     472.434   3.734e-09   1.607e-05   7.107e-01   1.188e-03   1.679e-02  1.0000         866  [    0    258         30         15 ]
           2       85691     473.892   3.734e-09   1.607e-05   7.272e-01   1.188e-03   1.671e-02  1.0000         857  [    0    259         30         14 ]
           2       85861     475.509   3.734e-09   1.607e-05   7.257e-01   1.188e-03   1.671e-02  1.0000         865  [    0    260         30         15 ]
           2       86029     477.149   3.734e-09   1.607e-05   7.267e-01   1.170e-03   1.668e-02  1.0000         872  [    0    261         30         15 ]
           2       86187     478.700   3.734e-09   1.607e-05   6.443e-01   1.166e-03   1.667e-02  1.0000         887  [    0    262         30         15 ]
           2       86364     480.261   3.734e-09   1.607e-05   6.435e-01   1.166e-03   1.667e-02  1.0000         892  [    0    263         30         15 ]
           2       86535     481.984   3.734e-09   1.607e-05   6.435e-01   1.165e-03   1.661e-02  1.0000         896  [    0    264         30         16 ]
           2       86714     483.780   3.734e-09   1.607e-05   7.207e-01   1.165e-03   1.661e-02  1.0000         898  [    0    265         30         15 ]
           2       86970     485.647   3.734e-09   1.607e-05   7.302e-01   1.148e-03   1.662e-02  1.0000         907  [    1     34         60         14 ]
           2       87148     487.312   3.734e-09   1.607e-05   7.314e-01   1.143e-03   1.659e-02  1.0000         911  [    0    266         30         15 ]
           2       87322     489.114   3.734e-09   1.607e-05   6.410e-01   1.143e-03   1.659e-02  1.0000         912  [    0    267         30         15 ]
           2       87496     491.007   3.734e-09   1.607e-05   6.383e-01   1.141e-03   1.642e-02  1.0000         918  [    0    268         30         15 ]
           2       87667     492.999   3.734e-09   1.607e-05   6.422e-01   1.137e-03   1.637e-02  1.0000         903  [    0    269         30         13 ]
           2       87830     494.630   3.734e-09   1.607e-05   6.359e-01   1.137e-03   1.629e-02  1.0000         909  [    0    270         30         13 ]
           2       87995     496.108   3.734e-09   1.607e-05   6.445e-01   1.133e-03   1.646e-02  1.0000         900  [    0    271         30         12 ]
           2       88149     497.762   3.734e-09   1.607e-05   6.438e-01   1.131e-03   1.641e-02  1.0000         895  [    0    272         30         12 ]
           2       88305     499.237   3.734e-09   1.607e-05   6.403e-01   1.131e-03   1.641e-02  1.0000         897  [    0    273         30         13 ]
           2       88550     500.833   3.734e-09   1.607e-05   7.066e-01   1.129e-03   1.636e-02  1.0000         913  [    1     35         60         13 ]
           2       88716     502.457   3.734e-09   1.607e-05   7.333e-01   1.129e-03   1.636e-02  1.0000         916  [    0    274         30         13 ]
           2       88898     504.305   3.734e-09   1.607e-05   7.322e-01   1.125e-03   1.630e-02  1.0000         925  [    0    275         30         13 ]
           2       89076     505.734   3.734e-09   1.607e-05   6.375e-01   1.104e-03   1.590e-02  1.0000         936  [    0    276         30         13 ]
           2       89245     507.322   3.734e-09   1.607e-05   6.373e-01   1.101e-03   1.590e-02  1.0000         938  [    0    277         30         13 ]
           2       89421     509.165   3.734e-09   1.607e-05   7.145e-01   1.101e-03   1.590e-02  1.0000         943  [    0    278         30         13 ]
           2       89594     510.852   3.734e-09   1.607e-05   7.202e-01   1.101e-03   1.589e-02  1.0000         935  [    0    279         30         13 ]
           2       89750     512.370   3.734e-09   1.607e-05   7.345e-01   1.101e-03   1.589e-02  1.0000         935  [    0    280         30         13 ]
           2       89923     514.038   3.734e-09   1.607e-05   7.261e-01   1.100e-03   1.586e-02  1.0000         927  [    0    281         30         11 ]
           2       90143     515.623   3.734e-09   1.607e-05   7.470e-01   1.095e-03   1.588e-02  1.0000         936  [    1     36         60         10 ]
           2       90302     517.402   3.734e-09   1.607e-05   7.445e-01   1.094e-03   1.587e-02  1.0000         948  [    0    282         30         12 ]
           2       90474     519.056   3.734e-09   1.607e-05   6.503e-01   1.086e-03   1.577e-02  1.0000         950  [    0    283         30         13 ]
           2       90626     520.805   3.734e-09   1.607e-05   6.521e-01   1.083e-03   1.576e-02  1.0000         957  [    0    284         30         13 ]
           2       90773     522.378   3.734e-09   1.607e-05   7.364e-01   1.079e-03   1.572e-02  1.0000         942  [    0    285         30         11 ]
           2       90906     523.994   3.734e-09   1.607e-05   7.364e-01   1.078e-03   1.570e-02  1.0000         947  [    0    286         30         11 ]
           2       91067     525.792   3.734e-09   1.607e-05   6.566e-01   1.073e-03   1.559e-02  1.0000         955  [    0    287         30         12 ]
           2       91212     527.665   3.734e-09   1.607e-05   7.383e-01   1.070e-03   1.557e-02  1.0000         963  [    0    288         30         12 ]
           2       91368     529.371   3.734e-09   1.607e-05   6.542e-01   1.042e-03   1.533e-02  1.0000         978  [    0    289         30         13 ]
           2       91605     531.352   3.734e-09   1.607e-05   6.982e-01   1.037e-03   1.532e-02  1.0000         965  [    1     37         60         13 ]
           2       91756     533.182   3.734e-09   1.607e-05   6.768e-01   1.037e-03   1.530e-02  1.0000         966  [    0    290         30         13 ]
           2       91914     534.996   3.734e-09   1.607e-05   6.734e-01   1.037e-03   1.530e-02  1.0000         974  [    0    291         30         13 ]
           2       92081     536.747   3.734e-09   1.607e-05   6.701e-01   1.036e-03   1.531e-02  1.0000         980  [    0    292         30         14 ]
           2       92255     538.752   3.734e-09   1.607e-05   6.695e-01   1.035e-03   1.530e-02  1.0000         987  [    0    293         30         15 ]
           2       92417     540.679   3.734e-09   1.607e-05   6.691e-01   1.035e-03   1.516e-02  1.0000         996  [    0    294         30         16 ]
           2       92602     542.511   3.734e-09   1.607e-05   6.730e-01   1.031e-03   1.515e-02  1.0000         993  [    0    295         30         16 ]
           2       92778     544.179   3.734e-09   1.607e-05   7.427e-01   1.026e-03   1.509e-02  1.0000         962  [    0    296         30         15 ]
           2       92955     546.101   3.734e-09   1.607e-05   7.461e-01   1.025e-03   1.509e-02  1.0000         958  [    0    297         30         15 ]
           2       93202     547.736   3.734e-09   1.607e-05   6.860e-01   1.024e-03   1.499e-02  1.0000         923  [    1     38         60         15 ]
           2       93363     549.480   3.734e-09   1.607e-05   6.850e-01   1.024e-03   1.499e-02  1.0000         926  [    0    298         30         14 ]
           2       93537     551.101   3.734e-09   1.607e-05   6.812e-01   1.022e-03   1.502e-02  1.0000         932  [    0    299         30         14 ]
           2       93688     552.492   3.734e-09   1.607e-05   6.820e-01   1.021e-03   1.501e-02  1.0000         930  [    0    300         30         12 ]
           2       93824     554.055   3.734e-09   1.607e-05   6.822e-01   1.021e-03   1.500e-02  1.0000         930  [    0    301         30         12 ]
           2       93992     555.750   3.734e-09   1.607e-05   6.824e-01   1.021e-03   1.499e-02  1.0000         937  [    0    302         30         14 ]
           2       94160     557.120   3.734e-09   1.607e-05   7.815e-01   1.018e-03   1.494e-02  1.0000         947  [    0    303         30         14 ]
           2       94314     558.660   3.734e-09   1.607e-05   6.810e-01   1.015e-03   1.494e-02  1.0000         954  [    0    304         30         13 ]
           2       94475     560.268   3.734e-09   1.607e-05   6.792e-01   1.015e-03   1.485e-02  1.0000         962  [    0    305         30         14 ]
           2       94712     561.735   3.734e-09   1.607e-05   7.673e-01   1.014e-03   1.484e-02  1.0000         970  [    1     39         60         15 ]
           2       94887     563.201   3.734e-09   1.607e-05   6.838e-01   1.013e-03   1.483e-02  1.0000         972  [    0    306         30         14 ]
           2       95056     564.981   3.734e-09   1.607e-05   7.731e-01   1.012e-03   1.483e-02  1.0000         967  [    0    307         30         13 ]
           2       95223     566.251   3.734e-09   1.607e-05   7.048e-01   1.012e-03   1.483e-02  1.0000         967  [    0    308         30         13 ]
           2       95397     568.211   3.734e-09   1.607e-05   6.774e-01   1.012e-03   1.478e-02  1.0000         973  [    0    309         30         14 ]
           2       95569     569.924   3.734e-09   1.607e-05   7.466e-01   1.011e-03   1.496e-02  1.0000         982  [    0    310         30         12 ]
           2       95740     571.660   3.734e-09   1.607e-05   7.449e-01   1.000e-03   1.491e-02  1.0000         996  [    0    311         30         13 ]
           2       95918     573.166   3.734e-09   1.607e-05   7.719e-01   9.976e-04   1.485e-02  1.0000         976  [    0    312         30         14 ]
           2       96083     574.872   3.734e-09   1.607e-05   6.950e-01   9.939e-04   1.481e-02  1.0000         993  [    0    313         30         14 ]
           2       96335     576.461   3.734e-09   1.607e-05   7.235e-01   9.909e-04   1.480e-02  1.0000        1005  [    1     40         60         13 ]
           2       96497     578.333   3.734e-09   1.607e-05   7.782e-01   9.907e-04   1.480e-02  1.0000        1012  [    0    314         30         13 ]
           2       96661     580.065   3.734e-09   1.607e-05   7.964e-01   9.897e-04   1.479e-02  1.0000        1002  [    0    315         30         12 ]
           2       96828     582.067   3.734e-09   1.607e-05   7.936e-01   9.872e-04   1.476e-02  1.0000        1010  [    0    316         30         12 ]
           2       96993     583.920   3.734e-09   1.607e-05   7.374e-01   9.872e-04   1.476e-02  1.0000        1002  [    0    317         30         11 ]
           2       97159     585.469   3.734e-09   1.607e-05   8.096e-01   9.834e-04   1.473e-02  1.0000        1007  [    0    318         30         12 ]
           2       97311     587.129   3.734e-09   1.607e-05   8.010e-01   9.834e-04   1.473e-02  1.0000        1012  [    0    319         30         12 ]
           2       97472     588.909   3.734e-09   1.607e-05   7.354e-01   9.818e-04   1.469e-02  1.0000        1020  [    0    320         30         12 ]
           2       97632     590.966   3.734e-09   1.607e-05   7.323e-01   9.818e-04   1.469e-02  1.0000        1029  [    0    321         30         11 ]
           2       97883     592.861   3.734e-09   1.607e-05   8.144e-01   9.807e-04   1.468e-02  1.0000        1007  [    1     41         60         10 ]
           2       98271     594.703   3.734e-09   1.607e-05   7.964e-01   9.740e-04   1.465e-02  1.0000        1029  [    2      6        120         12 ]
           2       98436     596.917   3.734e-09   1.607e-05   8.170e-01   9.737e-04   1.468e-02  1.0000         982  [    0    322         30         11 ]
           2       98594     598.715   3.734e-09   1.607e-05   8.093e-01   9.728e-04   1.467e-02  1.0000         991  [    0    323         30         12 ]
           2       98740     600.672   3.734e-09   1.607e-05   7.039e-01   9.495e-04   1.454e-02  1.0000        1007  [    0    324         30         12 ]
           2       98898     602.641   3.734e-09   1.607e-05   7.087e-01   9.460e-04   1.451e-02  1.0000        1015  [    0    325         30         12 ]
           2       99048     604.374   3.734e-09   1.607e-05   7.974e-01   9.459e-04   1.450e-02  1.0000        1030  [    0    326         30         12 ]
           2       99195     606.191   3.734e-09   1.607e-05   7.250e-01   9.429e-04   1.450e-02  1.0000        1050  [    0    327         30         12 ]
           2       99338     608.400   3.734e-09   1.607e-05   7.236e-01   9.429e-04   1.450e-02  1.0000        1062  [    0    328         30         12 ]
           2       99490     610.268   3.734e-09   1.607e-05   7.953e-01   9.429e-04   1.450e-02  1.0000        1058  [    0    329         30         11 ]
           2       99727     612.111   3.734e-09   1.607e-05   7.994e-01   9.416e-04   1.450e-02  1.0000        1047  [    1     42         60         10 ]
           2       99859     613.750   3.734e-09   1.607e-05   7.996e-01   9.415e-04   1.449e-02  1.0000        1055  [    0    330         30         11 ]
           3      100008     615.977   3.734e-09   1.607e-05   7.985e-01   9.415e-04   1.449e-02  1.0000        1056  [    2      6        120         12 ]
