# Generation  Evaluations  Time (s)  Best_obj[0]  Best_obj[1]  Hypervol.   IGD         IGDX        SR    Appr.set  [ Pop.index  Subgen.  Pop.size  Subpops ]
           0         112       2.887   1.296e-02   1.099e-01   4.431e-01   7.947e-02   2.234e-01  0.0000          28  [    0      1         30          9 ]
           0         230       2.977   6.466e-03   2.158e-03   5.375e-01   4.778e-02   1.626e-01  0.0000          46  [    0      2         30         11 ]
           0         350       3.058   1.764e-04   2.158e-03   5.830e-01   4.640e-02   1.635e-01  0.0000          59  [    0      3         30         12 ]
           0         469       3.163   1.764e-04   2.158e-03   5.326e-01   3.187e-02   1.468e-01  0.0000          75  [    0      4         30         13 ]
           0         595       3.297   1.764e-04   2.158e-03   5.440e-01   3.125e-02   1.455e-01  0.0000          88  [    0      5         30         14 ]
           0         739       3.437   1.764e-04   2.158e-03   6.157e-01   2.177e-02   1.171e-01  0.0000         101  [    0      6         30         17 ]
           0         904       3.571   1.764e-04   2.158e-03   6.506e-01   2.045e-02   1.052e-01  0.0000         118  [    0      7         30         18 ]
           0        1082       3.724   1.764e-04   6.260e-04   7.035e-01   1.557e-02   8.810e-02  0.0000         135  [    0      8         30         20 ]
           1        1589       3.971   1.764e-04   6.260e-04   5.876e-01   1.030e-02   6.615e-02  0.0000         302  [    1      1         60         40 ]
           1        1875       4.389   1.764e-04   1.165e-05   6.582e-01   9.360e-03   6.239e-02  0.0000         325  [    0      9         30         41 ]
           1        2235       4.984   1.764e-04   1.165e-05   7.093e-01   8.741e-03   5.908e-02  0.0000         369  [    1      2         60         43 ]
           1        2534       5.361   1.764e-04   1.165e-05   6.930e-01   7.787e-03   5.862e-02  0.0000         390  [    0     10         30         41 ]
           1        2838       5.789   1.764e-04   1.165e-05   5.850e-01   7.408e-03   5.631e-02  0.5000         417  [    0     11         30         43 ]
           1        3143       6.284   1.764e-04   1.165e-05   6.464e-01   7.033e-03   5.517e-02  0.5000         432  [    0     12         30         41 ]
           1        3459       6.878   1.764e-04   1.165e-05   5.621e-01   6.808e-03   5.160e-02  0.5000         460  [    0     13         30         45 ]
           1        3784       7.575   1.764e-04   1.165e-05   6.723e-01   5.978e-03   4.743e-02  1.0000         479  [    0     14         30         48 ]
           1        4113       8.143   1.764e-04   1.165e-05   6.322e-01   5.893e-03   4.454e-02  1.0000         497  [    0     15         30         47 ]
           1        4447       8.679   1.764e-04   1.165e-05   6.525e-01   5.863e-03   4.400e-02  1.0000         503  [    0     16         30         47 ]
           1        4794       9.365   1.764e-04   1.165e-05   5.701e-01   5.780e-03   4.263e-02  1.0000         512  [    0     17         30         49 ]
           1        5218       9.952   1.764e-04   1.165e-05   5.979e-01   5.547e-03   4.056e-02  1.0000         541  [    1      3         60         50 ]
           1        5578      10.491   1.764e-04   1.165e-05   6.250e-01   5.359e-03   3.928e-02  1.0000         556  [    0     18         30         49 ]
           1        5920      11.019   1.764e-04   1.165e-05   6.334e-01   5.314e-03   3.905e-02  1.0000         553  [    0     19         30         47 ]
           1        6271      11.602   1.764e-04   1.165e-05   6.439e-01   5.204e-03   3.840e-02  1.0000         571  [    0     20         30         46 ]
           1        6620      12.115   1.764e-04   1.165e-05   6.429e-01   5.111e-03   3.735e-02  1.0000         593  [    0     21         30         46 ]
           1        6977      12.663   1.764e-04   1.165e-05   5.924e-01   4.928e-03   3.408e-02  1.0000         608  [    0     22         30         42 ]
           1        7336      13.516   1.764e-04   1.165e-05   5.894e-01   4.805e-03   3.339e-02  1.0000         621  [    0     23         30         42 ]
           1        7683      14.169   1.764e-04   1.165e-05   6.693e-01   4.704e-03   3.255e-02  1.0000         627  [    0     24         30         42 ]
           1        8038      14.837   1.764e-04   1.165e-05   6.706e-01   4.630e-03   3.202e-02  1.0000         646  [    0     25         30         44 ]
           1        8455      15.465   1.764e-04   1.165e-05   6.774e-01   3.797e-03   3.280e-02  1.0000         660  [    1      4         60         42 ]
           1        8809      16.201   1.764e-04   1.165e-05   6.691e-01   3.703e-03   3.202e-02  1.0000         665  [    0     26         30         39 ]
           1        9114      17.134   1.764e-04   1.165e-05   6.660e-01   3.651e-03   3.182e-02  1.0000         667  [    0     27         30         39 ]
           1        9419      17.892   1.764e-04   1.165e-05   6.889e-01   3.636e-03   3.165e-02  1.0000         684  [    0     28         30         38 ]
           1        9736      18.545   1.764e-04   7.155e-06   6.918e-01   3.634e-03   3.161e-02  1.0000         679  [    0     29         30         38 ]
           1       10056      19.281   1.764e-04   7.155e-06   6.125e-01   3.486e-03   3.109e-02  1.0000         677  [    0     30         30         38 ]
           1       10359      20.099   1.764e-04   7.155e-06   6.693e-01   3.418e-03   3.144e-02  1.0000         669  [    0     31         30         36 ]
           1       10670      21.263   1.764e-04   7.155e-06   6.802e-01   3.418e-03   3.148e-02  1.0000         679  [    0     32         30         36 ]
           1       10980      22.027   1.764e-04   7.155e-06   6.048e-01   3.340e-03   3.127e-02  1.0000         698  [    0     33         30         37 ]
           1       11362      22.916   1.764e-04   7.155e-06   6.460e-01   3.292e-03   3.082e-02  1.0000         724  [    1      5         60         39 ]
           1       11699      23.648   6.303e-05   7.155e-06   6.496e-01   3.284e-03   3.068e-02  1.0000         724  [    0     34         30         39 ]
           1       12020      24.580   6.303e-05   7.155e-06   6.751e-01   3.273e-03   3.045e-02  1.0000         733  [    0     35         30         40 ]
           1       12356      25.635   6.303e-05   7.155e-06   5.559e-01   3.252e-03   2.986e-02  1.0000         739  [    0     36         30         41 ]
           1       12694      26.829   6.303e-05   7.155e-06   6.552e-01   3.237e-03   2.960e-02  1.0000         761  [    0     37         30         39 ]
           1       13030      27.809   6.303e-05   7.155e-06   6.425e-01   3.101e-03   2.889e-02  1.0000         780  [    0     38         30         40 ]
           1       13373      28.713   6.303e-05   7.155e-06   5.503e-01   3.093e-03   2.883e-02  1.0000         767  [    0     39         30         39 ]
           1       13701      29.749   6.303e-05   7.155e-06   5.544e-01   2.952e-03   2.835e-02  1.0000         779  [    0     40         30         39 ]
           1       14030      30.494   6.303e-05   7.155e-06   5.515e-01   2.931e-03   2.779e-02  1.0000         795  [    0     41         30         38 ]
           1       14420      31.543   6.303e-05   7.155e-06   6.310e-01   2.830e-03   2.736e-02  1.0000         808  [    1      6         60         41 ]
           1       14758      32.662   6.303e-05   7.155e-06   6.569e-01   2.772e-03   2.758e-02  1.0000         804  [    0     42         30         40 ]
           1       15102      33.449   6.303e-05   7.155e-06   6.510e-01   2.738e-03   2.718e-02  1.0000         822  [    0     43         30         41 ]
           1       15433      34.253   6.303e-05   7.155e-06   5.446e-01   2.736e-03   2.706e-02  1.0000         828  [    0     44         30         42 ]
           1       15773      34.987   6.303e-05   7.155e-06   5.458e-01   2.707e-03   2.578e-02  1.0000         837  [    0     45         30         41 ]
           1       16100      36.020   6.303e-05   7.155e-06   6.533e-01   2.674e-03   2.580e-02  1.0000         837  [    0     46         30         40 ]
           1       16431      37.108   6.303e-05   7.155e-06   6.304e-01   2.672e-03   2.536e-02  1.0000         838  [    0     47         30         39 ]
           1       16756      38.001   6.303e-05   7.155e-06   6.531e-01   2.667e-03   2.534e-02  1.0000         855  [    0     48         30         40 ]
           1       17093      38.818   6.303e-05   7.155e-06   6.566e-01   2.638e-03   2.518e-02  1.0000         864  [    0     49         30         40 ]
           1       17501      39.710   6.303e-05   7.155e-06   5.396e-01   2.595e-03   2.505e-02  1.0000         886  [    1      7         60         40 ]
           1       17823      40.895   6.303e-05   7.155e-06   6.501e-01   2.567e-03   2.409e-02  1.0000         899  [    0     50         30         40 ]
           1       18151      41.873   6.303e-05   7.155e-06   6.469e-01   2.563e-03   2.344e-02  1.0000         911  [    0     51         30         41 ]
           1       18477      43.033   6.303e-05   7.155e-06   5.326e-01   2.559e-03   2.340e-02  1.0000         923  [    0     52         30         41 ]
           1       18800      44.663   6.303e-05   7.155e-06   5.713e-01   2.559e-03   2.334e-02  1.0000         936  [    0     53         30         42 ]
           1       19136      46.034   6.303e-05   7.155e-06   6.396e-01   2.559e-03   2.329e-02  1.0000         938  [    0     54         30         42 ]
           1       19479      47.311   6.303e-05   7.155e-06   5.272e-01   2.554e-03   2.304e-02  1.0000         946  [    0     55         30         42 ]
           1       19812      48.401   6.303e-05   7.155e-06   5.792e-01   2.551e-03   2.302e-02  1.0000         954  [    0     56         30         42 ]
           1       20150      49.349   6.303e-05   6.438e-06   5.782e-01   2.537e-03   2.298e-02  1.0000         962  [    0     57         30         42 ]
           1       20561      50.465   6.303e-05   6.438e-06   6.378e-01   2.536e-03   2.293e-02  1.0000         977  [    1      8         60         42 ]
           1       20916      51.520   6.303e-05   6.438e-06   6.377e-01   2.533e-03   2.294e-02  1.0000         980  [    0     58         30         44 ]
           1       21277      52.693   6.303e-05   6.438e-06   5.227e-01   2.533e-03   2.288e-02  1.0000         988  [    0     59         30         44 ]
           1       21636      54.166   6.303e-05   6.438e-06   6.293e-01   2.496e-03   2.256e-02  1.0000        1009  [    0     60         30         44 ]
           1       22002      55.581   6.303e-05   6.438e-06   5.198e-01   2.492e-03   2.248e-02  1.0000        1027  [    0     61         30         44 ]
           1       22371      57.136   6.303e-05   6.438e-06   6.337e-01   2.472e-03   2.243e-02  1.0000        1036  [    0     62         30         41 ]
           1       22728      58.109   6.303e-05   6.438e-06   6.181e-01   2.471e-03   2.240e-02  1.0000        1034  [    0     63         30         43 ]
           1       23093      59.555   6.303e-05   6.438e-06   5.262e-01   2.464e-03   2.234e-02  1.0000        1045  [    0     64         30         44 ]
           2       25204      61.424   6.303e-05   6.438e-06   3.683e-01   4.161e-03   4.124e-02  1.0000         750  [    2      1        120         52 ]
           2       25744      62.641   6.303e-05   6.438e-06   4.981e-01   4.221e-03   4.473e-02  1.0000         528  [    0     65         30         43 ]
           2       26180      63.204   1.868e-05   6.438e-06   4.604e-01   4.012e-03   4.311e-02  1.0000         503  [    1      9         60         35 ]
           2       26749      63.795   1.868e-05   6.438e-06   4.648e-01   3.513e-03   4.077e-02  1.0000         558  [    2      2        120         33 ]
           2       27055      64.322   1.868e-05   6.438e-06   5.798e-01   3.466e-03   4.024e-02  1.0000         570  [    0     66         30         33 ]
           2       27365      65.366   1.868e-05   6.438e-06   5.949e-01   3.275e-03   3.895e-02  1.0000         553  [    0     67         30         32 ]
           2       27663      66.183   1.868e-05   6.438e-06   5.518e-01   3.167e-03   3.853e-02  1.0000         566  [    0     68         30         33 ]
           2       27959      66.700   1.868e-05   6.438e-06   6.256e-01   3.097e-03   3.795e-02  1.0000         568  [    0     69         30         33 ]
           2       28260      67.221   1.868e-05   6.438e-06   5.099e-01   3.043e-03   3.775e-02  1.0000         576  [    0     70         30         32 ]
           2       28557      67.854   1.868e-05   6.438e-06   5.631e-01   2.997e-03   3.652e-02  1.0000         588  [    0     71         30         32 ]
           2       28838      68.490   1.868e-05   6.438e-06   5.013e-01   2.986e-03   3.617e-02  1.0000         601  [    0     72         30         34 ]
           2       29136      69.139   1.868e-05   6.438e-06   5.029e-01   2.939e-03   3.598e-02  1.0000         608  [    0     73         30         33 ]
           2       29475      69.840   1.868e-05   6.438e-06   5.917e-01   2.850e-03   3.486e-02  1.0000         602  [    1     10         60         31 ]
           2       29759      70.485   1.868e-05   6.438e-06   6.122e-01   2.821e-03   3.475e-02  1.0000         601  [    0     74         30         32 ]
           2       30049      71.511   1.868e-05   6.438e-06   5.055e-01   2.786e-03   3.413e-02  1.0000         608  [    0     75         30         32 ]
           2       30343      72.512   1.868e-05   6.438e-06   5.995e-01   2.716e-03   3.343e-02  1.0000         607  [    0     76         30         32 ]
           2       30638      73.349   1.868e-05   6.438e-06   6.162e-01   2.684e-03   3.244e-02  1.0000         598  [    0     77         30         31 ]
           2       30912      74.451   1.868e-05   6.438e-06   6.160e-01   2.676e-03   3.184e-02  1.0000         614  [    0     78         30         31 ]
           2       31180      75.521   1.868e-05   6.438e-06   6.345e-01   2.675e-03   3.179e-02  1.0000         624  [    0     79         30         31 ]
           2       31440      76.476   1.868e-05   6.438e-06   5.292e-01   2.636e-03   3.161e-02  1.0000         639  [    0     80         30         31 ]
           2       31724      77.412   1.868e-05   6.438e-06   5.272e-01   2.635e-03   3.124e-02  1.0000         654  [    0     81         30         31 ]
           2       32077      78.251   1.868e-05   6.438e-06   6.366e-01   2.549e-03   3.117e-02  1.0000         657  [    1     11         60         30 ]
           2       32357      79.200   1.868e-05   6.438e-06   5.299e-01   2.530e-03   3.112e-02  1.0000         670  [    0     82         30         30 ]
           2       32640      80.448   1.868e-05   6.438e-06   5.946e-01   2.515e-03   3.102e-02  1.0000         677  [    0     83         30         29 ]
           2       32925      81.391   1.868e-05   6.438e-06   6.361e-01   2.432e-03   3.057e-02  1.0000         698  [    0     84         30         31 ]
           2       33204      82.340   1.868e-05   6.438e-06   6.540e-01   2.432e-03   3.039e-02  1.0000         708  [    0     85         30         32 ]
           2       33494      83.214   1.868e-05   6.438e-06   6.531e-01   2.412e-03   2.963e-02  1.0000         716  [    0     86         30         33 ]
           2       33779      84.049   1.868e-05   6.438e-06   6.511e-01   2.412e-03   2.940e-02  1.0000         728  [    0     87         30         33 ]
           2       34070      84.959   1.868e-05   6.438e-06   6.339e-01   2.385e-03   2.886e-02  1.0000         738  [    0     88         30         32 ]
           2       34358      85.819   1.868e-05   6.438e-06   6.505e-01   2.348e-03   2.842e-02  1.0000         751  [    0     89         30         31 ]
           2       34718      86.488   1.868e-05   6.438e-06   6.496e-01   2.338e-03   2.756e-02  1.0000         760  [    1     12         60         30 ]
           2       34983      87.261   1.868e-05   6.438e-06   5.525e-01   2.337e-03   2.728e-02  1.0000         764  [    0     90         30         30 ]
           2       35265      88.186   1.868e-05   6.438e-06   5.646e-01   2.274e-03   2.682e-02  1.0000         756  [    0     91         30         29 ]
           2       35541      89.081   1.868e-05   6.438e-06   6.623e-01   2.254e-03   2.675e-02  1.0000         756  [    0     92         30         28 ]
           2       35809      89.881   1.868e-05   6.438e-06   6.665e-01   2.209e-03   2.633e-02  1.0000         755  [    0     93         30         26 ]
           2       36077      90.610   1.868e-05   6.438e-06   5.703e-01   2.130e-03   2.466e-02  1.0000         778  [    0     94         30         27 ]
           2       36335      91.647   1.868e-05   6.438e-06   5.853e-01   2.101e-03   2.459e-02  1.0000         736  [    0     95         30         26 ]
           2       36574      92.791   1.868e-05   6.438e-06   6.956e-01   2.078e-03   2.439e-02  1.0000         747  [    0     96         30         26 ]
           2       36822      93.969   1.868e-05   6.438e-06   5.829e-01   2.043e-03   2.420e-02  1.0000         759  [    0     97         30         26 ]
           2       37136      94.973   1.868e-05   6.438e-06   6.945e-01   2.002e-03   2.382e-02  1.0000         778  [    1     13         60         26 ]
           2       37382      95.728   1.868e-05   6.438e-06   7.026e-01   2.001e-03   2.376e-02  1.0000         770  [    0     98         30         25 ]
           2       37617      96.745   1.868e-05   6.438e-06   5.910e-01   1.982e-03   2.372e-02  1.0000         780  [    0     99         30         26 ]
           2       37844      97.489   1.868e-05   6.438e-06   6.063e-01   1.981e-03   2.371e-02  1.0000         788  [    0    100         30         25 ]
           2       38071      98.234   1.868e-05   6.438e-06   5.870e-01   1.981e-03   2.368e-02  1.0000         787  [    0    101         30         25 ]
           2       38312      98.992   1.868e-05   6.438e-06   5.923e-01   1.979e-03   2.360e-02  1.0000         777  [    0    102         30         24 ]
           2       38547      99.775   1.868e-05   6.438e-06   7.019e-01   1.968e-03   2.331e-02  1.0000         789  [    0    103         30         24 ]
           2       38782     100.637   1.868e-05   6.438e-06   6.836e-01   1.967e-03   2.325e-02  1.0000         782  [    0    104         30         23 ]
           2       38997     101.388   1.868e-05   6.438e-06   6.856e-01   1.967e-03   2.325e-02  1.0000         792  [    0    105         30         22 ]
           2       39285     102.602   1.868e-05   6.438e-06   5.997e-01   1.965e-03   2.324e-02  1.0000         794  [    1     14         60         22 ]
           2       39500     103.513   1.868e-05   6.438e-06   6.032e-01   1.954e-03   2.294e-02  1.0000         799  [    0    106         30         23 ]
           2       39717     104.420   1.868e-05   6.438e-06   6.092e-01   1.933e-03   2.287e-02  1.0000         801  [    0    107         30         23 ]
           2       39970     105.361   1.868e-05   6.438e-06   7.190e-01   1.793e-03   2.240e-02  1.0000         786  [    0    108         30         22 ]
           2       40193     106.173   1.868e-05   6.438e-06   6.413e-01   1.769e-03   2.235e-02  1.0000         794  [    0    109         30         22 ]
           2       40400     106.908   1.868e-05   6.438e-06   7.511e-01   1.769e-03   2.240e-02  1.0000         797  [    0    110         30         22 ]
           2       40633     107.658   1.868e-05   6.438e-06   7.355e-01   1.764e-03   2.233e-02  1.0000         801  [    0    111         30         22 ]
           2       40850     108.412   1.868e-05   6.438e-06   7.310e-01   1.764e-03   2.233e-02  1.0000         803  [    0    112         30         22 ]
           2       41062     109.344   1.868e-05   6.438e-06   7.497e-01   1.760e-03   2.227e-02  1.0000         811  [    0    113         30         23 ]
           2       41354     110.201   1.868e-05   6.438e-06   7.481e-01   1.752e-03   2.251e-02  1.0000         823  [    1     15         60         21 ]
           2       41582     110.936   1.868e-05   6.438e-06   7.459e-01   1.752e-03   2.251e-02  1.0000         831  [    0    114         30         22 ]
           2       41802     111.712   1.868e-05   6.438e-06   7.440e-01   1.747e-03   2.257e-02  1.0000         836  [    0    115         30         21 ]
           2       42014     112.615   1.868e-05   6.438e-06   7.410e-01   1.739e-03   2.243e-02  1.0000         839  [    0    116         30         22 ]
           2       42248     113.414   1.868e-05   6.438e-06   7.341e-01   1.715e-03   2.220e-02  1.0000         818  [    0    117         30         21 ]
           2       42459     114.179   1.868e-05   6.438e-06   6.915e-01   1.715e-03   2.220e-02  1.0000         817  [    0    118         30         21 ]
           2       42669     114.952   1.868e-05   6.438e-06   7.503e-01   1.715e-03   2.219e-02  1.0000         821  [    0    119         30         21 ]
           2       42885     115.719   1.868e-05   6.438e-06   7.507e-01   1.713e-03   2.218e-02  1.0000         816  [    0    120         30         20 ]
           2       43105     116.536   1.868e-05   6.438e-06   7.525e-01   1.709e-03   2.218e-02  1.0000         809  [    0    121         30         20 ]
           2       43404     117.618   1.868e-05   6.438e-06   6.937e-01   1.700e-03   2.210e-02  1.0000         813  [    1     16         60         20 ]
           2       43627     118.505   1.868e-05   6.438e-06   7.240e-01   1.695e-03   2.207e-02  1.0000         821  [    0    122         30         20 ]
           2       43842     119.367   1.868e-05   6.438e-06   7.413e-01   1.691e-03   2.190e-02  1.0000         829  [    0    123         30         21 ]
           2       44068     120.117   1.868e-05   6.438e-06   6.305e-01   1.688e-03   2.182e-02  1.0000         840  [    0    124         30         21 ]
           2       44290     120.922   1.868e-05   6.438e-06   7.394e-01   1.680e-03   2.187e-02  1.0000         854  [    0    125         30         20 ]
           2       44509     121.756   1.868e-05   6.438e-06   7.195e-01   1.677e-03   2.186e-02  1.0000         855  [    0    126         30         19 ]
           2       44711     123.110   1.868e-05   6.438e-06   7.367e-01   1.677e-03   2.186e-02  1.0000         859  [    0    127         30         19 ]
           2       44915     124.091   1.868e-05   6.438e-06   7.387e-01   1.675e-03   2.181e-02  1.0000         856  [    0    128         30         19 ]
           2       45117     124.894   1.868e-05   6.438e-06   7.166e-01   1.675e-03   2.180e-02  1.0000         866  [    0    129         30         19 ]
           2       45407     125.788   1.868e-05   6.438e-06   7.283e-01   1.661e-03   2.152e-02  1.0000         894  [    1     17         60         19 ]
           2       45835     126.690   1.868e-05   6.438e-06   7.032e-01   1.599e-03   2.116e-02  1.0000         935  [    2      3        120         21 ]
           2       46052     128.005   1.868e-05   6.438e-06   7.214e-01   1.599e-03   2.111e-02  1.0000         931  [    0    130         30         21 ]
           2       46286     128.899   1.868e-05   6.438e-06   6.228e-01   1.591e-03   2.078e-02  1.0000         907  [    0    131         30         20 ]
           2       46508     129.773   1.868e-05   6.438e-06   7.323e-01   1.591e-03   2.077e-02  1.0000         915  [    0    132         30         21 ]
           2       46740     130.644   1.868e-05   6.438e-06   6.222e-01   1.591e-03   2.066e-02  1.0000         918  [    0    133         30         21 ]
           2       46959     131.497   1.868e-05   6.438e-06   7.294e-01   1.575e-03   2.058e-02  1.0000         928  [    0    134         30         23 ]
           2       47191     132.365   1.868e-05   6.438e-06   7.274e-01   1.563e-03   2.047e-02  1.0000         941  [    0    135         30         25 ]
           2       47435     133.298   1.868e-05   6.438e-06   7.198e-01   1.561e-03   2.046e-02  1.0000         923  [    0    136         30         23 ]
           2       47662     134.359   1.868e-05   6.438e-06   7.203e-01   1.553e-03   2.043e-02  1.0000         934  [    0    137         30         22 ]
           2       47965     135.473   1.868e-05   6.438e-06   7.379e-01   1.538e-03   2.024e-02  1.0000         941  [    1     18         60         21 ]
           2       48200     136.594   1.868e-05   6.438e-06   7.372e-01   1.537e-03   2.025e-02  1.0000         950  [    0    138         30         21 ]
           2       48427     137.497   1.868e-05   6.438e-06   7.090e-01   1.521e-03   2.020e-02  1.0000         955  [    0    139         30         20 ]
           2       48646     138.455   1.868e-05   6.438e-06   7.417e-01   1.519e-03   2.007e-02  1.0000         940  [    0    140         30         19 ]
           2       48863     139.514   1.868e-05   6.438e-06   7.443e-01   1.519e-03   2.028e-02  1.0000         938  [    0    141         30         19 ]
           2       49103     140.403   1.868e-05   6.438e-06   6.328e-01   1.519e-03   2.028e-02  1.0000         942  [    0    142         30         20 ]
           2       49335     141.255   1.868e-05   6.438e-06   7.285e-01   1.518e-03   2.005e-02  1.0000         943  [    0    143         30         20 ]
           2       49555     142.156   1.868e-05   6.438e-06   7.421e-01   1.507e-03   1.984e-02  1.0000         923  [    0    144         30         18 ]
           2       49786     143.063   1.868e-05   6.438e-06   7.560e-01   1.505e-03   1.982e-02  1.0000         918  [    0    145         30         20 ]
           2       50089     143.936   1.868e-05   6.438e-06   6.647e-01   1.487e-03   1.962e-02  1.0000         910  [    1     19         60         20 ]
           2       50313     145.194   1.868e-05   6.438e-06   7.774e-01   1.484e-03   1.948e-02  1.0000         913  [    0    146         30         20 ]
           2       50530     146.031   1.868e-05   6.438e-06   7.725e-01   1.482e-03   1.933e-02  1.0000         920  [    0    147         30         19 ]
           2       50741     146.909   1.868e-05   6.438e-06   6.669e-01   1.468e-03   1.927e-02  1.0000         928  [    0    148         30         19 ]
           2       50960     147.808   1.868e-05   6.438e-06   7.735e-01   1.464e-03   1.913e-02  1.0000         930  [    0    149         30         18 ]
           2       51180     148.656   1.868e-05   6.438e-06   6.637e-01   1.453e-03   1.905e-02  1.0000         940  [    0    150         30         19 ]
           2       51399     150.148   1.868e-05   6.438e-06   7.593e-01   1.453e-03   1.905e-02  1.0000         946  [    0    151         30         19 ]
           2       51632     151.224   1.541e-05   6.438e-06   7.238e-01   1.437e-03   1.895e-02  1.0000         938  [    0    152         30         17 ]
           2       51831     152.110   1.541e-05   6.438e-06   7.767e-01   1.436e-03   1.895e-02  1.0000         945  [    0    153         30         17 ]
           2       52128     152.980   1.541e-05   6.438e-06   7.087e-01   1.420e-03   1.871e-02  1.0000         942  [    1     20         60         18 ]
           2       52344     153.850   1.541e-05   6.438e-06   7.886e-01   1.419e-03   1.853e-02  1.0000         946  [    0    154         30         19 ]
           2       52558     154.707   1.541e-05   6.438e-06   7.885e-01   1.418e-03   1.851e-02  1.0000         950  [    0    155         30         19 ]
           2       52776     155.609   1.541e-05   6.438e-06   7.076e-01   1.410e-03   1.850e-02  1.0000         952  [    0    156         30         19 ]
           2       53005     156.664   1.541e-05   6.438e-06   7.534e-01   1.387e-03   1.832e-02  1.0000         953  [    0    157         30         18 ]
           2       53236     157.581   1.541e-05   6.438e-06   7.460e-01   1.385e-03   1.829e-02  1.0000         958  [    0    158         30         18 ]
           2       53452     158.550   1.541e-05   6.438e-06   7.452e-01   1.378e-03   1.815e-02  1.0000         967  [    0    159         30         18 ]
           2       53671     159.646   1.541e-05   6.438e-06   7.791e-01   1.376e-03   1.808e-02  1.0000         974  [    0    160         30         18 ]
           2       53883     160.606   1.541e-05   6.438e-06   7.623e-01   1.366e-03   1.799e-02  1.0000         986  [    0    161         30         18 ]
           2       54184     162.385   1.541e-05   6.438e-06   6.571e-01   1.326e-03   1.760e-02  1.0000        1012  [    1     21         60         19 ]
           2       54401     163.329   1.541e-05   6.438e-06   7.666e-01   1.325e-03   1.760e-02  1.0000        1021  [    0    162         30         19 ]
           2       54621     164.347   1.541e-05   6.438e-06   7.557e-01   1.316e-03   1.753e-02  1.0000        1011  [    0    163         30         18 ]
           2       54849     165.375   1.541e-05   6.438e-06   7.546e-01   1.301e-03   1.751e-02  1.0000        1020  [    0    164         30         19 ]
           2       55078     166.801   1.541e-05   6.438e-06   7.730e-01   1.299e-03   1.751e-02  1.0000        1019  [    0    165         30         18 ]
           2       55299     167.733   1.541e-05   6.438e-06   7.728e-01   1.297e-03   1.751e-02  1.0000        1023  [    0    166         30         18 ]
           2       55517     168.706   1.541e-05   6.438e-06   7.664e-01   1.297e-03   1.752e-02  1.0000        1036  [    0    167         30         18 ]
           2       55746     169.954   1.541e-05   6.438e-06   7.544e-01   1.297e-03   1.752e-02  1.0000        1036  [    0    168         30         18 ]
           2       55977     170.936   1.541e-05   6.438e-06   6.547e-01   1.297e-03   1.751e-02  1.0000        1040  [    0    169         30         20 ]
           2       56300     171.919   1.516e-05   6.438e-06   7.250e-01   1.296e-03   1.749e-02  1.0000        1043  [    1     22         60         20 ]
           2       56537     173.537   1.516e-05   6.438e-06   7.305e-01   1.295e-03   1.749e-02  1.0000        1048  [    0    170         30         21 ]
           2       56757     174.505   1.516e-05   6.438e-06   7.320e-01   1.295e-03   1.749e-02  1.0000        1051  [    0    171         30         20 ]
           2       56996     175.609   1.516e-05   6.438e-06   7.627e-01   1.288e-03   1.737e-02  1.0000        1058  [    0    172         30         21 ]
           2       57235     176.616   1.516e-05   6.438e-06   7.699e-01   1.288e-03   1.737e-02  1.0000        1053  [    0    173         30         20 ]
           2       57469     177.965   1.516e-05   6.438e-06   7.552e-01   1.286e-03   1.715e-02  1.0000        1059  [    0    174         30         20 ]
           2       57707     178.942   1.516e-05   6.438e-06   6.530e-01   1.284e-03   1.713e-02  1.0000        1067  [    0    175         30         19 ]
           2       57918     179.978   1.516e-05   6.438e-06   7.685e-01   1.282e-03   1.704e-02  1.0000        1069  [    0    176         30         17 ]
           2       58145     181.053   1.516e-05   6.438e-06   7.243e-01   1.282e-03   1.696e-02  1.0000        1076  [    0    177         30         18 ]
           2       58456     182.094   1.516e-05   6.438e-06   7.537e-01   1.267e-03   1.682e-02  1.0000        1061  [    1     23         60         18 ]
           2       58692     183.108   1.516e-05   6.438e-06   6.617e-01   1.264e-03   1.676e-02  1.0000        1060  [    0    178         30         17 ]
           2       58913     184.240   1.516e-05   6.438e-06   7.578e-01   1.262e-03   1.672e-02  1.0000        1067  [    0    179         30         17 ]
           2       59127     185.241   1.516e-05   6.438e-06   6.622e-01   1.240e-03   1.670e-02  1.0000        1075  [    0    180         30         18 ]
           2       59369     186.641   1.516e-05   6.438e-06   6.673e-01   1.239e-03   1.670e-02  1.0000        1062  [    0    181         30         17 ]
           2       59601     188.166   1.516e-05   6.438e-06   6.740e-01   1.229e-03   1.656e-02  1.0000        1038  [    0    182         30         17 ]
           2       59834     189.166   1.516e-05   6.438e-06   7.948e-01   1.225e-03   1.653e-02  1.0000        1018  [    0    183         30         17 ]
           2       60051     190.099   1.516e-05   6.438e-06   7.798e-01   1.224e-03   1.653e-02  1.0000        1025  [    0    184         30         18 ]
           2       60271     191.333   1.516e-05   6.438e-06   6.843e-01   1.224e-03   1.653e-02  1.0000        1026  [    0    185         30         18 ]
           2       60574     192.323   1.516e-05   6.438e-06   6.767e-01   1.217e-03   1.638e-02  1.0000        1048  [    1     24         60         20 ]
           2       60809     193.296   1.516e-05   6.438e-06   6.778e-01   1.179e-03   1.621e-02  1.0000        1034  [    0    186         30         19 ]
           2       61040     194.329   1.516e-05   6.438e-06   6.755e-01   1.179e-03   1.619e-02  1.0000        1048  [    0    187         30         19 ]
           2       61287     195.430   1.516e-05   6.438e-06   6.752e-01   1.179e-03   1.619e-02  1.0000        1060  [    0    188         30         19 ]
           2       61515     196.483   1.516e-05   6.438e-06   7.860e-01   1.176e-03   1.611e-02  1.0000        1055  [    0    189         30         18 ]
           2       61729     197.782   1.516e-05   6.438e-06   7.647e-01   1.176e-03   1.610e-02  1.0000        1050  [    0    190         30         17 ]
           2       61939     198.895   1.516e-05   6.438e-06   7.652e-01   1.176e-03   1.610e-02  1.0000        1058  [    0    191         30         17 ]
           2       62171     199.869   1.516e-05   6.438e-06   7.698e-01   1.176e-03   1.609e-02  1.0000        1048  [    0    192         30         16 ]
           2       62393     200.949   1.516e-05   6.438e-06   7.660e-01   1.176e-03   1.609e-02  1.0000        1053  [    0    193         30         16 ]
           2       62686     202.092   1.516e-05   6.438e-06   7.677e-01   1.173e-03   1.605e-02  1.0000        1068  [    1     25         60         17 ]
           2       63147     203.166   8.162e-07   6.438e-06   7.560e-01   1.139e-03   1.578e-02  1.0000        1123  [    2      4        120         19 ]
           2       63390     204.473   8.162e-07   6.438e-06   6.605e-01   1.139e-03   1.576e-02  1.0000        1111  [    0    194         30         18 ]
           2       63614     205.541   8.162e-07   6.438e-06   7.657e-01   1.131e-03   1.575e-02  1.0000        1119  [    0    195         30         18 ]
           2       63847     206.601   8.162e-07   6.438e-06   7.680e-01   1.131e-03   1.576e-02  1.0000        1122  [    0    196         30         18 ]
           2       64092     207.660   8.162e-07   6.438e-06   7.669e-01   1.131e-03   1.562e-02  1.0000        1118  [    0    197         30         19 ]
           2       64346     208.757   8.162e-07   6.438e-06   7.646e-01   1.131e-03   1.566e-02  1.0000        1119  [    0    198         30         21 ]
           2       64588     209.990   8.162e-07   6.438e-06   7.614e-01   1.120e-03   1.556e-02  1.0000        1125  [    0    199         30         22 ]
           2       64841     211.066   8.162e-07   6.438e-06   7.617e-01   1.117e-03   1.558e-02  1.0000        1134  [    0    200         30         22 ]
           2       65084     212.143   8.162e-07   6.438e-06   7.601e-01   1.117e-03   1.558e-02  1.0000        1138  [    0    201         30         21 ]
           2       65419     213.383   8.162e-07   6.438e-06   7.667e-01   1.115e-03   1.542e-02  1.0000        1136  [    1     26         60         20 ]
           2       65671     214.498   8.162e-07   6.438e-06   7.627e-01   1.113e-03   1.538e-02  1.0000        1147  [    0    202         30         21 ]
           2       65917     215.663   8.162e-07   6.438e-06   7.496e-01   1.100e-03   1.522e-02  1.0000        1168  [    0    203         30         20 ]
           2       66159     217.554   8.162e-07   6.438e-06   6.522e-01   1.100e-03   1.521e-02  1.0000        1164  [    0    204         30         21 ]
           2       66412     218.871   8.162e-07   6.438e-06   7.445e-01   1.100e-03   1.521e-02  1.0000        1171  [    0    205         30         21 ]
           2       66651     220.152   8.162e-07   6.438e-06   7.410e-01   1.100e-03   1.520e-02  1.0000        1181  [    0    206         30         21 ]
           2       66901     221.848   8.162e-07   6.438e-06   7.382e-01   1.100e-03   1.520e-02  1.0000        1189  [    0    207         30         20 ]
           2       67154     223.131   8.162e-07   6.438e-06   7.420e-01   1.100e-03   1.502e-02  1.0000        1181  [    0    208         30         19 ]
           2       67394     224.715   8.162e-07   6.438e-06   6.414e-01   1.099e-03   1.501e-02  1.0000        1188  [    0    209         30         21 ]
           2       67717     226.443   8.162e-07   6.438e-06   6.982e-01   1.076e-03   1.492e-02  1.0000        1176  [    1     27         60         21 ]
           2       67956     227.595   8.162e-07   6.438e-06   6.536e-01   1.065e-03   1.487e-02  1.0000        1166  [    0    210         30         20 ]
           2       68209     228.783   8.162e-07   6.438e-06   7.530e-01   1.064e-03   1.483e-02  1.0000        1171  [    0    211         30         22 ]
           2       68458     229.955   8.162e-07   6.438e-06   7.639e-01   1.061e-03   1.481e-02  1.0000        1184  [    0    212         30         22 ]
           2       68703     231.125   8.162e-07   6.438e-06   7.648e-01   1.059e-03   1.480e-02  1.0000        1189  [    0    213         30         22 ]
           2       68964     232.421   8.162e-07   6.438e-06   7.696e-01   1.057e-03   1.479e-02  1.0000        1187  [    0    214         30         21 ]
           2       69193     233.673   8.162e-07   6.438e-06   6.591e-01   1.057e-03   1.478e-02  1.0000        1188  [    0    215         30         21 ]
           2       69440     234.812   8.162e-07   6.438e-06   7.629e-01   1.057e-03   1.478e-02  1.0000        1178  [    0    216         30         21 ]
           2       69671     235.984   8.162e-07   6.438e-06   6.629e-01   1.057e-03   1.478e-02  1.0000        1179  [    0    217         30         21 ]
           2       70011     237.272   8.162e-07   6.438e-06   7.122e-01   1.057e-03   1.478e-02  1.0000        1189  [    1     28         60         21 ]
           2       70254     238.533   8.162e-07   6.438e-06   6.855e-01   1.057e-03   1.477e-02  1.0000        1194  [    0    218         30         21 ]
           2       70495     239.695   8.162e-07   6.438e-06   7.779e-01   1.047e-03   1.479e-02  1.0000        1192  [    0    219         30         20 ]
           2       70760     240.964   8.162e-07   6.438e-06   6.876e-01   1.047e-03   1.479e-02  1.0000        1192  [    0    220         30         20 ]
           2       71022     242.234   8.162e-07   6.438e-06   7.718e-01   1.040e-03   1.477e-02  1.0000        1169  [    0    221         30         21 ]
           2       71258     243.583   8.162e-07   6.438e-06   6.957e-01   1.038e-03   1.476e-02  1.0000        1147  [    0    222         30         18 ]
           2       71481     244.857   8.162e-07   6.438e-06   6.707e-01   1.036e-03   1.475e-02  1.0000        1141  [    0    223         30         17 ]
           2       71708     246.016   8.162e-07   6.438e-06   7.807e-01   1.036e-03   1.475e-02  1.0000        1144  [    0    224         30         18 ]
           2       71920     247.137   2.618e-07   6.438e-06   6.927e-01   1.036e-03   1.474e-02  1.0000        1146  [    0    225         30         17 ]
           2       72202     248.515   2.618e-07   6.438e-06   7.782e-01   1.031e-03   1.471e-02  1.0000        1157  [    1     29         60         18 ]
           2       72423     249.742   2.618e-07   6.438e-06   7.089e-01   1.027e-03   1.466e-02  1.0000        1166  [    0    226         30         19 ]
           2       72654     251.699   2.618e-07   6.438e-06   7.714e-01   1.027e-03   1.466e-02  1.0000        1172  [    0    227         30         18 ]
           2       72862     253.009   2.618e-07   6.438e-06   6.747e-01   1.027e-03   1.466e-02  1.0000        1181  [    0    228         30         19 ]
           2       73090     254.145   2.618e-07   6.438e-06   7.698e-01   1.027e-03   1.466e-02  1.0000        1178  [    0    229         30         19 ]
           2       73314     255.566   2.618e-07   6.438e-06   7.716e-01   1.027e-03   1.466e-02  1.0000        1176  [    0    230         30         18 ]
           2       73546     256.753   2.618e-07   6.438e-06   6.606e-01   1.027e-03   1.466e-02  1.0000        1179  [    0    231         30         19 ]
           2       73754     257.958   2.618e-07   6.438e-06   7.711e-01   1.027e-03   1.466e-02  1.0000        1178  [    0    232         30         18 ]
           2       73970     259.316   2.618e-07   6.438e-06   6.597e-01   1.026e-03   1.465e-02  1.0000        1188  [    0    233         30         18 ]
           2       74266     260.612   2.618e-07   6.438e-06   6.555e-01   1.021e-03   1.457e-02  1.0000        1197  [    1     30         60         17 ]
           2       74486     261.783   2.618e-07   6.438e-06   6.568e-01   1.012e-03   1.460e-02  1.0000        1204  [    0    234         30         16 ]
           2       74690     262.951   2.618e-07   6.438e-06   7.454e-01   1.012e-03   1.460e-02  1.0000        1202  [    0    235         30         15 ]
           2       74879     264.132   2.618e-07   6.438e-06   6.601e-01   1.005e-03   1.463e-02  1.0000        1195  [    0    236         30         14 ]
           2       75084     265.276   2.618e-07   6.438e-06   7.699e-01   1.003e-03   1.459e-02  1.0000        1201  [    0    237         30         15 ]
           2       75287     267.312   2.618e-07   6.438e-06   6.664e-01   9.975e-04   1.457e-02  1.0000        1208  [    0    238         30         14 ]
           2       75470     268.611   2.618e-07   6.438e-06   7.667e-01   9.974e-04   1.457e-02  1.0000        1210  [    0    239         30         14 ]
           2       75654     270.056   2.618e-07   6.438e-06   7.485e-01   9.958e-04   1.456e-02  1.0000        1216  [    0    240         30         15 ]
           2       75841     271.443   2.618e-07   6.438e-06   7.485e-01   9.950e-04   1.453e-02  1.0000        1220  [    0    241         30         16 ]
           2       76113     272.704   2.618e-07   6.438e-06   6.572e-01   9.896e-04   1.450e-02  1.0000        1242  [    1     31         60         16 ]
           2       76292     274.076   2.618e-07   6.438e-06   6.363e-01   1.319e-03   1.832e-02  1.0000         747  [    0    242         30         16 ]
           2       76488     274.791   2.618e-07   6.438e-06   7.647e-01   1.282e-03   1.844e-02  1.0000         719  [    0    243         30         14 ]
           2       76671     275.472   2.618e-07   6.438e-06   7.692e-01   1.272e-03   1.819e-02  1.0000         719  [    0    244         30         14 ]
           2       76842     276.789   2.618e-07   6.438e-06   7.682e-01   1.271e-03   1.819e-02  1.0000         727  [    0    245         30         14 ]
           2       77026     277.968   2.618e-07   6.438e-06   7.673e-01   1.269e-03   1.813e-02  1.0000         731  [    0    246         30         13 ]
           2       77207     278.762   2.618e-07   6.438e-06   6.572e-01   1.267e-03   1.812e-02  1.0000         731  [    0    247         30         14 ]
           2       77384     279.555   2.618e-07   6.438e-06   7.687e-01   1.267e-03   1.811e-02  1.0000         727  [    0    248         30         14 ]
           2       77551     280.283   2.618e-07   6.438e-06   6.581e-01   1.266e-03   1.810e-02  1.0000         732  [    0    249         30         14 ]
           2       77799     281.364   2.618e-07   6.438e-06   7.549e-01   1.261e-03   1.809e-02  1.0000         747  [    1     32         60         15 ]
           2       77991     282.252   2.618e-07   6.438e-06   7.643e-01   1.260e-03   1.809e-02  1.0000         743  [    0    250         30         14 ]
           2       78181     282.927   2.618e-07   6.438e-06   7.537e-01   1.241e-03   1.803e-02  1.0000         747  [    0    251         30         14 ]
           2       78363     283.744   2.618e-07   6.438e-06   7.667e-01   1.235e-03   1.785e-02  1.0000         749  [    0    252         30         14 ]
           2       78530     284.697   2.618e-07   6.438e-06   7.844e-01   1.231e-03   1.781e-02  1.0000         718  [    0    253         30         12 ]
           2       78688     285.342   2.618e-07   6.438e-06   7.852e-01   1.224e-03   1.777e-02  1.0000         728  [    0    254         30         10 ]
           2       78867     286.045   2.618e-07   6.438e-06   7.611e-01   1.223e-03   1.776e-02  1.0000         731  [    0    255         30         10 ]
           2       79034     286.698   2.618e-07   6.438e-06   7.813e-01   1.219e-03   1.767e-02  1.0000         739  [    0    256         30         12 ]
           2       79221     287.449   2.618e-07   6.438e-06   7.835e-01   1.219e-03   1.766e-02  1.0000         740  [    0    257         30         13 ]
           2       79462     288.163   2.618e-07   6.438e-06   6.770e-01   1.213e-03   1.764e-02  1.0000         762  [    1     33         60         13 ]
           2       79859     288.896   2.618e-07   6.438e-06   6.661e-01   1.201e-03   1.762e-02  1.0000         801  [    2      5        120         13 ]
           2       80046     289.743   2.618e-07   6.438e-06   7.745e-01   1.201e-03   1.763e-02  1.0000         801  [    0    258         30         13 ]
           2       80222     290.523   2.618e-07   6.438e-06   7.754e-01   1.198e-03   1.758e-02  1.0000         794  [    0    259         30         12 ]
           2       80406     291.232   2.618e-07   6.438e-06   7.633e-01   1.183e-03   1.758e-02  1.0000         801  [    0    260         30         12 ]
           2       80587     292.341   2.618e-07   6.438e-06   7.593e-01   1.181e-03   1.757e-02  1.0000         808  [    0    261         30         12 ]
           2       80766     293.063   2.618e-07   6.438e-06   6.606e-01   1.181e-03   1.757e-02  1.0000         815  [    0    262         30         12 ]
           2       80964     293.796   2.618e-07   6.438e-06   7.570e-01   1.175e-03   1.755e-02  1.0000         826  [    0    263         30         12 ]
           2       81155     294.528   2.618e-07   6.438e-06   7.709e-01   1.175e-03   1.755e-02  1.0000         832  [    0    264         30         12 ]
           2       81347     295.321   2.618e-07   6.438e-06   6.679e-01   1.166e-03   1.738e-02  1.0000         821  [    0    265         30         12 ]
           2       81597     296.166   2.618e-07   6.438e-06   7.727e-01   1.163e-03   1.726e-02  1.0000         823  [    1     34         60         12 ]
           2       81775     296.911   2.618e-07   6.438e-06   7.676e-01   1.162e-03   1.721e-02  1.0000         834  [    0    266         30         12 ]
           2       81953     297.892   2.618e-07   6.438e-06   7.845e-01   1.160e-03   1.721e-02  1.0000         837  [    0    267         30         11 ]
           2       82136     298.759   2.618e-07   6.438e-06   7.815e-01   1.155e-03   1.719e-02  1.0000         836  [    0    268         30         11 ]
           2       82306     299.790   2.618e-07   6.438e-06   7.782e-01   1.146e-03   1.715e-02  1.0000         838  [    0    269         30         13 ]
           2       82479     300.749   2.618e-07   6.438e-06   7.852e-01   1.146e-03   1.715e-02  1.0000         831  [    0    270         30         12 ]
           2       82645     302.154   2.618e-07   6.438e-06   7.167e-01   1.146e-03   1.715e-02  1.0000         812  [    0    271         30         10 ]
           2       82810     303.711   2.618e-07   6.438e-06   7.114e-01   1.146e-03   1.715e-02  1.0000         817  [    0    272         30         12 ]
           2       82990     304.630   2.618e-07   6.438e-06   7.114e-01   1.146e-03   1.714e-02  1.0000         820  [    0    273         30         13 ]
           2       83235     305.691   2.618e-07   6.438e-06   7.794e-01   1.142e-03   1.688e-02  1.0000         823  [    1     35         60         11 ]
           2       83401     306.538   2.618e-07   6.438e-06   6.960e-01   1.142e-03   1.686e-02  1.0000         827  [    0    274         30         11 ]
           2       83564     307.322   2.618e-07   6.438e-06   7.907e-01   1.138e-03   1.683e-02  1.0000         832  [    0    275         30         12 ]
           2       83734     308.209   2.618e-07   6.438e-06   6.966e-01   1.137e-03   1.682e-02  1.0000         837  [    0    276         30         12 ]
           2       83913     309.036   2.618e-07   6.438e-06   7.418e-01   1.136e-03   1.682e-02  1.0000         839  [    0    277         30         12 ]
           2       84078     309.852   2.618e-07   6.438e-06   7.784e-01   1.136e-03   1.682e-02  1.0000         839  [    0    278         30         12 ]
           2       84253     310.750   2.618e-07   6.438e-06   6.791e-01   1.136e-03   1.681e-02  1.0000         842  [    0    279         30         12 ]
           2       84413     311.509   2.618e-07   6.438e-06   8.010e-01   1.130e-03   1.679e-02  1.0000         835  [    0    280         30         11 ]
           2       84586     312.352   2.618e-07   6.438e-06   7.039e-01   1.127e-03   1.669e-02  1.0000         845  [    0    281         30         12 ]
           2       84817     313.315   2.618e-07   6.438e-06   7.065e-01   1.116e-03   1.660e-02  1.0000         849  [    1     36         60         10 ]
           2       84963     314.247   2.618e-07   6.438e-06   6.904e-01   1.113e-03   1.661e-02  1.0000         855  [    0    282         30         10 ]
           2       85130     315.050   2.618e-07   6.438e-06   7.063e-01   1.110e-03   1.652e-02  1.0000         861  [    0    283         30         10 ]
           2       85289     316.196   2.618e-07   6.438e-06   7.069e-01   1.100e-03   1.652e-02  1.0000         870  [    0    284         30         11 ]
           2       85450     317.295   2.618e-07   6.438e-06   7.970e-01   1.100e-03   1.652e-02  1.0000         874  [    0    285         30         12 ]
           2       85615     318.294   2.618e-07   6.438e-06   7.708e-01   1.097e-03   1.648e-02  1.0000         881  [    0    286         30         12 ]
           2       85776     319.135   2.618e-07   6.438e-06   6.761e-01   1.091e-03   1.646e-02  1.0000         890  [    0    287         30         12 ]
           2       85948     319.986   2.618e-07   6.438e-06   6.805e-01   1.085e-03   1.621e-02  1.0000         898  [    0    288         30         12 ]
           2       86120     320.919   2.618e-07   6.438e-06   6.776e-01   1.084e-03   1.621e-02  1.0000         906  [    0    289         30         12 ]
           2       86353     321.757   2.618e-07   6.438e-06   7.819e-01   1.082e-03   1.619e-02  1.0000         920  [    1     37         60         11 ]
           2       86523     322.993   2.618e-07   6.438e-06   7.017e-01   1.082e-03   1.620e-02  1.0000         926  [    0    290         30         11 ]
           2       86681     323.947   2.618e-07   6.438e-06   7.014e-01   1.076e-03   1.617e-02  1.0000         935  [    0    291         30         11 ]
           2       86839     324.950   2.618e-07   6.438e-06   7.021e-01   1.071e-03   1.619e-02  1.0000         938  [    0    292         30         11 ]
           2       87006     325.850   2.618e-07   6.438e-06   7.140e-01   1.071e-03   1.619e-02  1.0000         948  [    0    293         30         13 ]
           2       87172     326.720   2.618e-07   6.438e-06   7.901e-01   1.069e-03   1.612e-02  1.0000         926  [    0    294         30         10 ]
           2       87324     327.876   2.618e-07   6.438e-06   6.957e-01   1.066e-03   1.612e-02  1.0000         915  [    0    295         30         10 ]
           2       87491     328.928   2.618e-07   6.438e-06   7.658e-01   1.053e-03   1.598e-02  1.0000         917  [    0    296         30         10 ]
           2       87641     329.827   2.618e-07   6.438e-06   7.622e-01   1.053e-03   1.598e-02  1.0000         927  [    0    297         30         12 ]
           2       87876     330.698   2.618e-07   6.438e-06   6.963e-01   1.052e-03   1.598e-02  1.0000         937  [    1     38         60         12 ]
           2       88052     331.705   2.618e-07   6.438e-06   6.926e-01   1.052e-03   1.597e-02  1.0000         944  [    0    298         30         14 ]
           2       88234     332.664   2.618e-07   6.438e-06   7.637e-01   1.052e-03   1.596e-02  1.0000         944  [    0    299         30         12 ]
           2       88433     333.937   2.618e-07   6.438e-06   8.015e-01   1.052e-03   1.596e-02  1.0000         950  [    0    300         30         13 ]
           2       88614     334.939   2.618e-07   6.438e-06   8.018e-01   1.052e-03   1.596e-02  1.0000         954  [    0    301         30         12 ]
           2       88784     335.862   2.618e-07   6.438e-06   7.375e-01   1.052e-03   1.596e-02  1.0000         957  [    0    302         30         11 ]
           2       88953     336.864   2.618e-07   6.438e-06   7.974e-01   1.051e-03   1.595e-02  1.0000         968  [    0    303         30         12 ]
           2       89134     338.504   2.618e-07   6.438e-06   7.807e-01   1.047e-03   1.577e-02  1.0000         976  [    0    304         30         13 ]
           2       89319     339.582   2.618e-07   6.438e-06   7.757e-01   1.047e-03   1.577e-02  1.0000         981  [    0    305         30         13 ]
           2       89584     340.761   2.618e-07   6.438e-06   7.483e-01   1.042e-03   1.573e-02  1.0000        1009  [    1     39         60         14 ]
           2       89770     342.348   1.269e-07   6.438e-06   7.635e-01   1.042e-03   1.573e-02  1.0000        1017  [    0    306         30         16 ]
           2       89965     343.438   1.269e-07   6.438e-06   7.806e-01   1.041e-03   1.572e-02  1.0000         960  [    0    307         30         14 ]
           2       90160     344.327   1.269e-07   6.438e-06   7.915e-01   1.041e-03   1.572e-02  1.0000         944  [    0    308         30         13 ]
           2       90354     345.335   1.269e-07   6.438e-06   7.800e-01   1.039e-03   1.572e-02  1.0000         946  [    0    309         30         13 ]
           2       90530     346.245   1.269e-07   6.438e-06   7.001e-01   1.039e-03   1.572e-02  1.0000         932  [    0    310         30         11 ]
           2       90704     347.098   1.269e-07   6.438e-06   8.263e-01   1.039e-03   1.571e-02  1.0000         926  [    0    311         30         10 ]
           2       90863     348.038   1.269e-07   6.438e-06   8.257e-01   1.036e-03   1.571e-02  1.0000         934  [    0    312         30         11 ]
           2       91030     349.385   1.269e-07   6.438e-06   8.258e-01   1.034e-03   1.570e-02  1.0000         944  [    0    313         30         12 ]
           2       91282     350.489   1.269e-07   6.438e-06   8.174e-01   1.033e-03   1.570e-02  1.0000         968  [    1     40         60         13 ]
           2       91469     351.383   1.269e-07   6.438e-06   7.062e-01   1.031e-03   1.565e-02  1.0000         976  [    0    314         30         14 ]
           2       91667     352.339   1.269e-07   6.438e-06   7.063e-01   1.031e-03   1.565e-02  1.0000         973  [    0    315         30         13 ]
           2       91849     353.376   1.269e-07   6.438e-06   8.177e-01   1.031e-03   1.565e-02  1.0000         974  [    0    316         30         14 ]
           2       92026     354.523   1.269e-07   6.438e-06   7.250e-01   1.031e-03   1.565e-02  1.0000         974  [    0    317         30         14 ]
           2       92203     355.486   1.269e-07   6.438e-06   7.059e-01   1.024e-03   1.552e-02  1.0000         987  [    0    318         30         14 ]
           2       92399     356.631   1.269e-07   6.438e-06   7.857e-01   1.024e-03   1.552e-02  1.0000         989  [    0    319         30         14 ]
           2       92585     357.845   1.269e-07   6.438e-06   7.755e-01   1.024e-03   1.552e-02  1.0000         988  [    0    320         30         12 ]
           2       92753     358.923   1.269e-07   6.438e-06   8.271e-01   1.012e-03   1.541e-02  1.0000         964  [    0    321         30         12 ]
           2       92983     359.856   1.269e-07   6.438e-06   8.267e-01   1.008e-03   1.541e-02  1.0000         965  [    1     41         60         10 ]
           2       93336     360.836   1.269e-07   6.438e-06   8.102e-01   1.004e-03   1.538e-02  1.0000         998  [    2      6        120         10 ]
           2       93510     362.006   1.269e-07   6.438e-06   8.090e-01   1.004e-03   1.538e-02  1.0000        1006  [    0    322         30         11 ]
           2       93690     363.050   1.269e-07   6.438e-06   7.927e-01   1.001e-03   1.535e-02  1.0000        1013  [    0    323         30         12 ]
           2       93863     364.035   1.269e-07   6.438e-06   6.989e-01   1.001e-03   1.535e-02  1.0000        1016  [    0    324         30         13 ]
           2       94048     365.152   1.269e-07   4.604e-10   7.894e-01   9.971e-04   1.533e-02  1.0000        1030  [    0    325         30         13 ]
           2       94225     366.165   1.269e-07   4.604e-10   7.459e-01   9.935e-04   1.524e-02  1.0000        1011  [    0    326         30         12 ]
           2       94394     367.117   1.269e-07   4.604e-10   7.469e-01   9.757e-04   1.496e-02  1.0000        1020  [    0    327         30         12 ]
           2       94576     368.303   1.269e-07   4.604e-10   7.052e-01   9.737e-04   1.495e-02  1.0000        1027  [    0    328         30         12 ]
           2       94746     369.509   1.269e-07   4.604e-10   7.437e-01   9.728e-04   1.494e-02  1.0000        1034  [    0    329         30         12 ]
           2       94965     370.631   1.269e-07   4.604e-10   8.076e-01   9.701e-04   1.493e-02  1.0000        1069  [    1     42         60         11 ]
           2       95154     371.859   1.269e-07   4.604e-10   6.973e-01   9.640e-04   1.493e-02  1.0000        1083  [    0    330         30         11 ]
           2       95316     373.179   1.269e-07   4.604e-10   7.713e-01   9.630e-04   1.493e-02  1.0000        1091  [    0    331         30         11 ]
           2       95494     374.618   1.269e-07   4.604e-10   7.976e-01   9.630e-04   1.493e-02  1.0000        1089  [    0    332         30         12 ]
           2       95678     375.665   1.269e-07   4.604e-10   7.748e-01   9.630e-04   1.493e-02  1.0000        1099  [    0    333         30         13 ]
           2       95863     376.836   1.269e-07   4.604e-10   7.569e-01   9.629e-04   1.493e-02  1.0000        1083  [    0    334         30         13 ]
           2       96036     377.872   1.269e-07   4.604e-10   7.659e-01   9.627e-04   1.493e-02  1.0000        1089  [    0    335         30         13 ]
           2       96229     378.905   1.269e-07   4.604e-10   8.144e-01   9.594e-04   1.493e-02  1.0000        1093  [    0    336         30         12 ]
           2       96413     379.963   1.269e-07   4.604e-10   8.130e-01   9.594e-04   1.493e-02  1.0000        1092  [    0    337         30         11 ]
           2       96638     381.052   1.269e-07   4.604e-10   8.075e-01   9.591e-04   1.492e-02  1.0000        1115  [    1     43         60         12 ]
           2       96812     382.280   1.269e-07   4.604e-10   6.974e-01   9.591e-04   1.492e-02  1.0000        1119  [    0    338         30         12 ]
           2       96996     383.479   1.269e-07   4.604e-10   7.765e-01   9.587e-04   1.492e-02  1.0000        1131  [    0    339         30         12 ]
           2       97176     384.682   1.269e-07   4.604e-10   6.959e-01   9.587e-04   1.492e-02  1.0000        1145  [    0    340         30         12 ]
           2       97348     385.781   1.269e-07   4.604e-10   8.080e-01   9.587e-04   1.492e-02  1.0000        1136  [    0    341         30         11 ]
           2       97529     387.054   1.269e-07   4.604e-10   6.971e-01   9.540e-04   1.491e-02  1.0000        1134  [    0    342         30         12 ]
           2       97689     388.261   1.269e-07   4.604e-10   7.831e-01   9.538e-04   1.469e-02  1.0000        1138  [    0    343         30         11 ]
           2       97844     389.553   1.269e-07   4.604e-10   7.807e-01   9.538e-04   1.469e-02  1.0000        1139  [    0    344         30         11 ]
           2       98014     391.049   1.269e-07   4.604e-10   7.784e-01   9.538e-04   1.469e-02  1.0000        1145  [    0    345         30         11 ]
           2       98256     392.503   1.269e-07   4.604e-10   6.903e-01   9.538e-04   1.469e-02  1.0000        1154  [    1     44         60         12 ]
           2       98435     393.655   1.269e-07   4.604e-10   6.882e-01   9.538e-04   1.469e-02  1.0000        1164  [    0    346         30         14 ]
           2       98620     395.234   1.269e-07   4.604e-10   6.872e-01   9.508e-04   1.466e-02  1.0000        1174  [    0    347         30         14 ]
           2       98803     396.480   1.269e-07   4.604e-10   7.984e-01   9.484e-04   1.460e-02  1.0000        1182  [    0    348         30         15 ]
           2       98994     397.804   1.269e-07   4.604e-10   7.945e-01   9.484e-04   1.460e-02  1.0000        1186  [    0    349         30         16 ]
           2       99195     399.033   1.269e-07   4.604e-10   7.947e-01   9.426e-04   1.442e-02  1.0000        1190  [    0    350         30         15 ]
           2       99380     400.319   1.269e-07   4.604e-10   7.943e-01   9.426e-04   1.442e-02  1.0000        1199  [    0    351         30         15 ]
           2       99575     401.850   1.269e-07   4.604e-10   7.914e-01   9.412e-04   1.441e-02  1.0000        1209  [    0    352         30         16 ]
           2       99768     403.137   1.269e-07   4.604e-10   7.903e-01   9.402e-04   1.441e-02  1.0000        1206  [    0    353         30         15 ]
           3      100023     404.394   4.062e-09   4.604e-10   7.686e-01   9.402e-04   1.443e-02  1.0000        1207  [    2      6        120         10 ]
