# Generation  Evaluations  Time (s)  Best_obj[0]  Best_obj[1]  Best_obj[2]  Hypervol.   IGD         IGDX        SR    Appr.set  [ Pop.index  Subgen.  Pop.size  Subpops ]
           0         221       7.004   2.109e+00   1.984e+00   1.549e+00   0.000e+00   1.314e+00   2.312e+00  0.0000           9  [    0      1         80          4 ]
           0         371       7.022   2.061e+00   1.759e+00   7.019e-01   0.000e+00   1.126e+00   1.953e+00  0.0000          22  [    0      2         80          5 ]
           0         545       7.059   1.577e+00   1.559e+00   7.019e-01   0.000e+00   8.558e-01   1.619e+00  0.0000          20  [    0      3         80          4 ]
           0         728       7.094   1.189e+00   1.013e+00   5.821e-01   0.000e+00   7.324e-01   1.379e+00  0.0000          48  [    0      4         80          5 ]
           0         922       7.177   1.184e+00   9.843e-01   5.531e-01   0.000e+00   6.407e-01   1.327e+00  0.0000          78  [    0      5         80          6 ]
           0        1126       7.293   1.147e+00   6.753e-01   5.531e-01   0.000e+00   6.133e-01   1.309e+00  0.0000         102  [    0      6         80          5 ]
           0        1329       7.468   1.147e+00   6.753e-01   5.348e-01   0.000e+00   5.425e-01   1.221e+00  0.0000          99  [    0      7         80          5 ]
           0        1530       7.644   1.110e+00   6.753e-01   5.348e-01   0.000e+00   5.111e-01   1.198e+00  0.0000         101  [    0      8         80          4 ]
           1        2170       7.832   1.110e+00   6.753e-01   5.002e-01   0.000e+00   4.775e-01   9.738e-01  0.0000         182  [    1      1        160          6 ]
           1        2368       8.110   9.513e-01   6.160e-01   5.002e-01   0.000e+00   4.488e-01   9.446e-01  0.0000         178  [    0      9         80          5 ]
           1        2714       8.437   9.058e-01   6.160e-01   5.002e-01   0.000e+00   3.842e-01   6.997e-01  0.0000         219  [    1      2        160          5 ]
           1        2904       8.810   7.497e-01   6.160e-01   5.002e-01   0.000e+00   3.529e-01   6.914e-01  0.0000         238  [    0     10         80          6 ]
           1        3097       9.218   3.417e-01   3.969e-01   5.002e-01   0.000e+00   2.782e-01   6.030e-01  0.0000         255  [    0     11         80          4 ]
           1        3286       9.634   3.417e-01   3.969e-01   5.002e-01   0.000e+00   2.560e-01   5.813e-01  0.0000         303  [    0     12         80          5 ]
           1        3498       9.918   3.417e-01   3.937e-01   5.002e-01   0.000e+00   2.369e-01   5.633e-01  0.0000         314  [    0     13         80          4 ]
           1        3689      10.457   2.516e-01   3.937e-01   5.002e-01   0.000e+00   2.250e-01   5.384e-01  0.0000         331  [    0     14         80          4 ]
           1        3894      11.029   2.516e-01   3.937e-01   5.002e-01   0.000e+00   2.234e-01   5.355e-01  0.0000         336  [    0     15         80          6 ]
           1        4095      11.633   2.516e-01   3.937e-01   5.002e-01   0.000e+00   2.172e-01   5.321e-01  0.0000         363  [    0     16         80          6 ]
           1        4269      12.255   2.516e-01   3.937e-01   5.002e-01   0.000e+00   2.098e-01   5.237e-01  0.0000         375  [    0     17         80          4 ]
           1        4604      12.939   2.516e-01   3.937e-01   5.002e-01   0.000e+00   2.017e-01   4.886e-01  0.0000         402  [    1      3        160          4 ]
           1        4809      13.694   2.516e-01   3.937e-01   5.002e-01   0.000e+00   2.004e-01   4.801e-01  0.0000         420  [    0     18         80          7 ]
           1        5015      14.422   2.516e-01   3.937e-01   5.002e-01   0.000e+00   1.987e-01   4.717e-01  0.0000         426  [    0     19         80          5 ]
           1        5187      15.161   2.516e-01   3.937e-01   5.002e-01   0.000e+00   1.981e-01   4.523e-01  0.0000         419  [    0     20         80          5 ]
           1        5373      15.868   2.516e-01   3.937e-01   5.002e-01   0.000e+00   1.888e-01   4.432e-01  0.0000         431  [    0     21         80          5 ]
           1        5597      16.665   2.516e-01   3.937e-01   5.002e-01   0.000e+00   1.781e-01   4.176e-01  0.0000         461  [    0     22         80          6 ]
           1        5812      17.495   2.455e-01   3.937e-01   5.002e-01   0.000e+00   1.709e-01   4.008e-01  0.0000         479  [    0     23         80          7 ]
           1        6051      18.175   2.326e-01   3.937e-01   4.507e-01   0.000e+00   1.414e-01   3.810e-01  0.0000         469  [    0     24         80          8 ]
           1        6251      19.004   2.326e-01   3.937e-01   4.465e-01   0.000e+00   1.358e-01   3.801e-01  0.0000         472  [    0     25         80          8 ]
           1        6645      19.766   2.326e-01   3.937e-01   4.465e-01   0.000e+00   1.275e-01   3.699e-01  0.0000         554  [    1      4        160          9 ]
           1        6859      20.686   2.326e-01   3.937e-01   4.465e-01   0.000e+00   1.260e-01   3.535e-01  0.0000         552  [    0     26         80          8 ]
           1        7063      21.583   2.326e-01   3.937e-01   4.465e-01   0.000e+00   1.260e-01   3.444e-01  0.0000         540  [    0     27         80          7 ]
           1        7273      22.494   2.326e-01   3.937e-01   4.465e-01   0.000e+00   1.260e-01   3.444e-01  0.0000         545  [    0     28         80          7 ]
           1        7482      23.494   2.326e-01   3.937e-01   4.465e-01   0.000e+00   1.238e-01   3.344e-01  0.0000         559  [    0     29         80          8 ]
           1        7694      24.529   2.326e-01   3.275e-01   4.465e-01   0.000e+00   1.226e-01   3.344e-01  0.0000         577  [    0     30         80          9 ]
           1        7894      25.591   2.326e-01   3.275e-01   4.465e-01   0.000e+00   1.226e-01   3.344e-01  0.0000         578  [    0     31         80          7 ]
           1        8077      26.583   2.326e-01   3.275e-01   4.465e-01   0.000e+00   1.226e-01   3.328e-01  0.0000         581  [    0     32         80          6 ]
           1        8251      27.601   2.326e-01   3.275e-01   4.465e-01   0.000e+00   1.225e-01   3.238e-01  0.0000         581  [    0     33         80          4 ]
           1        8605      28.593   2.326e-01   3.275e-01   4.465e-01   0.000e+00   1.190e-01   3.204e-01  0.0000         628  [    1      5        160          4 ]
           1        8782      29.805   2.260e-01   1.999e-01   4.465e-01   0.000e+00   1.160e-01   3.099e-01  0.0000         642  [    0     34         80          4 ]
           1        8968      31.030   2.260e-01   1.999e-01   4.465e-01   0.000e+00   1.151e-01   3.099e-01  0.0000         650  [    0     35         80          6 ]
           1        9168      32.200   2.260e-01   1.999e-01   4.248e-01   0.000e+00   1.148e-01   3.068e-01  0.0000         655  [    0     36         80          6 ]
           1        9363      33.460   1.448e-01   1.999e-01   4.153e-01   0.000e+00   1.131e-01   2.966e-01  0.0000         654  [    0     37         80          6 ]
           1        9531      34.668   1.448e-01   1.999e-01   4.153e-01   0.000e+00   1.128e-01   2.816e-01  0.0000         652  [    0     38         80          5 ]
           1        9707      35.901   1.448e-01   1.999e-01   4.153e-01   0.000e+00   1.101e-01   2.723e-01  0.0000         652  [    0     39         80          4 ]
           1        9890      37.096   1.448e-01   1.999e-01   4.130e-01   0.000e+00   1.061e-01   2.682e-01  0.0000         656  [    0     40         80          7 ]
           1       10098      38.326   1.448e-01   1.999e-01   4.130e-01   0.000e+00   1.050e-01   2.661e-01  0.0000         663  [    0     41         80          6 ]
           1       10477      39.636   1.448e-01   1.999e-01   4.130e-01   0.000e+00   9.660e-02   2.550e-01  0.0000         705  [    1      6        160          6 ]
           1       10636      40.835   1.448e-01   1.999e-01   4.130e-01   0.000e+00   9.659e-02   2.550e-01  0.0000         711  [    0     42         80          4 ]
           1       10804      42.225   1.448e-01   1.999e-01   4.130e-01   0.000e+00   9.659e-02   2.550e-01  0.0000         718  [    0     43         80          5 ]
           1       10970      43.570   1.448e-01   1.999e-01   4.130e-01   0.000e+00   9.657e-02   2.550e-01  0.0000         735  [    0     44         80          4 ]
           1       11123      44.806   1.448e-01   1.999e-01   4.130e-01   0.000e+00   9.638e-02   2.532e-01  0.0000         743  [    0     45         80          4 ]
           1       11273      46.230   1.448e-01   1.999e-01   4.130e-01   0.000e+00   9.632e-02   2.532e-01  0.0000         754  [    0     46         80          4 ]
           1       11425      47.618   1.448e-01   1.999e-01   4.130e-01   0.000e+00   9.538e-02   2.515e-01  0.0000         764  [    0     47         80          4 ]
           1       11583      49.063   1.448e-01   1.999e-01   4.130e-01   0.000e+00   9.431e-02   2.507e-01  0.0000         775  [    0     48         80          4 ]
           1       11751      50.517   1.448e-01   1.999e-01   4.130e-01   0.000e+00   9.285e-02   2.447e-01  0.0000         788  [    0     49         80          5 ]
           1       12134      52.073   1.448e-01   1.533e-01   4.130e-01   0.000e+00   8.720e-02   2.359e-01  0.0000         852  [    1      7        160          5 ]
           1       12308      53.749   1.448e-01   1.533e-01   4.130e-01   0.000e+00   8.568e-02   2.319e-01  0.0000         866  [    0     50         80          7 ]
           1       12488      55.024   1.448e-01   1.533e-01   4.130e-01   0.000e+00   8.455e-02   2.300e-01  0.0000         861  [    0     51         80          5 ]
           1       12661      56.666   1.448e-01   1.533e-01   4.130e-01   0.000e+00   8.274e-02   2.278e-01  0.0000         862  [    0     52         80          5 ]
           1       12828      58.320   1.448e-01   1.533e-01   3.113e-01   0.000e+00   8.017e-02   2.272e-01  0.0000         875  [    0     53         80          5 ]
           1       13003      60.020   1.448e-01   1.533e-01   3.113e-01   0.000e+00   7.985e-02   2.271e-01  0.0000         898  [    0     54         80          5 ]
           1       13194      61.632   1.359e-01   1.533e-01   3.113e-01   0.000e+00   7.841e-02   2.192e-01  0.0000         906  [    0     55         80          5 ]
           1       13392      63.430   1.359e-01   1.533e-01   3.113e-01   0.000e+00   7.799e-02   2.185e-01  0.0000         929  [    0     56         80          5 ]
           1       13556      65.338   1.359e-01   1.533e-01   3.113e-01   0.000e+00   7.742e-02   2.172e-01  0.0000         943  [    0     57         80          4 ]
           1       13922      67.163   1.359e-01   1.533e-01   3.113e-01   0.000e+00   7.430e-02   2.136e-01  0.0000        1009  [    1      8        160          7 ]
           1       14121      69.171   1.359e-01   1.533e-01   3.113e-01   0.000e+00   7.339e-02   2.132e-01  0.0000        1018  [    0     58         80          7 ]
           1       14323      71.130   1.359e-01   1.533e-01   3.113e-01   0.000e+00   7.227e-02   2.091e-01  0.0000        1021  [    0     59         80          6 ]
           1       14540      73.100   1.359e-01   1.533e-01   3.113e-01   0.000e+00   6.992e-02   2.045e-01  0.0000        1029  [    0     60         80          6 ]
           1       14752      74.730   1.359e-01   1.533e-01   3.113e-01   0.000e+00   6.766e-02   1.979e-01  0.0000        1051  [    0     61         80          7 ]
           1       14982      76.579   1.359e-01   1.533e-01   3.113e-01   0.000e+00   6.543e-02   1.918e-01  0.0000        1052  [    0     62         80          8 ]
           1       15218      78.277   1.359e-01   1.533e-01   3.113e-01   0.000e+00   6.426e-02   1.876e-01  0.0000        1066  [    0     63         80         10 ]
           1       15446      80.379   1.359e-01   1.533e-01   3.113e-01   0.000e+00   6.327e-02   1.855e-01  0.0000        1077  [    0     64         80          8 ]
           2       18215      82.551   7.523e-02   1.533e-01   3.113e-01   0.000e+00   5.391e-02   1.789e-01  0.0000        2186  [    2      1        320          7 ]
           2       18594      87.721   7.523e-02   1.533e-01   3.113e-01   0.000e+00   5.355e-02   1.788e-01  0.0000        2212  [    1      9        160         10 ]
           2       19334      93.098   7.523e-02   1.533e-01   3.113e-01   0.000e+00   5.151e-02   1.737e-01  0.0000        2264  [    2      2        320          7 ]
           2       19714      98.272   7.523e-02   1.533e-01   3.113e-01   0.000e+00   5.109e-02   1.734e-01  0.0000        2285  [    1     10        160          8 ]
           2       20111     103.794   7.523e-02   1.168e-01   3.113e-01   0.000e+00   5.089e-02   1.731e-01  0.0000        2309  [    1     11        160          7 ]
           2       20464     109.370   7.523e-02   1.168e-01   3.113e-01   0.000e+00   5.071e-02   1.724e-01  0.0000        2322  [    1     12        160          7 ]
           2       20808     114.817   7.523e-02   1.168e-01   3.113e-01   0.000e+00   5.050e-02   1.724e-01  0.0000        2331  [    1     13        160          6 ]
           2       21183     120.572   7.523e-02   1.168e-01   3.113e-01   0.000e+00   4.998e-02   1.719e-01  0.0000        2354  [    1     14        160         11 ]
           2       21572     126.458   7.523e-02   1.168e-01   3.113e-01   0.000e+00   4.992e-02   1.718e-01  0.0000        2330  [    1     15        160          8 ]
           2       21949     131.859   7.523e-02   1.168e-01   3.113e-01   0.000e+00   4.959e-02   1.718e-01  0.0000        2344  [    1     16        160          9 ]
           2       22317     137.493   7.523e-02   1.168e-01   2.752e-01   0.000e+00   4.921e-02   1.717e-01  0.0000        2382  [    1     17        160         10 ]
           2       23013     143.813   7.523e-02   1.168e-01   2.032e-01   0.000e+00   4.484e-02   1.671e-01  0.0000        2537  [    2      3        320          8 ]
           2       23412     150.124   7.523e-02   1.168e-01   2.032e-01   0.000e+00   4.481e-02   1.671e-01  0.0000        2569  [    1     18        160         11 ]
           2       23821     156.446   7.523e-02   1.168e-01   2.032e-01   0.000e+00   4.406e-02   1.662e-01  0.0000        2578  [    1     19        160          9 ]
           2       24216     162.666   7.523e-02   1.168e-01   2.032e-01   0.000e+00   4.397e-02   1.662e-01  0.0000        2593  [    1     20        160         10 ]
           2       24645     169.060   7.523e-02   1.168e-01   2.032e-01   0.000e+00   4.356e-02   1.637e-01  0.0000        2601  [    1     21        160         11 ]
           2       25056     174.949   7.523e-02   1.168e-01   2.032e-01   0.000e+00   4.331e-02   1.631e-01  0.0000        2606  [    1     22        160         11 ]
           2       25502     181.286   7.523e-02   1.168e-01   2.032e-01   0.000e+00   4.323e-02   1.630e-01  0.0000        2630  [    1     23        160         14 ]
           2       25928     187.385   7.523e-02   1.168e-01   2.032e-01   0.000e+00   4.276e-02   1.617e-01  0.0000        2636  [    1     24        160         13 ]
           2       26342     193.513   7.523e-02   1.168e-01   2.032e-01   0.000e+00   4.264e-02   1.615e-01  0.0000        2636  [    1     25        160          9 ]
           2       27126     200.074   7.523e-02   1.168e-01   2.032e-01   0.000e+00   4.147e-02   1.585e-01  0.0000        2764  [    2      4        320         14 ]
           2       27561     207.193   7.523e-02   1.168e-01   2.032e-01   0.000e+00   4.127e-02   1.580e-01  0.0000        2746  [    1     26        160         11 ]
           2       27990     214.179   7.523e-02   1.168e-01   1.669e-01   0.000e+00   4.088e-02   1.575e-01  0.0000        2747  [    1     27        160         12 ]
           2       28432     221.057   7.523e-02   1.168e-01   1.669e-01   0.000e+00   4.060e-02   1.558e-01  0.0000        2759  [    1     28        160         14 ]
           2       28836     228.258   7.523e-02   1.168e-01   1.669e-01   0.000e+00   4.060e-02   1.558e-01  0.0000        2756  [    1     29        160         10 ]
           2       29230     235.428   7.523e-02   1.168e-01   1.669e-01   0.000e+00   4.052e-02   1.549e-01  0.0000        2769  [    1     30        160         11 ]
           2       29620     242.559   7.523e-02   1.168e-01   1.669e-01   0.000e+00   4.032e-02   1.525e-01  0.0000        2748  [    1     31        160          7 ]
           2       30002     249.363   7.523e-02   1.168e-01   1.669e-01   0.000e+00   4.026e-02   1.524e-01  0.0000        2755  [    1     32        160          8 ]
           2       30379     255.910   7.523e-02   1.168e-01   1.669e-01   0.000e+00   4.026e-02   1.524e-01  0.0000        2763  [    1     33        160          8 ]
           2       31080     263.105   7.523e-02   1.168e-01   1.669e-01   0.000e+00   3.978e-02   1.498e-01  0.0000        2810  [    2      5        320          9 ]
           2       31509     270.519   7.523e-02   1.168e-01   1.669e-01   0.000e+00   3.978e-02   1.498e-01  0.0000        2816  [    1     34        160         10 ]
           2       31918     277.858   7.523e-02   1.168e-01   1.669e-01   0.000e+00   3.962e-02   1.490e-01  0.0000        2821  [    1     35        160          8 ]
           2       32311     284.976   7.523e-02   1.168e-01   1.669e-01   0.000e+00   3.953e-02   1.489e-01  0.0000        2836  [    1     36        160          8 ]
           2       32736     292.234   7.523e-02   1.168e-01   1.669e-01   0.000e+00   3.947e-02   1.481e-01  0.0000        2843  [    1     37        160         12 ]
           2       33180     299.213   7.523e-02   1.168e-01   1.669e-01   0.000e+00   3.947e-02   1.481e-01  0.0000        2844  [    1     38        160         12 ]
           2       33579     306.129   7.523e-02   1.168e-01   1.669e-01   0.000e+00   3.947e-02   1.481e-01  0.0000        2838  [    1     39        160          8 ]
           2       33989     313.105   7.523e-02   1.168e-01   1.669e-01   0.000e+00   3.947e-02   1.481e-01  0.0000        2844  [    1     40        160          9 ]
           2       34405     320.743   7.523e-02   1.168e-01   1.669e-01   0.000e+00   3.947e-02   1.481e-01  0.0000        2852  [    1     41        160         10 ]
           2       35132     328.133   7.523e-02   1.168e-01   1.669e-01   0.000e+00   3.887e-02   1.442e-01  0.0000        2870  [    2      6        320         10 ]
           2       35541     335.436   7.523e-02   1.168e-01   1.669e-01   0.000e+00   3.887e-02   1.442e-01  0.0000        2870  [    1     42        160          9 ]
           2       35964     342.889   7.523e-02   1.168e-01   1.669e-01   0.000e+00   3.886e-02   1.441e-01  0.0000        2881  [    1     43        160         12 ]
           2       36426     350.173   7.523e-02   1.168e-01   1.669e-01   0.000e+00   3.886e-02   1.441e-01  0.0000        2886  [    1     44        160         11 ]
           2       36832     357.576   7.523e-02   1.168e-01   1.669e-01   0.000e+00   3.886e-02   1.441e-01  0.0000        2889  [    1     45        160         11 ]
           2       37262     364.810   7.523e-02   1.168e-01   1.669e-01   0.000e+00   3.886e-02   1.441e-01  0.0000        2895  [    1     46        160         11 ]
           2       37697     371.157   7.523e-02   1.168e-01   1.669e-01   0.000e+00   3.886e-02   1.438e-01  0.0000        2897  [    1     47        160         11 ]
           2       38155     378.339   7.523e-02   1.168e-01   1.669e-01   0.000e+00   3.885e-02   1.438e-01  0.0000        2886  [    1     48        160         10 ]
           2       38611     385.775   7.523e-02   1.168e-01   1.669e-01   0.000e+00   3.879e-02   1.437e-01  0.0000        2903  [    1     49        160         12 ]
           2       39329     393.029   7.523e-02   1.168e-01   1.669e-01   0.000e+00   3.783e-02   1.401e-01  0.0000        2956  [    2      7        320         11 ]
           2       39778     400.244   7.523e-02   1.168e-01   1.669e-01   0.000e+00   3.765e-02   1.394e-01  0.0000        2976  [    1     50        160         14 ]
           2       40252     407.600   7.523e-02   1.168e-01   1.669e-01   0.000e+00   3.730e-02   1.368e-01  0.0000        2960  [    1     51        160         13 ]
           2       40691     415.243   7.523e-02   1.168e-01   1.669e-01   0.000e+00   3.713e-02   1.365e-01  0.0000        2959  [    1     52        160         11 ]
           2       41121     422.891   7.523e-02   1.168e-01   1.669e-01   0.000e+00   3.702e-02   1.364e-01  0.0000        2949  [    1     53        160         10 ]
           2       41571     430.298   7.523e-02   1.168e-01   1.669e-01   0.000e+00   3.701e-02   1.364e-01  0.0000        2955  [    1     54        160         10 ]
           2       42005     437.463   7.523e-02   1.168e-01   1.669e-01   0.000e+00   3.697e-02   1.363e-01  0.0000        2967  [    1     55        160         10 ]
           2       42477     445.298   7.523e-02   1.168e-01   1.669e-01   0.000e+00   3.684e-02   1.355e-01  0.0000        2965  [    1     56        160         12 ]
           2       42991     452.492   7.523e-02   1.168e-01   1.669e-01   0.000e+00   3.675e-02   1.354e-01  0.0000        2980  [    1     57        160         12 ]
           2       43716     460.185   7.523e-02   1.168e-01   1.669e-01   0.000e+00   3.651e-02   1.340e-01  0.0000        3009  [    2      8        320         11 ]
           2       44159     467.622   7.523e-02   1.168e-01   1.669e-01   0.000e+00   3.650e-02   1.340e-01  0.0000        3028  [    1     58        160         11 ]
           2       44609     475.502   7.523e-02   1.168e-01   1.669e-01   0.000e+00   3.648e-02   1.340e-01  0.0000        3033  [    1     59        160         11 ]
           2       45061     483.203   7.523e-02   1.168e-01   1.669e-01   0.000e+00   3.615e-02   1.340e-01  0.0000        3051  [    1     60        160         12 ]
           2       45508     491.344   7.523e-02   1.168e-01   1.669e-01   0.000e+00   3.612e-02   1.339e-01  0.0000        3061  [    1     61        160          9 ]
           2       45942     499.034   7.523e-02   1.168e-01   1.669e-01   0.000e+00   3.605e-02   1.338e-01  0.0000        3071  [    1     62        160          9 ]
           2       46395     506.776   7.523e-02   1.168e-01   1.669e-01   0.000e+00   3.586e-02   1.332e-01  0.0000        3089  [    1     63        160         10 ]
           2       46792     514.670   7.523e-02   1.168e-01   1.669e-01   0.000e+00   3.581e-02   1.318e-01  0.0000        3085  [    1     64        160          7 ]
           3       53663     535.275   7.523e-02   1.143e-01   1.455e-01   0.000e+00   3.686e-02   1.335e-01  0.0000        1909  [    3      1        640         10 ]
           3       54419     539.844   7.523e-02   1.143e-01   1.455e-01   0.000e+00   3.636e-02   1.317e-01  0.0000        1938  [    2      9        320         13 ]
           3       55780     545.852   7.523e-02   1.143e-01   9.382e-02   0.000e+00   3.521e-02   1.279e-01  0.0000        1953  [    3      2        640          8 ]
           3       56473     551.130   7.523e-02   1.143e-01   9.382e-02   0.000e+00   3.498e-02   1.269e-01  0.0000        1950  [    2     10        320          8 ]
           3       57166     555.849   7.523e-02   1.143e-01   9.382e-02   0.000e+00   3.473e-02   1.259e-01  0.0000        1974  [    2     11        320          7 ]
           3       57830     560.992   7.523e-02   1.143e-01   9.382e-02   0.000e+00   3.448e-02   1.249e-01  0.0000        2002  [    2     12        320          8 ]
           3       58523     565.960   7.523e-02   1.143e-01   9.382e-02   0.000e+00   3.417e-02   1.238e-01  0.0000        2030  [    2     13        320         10 ]
           3       59251     571.092   7.523e-02   1.143e-01   9.382e-02   0.000e+00   3.394e-02   1.231e-01  0.0000        2051  [    2     14        320         14 ]
           3       60011     576.049   7.523e-02   1.143e-01   9.382e-02   0.000e+00   3.381e-02   1.226e-01  0.0000        2049  [    2     15        320         13 ]
           3       60746     581.437   7.523e-02   1.143e-01   9.382e-02   0.000e+00   3.377e-02   1.220e-01  0.0000        2053  [    2     16        320         10 ]
           3       61442     587.202   7.523e-02   1.143e-01   9.382e-02   0.000e+00   3.374e-02   1.218e-01  0.0000        2070  [    2     17        320         10 ]
           3       62820     593.120   7.523e-02   1.143e-01   9.382e-02   0.000e+00   3.324e-02   1.190e-01  0.0000        2117  [    3      3        640         12 ]
           3       63576     598.806   7.523e-02   1.143e-01   9.382e-02   0.000e+00   3.303e-02   1.182e-01  0.0000        2120  [    2     18        320         14 ]
           3       64323     604.159   7.523e-02   1.143e-01   9.382e-02   0.000e+00   3.300e-02   1.178e-01  0.0000        2117  [    2     19        320         11 ]
           3       64987     609.807   7.523e-02   1.143e-01   9.382e-02   0.000e+00   3.300e-02   1.178e-01  0.0000        2122  [    2     20        320          9 ]
           3       65671     615.165   7.523e-02   1.143e-01   9.382e-02   0.000e+00   3.300e-02   1.178e-01  0.0000        2135  [    2     21        320         12 ]
           3       66380     620.077   7.523e-02   1.143e-01   9.382e-02   0.000e+00   3.300e-02   1.178e-01  0.0000        2117  [    2     22        320          9 ]
           3       67104     625.435   7.523e-02   1.143e-01   9.382e-02   0.000e+00   3.300e-02   1.178e-01  0.0000        2128  [    2     23        320         11 ]
           3       67860     630.923   7.523e-02   1.143e-01   9.382e-02   0.000e+00   3.300e-02   1.178e-01  0.0000        2139  [    2     24        320         11 ]
           3       68560     636.514   7.523e-02   1.143e-01   9.382e-02   0.000e+00   3.298e-02   1.178e-01  0.0000        2130  [    2     25        320         10 ]
           3       69928     642.348   7.523e-02   1.143e-01   9.382e-02   0.000e+00   3.259e-02   1.160e-01  0.0000        2178  [    3      4        640         12 ]
           3       70649     647.885   7.523e-02   1.143e-01   9.382e-02   0.000e+00   3.259e-02   1.160e-01  0.0000        2177  [    2     26        320         14 ]
           3       71408     653.468   7.523e-02   1.143e-01   9.382e-02   0.000e+00   3.259e-02   1.160e-01  0.0000        2182  [    2     27        320         11 ]
           3       72133     658.746   7.523e-02   1.143e-01   9.382e-02   0.000e+00   3.259e-02   1.160e-01  0.0000        2182  [    2     28        320         11 ]
           3       72837     664.432   7.523e-02   1.143e-01   9.382e-02   0.000e+00   3.259e-02   1.160e-01  0.0000        2185  [    2     29        320         10 ]
           3       73512     670.063   7.523e-02   1.143e-01   9.382e-02   0.000e+00   3.259e-02   1.160e-01  0.0000        2180  [    2     30        320          8 ]
           3       74235     675.654   7.523e-02   1.143e-01   9.382e-02   0.000e+00   3.259e-02   1.160e-01  0.0000        2179  [    2     31        320         10 ]
           3       74975     680.829   7.523e-02   1.143e-01   9.382e-02   0.000e+00   3.259e-02   1.160e-01  0.0000        2185  [    2     32        320         10 ]
           3       75741     686.563   7.523e-02   1.143e-01   9.382e-02   0.000e+00   3.259e-02   1.160e-01  0.0000        2190  [    2     33        320         11 ]
           3       77109     692.450   7.523e-02   1.143e-01   9.382e-02   0.000e+00   3.205e-02   1.131e-01  0.0000        2180  [    3      5        640         11 ]
           3       77887     698.078   7.523e-02   1.143e-01   9.382e-02   0.000e+00   3.205e-02   1.131e-01  0.0000        2188  [    2     34        320         14 ]
           3       78612     703.814   7.523e-02   1.143e-01   9.382e-02   0.000e+00   3.205e-02   1.131e-01  0.0000        2170  [    2     35        320          8 ]
           3       79360     709.394   7.523e-02   1.143e-01   9.382e-02   0.000e+00   3.205e-02   1.131e-01  0.0000        2182  [    2     36        320         12 ]
           3       80112     714.887   7.523e-02   1.143e-01   9.382e-02   0.000e+00   3.205e-02   1.131e-01  0.0000        2186  [    2     37        320         13 ]
           3       80884     720.380   7.523e-02   1.143e-01   9.382e-02   0.000e+00   3.197e-02   1.126e-01  0.0000        2182  [    2     38        320         12 ]
           3       81626     726.031   7.523e-02   1.143e-01   9.382e-02   0.000e+00   3.197e-02   1.126e-01  0.0000        2178  [    2     39        320         12 ]
           3       82367     731.486   7.523e-02   1.143e-01   9.382e-02   0.000e+00   3.197e-02   1.126e-01  0.0000        2183  [    2     40        320         10 ]
           3       83061     737.251   7.523e-02   1.143e-01   9.382e-02   0.000e+00   3.197e-02   1.126e-01  0.0000        2175  [    2     41        320          9 ]
           3       84351     743.095   7.523e-02   1.143e-01   9.271e-02   0.000e+00   3.155e-02   1.095e-01  0.5000        2204  [    3      6        640          9 ]
           3       85093     748.789   7.523e-02   1.143e-01   9.271e-02   0.000e+00   3.155e-02   1.095e-01  0.5000        2215  [    2     42        320         11 ]
           3       85791     754.377   7.523e-02   1.143e-01   9.271e-02   0.000e+00   3.155e-02   1.095e-01  0.5000        2208  [    2     43        320          9 ]
           3       86523     759.889   7.523e-02   1.143e-01   9.271e-02   0.000e+00   3.155e-02   1.095e-01  0.5000        2208  [    2     44        320         10 ]
           3       87261     765.528   7.523e-02   1.143e-01   9.271e-02   0.000e+00   3.155e-02   1.095e-01  0.5000        2221  [    2     45        320         12 ]
           3       87984     771.000   7.523e-02   1.143e-01   9.271e-02   0.000e+00   3.155e-02   1.095e-01  0.5000        2218  [    2     46        320         10 ]
           3       88710     776.722   7.523e-02   1.143e-01   9.271e-02   0.000e+00   3.155e-02   1.095e-01  0.5000        2217  [    2     47        320          9 ]
           3       89451     782.274   7.523e-02   1.143e-01   9.271e-02   0.000e+00   3.155e-02   1.095e-01  0.5000        2228  [    2     48        320         13 ]
           3       90173     787.903   7.523e-02   1.143e-01   9.271e-02   0.000e+00   3.155e-02   1.095e-01  0.5000        2225  [    2     49        320         10 ]
           3       91543     793.845   7.523e-02   1.143e-01   9.271e-02   0.000e+00   3.107e-02   1.068e-01  0.5000        2230  [    3      7        640          8 ]
           3       92246     798.828   7.523e-02   1.143e-01   9.271e-02   0.000e+00   3.107e-02   1.068e-01  0.5000        2222  [    2     50        320         10 ]
           3       92971     804.418   7.523e-02   1.143e-01   9.271e-02   0.000e+00   3.107e-02   1.068e-01  0.5000        2206  [    2     51        320          8 ]
           3       93663     809.252   7.523e-02   1.143e-01   9.271e-02   0.000e+00   3.106e-02   1.068e-01  0.5000        2213  [    2     52        320          9 ]
           3       94335     814.859   7.523e-02   1.143e-01   9.271e-02   0.000e+00   3.100e-02   1.068e-01  0.5000        2207  [    2     53        320          8 ]
           3       95066     820.489   7.523e-02   1.143e-01   9.271e-02   0.000e+00   3.100e-02   1.068e-01  0.5000        2212  [    2     54        320          8 ]
           3       95775     825.533   7.523e-02   1.143e-01   9.271e-02   0.000e+00   3.096e-02   1.067e-01  0.5000        2199  [    2     55        320          7 ]
           3       96461     830.526   7.523e-02   1.143e-01   9.271e-02   0.000e+00   3.089e-02   1.066e-01  0.5000        2212  [    2     56        320          8 ]
           3       97169     835.879   7.523e-02   1.143e-01   9.271e-02   0.000e+00   3.083e-02   1.064e-01  0.5000        2212  [    2     57        320          7 ]
           3       98519     841.792   7.523e-02   1.143e-01   9.271e-02   0.000e+00   3.040e-02   1.044e-01  0.5000        2264  [    3      8        640         10 ]
           3       99285     847.082   7.523e-02   1.143e-01   5.716e-02   0.000e+00   3.011e-02   1.030e-01  0.5000        2257  [    2     58        320          7 ]
           3      100029     852.524   7.523e-02   1.143e-01   5.716e-02   0.000e+00   2.999e-02   1.028e-01  0.5000        2265  [    2     59        320          7 ]
           3      100750     858.165   7.523e-02   1.143e-01   5.716e-02   0.000e+00   2.984e-02   1.028e-01  0.5000        2276  [    2     60        320          7 ]
           3      101510     863.771   7.523e-02   1.143e-01   5.716e-02   0.000e+00   2.975e-02   1.020e-01  0.5000        2272  [    2     61        320          6 ]
           3      102194     869.381   7.523e-02   1.143e-01   5.716e-02   0.000e+00   2.968e-02   1.020e-01  0.5000        2277  [    2     62        320          5 ]
           3      102843     874.770   7.523e-02   1.143e-01   5.716e-02   0.000e+00   2.966e-02   1.020e-01  0.5000        2282  [    2     63        320          6 ]
           3      103482     880.389   7.523e-02   1.143e-01   5.716e-02   0.000e+00   2.963e-02   1.018e-01  0.5000        2288  [    2     64        320          9 ]
           4      110991     888.597   7.523e-02   1.143e-01   5.716e-02   0.000e+00   2.846e-02   1.008e-01  0.5000        2475  [    4      1       1280         12 ]
           4      112381     895.831   7.523e-02   1.143e-01   5.716e-02   0.000e+00   2.818e-02   1.004e-01  0.5000        2492  [    3      9        640         11 ]
           4      115042     904.091   7.523e-02   1.143e-01   5.716e-02   0.000e+00   2.770e-02   9.816e-02  0.5000        2500  [    4      2       1280          7 ]
           4      116320     911.031   7.523e-02   1.143e-01   5.716e-02   0.000e+00   2.769e-02   9.812e-02  0.5000        2509  [    3     10        640          7 ]
           4      117706     917.469   7.523e-02   1.143e-01   5.716e-02   0.000e+00   2.757e-02   9.765e-02  0.5000        2546  [    3     11        640         14 ]
           4      119001     924.599   7.523e-02   1.143e-01   5.716e-02   0.000e+00   2.753e-02   9.761e-02  0.5000        2540  [    3     12        640         11 ]
           4      120350     931.392   7.523e-02   1.143e-01   5.716e-02   0.000e+00   2.751e-02   9.761e-02  0.5000        2575  [    3     13        640         14 ]
           4      121680     938.745   7.523e-02   1.143e-01   5.716e-02   0.000e+00   2.751e-02   9.761e-02  0.5000        2574  [    3     14        640         10 ]
           4      122972     945.918   7.523e-02   1.143e-01   5.716e-02   0.000e+00   2.751e-02   9.761e-02  0.5000        2592  [    3     15        640         11 ]
           4      124268     953.423   7.523e-02   1.143e-01   5.716e-02   0.000e+00   2.749e-02   9.756e-02  0.5000        2589  [    3     16        640          9 ]
           4      125550     960.699   7.523e-02   1.118e-01   5.716e-02   0.000e+00   2.746e-02   9.744e-02  0.5000        2591  [    3     17        640          7 ]
           4      128199     969.603   7.523e-02   1.118e-01   5.716e-02   0.000e+00   2.700e-02   9.564e-02  1.0000        2609  [    4      3       1280         11 ]
           4      129547     976.850   7.523e-02   1.118e-01   5.716e-02   0.000e+00   2.688e-02   9.560e-02  1.0000        2625  [    3     18        640          9 ]
           4      130857     984.515   7.523e-02   1.118e-01   5.716e-02   0.000e+00   2.686e-02   9.528e-02  1.0000        2637  [    3     19        640          9 ]
           4      132287     991.713   7.523e-02   1.118e-01   5.716e-02   0.000e+00   2.676e-02   9.507e-02  1.0000        2645  [    3     20        640         13 ]
           4      133683     999.748   7.523e-02   1.118e-01   5.716e-02   0.000e+00   2.672e-02   9.472e-02  1.0000        2657  [    3     21        640         14 ]
           4      135007    1007.069   7.523e-02   1.118e-01   5.716e-02   0.000e+00   2.664e-02   9.456e-02  1.0000        2647  [    3     22        640          9 ]
           4      136374    1015.142   7.523e-02   1.118e-01   5.716e-02   0.000e+00   2.657e-02   9.445e-02  1.0000        2659  [    3     23        640          9 ]
           4      137698    1023.299   7.523e-02   1.118e-01   5.716e-02   0.000e+00   2.652e-02   9.414e-02  1.0000        2678  [    3     24        640         13 ]
           4      139162    1031.363   7.523e-02   1.118e-01   5.716e-02   0.000e+00   2.650e-02   9.386e-02  1.0000        2682  [    3     25        640         15 ]
           4      141721    1040.862   7.523e-02   1.118e-01   5.716e-02   0.000e+00   2.614e-02   9.260e-02  1.0000        2718  [    4      4       1280         12 ]
           4      143173    1048.524   7.523e-02   1.118e-01   5.716e-02   0.000e+00   2.612e-02   9.227e-02  1.0000        2739  [    3     26        640         15 ]
           4      144652    1056.453   7.523e-02   1.118e-01   5.716e-02   0.000e+00   2.610e-02   9.192e-02  1.0000        2745  [    3     27        640         16 ]
           4      146035    1064.286   7.523e-02   1.118e-01   5.716e-02   0.000e+00   2.607e-02   9.179e-02  1.0000        2746  [    3     28        640         16 ]
           4      147410    1071.944   7.523e-02   1.118e-01   5.716e-02   0.000e+00   2.606e-02   9.179e-02  1.0000        2737  [    3     29        640         12 ]
           4      148768    1080.303   7.523e-02   1.118e-01   5.716e-02   0.000e+00   2.605e-02   9.174e-02  1.0000        2743  [    3     30        640         11 ]
           4      150095    1088.901   7.523e-02   1.118e-01   5.716e-02   0.000e+00   2.605e-02   9.174e-02  1.0000        2741  [    3     31        640          9 ]
           4      151455    1097.120   7.523e-02   1.118e-01   5.716e-02   0.000e+00   2.605e-02   9.174e-02  1.0000        2738  [    3     32        640          9 ]
           4      152762    1105.090   7.523e-02   1.118e-01   5.716e-02   0.000e+00   2.605e-02   9.174e-02  1.0000        2725  [    3     33        640         10 ]
           4      155256    1114.611   5.299e-02   1.118e-01   5.716e-02   0.000e+00   2.585e-02   9.102e-02  1.0000        2747  [    4      5       1280         11 ]
           4      156509    1122.297   5.299e-02   1.118e-01   5.716e-02   0.000e+00   2.582e-02   9.096e-02  1.0000        2753  [    3     34        640         13 ]
           4      157891    1130.647   5.299e-02   1.118e-01   5.716e-02   0.000e+00   2.580e-02   9.093e-02  1.0000        2752  [    3     35        640          9 ]
           4      159329    1139.067   5.299e-02   1.118e-01   5.716e-02   0.000e+00   2.580e-02   9.088e-02  1.0000        2756  [    3     36        640         11 ]
           4      160706    1147.261   5.299e-02   1.118e-01   5.716e-02   0.000e+00   2.578e-02   9.088e-02  1.0000        2766  [    3     37        640         12 ]
           4      162031    1155.382   5.299e-02   1.118e-01   5.716e-02   0.000e+00   2.576e-02   9.088e-02  1.0000        2763  [    3     38        640          8 ]
           4      163316    1163.862   5.299e-02   1.118e-01   5.716e-02   0.000e+00   2.571e-02   9.081e-02  1.0000        2780  [    3     39        640         12 ]
           4      164631    1172.301   5.299e-02   1.118e-01   5.716e-02   0.000e+00   2.570e-02   9.079e-02  1.0000        2782  [    3     40        640         10 ]
           4      165902    1180.756   5.299e-02   1.118e-01   5.716e-02   0.000e+00   2.569e-02   9.079e-02  1.0000        2779  [    3     41        640         10 ]
           4      168376    1189.589   5.299e-02   1.118e-01   5.716e-02   0.000e+00   2.566e-02   9.058e-02  1.0000        2806  [    4      6       1280         13 ]
           4      169673    1197.696   5.299e-02   1.118e-01   5.716e-02   0.000e+00   2.563e-02   9.055e-02  1.0000        2778  [    3     42        640          9 ]
           4      171094    1206.118   5.299e-02   1.118e-01   5.716e-02   0.000e+00   2.563e-02   9.055e-02  1.0000        2788  [    3     43        640         12 ]
           4      172482    1214.333   5.299e-02   1.118e-01   5.716e-02   0.000e+00   2.563e-02   9.055e-02  1.0000        2783  [    3     44        640          9 ]
           4      173925    1222.702   5.299e-02   1.118e-01   5.716e-02   0.000e+00   2.563e-02   9.055e-02  1.0000        2797  [    3     45        640         12 ]
           4      175245    1230.445   5.299e-02   1.118e-01   5.716e-02   0.000e+00   2.563e-02   9.055e-02  1.0000        2796  [    3     46        640         14 ]
           4      176622    1238.251   5.299e-02   1.118e-01   5.716e-02   0.000e+00   2.563e-02   9.055e-02  1.0000        2799  [    3     47        640         13 ]
           4      178009    1246.282   5.299e-02   1.118e-01   5.716e-02   0.000e+00   2.563e-02   9.055e-02  1.0000        2803  [    3     48        640         14 ]
           4      179422    1254.042   5.299e-02   1.118e-01   5.716e-02   0.000e+00   2.561e-02   9.052e-02  1.0000        2791  [    3     49        640         13 ]
           4      181874    1262.530   5.299e-02   1.118e-01   5.716e-02   0.000e+00   2.550e-02   9.007e-02  1.0000        2827  [    4      7       1280          9 ]
           4      183307    1270.238   5.299e-02   1.118e-01   5.716e-02   0.000e+00   2.541e-02   8.996e-02  1.0000        2829  [    3     50        640         11 ]
           4      184764    1278.401   5.299e-02   1.118e-01   5.716e-02   0.000e+00   2.539e-02   8.986e-02  1.0000        2842  [    3     51        640         13 ]
           4      186181    1286.247   5.299e-02   1.118e-01   5.716e-02   0.000e+00   2.534e-02   8.972e-02  1.0000        2834  [    3     52        640         14 ]
           4      187664    1294.628   5.299e-02   1.118e-01   5.716e-02   0.000e+00   2.532e-02   8.970e-02  1.0000        2839  [    3     53        640         13 ]
           4      189140    1302.355   5.299e-02   1.118e-01   5.716e-02   0.000e+00   2.532e-02   8.970e-02  1.0000        2841  [    3     54        640         13 ]
           4      190609    1310.337   5.299e-02   1.118e-01   5.716e-02   0.000e+00   2.532e-02   8.970e-02  1.0000        2851  [    3     55        640         17 ]
           4      192040    1318.335   5.299e-02   1.118e-01   5.716e-02   0.000e+00   2.532e-02   8.970e-02  1.0000        2847  [    3     56        640         13 ]
           4      193468    1326.858   5.299e-02   1.118e-01   5.716e-02   0.000e+00   2.530e-02   8.970e-02  1.0000        2843  [    3     57        640         10 ]
           4      196009    1335.811   5.299e-02   1.118e-01   5.716e-02   0.000e+00   2.515e-02   8.895e-02  1.0000        2848  [    4      8       1280         10 ]
           4      197453    1343.907   5.299e-02   1.118e-01   5.716e-02   0.000e+00   2.505e-02   8.888e-02  1.0000        2854  [    3     58        640         10 ]
           4      198818    1352.244   5.299e-02   1.118e-01   5.716e-02   0.000e+00   2.504e-02   8.865e-02  1.0000        2842  [    3     59        640         11 ]
           4      200252    1360.346   5.299e-02   1.118e-01   5.716e-02   0.000e+00   2.495e-02   8.825e-02  1.0000        2855  [    3     60        640         12 ]
           4      201664    1368.986   5.299e-02   1.118e-01   5.716e-02   0.000e+00   2.493e-02   8.819e-02  1.0000        2841  [    3     61        640          7 ]
           4      202981    1377.339   5.299e-02   1.118e-01   5.716e-02   0.000e+00   2.487e-02   8.796e-02  1.0000        2850  [    3     62        640          8 ]
           4      204420    1385.682   5.299e-02   1.118e-01   5.716e-02   0.000e+00   2.483e-02   8.789e-02  1.0000        2851  [    3     63        640         11 ]
           4      205868    1394.277   5.299e-02   1.118e-01   5.716e-02   0.000e+00   2.476e-02   8.740e-02  1.0000        2855  [    3     64        640         12 ]
           5      217802    1410.001   4.428e-02   1.028e-01   5.699e-02   0.000e+00   2.444e-02   8.717e-02  1.0000        2943  [    5      1       2560         10 ]
           5      220307    1420.057   4.428e-02   1.028e-01   5.699e-02   0.000e+00   2.443e-02   8.716e-02  1.0000        2959  [    4      9       1280          8 ]
           5      225298    1435.026   4.428e-02   1.028e-01   5.699e-02   0.000e+00   2.396e-02   8.529e-02  1.0000        2973  [    5      2       2560         10 ]
           5      227708    1445.471   4.428e-02   1.028e-01   5.699e-02   0.000e+00   2.391e-02   8.509e-02  1.0000        2969  [    4     10       1280          8 ]
           5      230241    1455.706   4.428e-02   1.028e-01   5.699e-02   0.000e+00   2.387e-02   8.500e-02  1.0000        2993  [    4     11       1280         13 ]
           5      232790    1465.721   4.428e-02   1.028e-01   5.699e-02   0.000e+00   2.381e-02   8.481e-02  1.0000        2992  [    4     12       1280         13 ]
           5      235190    1476.163   4.428e-02   1.028e-01   5.699e-02   0.000e+00   2.378e-02   8.460e-02  1.0000        3011  [    4     13       1280         10 ]
           5      237740    1487.373   4.428e-02   1.028e-01   5.699e-02   0.000e+00   2.376e-02   8.460e-02  1.0000        3005  [    4     14       1280         10 ]
           5      240110    1498.276   4.428e-02   1.028e-01   5.699e-02   0.000e+00   2.376e-02   8.460e-02  1.0000        2986  [    4     15       1280         10 ]
           5      242500    1509.041   4.428e-02   1.028e-01   5.699e-02   0.000e+00   2.375e-02   8.444e-02  1.0000        2989  [    4     16       1280         10 ]
           5      244920    1519.158   4.428e-02   1.028e-01   5.699e-02   0.000e+00   2.373e-02   8.408e-02  1.0000        2992  [    4     17       1280          9 ]
           5      249904    1532.207   4.428e-02   1.028e-01   5.699e-02   0.000e+00   2.350e-02   8.277e-02  1.0000        3007  [    5      3       2560          7 ]
           5      252337    1543.765   4.428e-02   1.028e-01   5.699e-02   0.000e+00   2.350e-02   8.276e-02  1.0000        3009  [    4     18       1280          7 ]
           5      254856    1554.058   4.428e-02   1.028e-01   5.699e-02   0.000e+00   2.349e-02   8.272e-02  1.0000        3035  [    4     19       1280         13 ]
           5      257304    1564.671   4.428e-02   1.028e-01   5.699e-02   0.000e+00   2.347e-02   8.256e-02  1.0000        3037  [    4     20       1280         12 ]
           5      259825    1575.373   4.428e-02   1.028e-01   5.699e-02   0.000e+00   2.347e-02   8.256e-02  1.0000        3049  [    4     21       1280         13 ]
           5      262219    1586.676   4.428e-02   1.028e-01   5.699e-02   0.000e+00   2.347e-02   8.256e-02  1.0000        3044  [    4     22       1280         14 ]
           5      264861    1597.278   4.428e-02   1.028e-01   5.699e-02   0.000e+00   2.341e-02   8.252e-02  1.0000        3057  [    4     23       1280         20 ]
           5      267450    1607.814   4.428e-02   1.028e-01   5.699e-02   0.000e+00   2.341e-02   8.252e-02  1.0000        3063  [    4     24       1280         18 ]
           5      269881    1618.551   4.428e-02   1.028e-01   5.699e-02   0.000e+00   2.340e-02   8.252e-02  1.0000        3050  [    4     25       1280         11 ]
           5      275115    1633.095   4.428e-02   1.028e-01   5.699e-02   0.000e+00   2.299e-02   8.027e-02  1.0000        3056  [    5      4       2560         12 ]
           5      277647    1643.328   4.428e-02   1.028e-01   5.699e-02   0.000e+00   2.299e-02   8.027e-02  1.0000        3061  [    4     26       1280         14 ]
           5      280256    1654.590   4.428e-02   1.028e-01   5.699e-02   0.000e+00   2.299e-02   8.027e-02  1.0000        3065  [    4     27       1280         15 ]
           5      282803    1665.436   4.428e-02   1.028e-01   5.699e-02   0.000e+00   2.299e-02   8.027e-02  1.0000        3069  [    4     28       1280         13 ]
           5      285350    1676.892   4.428e-02   1.028e-01   5.699e-02   0.000e+00   2.299e-02   8.027e-02  1.0000        3062  [    4     29       1280         13 ]
           5      287741    1688.013   4.428e-02   1.028e-01   5.699e-02   0.000e+00   2.299e-02   8.027e-02  1.0000        3064  [    4     30       1280         12 ]
           5      290177    1698.723   4.428e-02   1.028e-01   5.699e-02   0.000e+00   2.299e-02   8.027e-02  1.0000        3066  [    4     31       1280         14 ]
           5      292682    1709.468   4.428e-02   1.028e-01   5.699e-02   0.000e+00   2.299e-02   8.027e-02  1.0000        3073  [    4     32       1280         17 ]
           5      295118    1719.918   4.428e-02   1.028e-01   5.699e-02   0.000e+00   2.299e-02   8.027e-02  1.0000        3055  [    4     33       1280         13 ]
           5      300026    1733.990   4.387e-02   1.028e-01   5.699e-02   0.000e+00   2.270e-02   7.884e-02  1.0000        3069  [    5      5       2560         13 ]
           5      302604    1745.074   4.387e-02   1.028e-01   5.699e-02   0.000e+00   2.270e-02   7.884e-02  1.0000        3061  [    4     34       1280         13 ]
           5      305299    1756.265   4.387e-02   1.028e-01   5.699e-02   0.000e+00   2.268e-02   7.884e-02  1.0000        3064  [    4     35       1280         12 ]
           5      307803    1766.743   4.387e-02   1.028e-01   5.699e-02   0.000e+00   2.268e-02   7.884e-02  1.0000        3040  [    4     36       1280         12 ]
           5      310296    1777.571   4.387e-02   1.028e-01   5.699e-02   0.000e+00   2.268e-02   7.884e-02  1.0000        3051  [    4     37       1280         12 ]
           5      312943    1788.326   4.387e-02   1.028e-01   5.699e-02   0.000e+00   2.267e-02   7.884e-02  1.0000        3052  [    4     38       1280         14 ]
           5      315523    1799.345   4.387e-02   1.028e-01   5.699e-02   0.000e+00   2.267e-02   7.884e-02  1.0000        3055  [    4     39       1280         13 ]
           5      317995    1810.695   4.387e-02   1.028e-01   5.699e-02   0.000e+00   2.267e-02   7.884e-02  1.0000        3047  [    4     40       1280          9 ]
           5      320590    1821.536   4.387e-02   1.028e-01   5.699e-02   0.000e+00   2.267e-02   7.884e-02  1.0000        3052  [    4     41       1280         12 ]
           5      325530    1835.689   2.430e-02   1.028e-01   5.699e-02   0.000e+00   2.245e-02   7.791e-02  1.0000        3078  [    5      6       2560          7 ]
           5      328172    1846.914   2.430e-02   1.028e-01   5.699e-02   0.000e+00   2.245e-02   7.791e-02  1.0000        3090  [    4     42       1280         12 ]
           5      330668    1858.550   2.430e-02   1.028e-01   5.699e-02   0.000e+00   2.245e-02   7.791e-02  1.0000        3080  [    4     43       1280          8 ]
           5      333163    1869.383   2.430e-02   1.028e-01   5.699e-02   0.000e+00   2.245e-02   7.791e-02  1.0000        3090  [    4     44       1280         13 ]
           5      335594    1880.206   2.430e-02   1.028e-01   5.699e-02   0.000e+00   2.245e-02   7.791e-02  1.0000        3088  [    4     45       1280         13 ]
           5      338201    1890.914   2.430e-02   1.028e-01   5.699e-02   0.000e+00   2.245e-02   7.791e-02  1.0000        3088  [    4     46       1280         11 ]
           5      340810    1901.932   2.430e-02   1.028e-01   5.699e-02   0.000e+00   2.245e-02   7.791e-02  1.0000        3092  [    4     47       1280         14 ]
           5      343337    1913.020   2.430e-02   1.028e-01   5.699e-02   0.000e+00   2.245e-02   7.791e-02  1.0000        3091  [    4     48       1280         13 ]
           5      345977    1923.811   2.430e-02   1.028e-01   5.699e-02   0.000e+00   2.245e-02   7.791e-02  1.0000        3087  [    4     49       1280         16 ]
           5      351058    1941.034   2.430e-02   9.936e-02   5.699e-02   0.000e+00   2.772e-02   8.563e-02  1.0000        1849  [    5      7       2560         14 ]
           5      353630    1947.366   2.430e-02   9.936e-02   5.699e-02   0.000e+00   2.772e-02   8.563e-02  1.0000        1861  [    4     50       1280         15 ]
           5      356170    1953.704   2.430e-02   9.936e-02   5.699e-02   0.000e+00   2.772e-02   8.563e-02  1.0000        1852  [    4     51       1280         13 ]
           5      358758    1959.858   2.430e-02   9.936e-02   5.699e-02   0.000e+00   2.772e-02   8.563e-02  1.0000        1861  [    4     52       1280         14 ]
           5      361306    1966.056   2.430e-02   9.936e-02   5.699e-02   0.000e+00   2.767e-02   8.563e-02  1.0000        1881  [    4     53       1280         13 ]
           5      363814    1971.995   2.430e-02   9.936e-02   5.699e-02   0.000e+00   2.763e-02   8.563e-02  1.0000        1902  [    4     54       1280         11 ]
           5      366437    1977.919   2.430e-02   9.936e-02   5.699e-02   0.000e+00   2.752e-02   8.562e-02  1.0000        1903  [    4     55       1280         11 ]
           5      369028    1984.085   2.430e-02   9.936e-02   5.699e-02   0.000e+00   2.741e-02   8.555e-02  1.0000        1943  [    4     56       1280         11 ]
           5      371593    1990.349   2.430e-02   9.936e-02   5.699e-02   0.000e+00   2.738e-02   8.554e-02  1.0000        1964  [    4     57       1280         13 ]
           5      376342    1999.131   2.430e-02   9.936e-02   5.699e-02   0.000e+00   2.448e-02   8.102e-02  1.0000        2982  [    5      8       2560         13 ]
           5      379031    2009.310   2.430e-02   9.936e-02   5.699e-02   0.000e+00   2.447e-02   8.102e-02  1.0000        2998  [    4     58       1280         16 ]
           5      381660    2019.404   2.430e-02   9.936e-02   5.699e-02   0.000e+00   2.444e-02   8.102e-02  1.0000        3006  [    4     59       1280         16 ]
           5      384395    2030.323   2.430e-02   9.936e-02   5.699e-02   0.000e+00   2.444e-02   8.102e-02  1.0000        3001  [    4     60       1280         14 ]
           5      387049    2040.228   2.430e-02   9.936e-02   5.699e-02   0.000e+00   2.444e-02   8.102e-02  1.0000        2996  [    4     61       1280         12 ]
           5      389747    2049.474   2.430e-02   9.936e-02   5.699e-02   0.000e+00   2.444e-02   8.102e-02  1.0000        2998  [    4     62       1280         14 ]
           5      392523    2059.693   2.430e-02   9.936e-02   5.699e-02   0.000e+00   2.444e-02   8.102e-02  1.0000        2998  [    4     63       1280         13 ]
           5      395242    2069.752   2.430e-02   9.936e-02   5.699e-02   0.000e+00   2.444e-02   8.102e-02  1.0000        3008  [    4     64       1280         14 ]
           6      413996    2112.778   2.430e-02   9.279e-02   5.270e-02   0.000e+00   2.632e-02   8.306e-02  1.0000        1938  [    6      1       5120         17 ]
           6      418858    2121.156   2.430e-02   9.279e-02   5.270e-02   0.000e+00   2.609e-02   8.273e-02  1.0000        2028  [    5      9       2560         18 ]
           6      427435    2139.211   2.430e-02   9.279e-02   5.270e-02   0.000e+00   2.591e-02   8.228e-02  1.0000        2045  [    6      2       5120         11 ]
           6      432289    2148.120   2.430e-02   9.279e-02   5.270e-02   0.000e+00   2.564e-02   8.177e-02  1.0000        2075  [    5     10       2560         16 ]
           6      437061    2157.569   2.430e-02   9.279e-02   5.270e-02   0.000e+00   2.553e-02   8.157e-02  1.0000        2105  [    5     11       2560         13 ]
           6      441704    2167.527   2.430e-02   8.831e-02   5.270e-02   0.000e+00   2.549e-02   8.146e-02  1.0000        2114  [    5     12       2560          8 ]
           6      446446    2177.372   2.430e-02   8.831e-02   5.270e-02   0.000e+00   2.549e-02   8.146e-02  1.0000        2154  [    5     13       2560         10 ]
           6      451388    2186.773   2.430e-02   8.831e-02   5.270e-02   0.000e+00   2.548e-02   8.144e-02  1.0000        2186  [    5     14       2560         20 ]
           6      456249    2196.247   2.430e-02   8.831e-02   5.270e-02   0.000e+00   2.547e-02   8.144e-02  1.0000        2184  [    5     15       2560         19 ]
           6      461050    2205.806   2.430e-02   8.831e-02   5.270e-02   0.000e+00   2.548e-02   8.140e-02  1.0000        2169  [    5     16       2560         12 ]
           6      465883    2215.987   2.430e-02   8.831e-02   5.270e-02   0.000e+00   2.545e-02   8.140e-02  1.0000        2180  [    5     17       2560         14 ]
           6      474742    2232.502   2.430e-02   8.335e-02   5.270e-02   0.000e+00   2.536e-02   8.119e-02  1.0000        2222  [    6      3       5120         16 ]
           6      479587    2242.511   2.430e-02   8.335e-02   5.270e-02   0.000e+00   2.536e-02   8.119e-02  1.0000        2232  [    5     18       2560         16 ]
           6      484354    2252.544   2.430e-02   8.335e-02   5.270e-02   0.000e+00   2.536e-02   8.119e-02  1.0000        2225  [    5     19       2560         15 ]
           6      489206    2262.608   2.430e-02   8.335e-02   5.270e-02   0.000e+00   2.534e-02   8.119e-02  1.0000        2229  [    5     20       2560         14 ]
           6      494088    2272.369   2.430e-02   8.335e-02   5.270e-02   0.000e+00   2.533e-02   8.119e-02  1.0000        2236  [    5     21       2560         12 ]
           6      498919    2282.714   2.430e-02   8.335e-02   5.270e-02   0.000e+00   2.530e-02   8.119e-02  1.0000        2240  [    5     22       2560         13 ]
           6      503899    2293.201   2.430e-02   8.335e-02   5.270e-02   0.000e+00   2.527e-02   8.104e-02  1.0000        2256  [    5     23       2560         16 ]
           6      508641    2302.493   2.430e-02   8.335e-02   5.270e-02   0.000e+00   2.525e-02   8.104e-02  1.0000        2249  [    5     24       2560         14 ]
           6      513419    2312.521   2.430e-02   8.335e-02   5.270e-02   0.000e+00   2.523e-02   8.104e-02  1.0000        2248  [    5     25       2560         17 ]
           6      522101    2329.635   2.430e-02   8.335e-02   5.270e-02   0.000e+00   2.520e-02   8.092e-02  1.0000        2278  [    6      4       5120         15 ]
           6      526959    2340.580   2.430e-02   8.335e-02   5.270e-02   0.000e+00   2.518e-02   8.092e-02  1.0000        2288  [    5     26       2560         14 ]
           6      531721    2351.665   2.430e-02   8.335e-02   5.270e-02   0.000e+00   2.516e-02   8.083e-02  1.0000        2282  [    5     27       2560         12 ]
           6      536528    2361.856   2.430e-02   8.335e-02   5.270e-02   0.000e+00   2.515e-02   8.083e-02  1.0000        2286  [    5     28       2560         11 ]
           6      541290    2372.441   2.430e-02   8.335e-02   5.270e-02   0.000e+00   2.513e-02   8.079e-02  1.0000        2263  [    5     29       2560         12 ]
           6      546187    2382.405   2.430e-02   8.335e-02   5.270e-02   0.000e+00   2.512e-02   8.079e-02  1.0000        2264  [    5     30       2560         11 ]
           6      550985    2392.537   2.430e-02   8.335e-02   5.270e-02   0.000e+00   2.511e-02   8.079e-02  1.0000        2276  [    5     31       2560         13 ]
           6      555848    2402.880   2.430e-02   8.335e-02   5.270e-02   0.000e+00   2.511e-02   8.079e-02  1.0000        2284  [    5     32       2560         15 ]
           6      560886    2413.041   2.430e-02   8.335e-02   5.270e-02   0.000e+00   2.511e-02   8.079e-02  1.0000        2302  [    5     33       2560         13 ]
           6      569382    2429.486   2.430e-02   8.335e-02   5.270e-02   0.000e+00   2.510e-02   8.058e-02  1.0000        2320  [    6      5       5120         16 ]
           6      574242    2440.425   2.430e-02   8.335e-02   5.270e-02   0.000e+00   2.510e-02   8.058e-02  1.0000        2311  [    5     34       2560         13 ]
           6      579226    2450.371   2.430e-02   8.335e-02   5.270e-02   0.000e+00   2.510e-02   8.058e-02  1.0000        2306  [    5     35       2560         12 ]
           6      584194    2460.812   2.430e-02   8.335e-02   5.270e-02   0.000e+00   2.510e-02   8.058e-02  1.0000        2298  [    5     36       2560         11 ]
           6      589098    2470.205   2.430e-02   8.335e-02   5.270e-02   0.000e+00   2.508e-02   8.058e-02  1.0000        2324  [    5     37       2560         17 ]
           6      593934    2480.363   2.430e-02   8.335e-02   5.270e-02   0.000e+00   2.508e-02   8.058e-02  1.0000        2323  [    5     38       2560         14 ]
           6      598726    2490.475   2.430e-02   8.335e-02   5.270e-02   0.000e+00   2.508e-02   8.058e-02  1.0000        2302  [    5     39       2560         11 ]
           6      603561    2500.525   2.430e-02   8.335e-02   5.270e-02   0.000e+00   2.508e-02   8.058e-02  1.0000        2300  [    5     40       2560         10 ]
           6      608559    2510.398   2.430e-02   8.335e-02   5.270e-02   0.000e+00   2.508e-02   8.058e-02  1.0000        2312  [    5     41       2560          9 ]
           6      617314    2525.651   2.430e-02   8.335e-02   5.270e-02   0.000e+00   2.503e-02   8.058e-02  1.0000        2349  [    6      6       5120         22 ]
           6      622138    2537.212   2.430e-02   8.335e-02   5.270e-02   0.000e+00   2.503e-02   8.058e-02  1.0000        2330  [    5     42       2560         11 ]
           6      626944    2547.752   2.430e-02   8.335e-02   5.270e-02   0.000e+00   2.501e-02   8.058e-02  1.0000        2356  [    5     43       2560         15 ]
           6      631629    2557.914   2.430e-02   8.335e-02   5.270e-02   0.000e+00   2.501e-02   8.058e-02  1.0000        2333  [    5     44       2560         15 ]
           6      636552    2569.044   2.430e-02   8.335e-02   5.270e-02   0.000e+00   2.501e-02   8.058e-02  1.0000        2324  [    5     45       2560         11 ]
           6      641525    2579.949   2.430e-02   8.335e-02   5.270e-02   0.000e+00   2.501e-02   8.057e-02  1.0000        2343  [    5     46       2560         13 ]
           6      646219    2591.109   2.430e-02   8.335e-02   5.270e-02   0.000e+00   2.500e-02   8.057e-02  1.0000        2328  [    5     47       2560         11 ]
           6      651093    2602.057   2.430e-02   8.335e-02   5.270e-02   0.000e+00   2.500e-02   8.053e-02  1.0000        2343  [    5     48       2560         13 ]
           6      655869    2612.554   2.430e-02   8.335e-02   5.270e-02   0.000e+00   2.500e-02   8.053e-02  1.0000        2346  [    5     49       2560         13 ]
           6      664666    2628.980   2.430e-02   8.335e-02   5.270e-02   0.000e+00   2.498e-02   8.053e-02  1.0000        2363  [    6      7       5120         11 ]
           6      669569    2639.465   2.430e-02   8.335e-02   5.270e-02   0.000e+00   2.498e-02   8.053e-02  1.0000        2331  [    5     50       2560          9 ]
           6      674400    2649.935   2.430e-02   8.335e-02   5.270e-02   0.000e+00   2.496e-02   8.053e-02  1.0000        2338  [    5     51       2560         12 ]
           6      679334    2660.357   2.430e-02   8.335e-02   5.270e-02   0.000e+00   2.496e-02   8.053e-02  1.0000        2348  [    5     52       2560         13 ]
           6      684254    2670.244   2.430e-02   8.335e-02   5.270e-02   0.000e+00   2.496e-02   8.053e-02  1.0000        2352  [    5     53       2560         13 ]
           6      689201    2680.803   2.430e-02   8.335e-02   5.270e-02   0.000e+00   2.496e-02   8.053e-02  1.0000        2357  [    5     54       2560          9 ]
           6      693955    2691.356   2.430e-02   8.335e-02   5.270e-02   0.000e+00   2.495e-02   8.053e-02  1.0000        2360  [    5     55       2560         10 ]
           6      698554    2701.694   2.430e-02   8.335e-02   5.270e-02   0.000e+00   2.495e-02   8.053e-02  1.0000        2356  [    5     56       2560         13 ]
           6      703456    2712.770   2.430e-02   8.335e-02   5.270e-02   0.000e+00   2.495e-02   8.053e-02  1.0000        2347  [    5     57       2560         14 ]
           6      712240    2729.059   2.430e-02   8.335e-02   5.270e-02   0.000e+00   2.493e-02   8.053e-02  1.0000        2374  [    6      8       5120         20 ]
           6      717158    2739.579   2.430e-02   8.335e-02   5.270e-02   0.000e+00   2.492e-02   8.043e-02  1.0000        2360  [    5     58       2560         15 ]
           6      721880    2750.519   2.430e-02   8.335e-02   5.270e-02   0.000e+00   2.491e-02   8.043e-02  1.0000        2351  [    5     59       2560         11 ]
           6      726437    2761.024   2.430e-02   8.335e-02   5.270e-02   0.000e+00   2.491e-02   8.043e-02  1.0000        2355  [    5     60       2560         14 ]
           6      731134    2771.895   2.430e-02   8.335e-02   5.270e-02   0.000e+00   2.491e-02   8.043e-02  1.0000        2338  [    5     61       2560          9 ]
           6      735758    2782.635   2.430e-02   8.335e-02   5.270e-02   0.000e+00   2.491e-02   8.043e-02  1.0000        2343  [    5     62       2560         11 ]
           6      740519    2793.585   2.430e-02   8.335e-02   5.270e-02   0.000e+00   2.490e-02   8.042e-02  1.0000        2340  [    5     63       2560          9 ]
           6      745274    2804.649   2.430e-02   8.335e-02   5.270e-02   0.000e+00   2.490e-02   8.042e-02  1.0000        2349  [    5     64       2560         13 ]
           7      775554    2886.295   2.430e-02   5.855e-02   5.270e-02   0.000e+00   2.462e-02   7.972e-02  1.0000        2408  [    7      1      10240         10 ]
           7      780398    2897.872   2.430e-02   5.855e-02   5.270e-02   0.000e+00   2.461e-02   7.966e-02  1.0000        2422  [    5     65       2560         15 ]
           7      789382    2915.645   2.430e-02   5.855e-02   5.270e-02   0.000e+00   2.461e-02   7.958e-02  1.0000        2436  [    6      9       5120         14 ]
           7      806549    2960.891   2.430e-02   5.855e-02   5.270e-02   0.000e+00   2.437e-02   7.849e-02  1.0000        2475  [    7      2      10240         14 ]
           7      811265    2973.222   2.430e-02   5.855e-02   5.270e-02   0.000e+00   2.437e-02   7.849e-02  1.0000        2469  [    5     66       2560          9 ]
           7      815997    2985.135   2.430e-02   5.855e-02   5.270e-02   0.000e+00   2.437e-02   7.849e-02  1.0000        2474  [    5     67       2560          7 ]
           7      820789    2996.963   2.430e-02   5.855e-02   5.270e-02   0.000e+00   2.435e-02   7.848e-02  1.0000        2480  [    5     68       2560         11 ]
           7      825535    3008.679   2.430e-02   5.855e-02   5.270e-02   0.000e+00   2.432e-02   7.840e-02  1.0000        2490  [    5     69       2560         10 ]
           7      830391    3020.995   2.430e-02   5.855e-02   5.270e-02   0.000e+00   2.429e-02   7.834e-02  1.0000        2513  [    5     70       2560         17 ]
           7      835293    3033.408   2.430e-02   5.855e-02   5.270e-02   0.000e+00   2.428e-02   7.821e-02  1.0000        2501  [    5     71       2560         13 ]
           7      839970    3044.891   2.430e-02   5.855e-02   5.270e-02   0.000e+00   2.428e-02   7.821e-02  1.0000        2506  [    5     72       2560         14 ]
           7      844544    3057.228   2.430e-02   5.855e-02   5.270e-02   0.000e+00   2.428e-02   7.821e-02  1.0000        2508  [    5     73       2560         10 ]
           7      853253    3075.529   2.430e-02   5.855e-02   5.270e-02   0.000e+00   2.428e-02   7.821e-02  1.0000        2532  [    6     10       5120         17 ]
           7      857858    3088.396   2.430e-02   5.855e-02   5.270e-02   0.000e+00   2.428e-02   7.821e-02  1.0000        2511  [    5     74       2560         10 ]
           7      862365    3100.550   2.430e-02   5.855e-02   5.270e-02   0.000e+00   2.428e-02   7.821e-02  1.0000        2514  [    5     75       2560         10 ]
           7      867055    3112.479   2.430e-02   5.855e-02   5.270e-02   0.000e+00   2.428e-02   7.812e-02  1.0000        2487  [    5     76       2560         10 ]
           7      871834    3124.440   2.430e-02   5.855e-02   5.270e-02   0.000e+00   2.428e-02   7.812e-02  1.0000        2512  [    5     77       2560         17 ]
           7      876681    3136.552   2.430e-02   5.855e-02   5.270e-02   0.000e+00   2.428e-02   7.812e-02  1.0000        2485  [    5     78       2560          8 ]
           7      881379    3147.667   2.430e-02   5.855e-02   5.270e-02   0.000e+00   2.428e-02   7.796e-02  1.0000        2509  [    5     79       2560         17 ]
           7      886158    3159.896   2.430e-02   5.855e-02   5.270e-02   0.000e+00   2.426e-02   7.796e-02  1.0000        2495  [    5     80       2560         15 ]
           7      890968    3171.609   2.430e-02   5.855e-02   5.270e-02   0.000e+00   2.426e-02   7.796e-02  1.0000        2514  [    5     81       2560         14 ]
           7      899760    3190.488   2.430e-02   5.855e-02   5.270e-02   0.000e+00   2.426e-02   7.796e-02  1.0000        2520  [    6     11       5120         10 ]
           7      904278    3202.284   2.430e-02   5.855e-02   5.270e-02   0.000e+00   2.426e-02   7.796e-02  1.0000        2524  [    5     82       2560         10 ]
           7      909035    3214.644   2.430e-02   5.855e-02   5.270e-02   0.000e+00   2.426e-02   7.796e-02  1.0000        2541  [    5     83       2560         14 ]
           7      913717    3226.459   2.430e-02   5.855e-02   5.270e-02   0.000e+00   2.426e-02   7.796e-02  1.0000        2525  [    5     84       2560         10 ]
           7      918381    3238.174   2.430e-02   5.855e-02   5.270e-02   0.000e+00   2.426e-02   7.796e-02  1.0000        2508  [    5     85       2560          7 ]
           7      922919    3250.278   2.430e-02   5.855e-02   5.270e-02   0.000e+00   2.425e-02   7.795e-02  1.0000        2509  [    5     86       2560          5 ]
           7      927563    3262.100   2.430e-02   5.855e-02   5.270e-02   0.000e+00   2.412e-02   7.772e-02  1.0000        2541  [    5     87       2560         15 ]
           7      932422    3274.453   2.430e-02   5.855e-02   5.270e-02   0.000e+00   2.409e-02   7.758e-02  1.0000        2549  [    5     88       2560         15 ]
           7      937201    3286.624   2.430e-02   5.855e-02   5.270e-02   0.000e+00   2.408e-02   7.746e-02  1.0000        2547  [    5     89       2560         13 ]
           7      946236    3306.942   2.430e-02   5.855e-02   5.270e-02   0.000e+00   2.407e-02   7.746e-02  1.0000        2550  [    6     12       5120         11 ]
           7      950852    3319.637   2.430e-02   5.855e-02   5.270e-02   0.000e+00   2.405e-02   7.744e-02  1.0000        2556  [    5     90       2560         14 ]
           7      955740    3332.556   2.430e-02   5.855e-02   5.270e-02   0.000e+00   2.405e-02   7.733e-02  1.0000        2560  [    5     91       2560         11 ]
           7      960368    3345.517   2.430e-02   5.855e-02   5.270e-02   0.000e+00   2.404e-02   7.732e-02  1.0000        2551  [    5     92       2560         10 ]
           7      965208    3358.121   2.430e-02   5.855e-02   5.270e-02   0.000e+00   2.404e-02   7.732e-02  1.0000        2538  [    5     93       2560          9 ]
           7      969992    3369.940   2.430e-02   5.855e-02   5.270e-02   0.000e+00   2.402e-02   7.730e-02  1.0000        2565  [    5     94       2560         11 ]
           7      974757    3382.699   2.430e-02   5.855e-02   5.270e-02   0.000e+00   2.402e-02   7.730e-02  1.0000        2550  [    5     95       2560          8 ]
           7      979540    3395.163   2.430e-02   5.855e-02   5.270e-02   0.000e+00   2.401e-02   7.726e-02  1.0000        2550  [    5     96       2560          8 ]
           7      984296    3407.461   2.430e-02   5.855e-02   5.270e-02   0.000e+00   2.401e-02   7.726e-02  1.0000        2561  [    5     97       2560          9 ]
           7      993219    3426.879   2.430e-02   5.855e-02   5.270e-02   0.000e+00   2.401e-02   7.726e-02  1.0000        2573  [    6     13       5120         12 ]
           7      998086    3439.135   2.430e-02   5.855e-02   3.286e-02   0.000e+00   2.401e-02   7.726e-02  1.0000        2571  [    5     98       2560         12 ]
           8     1002861    3451.666   2.430e-02   5.855e-02   3.286e-02   0.000e+00   2.401e-02   7.726e-02  1.0000        2579  [    7      2      10240         14 ]
