# Generation  Evaluations  Time (s)  Best_obj[0]  Best_obj[1]  Hypervol.   IGD         IGDX        SR    Appr.set  [ Pop.index  Subgen.  Pop.size  Subpops ]
           0         101       3.446   4.004e-02   2.174e-02   4.778e-01   4.949e-02   3.102e-01  0.0000          25  [    0      1         30          8 ]
           0         211       3.515   1.057e-02   2.174e-02   5.559e-01   3.602e-02   2.020e-01  0.0000          49  [    0      2         30         14 ]
           0         350       3.598   4.531e-04   2.174e-02   4.385e-01   3.010e-02   1.933e-01  0.0000          68  [    0      3         30         15 ]
           0         503       3.710   4.531e-04   1.062e-02   5.468e-01   2.686e-02   1.530e-01  0.0000          95  [    0      4         30         17 ]
           0         666       3.857   4.531e-04   1.093e-03   4.445e-01   2.577e-02   1.266e-01  0.0000         117  [    0      5         30         18 ]
           0         835       4.036   4.531e-04   4.243e-04   4.606e-01   2.404e-02   1.213e-01  0.0000         136  [    0      6         30         19 ]
           0        1005       4.160   4.531e-04   2.780e-04   4.838e-01   2.371e-02   1.078e-01  0.0000         155  [    0      7         30         23 ]
           0        1199       4.370   4.531e-04   2.780e-04   4.960e-01   2.157e-02   9.662e-02  0.0000         169  [    0      8         30         27 ]
           1        1748       4.634   4.531e-04   2.780e-04   4.790e-01   1.125e-02   7.157e-02  0.0000         346  [    1      1         60         39 ]
           1        2050       5.171   4.531e-04   2.780e-04   5.765e-01   1.084e-02   7.047e-02  0.0000         358  [    0      9         30         38 ]
           1        2412       5.727   4.531e-04   2.382e-05   4.905e-01   8.776e-03   6.556e-02  0.0000         419  [    1      2         60         38 ]
           1        2710       6.383   4.531e-04   2.382e-05   5.956e-01   8.460e-03   6.329e-02  0.0000         434  [    0     10         30         38 ]
           1        3008       6.888   4.531e-04   2.382e-05   4.924e-01   8.373e-03   6.256e-02  0.0000         443  [    0     11         30         38 ]
           1        3312       7.391   4.531e-04   2.382e-05   4.839e-01   8.274e-03   6.123e-02  0.0000         464  [    0     12         30         40 ]
           1        3642       7.877   4.531e-04   2.382e-05   5.908e-01   7.681e-03   6.095e-02  0.0000         476  [    0     13         30         44 ]
           1        3963       8.649   4.531e-04   2.382e-05   4.797e-01   7.554e-03   5.917e-02  0.0000         489  [    0     14         30         45 ]
           1        4294       9.220   4.531e-04   2.382e-05   5.887e-01   7.000e-03   5.601e-02  0.0000         494  [    0     15         30         45 ]
           1        4631       9.902   4.531e-04   2.382e-05   5.951e-01   6.556e-03   5.577e-02  0.0000         509  [    0     16         30         45 ]
           1        4973      10.479   4.531e-04   2.382e-05   5.935e-01   6.345e-03   5.235e-02  0.5000         525  [    0     17         30         44 ]
           1        5389      11.306   4.531e-04   2.382e-05   5.875e-01   5.691e-03   4.779e-02  0.5000         552  [    1      3         60         47 ]
           1        5746      12.068   2.730e-04   2.382e-05   5.697e-01   5.603e-03   4.710e-02  0.5000         565  [    0     18         30         49 ]
           1        6114      13.017   2.730e-04   2.382e-05   5.707e-01   5.476e-03   4.666e-02  0.5000         580  [    0     19         30         49 ]
           1        6501      13.681   2.730e-04   2.382e-05   5.275e-01   5.433e-03   4.510e-02  0.5000         616  [    0     20         30         49 ]
           1        6889      14.531   2.730e-04   2.382e-05   5.065e-01   5.283e-03   4.460e-02  0.5000         626  [    0     21         30         51 ]
           1        7270      15.295   2.730e-04   2.382e-05   5.453e-01   5.209e-03   4.406e-02  0.5000         641  [    0     22         30         52 ]
           1        7658      16.336   2.730e-04   2.382e-05   5.037e-01   4.672e-03   4.106e-02  1.0000         658  [    0     23         30         52 ]
           1        8042      17.426   2.730e-04   2.382e-05   5.588e-01   4.562e-03   3.978e-02  1.0000         682  [    0     24         30         52 ]
           1        8439      18.407   2.730e-04   2.382e-05   5.422e-01   4.526e-03   3.910e-02  1.0000         705  [    0     25         30         52 ]
           1        8903      19.290   2.730e-04   2.382e-05   5.400e-01   4.218e-03   3.752e-02  1.0000         749  [    1      4         60         55 ]
           1        9302      20.582   2.730e-04   2.382e-05   5.708e-01   4.090e-03   3.609e-02  1.0000         766  [    0     26         30         54 ]
           1        9704      21.942   2.730e-04   2.382e-05   5.669e-01   3.995e-03   3.567e-02  1.0000         786  [    0     27         30         54 ]
           1       10104      23.176   6.624e-05   2.382e-05   5.626e-01   3.953e-03   3.550e-02  1.0000         798  [    0     28         30         55 ]
           1       10502      24.435   6.624e-05   2.382e-05   5.667e-01   3.952e-03   3.548e-02  1.0000         814  [    0     29         30         54 ]
           1       10917      25.693   6.624e-05   2.382e-05   5.633e-01   3.915e-03   3.482e-02  1.0000         828  [    0     30         30         57 ]
           1       11334      27.050   6.624e-05   2.382e-05   5.468e-01   3.806e-03   3.436e-02  1.0000         828  [    0     31         30         55 ]
           1       11731      28.052   6.624e-05   2.382e-05   5.754e-01   3.800e-03   3.428e-02  1.0000         842  [    0     32         30         56 ]
           1       12134      29.334   6.624e-05   2.382e-05   5.737e-01   3.761e-03   3.348e-02  1.0000         868  [    0     33         30         57 ]
           1       12614      30.708   6.624e-05   2.382e-05   5.715e-01   3.675e-03   3.287e-02  1.0000         886  [    1      5         60         56 ]
           1       13025      31.754   6.624e-05   2.382e-05   5.438e-01   3.553e-03   3.232e-02  1.0000         895  [    0     34         30         56 ]
           1       13437      33.314   6.624e-05   2.382e-05   5.636e-01   3.410e-03   3.164e-02  1.0000         901  [    0     35         30         56 ]
           1       13868      34.371   6.624e-05   2.382e-05   5.360e-01   3.389e-03   3.145e-02  1.0000         915  [    0     36         30         57 ]
           1       14288      35.569   6.624e-05   2.382e-05   5.435e-01   3.334e-03   3.106e-02  1.0000         924  [    0     37         30         58 ]
           1       14715      37.166   6.624e-05   2.382e-05   5.505e-01   3.275e-03   3.039e-02  1.0000         935  [    0     38         30         59 ]
           1       15147      38.225   6.624e-05   2.382e-05   5.344e-01   3.216e-03   3.006e-02  1.0000         951  [    0     39         30         63 ]
           1       15602      39.778   6.624e-05   2.382e-05   5.568e-01   3.166e-03   2.932e-02  1.0000         957  [    0     40         30         63 ]
           1       16065      41.413   6.624e-05   2.382e-05   5.565e-01   3.153e-03   2.924e-02  1.0000         971  [    0     41         30         65 ]
           1       16595      42.636   6.624e-05   2.382e-05   5.178e-01   3.125e-03   2.854e-02  1.0000         997  [    1      6         60         62 ]
           1       17055      44.477   6.624e-05   2.382e-05   5.093e-01   3.105e-03   2.781e-02  1.0000        1000  [    0     42         30         63 ]
           1       17515      46.177   6.624e-05   2.382e-05   5.476e-01   2.958e-03   2.734e-02  1.0000         981  [    0     43         30         61 ]
           1       17967      47.682   6.624e-05   2.382e-05   5.521e-01   2.958e-03   2.637e-02  1.0000         982  [    0     44         30         61 ]
           1       18434      49.292   6.624e-05   2.382e-05   5.312e-01   2.925e-03   2.617e-02  1.0000         997  [    0     45         30         63 ]
           1       18892      50.716   6.624e-05   2.382e-05   5.435e-01   2.843e-03   2.605e-02  1.0000        1006  [    0     46         30         63 ]
           1       19350      52.037   6.624e-05   2.382e-05   4.331e-01   2.802e-03   2.590e-02  1.0000        1007  [    0     47         30         63 ]
           1       19817      53.364   6.624e-05   2.382e-05   5.254e-01   2.772e-03   2.550e-02  1.0000        1024  [    0     48         30         62 ]
           1       20288      54.552   6.624e-05   2.382e-05   5.375e-01   2.733e-03   2.486e-02  1.0000        1024  [    0     49         30         60 ]
           1       20826      55.939   6.624e-05   2.382e-05   5.181e-01   2.650e-03   2.454e-02  1.0000        1028  [    1      7         60         57 ]
           1       21283      57.587   6.624e-05   2.382e-05   5.318e-01   2.650e-03   2.454e-02  1.0000        1041  [    0     50         30         58 ]
           1       21736      58.924   6.624e-05   2.382e-05   5.503e-01   2.619e-03   2.423e-02  1.0000        1039  [    0     51         30         58 ]
           1       22200      60.184   6.624e-05   2.382e-05   4.455e-01   2.578e-03   2.400e-02  1.0000        1051  [    0     52         30         59 ]
           1       22643      61.733   6.624e-05   2.382e-05   4.479e-01   2.525e-03   2.407e-02  1.0000        1034  [    0     53         30         56 ]
           1       23085      62.894   6.624e-05   2.382e-05   5.627e-01   2.480e-03   2.403e-02  1.0000        1035  [    0     54         30         57 ]
           1       23506      64.026   6.624e-05   2.382e-05   5.630e-01   2.480e-03   2.401e-02  1.0000        1049  [    0     55         30         55 ]
           1       23926      65.995   6.624e-05   2.382e-05   4.758e-01   2.478e-03   2.401e-02  1.0000        1053  [    0     56         30         54 ]
           1       24362      67.814   6.624e-05   2.382e-05   4.889e-01   2.470e-03   2.393e-02  1.0000        1062  [    0     57         30         53 ]
           1       24861      69.246   1.857e-05   2.382e-05   5.655e-01   2.276e-03   2.274e-02  1.0000        1090  [    1      8         60         51 ]
           1       25267      70.522   1.857e-05   2.382e-05   5.726e-01   2.267e-03   2.278e-02  1.0000        1101  [    0     58         30         50 ]
           1       25677      72.045   1.857e-05   2.382e-05   4.743e-01   2.256e-03   2.238e-02  1.0000        1088  [    0     59         30         49 ]
           1       26077      73.436   1.857e-05   2.382e-05   5.724e-01   2.256e-03   2.235e-02  1.0000        1099  [    0     60         30         50 ]
           1       26484      74.869   1.857e-05   2.382e-05   4.719e-01   2.256e-03   2.239e-02  1.0000        1099  [    0     61         30         48 ]
           1       26885      76.632   1.857e-05   2.382e-05   5.812e-01   2.256e-03   2.239e-02  1.0000        1075  [    0     62         30         48 ]
           1       27286      78.633   1.857e-05   2.382e-05   5.606e-01   2.220e-03   2.206e-02  1.0000        1095  [    0     63         30         49 ]
           1       27693      80.314   1.857e-05   2.382e-05   5.833e-01   2.219e-03   2.207e-02  1.0000        1100  [    0     64         30         49 ]
           2       29858      82.379   2.629e-06   2.382e-05   3.988e-01   4.844e-03   4.292e-02  1.0000         761  [    2      1        120         59 ]
           2       30460      83.308   2.629e-06   2.382e-05   5.451e-01   5.331e-03   5.030e-02  0.5000         392  [    1      9         60         34 ]
           2       30984      83.764   2.629e-06   2.382e-05   5.412e-01   4.403e-03   4.604e-02  1.0000         468  [    2      2        120         28 ]
           2       31334      84.549   2.629e-06   2.382e-05   5.521e-01   4.104e-03   4.492e-02  1.0000         473  [    1     10         60         28 ]
           2       31657      85.379   2.629e-06   2.382e-05   5.580e-01   4.037e-03   4.305e-02  1.0000         487  [    1     11         60         30 ]
           2       31992      86.187   2.629e-06   2.382e-05   4.553e-01   3.848e-03   4.202e-02  1.0000         511  [    1     12         60         30 ]
           2       32344      86.982   2.629e-06   2.382e-05   4.773e-01   3.569e-03   3.981e-02  1.0000         550  [    1     13         60         28 ]
           2       32684      88.003   2.629e-06   2.382e-05   4.843e-01   3.508e-03   3.921e-02  1.0000         569  [    1     14         60         27 ]
           2       33009      88.808   2.629e-06   2.382e-05   5.678e-01   3.475e-03   3.868e-02  1.0000         609  [    1     15         60         27 ]
           2       33349      89.527   2.629e-06   2.382e-05   4.683e-01   3.388e-03   3.795e-02  1.0000         635  [    1     16         60         29 ]
           2       33697      90.368   2.629e-06   2.382e-05   6.021e-01   3.267e-03   3.741e-02  1.0000         650  [    1     17         60         29 ]
           2       34189      91.133   2.629e-06   2.382e-05   5.809e-01   3.225e-03   3.626e-02  1.0000         686  [    2      3        120         29 ]
           2       34538      92.012   2.629e-06   2.382e-05   5.875e-01   3.114e-03   3.523e-02  1.0000         704  [    1     18         60         29 ]
           2       34879      93.240   2.629e-06   2.382e-05   5.883e-01   2.981e-03   3.403e-02  1.0000         728  [    1     19         60         28 ]
           2       35217      94.262   2.629e-06   2.382e-05   5.891e-01   2.968e-03   3.303e-02  1.0000         745  [    1     20         60         29 ]
           2       35571      95.368   2.629e-06   2.382e-05   5.951e-01   2.905e-03   3.317e-02  1.0000         766  [    1     21         60         30 ]
           2       35912      96.525   2.592e-06   2.382e-05   5.179e-01   2.784e-03   3.202e-02  1.0000         776  [    1     22         60         30 ]
           2       36267      97.821   2.592e-06   2.382e-05   6.171e-01   2.628e-03   3.155e-02  1.0000         782  [    1     23         60         31 ]
           2       36626      99.109   2.592e-06   2.382e-05   6.131e-01   2.577e-03   3.107e-02  1.0000         801  [    1     24         60         30 ]
           2       36979     100.555   2.592e-06   2.382e-05   6.151e-01   2.471e-03   3.058e-02  1.0000         827  [    1     25         60         30 ]
           2       37473     101.992   2.592e-06   2.382e-05   6.173e-01   2.417e-03   2.979e-02  1.0000         825  [    2      4        120         29 ]
           2       37849     103.301   2.592e-06   2.382e-05   5.225e-01   2.405e-03   2.965e-02  1.0000         845  [    1     26         60         29 ]
           2       38207     104.558   2.592e-06   2.382e-05   5.194e-01   2.392e-03   2.952e-02  1.0000         857  [    1     27         60         31 ]
           2       38567     105.694   2.592e-06   2.382e-05   5.884e-01   2.364e-03   2.910e-02  1.0000         879  [    1     28         60         30 ]
           2       38949     106.894   2.592e-06   2.382e-05   5.464e-01   2.339e-03   2.893e-02  1.0000         891  [    1     29         60         33 ]
           2       39334     107.926   2.592e-06   2.382e-05   6.166e-01   2.322e-03   2.890e-02  1.0000         872  [    1     30         60         33 ]
           2       39727     109.127   2.592e-06   2.382e-05   6.285e-01   2.257e-03   2.826e-02  1.0000         877  [    1     31         60         33 ]
           2       40100     110.091   2.592e-06   2.382e-05   5.194e-01   2.257e-03   2.763e-02  1.0000         880  [    1     32         60         32 ]
           2       40496     111.288   2.592e-06   2.382e-05   5.643e-01   2.196e-03   2.738e-02  1.0000         900  [    1     33         60         31 ]
           2       41002     112.725   2.592e-06   2.382e-05   6.346e-01   2.068e-03   2.701e-02  1.0000         920  [    2      5        120         30 ]
           2       41393     114.348   2.592e-06   2.382e-05   6.480e-01   2.034e-03   2.638e-02  1.0000         881  [    1     34         60         27 ]
           2       41728     115.431   2.592e-06   2.382e-05   5.557e-01   2.022e-03   2.642e-02  1.0000         854  [    1     35         60         27 ]
           2       42065     116.999   2.592e-06   2.382e-05   5.634e-01   2.004e-03   2.624e-02  1.0000         857  [    1     36         60         25 ]
           2       42404     118.085   2.592e-06   2.382e-05   5.666e-01   1.987e-03   2.602e-02  1.0000         882  [    1     37         60         24 ]
           2       42767     119.197   2.592e-06   2.382e-05   5.630e-01   1.920e-03   2.501e-02  1.0000         899  [    1     38         60         25 ]
           2       43101     120.282   2.592e-06   2.382e-05   6.848e-01   1.907e-03   2.468e-02  1.0000         893  [    1     39         60         24 ]
           2       43433     121.724   2.592e-06   2.382e-05   6.521e-01   1.882e-03   2.448e-02  1.0000         895  [    1     40         60         27 ]
           2       43774     122.848   2.592e-06   2.382e-05   6.524e-01   1.837e-03   2.378e-02  1.0000         904  [    1     41         60         25 ]
           2       44224     124.163   1.437e-08   2.382e-05   6.774e-01   1.819e-03   2.368e-02  1.0000         933  [    2      6        120         26 ]
           2       44560     125.586   1.437e-08   2.382e-05   6.912e-01   1.792e-03   2.314e-02  1.0000         923  [    1     42         60         26 ]
           2       44902     126.895   1.437e-08   2.382e-05   7.005e-01   1.747e-03   2.248e-02  1.0000         915  [    1     43         60         26 ]
           2       45226     128.307   1.437e-08   2.382e-05   7.527e-01   1.723e-03   2.268e-02  1.0000         884  [    1     44         60         24 ]
           2       45556     129.619   1.437e-08   2.382e-05   7.519e-01   1.685e-03   2.088e-02  1.0000         906  [    1     45         60         23 ]
           2       45869     131.309   1.437e-08   2.382e-05   7.449e-01   1.677e-03   2.092e-02  1.0000         919  [    1     46         60         24 ]
           2       46194     132.340   1.437e-08   2.382e-05   6.541e-01   1.667e-03   2.064e-02  1.0000         921  [    1     47         60         26 ]
           2       46523     133.668   1.437e-08   1.501e-05   6.459e-01   1.666e-03   2.063e-02  1.0000         937  [    1     48         60         25 ]
           2       46867     135.397   1.437e-08   1.501e-05   6.250e-01   1.649e-03   2.059e-02  1.0000         971  [    1     49         60         24 ]
           2       47327     136.975   1.437e-08   1.501e-05   6.904e-01   1.624e-03   2.016e-02  1.0000        1021  [    2      7        120         26 ]
           2       47683     138.503   1.437e-08   1.501e-05   6.940e-01   1.621e-03   2.015e-02  1.0000        1017  [    1     50         60         25 ]
           2       48018     139.852   1.437e-08   1.501e-05   6.995e-01   1.616e-03   2.014e-02  1.0000        1026  [    1     51         60         26 ]
           2       48358     141.343   1.437e-08   1.501e-05   6.974e-01   1.569e-03   1.978e-02  1.0000        1058  [    1     52         60         25 ]
           2       48689     143.105   1.437e-08   1.501e-05   7.160e-01   1.544e-03   1.945e-02  1.0000        1076  [    1     53         60         26 ]
           2       49027     145.137   1.437e-08   1.501e-05   5.966e-01   1.542e-03   1.944e-02  1.0000        1092  [    1     54         60         25 ]
           2       49371     146.828   1.437e-08   1.501e-05   6.995e-01   1.534e-03   1.943e-02  1.0000        1099  [    1     55         60         22 ]
           2       49708     148.500   1.437e-08   1.501e-05   7.031e-01   1.518e-03   1.928e-02  1.0000        1116  [    1     56         60         24 ]
           2       50043     150.071   1.437e-08   1.265e-05   6.430e-01   1.517e-03   1.895e-02  1.0000        1127  [    1     57         60         26 ]
           2       50527     151.605   1.437e-08   1.265e-05   6.850e-01   1.428e-03   1.853e-02  1.0000        1181  [    2      8        120         28 ]
           2       50885     153.386   1.437e-08   1.265e-05   7.090e-01   1.406e-03   1.865e-02  1.0000        1152  [    1     58         60         27 ]
           2       51230     154.935   1.437e-08   1.265e-05   5.954e-01   1.404e-03   1.860e-02  1.0000        1170  [    1     59         60         26 ]
           2       51576     156.557   1.437e-08   1.265e-05   6.378e-01   1.375e-03   1.824e-02  1.0000        1154  [    1     60         60         24 ]
           2       51931     158.708   1.437e-08   1.265e-05   7.165e-01   1.343e-03   1.814e-02  1.0000        1178  [    1     61         60         24 ]
           2       52287     160.492   1.437e-08   1.265e-05   6.955e-01   1.326e-03   1.789e-02  1.0000        1206  [    1     62         60         25 ]
           2       52648     162.060   1.437e-08   1.265e-05   7.017e-01   1.321e-03   1.787e-02  1.0000        1215  [    1     63         60         26 ]
           2       53002     163.684   1.437e-08   1.265e-05   6.848e-01   1.310e-03   1.784e-02  1.0000        1228  [    1     64         60         26 ]
           3       55718     166.098   1.437e-08   1.265e-05   5.719e-01   2.176e-03   2.640e-02  1.0000         753  [    3      1        240         38 ]
           3       56307     167.099   1.437e-08   1.265e-05   5.802e-01   2.115e-03   2.599e-02  1.0000         667  [    2      9        120         30 ]
           3       57085     168.300   1.437e-08   1.265e-05   5.959e-01   1.853e-03   2.420e-02  1.0000         783  [    3      2        240         27 ]
           3       57569     169.480   1.437e-08   1.265e-05   6.277e-01   1.824e-03   2.398e-02  1.0000         788  [    2     10        120         29 ]
           3       58068     170.683   1.437e-08   1.265e-05   6.415e-01   1.768e-03   2.367e-02  1.0000         790  [    2     11        120         28 ]
           3       58570     171.776   1.437e-08   1.265e-05   6.333e-01   1.706e-03   2.312e-02  1.0000         815  [    2     12        120         25 ]
           3       59054     172.884   1.437e-08   1.265e-05   6.556e-01   1.663e-03   2.211e-02  1.0000         858  [    2     13        120         29 ]
           3       59566     174.401   1.437e-08   1.265e-05   5.347e-01   1.639e-03   2.194e-02  1.0000         893  [    2     14        120         28 ]
           3       60066     176.008   1.437e-08   1.265e-05   6.464e-01   1.592e-03   2.164e-02  1.0000         905  [    2     15        120         30 ]
           3       60576     177.673   1.437e-08   1.265e-05   6.006e-01   1.532e-03   2.094e-02  1.0000         939  [    2     16        120         30 ]
           3       61104     179.415   1.437e-08   2.839e-08   6.260e-01   1.482e-03   2.021e-02  1.0000         969  [    2     17        120         30 ]
           3       61866     180.645   1.437e-08   2.839e-08   6.723e-01   1.396e-03   1.942e-02  1.0000        1036  [    3      3        240         29 ]
           3       62386     182.322   1.437e-08   2.839e-08   5.569e-01   1.380e-03   1.903e-02  1.0000        1092  [    2     18        120         31 ]
           3       62883     183.817   1.437e-08   2.839e-08   6.199e-01   1.374e-03   1.884e-02  1.0000        1123  [    2     19        120         33 ]
           3       63419     186.052   1.437e-08   2.839e-08   6.621e-01   1.355e-03   1.871e-02  1.0000        1121  [    2     20        120         33 ]
           3       63932     187.937   1.437e-08   2.839e-08   6.584e-01   1.355e-03   1.867e-02  1.0000        1148  [    2     21        120         31 ]
           3       64465     189.741   1.437e-08   2.839e-08   6.576e-01   1.319e-03   1.847e-02  1.0000        1159  [    2     22        120         32 ]
           3       64977     191.353   1.437e-08   2.839e-08   6.554e-01   1.312e-03   1.830e-02  1.0000        1199  [    2     23        120         31 ]
           3       65525     193.248   1.437e-08   2.839e-08   6.355e-01   1.286e-03   1.796e-02  1.0000        1234  [    2     24        120         33 ]
           3       66080     195.167   1.437e-08   2.839e-08   5.894e-01   1.856e-03   2.355e-02  1.0000         745  [    2     25        120         33 ]
           3       66860     196.327   1.437e-08   2.839e-08   6.275e-01   1.772e-03   2.284e-02  1.0000         687  [    3      4        240         27 ]
           3       67348     197.159   1.437e-08   2.839e-08   6.647e-01   1.700e-03   2.219e-02  1.0000         682  [    2     26        120         26 ]
           3       67818     198.186   1.437e-08   2.839e-08   6.540e-01   1.663e-03   2.168e-02  1.0000         693  [    2     27        120         23 ]
           3       68249     199.527   1.437e-08   2.839e-08   5.759e-01   1.621e-03   2.116e-02  1.0000         732  [    2     28        120         24 ]
           3       68678     200.775   1.437e-08   2.839e-08   6.937e-01   1.595e-03   2.103e-02  1.0000         758  [    2     29        120         25 ]
           3       69121     202.069   1.437e-08   2.839e-08   7.007e-01   1.567e-03   2.096e-02  1.0000         766  [    2     30        120         24 ]
           3       69566     203.180   1.437e-08   2.839e-08   7.053e-01   1.533e-03   2.065e-02  1.0000         798  [    2     31        120         25 ]
           3       69983     204.459   1.437e-08   2.839e-08   6.849e-01   1.511e-03   2.044e-02  1.0000         826  [    2     32        120         27 ]
           3       70450     205.733   1.437e-08   2.839e-08   7.076e-01   1.482e-03   2.016e-02  1.0000         846  [    2     33        120         26 ]
           3       71167     206.780   1.437e-08   2.839e-08   6.807e-01   1.437e-03   1.955e-02  1.0000         916  [    3      5        240         28 ]
           3       71660     208.053   1.084e-08   2.839e-08   7.185e-01   1.407e-03   1.930e-02  1.0000         936  [    2     34        120         28 ]
           3       72147     209.277   1.084e-08   2.839e-08   6.192e-01   1.393e-03   1.908e-02  1.0000         963  [    2     35        120         29 ]
           3       72643     211.020   1.084e-08   2.839e-08   7.117e-01   1.368e-03   1.896e-02  1.0000         985  [    2     36        120         31 ]
           3       73145     212.822   1.084e-08   2.839e-08   7.327e-01   1.358e-03   1.886e-02  1.0000        1017  [    2     37        120         32 ]
           3       73677     214.530   1.084e-08   2.839e-08   7.597e-01   1.342e-03   1.861e-02  1.0000         982  [    2     38        120         28 ]
           3       74184     215.937   1.084e-08   2.839e-08   7.603e-01   1.338e-03   1.831e-02  1.0000         988  [    2     39        120         29 ]
           3       74672     217.444   1.084e-08   2.839e-08   7.636e-01   1.320e-03   1.802e-02  1.0000        1012  [    2     40        120         29 ]
           3       75145     219.053   1.084e-08   2.839e-08   7.573e-01   1.263e-03   1.728e-02  1.0000        1035  [    2     41        120         29 ]
           3       75923     220.606   1.084e-08   2.839e-08   6.536e-01   1.234e-03   1.696e-02  1.0000        1020  [    3      6        240         28 ]
           3       76386     222.413   1.084e-08   2.839e-08   6.346e-01   1.224e-03   1.685e-02  1.0000        1071  [    2     42        120         30 ]
           3       76887     224.370   1.084e-08   2.839e-08   6.449e-01   1.218e-03   1.681e-02  1.0000        1106  [    2     43        120         31 ]
           3       77387     226.246   1.084e-08   2.839e-08   6.248e-01   1.216e-03   1.679e-02  1.0000        1076  [    2     44        120         32 ]
           3       77895     228.175   1.084e-08   2.839e-08   7.400e-01   1.193e-03   1.650e-02  1.0000        1089  [    2     45        120         28 ]
           3       78391     229.776   1.084e-08   2.839e-08   7.599e-01   1.167e-03   1.643e-02  1.0000        1064  [    2     46        120         26 ]
           3       78874     231.328   1.084e-08   2.839e-08   7.314e-01   1.142e-03   1.613e-02  1.0000        1094  [    2     47        120         28 ]
           3       79376     232.890   1.084e-08   2.839e-08   7.294e-01   1.134e-03   1.593e-02  1.0000        1118  [    2     48        120         29 ]
           3       79864     235.048   1.084e-08   2.839e-08   7.215e-01   1.134e-03   1.592e-02  1.0000        1157  [    2     49        120         29 ]
           3       80642     237.423   1.084e-08   2.839e-08   7.674e-01   1.088e-03   1.548e-02  1.0000        1169  [    3      7        240         27 ]
           3       81133     239.382   1.084e-08   2.839e-08   7.412e-01   1.081e-03   1.528e-02  1.0000        1149  [    2     50        120         24 ]
           3       81561     240.740   1.084e-08   2.839e-08   6.675e-01   1.075e-03   1.524e-02  1.0000        1159  [    2     51        120         22 ]
           3       82020     242.518   1.084e-08   2.839e-08   6.635e-01   1.070e-03   1.522e-02  1.0000        1169  [    2     52        120         20 ]
           3       82471     244.540   1.084e-08   2.839e-08   6.755e-01   1.050e-03   1.493e-02  1.0000        1161  [    2     53        120         18 ]
           3       82914     246.628   1.084e-08   2.839e-08   7.312e-01   1.039e-03   1.471e-02  1.0000        1200  [    2     54        120         22 ]
           3       83404     248.324   1.084e-08   2.839e-08   7.893e-01   1.037e-03   1.472e-02  1.0000        1201  [    2     55        120         20 ]
           3       83861     250.677   1.084e-08   2.839e-08   6.764e-01   1.024e-03   1.440e-02  1.0000        1239  [    2     56        120         21 ]
           3       84326     252.938   1.084e-08   2.839e-08   7.841e-01   1.021e-03   1.428e-02  1.0000        1237  [    2     57        120         20 ]
           3       85082     255.058   1.084e-08   2.839e-08   7.942e-01   1.008e-03   1.423e-02  1.0000        1248  [    3      8        240         17 ]
           3       85524     257.271   1.084e-08   2.839e-08   7.062e-01   1.259e-03   1.699e-02  1.0000         756  [    2     58        120         22 ]
           3       85945     258.621   1.084e-08   2.839e-08   7.054e-01   1.250e-03   1.696e-02  1.0000         742  [    2     59        120         18 ]
           3       86369     259.848   1.084e-08   2.839e-08   7.655e-01   1.205e-03   1.659e-02  1.0000         806  [    2     60        120         18 ]
           3       86794     261.004   1.084e-08   2.839e-08   7.010e-01   1.193e-03   1.653e-02  1.0000         842  [    2     61        120         19 ]
           3       87208     262.269   1.084e-08   2.839e-08   7.557e-01   1.188e-03   1.633e-02  1.0000         891  [    2     62        120         21 ]
           3       87629     263.198   1.084e-08   2.839e-08   7.434e-01   1.173e-03   1.621e-02  1.0000         899  [    2     63        120         17 ]
           3       88053     264.292   1.084e-08   2.839e-08   7.593e-01   1.161e-03   1.610e-02  1.0000         950  [    2     64        120         19 ]
           4       91056     265.989   1.084e-08   2.839e-08   7.133e-01   1.348e-03   1.817e-02  1.0000         744  [    4      1        480         30 ]
           4       91529     267.084   1.084e-08   2.839e-08   7.229e-01   1.352e-03   1.815e-02  1.0000         703  [    2     65        120         17 ]
           4       92187     268.061   1.084e-08   2.839e-08   7.333e-01   1.269e-03   1.768e-02  1.0000         772  [    3      9        240         19 ]
           4       93377     269.508   1.084e-08   2.839e-08   7.182e-01   1.045e-03   1.532e-02  1.0000        1113  [    4      2        480         22 ]
           4       93836     271.383   1.084e-08   2.839e-08   7.130e-01   1.024e-03   1.519e-02  1.0000        1160  [    2     66        120         23 ]
           4       94312     273.165   1.084e-08   2.839e-08   7.082e-01   9.846e-04   1.480e-02  1.0000        1202  [    2     67        120         22 ]
           4       94768     275.542   1.084e-08   2.839e-08   5.980e-01   9.825e-04   1.480e-02  1.0000        1233  [    2     68        120         24 ]
           4       95247     278.023   1.084e-08   2.839e-08   7.184e-01   9.713e-04   1.474e-02  1.0000        1234  [    2     69        120         26 ]
           4       95740     280.486   1.084e-08   2.839e-08   7.170e-01   9.622e-04   1.459e-02  1.0000        1214  [    2     70        120         27 ]
           4       96229     282.847   1.084e-08   2.839e-08   7.180e-01   9.601e-04   1.449e-02  1.0000        1239  [    2     71        120         27 ]
           4       96721     285.085   1.084e-08   2.839e-08   6.657e-01   1.288e-03   1.814e-02  1.0000         759  [    2     72        120         23 ]
           4       97159     286.322   1.084e-08   2.839e-08   6.709e-01   1.295e-03   1.828e-02  1.0000         731  [    2     73        120         17 ]
           4       97838     287.486   1.084e-08   2.839e-08   5.537e-01   1.194e-03   1.748e-02  1.0000         836  [    3     10        240         20 ]
           4       98247     288.742   1.084e-08   2.839e-08   5.782e-01   1.183e-03   1.732e-02  1.0000         837  [    2     74        120         17 ]
           4       98658     289.948   1.084e-08   2.839e-08   5.747e-01   1.169e-03   1.724e-02  1.0000         884  [    2     75        120         19 ]
           4       99069     291.033   1.084e-08   2.839e-08   7.120e-01   1.147e-03   1.714e-02  1.0000         856  [    2     76        120         16 ]
           4       99439     292.349   1.084e-08   2.839e-08   5.981e-01   1.141e-03   1.707e-02  1.0000         877  [    2     77        120         17 ]
           4       99846     294.002   1.084e-08   2.839e-08   6.991e-01   1.140e-03   1.703e-02  1.0000         900  [    2     78        120         15 ]
           5      100238     295.246   1.084e-08   2.839e-08   5.812e-01   1.132e-03   1.703e-02  1.0000         932  [    4      2        480         22 ]
