 1.743307e+00  1.000000e+00      2.566935e-01  4.934771e-01  0.000000e+00            0
 2.772519e+00 -9.716973e-01      7.725192e-01  1.283760e-01  0.000000e+00            6
 1.198419e+00 -5.506400e-01      8.015813e-01  1.050156e-01  0.000000e+00           10
 2.979678e+00  3.604859e-01      9.796777e-01  1.056598e-02  0.000000e+00            6
 2.156428e+00 -1.936064e-01      1.564276e-01  6.044972e-01  0.000000e+00            2
 1.022934e+00  3.806611e-01      9.770664e-01  1.446545e-02  0.000000e+00           10
 1.925504e+00 -1.000000e+00      7.449603e-02  7.274436e-01  0.000000e+00            0
 2.576554e+00  1.000000e+00      5.765538e-01  2.408216e-01  0.000000e+00           16
 2.818750e+00 -2.917201e-01      8.187503e-01  9.597479e-02  0.000000e+00            6
 1.680340e+00  2.846593e-01      3.196603e-01  4.363877e-01  0.000000e+00            0
 2.309283e+00  4.289714e-01      3.092833e-01  4.440292e-01  0.000000e+00            8
 1.082692e+00  1.000000e+00      9.173076e-01  4.223826e-02  0.000000e+00           10
 1.718555e+00 -5.124037e-01      2.814448e-01  4.070488e+00  0.000000e+00           11
 2.463514e+00 -6.259494e-01      4.635135e-01  3.193385e-01  0.000000e+00            5
 1.170079e+00 -8.941779e-02      8.299214e-01  9.026470e-02  0.000000e+00           10
 1.242057e+00 -1.000000e+00      7.579430e-01  1.296511e-01  0.000000e+00           10
 1.464855e+00  6.598128e-01      5.351451e-01  2.724685e-01  0.000000e+00           11
 2.159722e+00  9.006207e-01      1.597223e-01  2.726866e+00  0.000000e+00            8
 2.945807e+00  7.847919e-01      9.458073e-01  3.675016e-02  0.000000e+00            6
 2.500484e+00  3.205860e-02      5.004837e-01  2.936038e-01  0.000000e+00            5
 1.696095e+00 -1.225041e-01      3.039050e-01  1.291650e+00  0.000000e+00           11
 2.404383e+00 -1.000000e+00      4.043831e-01  3.655131e-01  0.000000e+00            5
 2.039836e+00 -6.481735e-01      3.983575e-02  8.027385e-01  0.000000e+00            2
 2.000095e+00  5.915162e-01      9.470115e-05  1.694281e+00  0.000000e+00            1
 1.613812e+00 -8.456543e-01      3.861876e-01  3.786370e-01  0.000000e+00           11
 2.999097e+00  5.041709e-03      9.990968e-01  7.388732e-04  0.000000e+00            6
 2.638780e+00  5.232572e-01      6.387797e-01  2.016855e-01  0.000000e+00           16
 2.798081e+00 -6.336267e-01      7.980810e-01  1.072221e-01  0.000000e+00            6
 1.350837e+00  3.148390e-01      6.491629e-01  1.944608e-01  0.000000e+00           11
 2.000375e+00  2.111618e-01      3.751339e-04  1.075883e+00  0.000000e+00            1
 1.122495e+00  6.916069e-01      8.775048e-01  6.787203e-02  0.000000e+00           10
 2.482841e+00 -2.778570e-01      4.828414e-01  3.083267e-01  0.000000e+00            5
 1.396454e+00 -2.891559e-01      6.035458e-01  3.187489e+00  0.000000e+00           10
 1.395511e+00  9.523975e-01      6.044893e-01  2.244159e-01  0.000000e+00           11
 1.495159e+00  6.059837e-02      5.048413e-01  2.913424e-01  0.000000e+00           11
 1.975073e+00 -3.888730e-01      2.492657e-02  8.502808e-01  0.000000e+00           15
 2.252201e+00  1.106114e-01      2.522005e-01  2.076770e+00  0.000000e+00            7
 1.696753e+00  5.392889e-01      3.032471e-01  4.493300e-01  0.000000e+00            0
 2.291053e+00  6.786803e-01      2.910532e-01  4.631792e-01  0.000000e+00            8
 1.427290e+00 -6.341360e-01      5.727098e-01  5.454205e+00  0.000000e+00           10
 2.518000e+00  3.035338e-01      5.180003e-01  2.819936e-01  0.000000e+00           16
 2.546612e+00  7.374796e-01      5.466122e-01  2.627645e-01  0.000000e+00           16
 1.997341e+00 -2.164931e-02      2.659364e-03  9.500506e-01  0.000000e+00            3
 2.867152e+00  5.645178e-01      8.671517e-01  7.066770e-02  0.000000e+00            6
 1.004064e+00  6.916439e-02      9.959364e-01  2.142141e-03  0.000000e+00           10
 1.784868e+00  7.500397e-01      2.151320e-01  5.396442e-01  0.000000e+00            0
 2.115722e+00 -8.619037e-01      1.157218e-01  6.634414e-01  0.000000e+00            2
 2.673461e+00 -1.277107e-01      6.734611e-01  1.793532e-01  0.000000e+00            6
 2.239858e+00 -3.916798e-01      2.398577e-01  4.283037e+00  0.000000e+00            5
 2.840007e+00  1.493012e-01      8.400066e-01  8.461838e-02  0.000000e+00            6
 1.186102e+00 -3.318712e-01      8.138983e-01  9.922361e-02  0.000000e+00           10
 2.090363e+00  3.979247e-01      9.036329e-02  4.558915e+00  0.000000e+00            9
 1.219355e+00 -7.941576e-01      7.806454e-01  1.202586e-01  0.000000e+00           10
 2.338225e+00 -9.085180e-02      3.382251e-01  4.184317e-01  0.000000e+00            7
 1.157864e+00  2.023468e-01      8.421357e-01  8.508608e-02  0.000000e+00           10
 1.828416e+00  1.061207e-01      1.715836e-01  5.861419e-01  0.000000e+00            0
 1.650895e+00 -3.183355e-01      3.491052e-01  4.104394e-01  0.000000e+00           11
 1.880304e+00 -7.619709e-01      1.196955e-01  6.543267e-01  0.000000e+00            0
 2.916576e+00  9.784882e-01      9.165759e-01  4.354570e-02  0.000000e+00            6
 2.589300e+00 -9.250113e-01      5.892999e-01  7.595111e+00  0.000000e+00            6
 1.845879e+00 -2.342091e-01      1.541207e-01  6.074179e-01  0.000000e+00            0
 1.505176e+00 -1.257481e-01      4.948241e-01  2.981689e-01  0.000000e+00           11
 1.527111e+00 -4.578293e-01      4.728886e-01  3.142845e-01  0.000000e+00           11
 2.692322e+00 -4.196769e-01      6.923217e-01  1.720420e-01  0.000000e+00            6
 1.330359e+00 -1.504211e-02      6.696409e-01  1.850448e-01  0.000000e+00           11
 2.445065e+00 -8.273436e-01      4.450650e-01  3.350164e-01  0.000000e+00            5
 1.811397e+00  4.128657e-01      1.886027e-01  5.659606e-01  0.000000e+00            0
 1.667571e+00  5.014530e-02      3.324294e-01  4.256253e-01  0.000000e+00           12
 1.626946e+00 -6.509844e-01      3.730541e-01  3.909845e-01  0.000000e+00           11
 2.829872e+00 -7.467725e-02      8.298724e-01  8.920666e-02  0.000000e+00            6
 2.170888e+00  2.527100e-01      1.708878e-01  6.466299e-01  0.000000e+00            9
 2.359860e+00 -4.996624e-01      3.598602e-01  4.009341e-01  0.000000e+00            5
 1.566781e+00 -1.000000e+00      4.332192e-01  3.464682e-01  0.000000e+00           11
 1.487173e+00  2.304250e-01      5.128273e-01  2.840429e-01  0.000000e+00           11
 1.342120e+00  1.561745e-01      6.578804e-01  1.890526e-01  0.000000e+00           11
 2.141138e+00 -5.157916e-01      1.411383e-01  6.299237e-01  0.000000e+00            2
 2.164610e+00 -4.145590e-02      1.646098e-01  5.942931e-01  0.000000e+00            2
 2.013480e+00 -2.426337e-01      1.348022e-02  8.840483e-01  0.000000e+00            2
 2.196265e+00  5.288309e-01      1.962652e-01  5.569824e-01  0.000000e+00            9
 1.451165e+00  8.136983e-01      5.488354e-01  2.597979e-01  0.000000e+00           11
 2.294533e+00 -2.531443e-01      2.945333e-01  2.153881e+00  0.000000e+00            5
 1.872254e+00 -6.140332e-01      1.277460e-01  6.487543e-01  0.000000e+00            0
 2.505088e+00  4.502259e-01      5.050884e-01  5.405870e-01  0.000000e+00           16
 1.478697e+00  3.866516e-01      5.213034e-01  2.780219e-01  0.000000e+00           11
 2.070917e+00 -1.000000e+00      7.091715e-02  7.351837e-01  0.000000e+00            2
 1.013760e+00  2.364540e-01      9.862398e-01  7.705603e-03  0.000000e+00           10
 1.032107e+00  5.248683e-01      9.678929e-01  2.006744e-02  0.000000e+00           10
 2.491452e+00 -1.340048e-01      4.914517e-01  3.003610e-01  0.000000e+00            5
 1.356548e+00  4.602080e-01      6.434524e-01  2.005039e-01  0.000000e+00           11
 1.817195e+00  2.495018e-01      1.828051e-01  5.774489e-01  0.000000e+00            0
 1.324183e+00 -4.876907e-01      6.758175e-01  3.777015e-01  0.000000e+00           10
 1.838687e+00 -9.387113e-02      1.613128e-01  5.984568e-01  0.000000e+00            0
 2.478573e+00 -4.255792e-01      4.785734e-01  3.103341e-01  0.000000e+00            5
 2.610356e+00  8.617250e-01      6.103562e-01  2.190036e-01  0.000000e+00           16
 2.681244e+00 -2.731073e-01      6.812444e-01  1.746309e-01  0.000000e+00            6
 2.000001e+00  7.289210e-01      1.107985e-06  2.061660e+00  0.000000e+00            1
 1.055367e+00  8.662507e-01      9.446327e-01  2.808588e-02  0.000000e+00           10
 2.710153e+00 -7.365009e-01      7.101531e-01  1.573560e-01  0.000000e+00            6
 2.276587e+00  8.338664e-01      2.765867e-01  4.778115e-01  0.000000e+00            8
 1.860225e+00 -4.567490e-01      1.397747e-01  6.277853e-01  0.000000e+00            0
