 4.038863e+00  2.181479e+00      2.094339e+00  1.855940e-01  2.046924e+00  0.000000e+00            5
-3.942565e+00 -4.084631e+00      2.287819e+00  1.944408e+00  1.022796e-01  0.000000e+00            1
-2.918929e+00 -2.037061e+00      8.914092e-02  2.167385e+00  2.240947e+00  0.000000e+00            1
 2.902320e+00  4.002237e+00      9.770518e-02  2.283386e+00  2.196163e+00  0.000000e+00            5
 2.046424e+00  1.970390e+00      2.242460e+00  1.953800e+00  5.506320e-02  0.000000e+00            5
-1.996518e+00 -3.792797e+00      2.054531e+00  2.072318e-01  2.014168e+00  0.000000e+00            1
-3.066065e+00 -3.243427e+00      1.245181e+00  1.307248e+00  1.201931e+00  0.000000e+00            1
 3.014595e+00  2.816026e+00      1.184064e+00  1.279422e+00  1.302038e+00  0.000000e+00            5
 3.048351e+00  1.839591e+00      2.160950e+00  9.650732e-01  1.060552e+00  0.000000e+00            5
-2.865819e+00 -4.168145e+00      2.172293e+00  8.819948e-01  1.146577e+00  0.000000e+00            1
 3.546565e+00  3.438585e+00      7.835309e-01  1.508353e+00  2.112200e+00  0.000000e+00            5
-2.436197e+00 -2.688624e+00      8.899867e-01  1.382019e+00  2.040879e+00  0.000000e+00            1
 2.263128e+00  2.719445e+00      1.477430e+00  1.879980e+00  7.660537e-01  0.000000e+00            5
-3.415158e+00 -2.621416e+00      7.473382e-01  1.975643e+00  1.497509e+00  0.000000e+00            1
-3.748762e+00 -3.269851e+00      1.474166e+00  1.895069e+00  7.721648e-01  0.000000e+00            1
 3.674964e+00  2.770948e+00      1.402193e+00  8.366654e-01  1.843873e+00  0.000000e+00            5
 2.608060e+00  3.445301e+00      6.791967e-01  2.006587e+00  1.568002e+00  0.000000e+00            5
-2.574955e+00 -3.611771e+00      1.666874e+00  6.937545e-01  1.476981e+00  0.000000e+00            1
 2.656029e+00  2.259124e+00      1.774533e+00  1.368723e+00  7.053504e-01  0.000000e+00            5
-3.418636e+00 -3.850476e+00      1.897239e+00  1.426494e+00  6.002846e-01  0.000000e+00            1
 3.471076e+00  2.231866e+00      1.829812e+00  5.775139e-01  1.489237e+00  0.000000e+00            5
-2.278594e+00 -3.206584e+00      1.405799e+00  8.409067e-01  1.895455e+00  0.000000e+00            1
-2.935745e+00 -2.699497e+00      7.024419e-01  1.602163e+00  1.680460e+00  0.000000e+00            1
 3.753983e+00  1.797004e+00      2.328451e+00  3.189543e-01  1.765691e+00  0.000000e+00            5
 3.056658e+00  3.286849e+00      7.153976e-01  1.595580e+00  1.665085e+00  0.000000e+00            5
-2.403015e+00 -4.043103e+00      2.128535e+00  4.053135e-01  1.597567e+00  0.000000e+00            1
-2.994030e+00 -3.743847e+00      1.743857e+00  1.026503e+00  1.038071e+00  0.000000e+00            1
 2.590626e+00  3.011692e+00      1.069738e+00  1.734894e+00  1.171478e+00  0.000000e+00            5
 3.202526e+00  3.676841e+00      3.813767e-01  1.856815e+00  2.063460e+00  0.000000e+00            5
-2.679468e+00 -3.098872e+00      1.144666e+00  1.128587e+00  1.598699e+00  0.000000e+00            1
 3.070027e+00  2.288679e+00      1.712754e+00  9.737478e-01  1.108284e+00  0.000000e+00            5
-3.422693e+00 -3.025318e+00      1.109030e+00  1.724547e+00  1.132823e+00  0.000000e+00            1
-2.653657e+00 -2.341635e+00      4.864850e-01  1.782538e+00  2.136075e+00  0.000000e+00            1
-3.327369e+00 -2.231569e+00      4.009920e-01  2.211167e+00  1.892031e+00  0.000000e+00            1
-3.399286e+00 -3.430899e+00      1.485564e+00  1.510588e+00  8.274866e-01  0.000000e+00            1
-3.812377e+00 -3.729475e+00      1.910770e+00  1.832456e+00  3.292202e-01  0.000000e+00            1
 2.024691e+00  2.347065e+00      1.919225e+00  2.005567e+00  3.479418e-01  0.000000e+00            5
 2.421857e+00  1.934498e+00      2.144889e+00  1.579502e+00  4.269117e-01  0.000000e+00            5
 2.683758e+00  2.649978e+00      1.386567e+00  1.467979e+00  9.433967e-01  0.000000e+00            5
 3.981887e+00  2.547070e+00      1.753599e+00  5.473693e-01  2.056006e+00  0.000000e+00            5
 3.275250e+00  2.586620e+00      1.439933e+00  9.324082e-01  1.403704e+00  0.000000e+00            5
 3.544192e+00  3.108114e+00      1.044800e+00  1.198197e+00  1.900643e+00  0.000000e+00            5
 2.851771e+00  3.664380e+00      3.668962e-01  2.022026e+00  1.869672e+00  0.000000e+00            5
-3.060717e+00 -2.398885e+00      4.034799e-01  1.920596e+00  1.856292e+00  0.000000e+00            1
 2.742402e+00  1.903633e+00      2.112134e+00  1.261284e+00  7.486307e-01  0.000000e+00            5
 2.345131e+00  2.237645e+00      1.880093e+00  1.671845e+00  4.190355e-01  0.000000e+00            5
-2.140355e+00 -3.516991e+00      1.743632e+00  5.029880e-01  1.921348e+00  0.000000e+00            1
-3.139666e+00 -4.028070e+00      2.032874e+00  1.140012e+00  8.607915e-01  0.000000e+00            1
-2.850251e+00 -3.477610e+00      1.485179e+00  9.979071e-01  1.262859e+00  0.000000e+00            1
 3.289533e+00  2.920571e+00      1.117585e+00  1.162847e+00  1.584407e+00  0.000000e+00            5
-3.577482e+00 -4.092621e+00      2.170841e+00  1.580199e+00  4.325505e-01  0.000000e+00            1
-2.308120e+00 -3.751385e+00      1.883096e+00  3.959128e-01  1.710049e+00  0.000000e+00            1
 3.255559e+00  2.045101e+00      1.971533e+00  7.458058e-01  1.256369e+00  0.000000e+00            5
-2.709835e+00 -3.933310e+00      1.954964e+00  7.129614e-01  1.291887e+00  0.000000e+00            1
 2.777820e+00  3.221057e+00      8.100102e-01  1.727630e+00  1.447751e+00  0.000000e+00            5
-3.069441e+00 -2.969402e+00      9.718855e-01  1.485206e+00  1.388551e+00  0.000000e+00            1
 2.925794e+00  2.515176e+00      1.486677e+00  1.191354e+00  1.059482e+00  0.000000e+00            5
-2.565943e+00 -3.351780e+00      1.419759e+00  8.605117e-01  1.573757e+00  0.000000e+00            1
-2.056819e+00 -4.045025e+00      2.252047e+00  7.249595e-02  1.943702e+00  0.000000e+00            1
-3.643904e+00 -3.507613e+00      1.639363e+00  1.716061e+00  6.076586e-01  0.000000e+00            1
 3.499259e+00  1.972865e+00      2.087711e+00  5.014753e-01  1.499505e+00  0.000000e+00            5
-2.681729e+00 -2.623271e+00      6.998307e-01  1.536274e+00  1.906102e+00  0.000000e+00            1
 3.295659e+00  3.407105e+00      6.625240e-01  1.573545e+00  1.912767e+00  0.000000e+00            5
 3.722382e+00  2.217479e+00      1.923335e+00  3.526595e-01  1.736058e+00  0.000000e+00            5
 2.395723e+00  3.169330e+00      1.027211e+00  1.985205e+00  1.234475e+00  0.000000e+00            5
 2.941068e+00  2.075316e+00      1.925586e+00  1.061608e+00  9.440766e-01  0.000000e+00            5
-3.213425e+00 -3.593016e+00      1.607249e+00  1.279858e+00  8.856277e-01  0.000000e+00            1
 2.509401e+00  2.455128e+00      1.620900e+00  1.558534e+00  6.831034e-01  0.000000e+00            5
-2.349812e+00 -2.974366e+00      1.171381e+00  1.083648e+00  1.942947e+00  0.000000e+00            1
-3.192272e+00 -2.717935e+00      7.432356e-01  1.750772e+00  1.515294e+00  0.000000e+00            1
 3.552328e+00  2.565566e+00      1.537097e+00  7.213011e-01  1.652146e+00  0.000000e+00            5
-3.650110e+00 -2.953577e+00      1.154103e+00  1.953935e+00  1.103369e+00  0.000000e+00            1
-2.614543e+00 -2.880493e+00      9.611685e-01  1.277090e+00  1.781232e+00  0.000000e+00            1
 2.213234e+00  1.816903e+00      2.320542e+00  1.796123e+00  2.810572e-01  0.000000e+00            5
 2.462855e+00  2.822041e+00      1.294647e+00  1.743148e+00  9.433908e-01  0.000000e+00            5
 3.289321e+00  2.362497e+00      1.662866e+00  7.977902e-01  1.339310e+00  0.000000e+00            5
-4.074561e+00 -3.908258e+00      2.190006e+00  2.076588e+00  1.182199e-01  0.000000e+00            1
-2.343159e+00 -3.431644e+00      1.575134e+00  6.639173e-01  1.751614e+00  0.000000e+00            1
 2.994108e+00  3.078641e+00      9.213774e-01  1.474885e+00  1.466874e+00  0.000000e+00            5
 2.179337e+00  2.495144e+00      1.714083e+00  1.886792e+00  5.266201e-01  0.000000e+00            5
-3.532869e+00 -3.208025e+00      1.320331e+00  1.725373e+00  9.194758e-01  0.000000e+00            1
 2.801577e+00  2.985820e+00      1.033408e+00  1.551792e+00  1.270578e+00  0.000000e+00            5
-2.856601e+00 -2.894076e+00      9.055031e-01  1.398868e+00  1.590732e+00  0.000000e+00            1
-2.899342e+00 -2.269541e+00      2.877227e-01  1.950206e+00  2.050838e+00  0.000000e+00            1
 2.813134e+00  3.428280e+00      6.014838e-01  1.857050e+00  1.643524e+00  0.000000e+00            5
-2.786679e+00 -3.272485e+00      1.290242e+00  1.071513e+00  1.414718e+00  0.000000e+00            1
 2.171727e+00  2.128492e+00      2.046602e+00  1.832782e+00  2.144770e-01  0.000000e+00            5
-2.791997e+00 -3.749755e+00      1.762075e+00  8.305911e-01  1.233651e+00  0.000000e+00            1
 2.518746e+00  2.112605e+00      1.947785e+00  1.485528e+00  5.308268e-01  0.000000e+00            5
-3.408684e+00 -2.821923e+00      9.179213e-01  1.836371e+00  1.318151e+00  0.000000e+00            1
-3.271368e+00 -3.156734e+00      1.188139e+00  1.525606e+00  1.114451e+00  0.000000e+00            1
 3.392675e+00  3.616730e+00      5.487164e-01  1.727038e+00  2.133860e+00  0.000000e+00            5
-3.408184e+00 -3.632424e+00      1.682683e+00  1.455367e+00  6.966767e-01  0.000000e+00            1
 3.837538e+00  1.975825e+00      2.190606e+00  1.642506e-01  1.837697e+00  0.000000e+00            5
 3.865232e+00  2.705590e+00      1.556960e+00  7.183450e-01  1.994229e+00  0.000000e+00            5
-3.070663e+00 -3.438928e+00      1.440663e+00  1.208768e+00  1.085573e+00  0.000000e+00            1
-2.526252e+00 -3.799825e+00      1.861130e+00  5.630377e-01  1.487280e+00  0.000000e+00            1
 3.466631e+00  2.843588e+00      1.247010e+00  9.980597e-01  1.691935e+00  0.000000e+00            5
-2.597866e+00 -4.089985e+00      2.128321e+00  6.045997e-01  1.405019e+00  0.000000e+00            1
-3.250205e+00 -2.417348e+00      4.866027e-01  2.016878e+00  1.751279e+00  0.000000e+00            1
