 7.206406e+00 -2.996835e-01      2.444738e+00  2.134842e-01  0.000000e+00            7
-6.212142e-01  1.485962e+01      1.401643e-04  4.045600e+00  0.000000e+00            5
 7.733152e-02 -1.483770e+01      3.673634e+00  1.180159e-02  0.000000e+00            4
-7.686639e+00  7.190008e-01      2.449447e-04  4.005115e+00  0.000000e+00            1
-2.612039e+00 -6.449727e+00      1.199103e-02  3.576841e+00  0.000000e+00            2
 4.403029e+00  7.769373e+00      5.574435e-04  4.037628e+00  0.000000e+00            6
-5.369858e+00  7.767084e+00      1.961679e-03  3.849310e+00  0.000000e+00            8
-2.954652e-01  6.096552e-01      2.736834e-02  3.373617e+00  0.000000e+00            3
 2.372182e+00 -7.785160e+00      3.989898e+00  1.614477e-04  0.000000e+00            0
 5.878957e-01  1.343539e+01      3.988214e+00  1.462255e-05  0.000000e+00            5
-6.494659e+00 -7.141459e-01      3.923354e+00  1.245182e-03  0.000000e+00            1
-4.192617e+00  6.378135e+00      3.978501e+00  2.429940e-04  0.000000e+00            8
 5.124614e+00  6.361042e+00      4.001402e+00  1.441803e-05  0.000000e+00            6
-1.937330e+00 -7.803848e+00      4.103296e+00  7.709575e-04  0.000000e+00            2
 3.439353e-01 -7.062753e-01      4.014392e+00  3.558857e-05  0.000000e+00            3
-1.087193e-01 -1.342725e+01      2.137113e-03  3.895235e+00  0.000000e+00            4
 2.186189e+00 -6.383752e+00      3.739768e-03  3.784101e+00  0.000000e+00            0
 7.008977e+00  7.170978e-01      9.519802e-03  3.763261e+00  0.000000e+00            7
-7.035640e+00  4.572805e-02      1.094757e+00  9.309141e-01  0.000000e+00            1
 4.279800e-02  1.418964e+01      1.008392e+00  1.001135e+00  0.000000e+00            5
-4.828635e+00  7.021451e+00      9.702675e-01  1.046368e+00  0.000000e+00            8
 4.788621e+00  7.077333e+00      9.949506e-01  1.005142e+00  0.000000e+00            6
-2.278685e+00 -7.139524e+00      1.079422e+00  9.304494e-01  0.000000e+00            2
 9.015388e-03 -4.525946e-02      1.091937e+00  9.128125e-01  0.000000e+00            3
 9.710892e-03 -1.412819e+01      1.078380e+00  9.307588e-01  0.000000e+00            4
 2.292076e+00 -7.094486e+00      1.080768e+00  9.224488e-01  0.000000e+00            0
 7.011753e+00  1.753616e-01      4.998136e-01  1.678053e+00  0.000000e+00            7
-3.197677e-01  1.449272e+01      2.402017e-01  2.280622e+00  0.000000e+00            5
-6.822438e+00 -3.787407e-01      2.065852e+00  3.310992e-01  0.000000e+00            1
-7.346614e+00  3.984225e-01      2.921632e-01  2.164075e+00  0.000000e+00            1
 2.960419e-01  1.380016e+01      2.218745e+00  2.606112e-01  0.000000e+00            5
-4.449832e+00  6.765825e+00      2.298146e+00  2.431821e-01  0.000000e+00            8
-5.134461e+00  7.357731e+00      2.503787e-01  2.293820e+00  0.000000e+00            8
 7.156617e+00 -7.196711e-01      4.028595e+00  1.641743e-04  0.000000e+00            7
 4.535687e+00  7.394247e+00      2.142892e-01  2.396866e+00  0.000000e+00            6
 4.945834e+00  6.713231e+00      2.218996e+00  2.608444e-01  0.000000e+00            6
-2.434432e+00 -6.786449e+00      3.459668e-01  1.993508e+00  0.000000e+00            2
 1.412820e-01 -4.011102e-01      2.219044e+00  2.690061e-01  0.000000e+00            3
-2.117772e+00 -7.494252e+00      2.287505e+00  2.480993e-01  0.000000e+00            2
 2.238165e+00 -6.738190e+00      2.892254e-01  2.138306e+00  0.000000e+00            0
-7.072671e-02 -1.378212e+01      1.840701e-01  2.489054e+00  0.000000e+00            4
 5.802100e-02 -1.448403e+01      2.372286e+00  2.154260e-01  0.000000e+00            4
-1.066470e-01  2.873655e-01      4.230371e-01  1.830541e+00  0.000000e+00            3
 2.295973e+00 -7.457601e+00      2.113302e+00  3.111413e-01  0.000000e+00            0
 6.985242e+00 -9.088694e-02      9.950289e-01  1.045071e+00  0.000000e+00            7
 7.058981e+00  4.545389e-01      1.996045e-01  2.442876e+00  0.000000e+00            7
-4.386799e+00  6.526094e+00      2.921097e+00  8.921788e-02  0.000000e+00            8
-7.248675e+00  1.764555e-01      5.114079e-01  1.654573e+00  0.000000e+00            1
-4.923624e-01  1.465916e+01      5.542279e-02  3.124941e+00  0.000000e+00            5
-1.453753e-01  1.433120e+01      5.575277e-01  1.571336e+00  0.000000e+00            5
-6.869878e+00 -1.190338e-01      1.739121e+00  4.950550e-01  0.000000e+00            1
 1.598308e-01  1.398803e+01      1.543077e+00  5.751809e-01  0.000000e+00            5
-5.203545e+00  7.605885e+00      8.665454e-02  2.924241e+00  0.000000e+00            8
-7.547046e+00  5.365449e-01      5.165756e-02  3.144348e+00  0.000000e+00            1
 4.744230e+00  7.302307e+00      5.703741e-01  1.565685e+00  0.000000e+00            6
-4.661476e+00  6.867001e+00      1.533079e+00  5.846602e-01  0.000000e+00            8
-4.924382e+00  7.224965e+00      6.012617e-01  1.499745e+00  0.000000e+00            8
 4.405386e-01  1.360493e+01      3.064822e+00  6.226303e-02  0.000000e+00            5
-6.640405e+00 -5.047677e-01      2.969917e+00  7.664222e-02  0.000000e+00            1
 4.562496e+00  7.608427e+00      8.937664e-02  2.913198e+00  0.000000e+00            6
-2.992026e-01  3.974005e-01      1.104115e-01  2.893918e+00  0.000000e+00            3
 5.084095e+00  6.566779e+00      3.133043e+00  5.642354e-02  0.000000e+00            6
 7.083990e+00 -5.405891e-01      2.824159e+00  1.109134e-01  0.000000e+00            7
 1.135976e-01 -2.076635e-01      1.714163e+00  4.774875e-01  0.000000e+00            3
-2.373629e+00 -6.972679e+00      6.112019e-01  1.501930e+00  0.000000e+00            2
 4.880908e+00  6.889706e+00      1.592916e+00  5.445349e-01  0.000000e+00            6
 7.143821e+00  4.128682e-03      1.214896e+00  8.253778e-01  0.000000e+00            7
 2.330143e+00 -7.280023e+00      1.766482e+00  4.517752e-01  0.000000e+00            0
-4.396930e-04 -1.431371e+01      1.267710e+00  7.911822e-01  0.000000e+00            4
-8.576619e-02  1.063986e-01      6.486725e-01  1.432189e+00  0.000000e+00            3
-2.177908e+00 -7.326112e+00      1.744816e+00  4.636274e-01  0.000000e+00            2
-1.989972e+00 -7.633458e+00      3.412757e+00  2.614854e-02  0.000000e+00            2
 2.807291e-01 -5.115907e-01      3.132017e+00  5.537160e-02  0.000000e+00            3
-2.526906e+00 -6.635961e+00      1.203984e-01  2.741710e+00  0.000000e+00            2
 2.258590e+00 -6.913378e+00      5.924006e-01  1.513838e+00  0.000000e+00            0
-3.059764e-02 -1.395677e+01      5.268520e-01  1.623873e+00  0.000000e+00            4
 2.205518e+00 -6.558471e+00      7.737344e-02  2.964798e+00  0.000000e+00            0
-9.437366e-02 -1.360914e+01      4.389162e-02  3.221862e+00  0.000000e+00            4
 8.278452e-02 -1.465363e+01      3.244217e+00  4.598307e-02  0.000000e+00            4
 2.371159e+00 -7.610439e+00      3.219783e+00  4.337468e-02  0.000000e+00            0
 6.926049e+00  5.601498e-01      2.311899e-02  3.497094e+00  0.000000e+00            7
 7.133245e+00 -1.637713e-01      1.658123e+00  5.120817e-01  0.000000e+00            7
-1.708433e-01  1.453091e+01      3.606336e-01  2.019977e+00  0.000000e+00            5
 6.980430e+00  3.220170e-01      2.406705e-01  2.291815e+00  0.000000e+00            7
-4.691612e-01  1.450114e+01      1.478053e-01  2.701663e+00  0.000000e+00            5
-4.506711e+00  6.627961e+00      2.340136e+00  2.342702e-01  0.000000e+00            8
-7.081594e+00 -9.281650e-02      1.025188e+00  1.006962e+00  0.000000e+00            1
 4.618755e+00  7.228400e+00      4.794866e-01  1.733743e+00  0.000000e+00            6
 4.642692e+00  7.484922e+00      2.400565e-01  2.300444e+00  0.000000e+00            6
-4.675377e+00  7.005120e+00      1.325666e+00  7.257537e-01  0.000000e+00            8
 7.163894e+00 -4.306589e-01      2.752130e+00  1.192288e-01  0.000000e+00            7
 7.054559e+00 -2.741747e-01      1.718893e+00  4.841748e-01  0.000000e+00            7
-4.807535e+00  7.157934e+00      8.713164e-01  1.143957e+00  0.000000e+00            8
-6.934418e+00 -2.360439e-01      1.554540e+00  5.803827e-01  0.000000e+00            1
-6.523125e+00 -5.676354e-01      3.648732e+00  1.952245e-02  0.000000e+00            1
-3.664112e-01  7.207012e-01      1.848464e-04  4.039181e+00  0.000000e+00            3
-5.051649e-01  1.479991e+01      1.842871e-02  3.521186e+00  0.000000e+00            5
-5.203530e+00  7.476397e+00      1.323506e-01  2.704123e+00  0.000000e+00            8
-4.577192e+00  6.742632e+00      1.941244e+00  3.757811e-01  0.000000e+00            8
-1.725970e-01  4.141032e-01      2.219617e-01  2.349726e+00  0.000000e+00            3
