 2.916576e+00  9.784882e-01      9.165759e-01  4.354570e-02  0.000000e+00            4
 1.302800e+00 -9.318850e-01      6.971996e-01  4.654877e-01  0.000000e+00            8
 1.097529e+00  9.475084e-01      9.024706e-01  5.058687e-02  0.000000e+00           19
 2.802067e+00 -6.172844e-01      8.020673e-01  1.119732e-01  0.000000e+00            4
 1.862431e+00  3.754018e-02      1.375691e-01  1.253897e+00  0.000000e+00           14
 2.630862e+00  2.147287e-01      6.308624e-01  5.420725e-01  0.000000e+00           21
 1.870143e+00  9.536877e-01      1.298565e-01  5.716173e+00  0.000000e+00            7
 2.048458e+00 -7.660416e-01      4.845848e-02  7.811735e-01  0.000000e+00            1
 1.477180e+00  5.203093e-01      5.228196e-01  2.982840e-01  0.000000e+00           26
 1.330632e+00 -1.430321e-01      6.693676e-01  1.988316e-01  0.000000e+00            3
 2.323097e+00 -2.108976e-01      3.230969e-01  7.558451e-01  0.000000e+00            0
 2.189721e+00  4.583228e-01      1.897206e-01  5.672157e-01  0.000000e+00            5
 1.666237e+00 -4.879476e-01      3.337633e-01  8.827745e-01  0.000000e+00           36
 2.824311e+00 -1.831987e-01      8.243114e-01  9.247366e-02  0.000000e+00            4
 2.867152e+00  5.645178e-01      8.671517e-01  7.066770e-02  0.000000e+00            4
 1.207190e+00 -5.349083e-01      7.928104e-01  1.587679e-01  0.000000e+00            2
 2.267750e+00  9.159901e-01      2.677500e-01  4.841855e-01  0.000000e+00            5
 2.364776e+00 -5.733640e-01      3.647759e-01  3.964700e-01  0.000000e+00           29
 1.477905e+00  8.647013e-01      5.220947e-01  7.009356e-01  0.000000e+00           18
 1.867489e+00  3.770420e-01      1.325111e-01  2.546189e+00  0.000000e+00            9
 2.021527e+00 -3.429679e-01      2.152653e-02  8.586378e-01  0.000000e+00           12
 2.564867e+00 -8.308286e-01      5.648672e-01  6.520305e+00  0.000000e+00            4
 2.172311e+00  9.075786e-02      1.723111e-01  5.853729e-01  0.000000e+00            5
 1.149734e+00  6.501897e-01      8.502662e-01  3.042363e-01  0.000000e+00           19
 1.615583e+00 -7.703474e-01      3.844166e-01  3.850875e-01  0.000000e+00           22
 1.531531e+00  2.734889e-01      4.684689e-01  1.704853e+00  0.000000e+00           26
 2.617122e+00 -3.708653e-02      6.171218e-01  1.629095e+00  0.000000e+00           21
 1.884508e+00 -9.397535e-01      1.154919e-01  6.879694e-01  0.000000e+00           15
 1.560501e+00 -1.069891e-01      4.394987e-01  1.622886e+00  0.000000e+00           32
 2.840994e+00  1.423656e-01      8.409944e-01  8.294726e-02  0.000000e+00            4
 2.790945e+00 -8.343273e-01      7.909452e-01  1.383415e-01  0.000000e+00            4
 2.813189e+00 -4.002415e-01      8.131893e-01  9.998154e-02  0.000000e+00            4
 2.006013e+00 -1.224750e-01      6.013132e-03  9.226313e-01  0.000000e+00           12
 1.712718e+00  5.257323e-01      2.872820e-01  5.766693e-01  0.000000e+00            9
 1.875408e+00 -5.090611e-01      1.245920e-01  7.298184e-01  0.000000e+00           25
 2.852117e+00  3.594085e-01      8.521165e-01  7.722127e-02  0.000000e+00            4
 2.945807e+00  7.847919e-01      9.458073e-01  3.675016e-02  0.000000e+00            4
 1.821415e+00  7.652786e-01      1.785846e-01  1.166053e+00  0.000000e+00            7
 2.131922e+00 -5.924913e-01      1.319220e-01  6.373409e-01  0.000000e+00            6
 1.667571e+00  5.014530e-02      3.324294e-01  4.256253e-01  0.000000e+00            9
 1.554927e+00  6.833176e-01      4.450734e-01  5.096746e+00  0.000000e+00           18
 1.684930e+00  3.557305e-01      3.150705e-01  4.393542e-01  0.000000e+00            9
 2.125890e+00  3.055498e-01      1.258904e-01  2.647950e+00  0.000000e+00            5
 2.202589e+00  6.087981e-01      2.025890e-01  5.505315e-01  0.000000e+00            5
 2.155474e+00 -1.113292e-01      1.554739e-01  6.249410e-01  0.000000e+00            5
 1.386280e+00  7.474745e-01      6.137199e-01  2.338678e-01  0.000000e+00           18
 1.859809e+00 -1.421782e-01      1.401915e-01  8.519214e-01  0.000000e+00           14
 2.025540e+00 -4.878654e-01      2.553988e-02  8.414212e-01  0.000000e+00           12
 1.527111e+00 -4.578293e-01      4.728886e-01  3.142845e-01  0.000000e+00           32
 1.724423e+00  8.682635e-01      2.755765e-01  4.756768e-01  0.000000e+00            7
 1.313422e+00 -6.270656e-01      6.865778e-01  3.071190e-01  0.000000e+00            2
 2.464521e+00 -4.760289e-01      4.645209e-01  3.599080e-01  0.000000e+00           29
 1.045867e+00  7.411790e-01      9.541327e-01  2.397447e-02  0.000000e+00           19
 1.623078e+00 -6.340281e-01      3.769221e-01  4.053576e-01  0.000000e+00           22
 2.112381e+00 -8.862746e-01      1.123807e-01  6.668752e-01  0.000000e+00            6
 1.228309e+00  9.647012e-01      7.716908e-01  7.207461e+00  0.000000e+00           19
 2.646743e+00  8.307395e-02      6.467433e-01  3.567753e-01  0.000000e+00           21
 2.000212e+00 -9.179868e-01      2.123889e-04  2.656158e+00  0.000000e+00           15
 2.672264e+00 -8.492102e-01      6.722636e-01  1.286874e+00  0.000000e+00            4
 2.829872e+00 -7.467725e-02      8.298724e-01  8.920666e-02  0.000000e+00            4
 2.796506e+00 -7.258058e-01      7.965062e-01  1.223388e-01  0.000000e+00            4
 2.807628e+00 -5.087630e-01      8.076283e-01  1.050117e-01  0.000000e+00            4
 2.818750e+00 -2.917201e-01      8.187503e-01  9.597479e-02  0.000000e+00            4
 2.835433e+00  3.384418e-02      8.354334e-01  8.604522e-02  0.000000e+00            4
 2.846555e+00  2.508870e-01      8.465555e-01  7.995126e-02  0.000000e+00            4
 2.290979e+00 -4.974299e-01      2.909785e-01  3.406462e+00  0.000000e+00           29
 1.995450e+00 -1.862674e-02      4.549731e-03  9.415340e-01  0.000000e+00           12
 1.420215e+00 -9.452020e-02      5.797845e-01  2.624731e+00  0.000000e+00            3
 2.590335e+00 -7.342893e-01      5.903346e-01  6.187015e+00  0.000000e+00            4
 2.286206e+00 -1.194907e-01      2.862063e-01  2.068881e+00  0.000000e+00            0
 2.673769e+00 -1.168552e-01      6.737687e-01  1.797180e-01  0.000000e+00           21
 2.857678e+00  4.679299e-01      8.576775e-01  7.514000e-02  0.000000e+00            4
 1.520445e+00  7.812762e-01      4.795547e-01  2.985689e+00  0.000000e+00           18
 1.055367e+00  8.662507e-01      9.446327e-01  2.808588e-02  0.000000e+00           19
 1.857501e+00  8.679280e-01      1.424988e-01  4.043647e+00  0.000000e+00            7
 2.895574e+00  8.542817e-01      8.955741e-01  6.282341e-02  0.000000e+00            4
 1.471126e+00  6.006701e-01      5.288735e-01  2.865049e-01  0.000000e+00           26
 1.201526e+00 -6.135858e-01      7.984738e-01  1.064418e-01  0.000000e+00            2
 2.251460e+00  8.391921e-01      2.514598e-01  5.500175e-01  0.000000e+00            5
 2.125277e+00 -7.646551e-01      1.252770e-01  6.535582e-01  0.000000e+00            6
 1.917735e+00 -1.905925e-01      8.226498e-02  2.022806e+00  0.000000e+00           14
 2.091416e+00  3.717045e-01      9.141615e-02  4.397505e+00  0.000000e+00            5
 2.008398e+00 -1.923064e-01      8.397704e-03  9.107655e-01  0.000000e+00           12
 1.626825e+00 -5.658685e-01      3.731749e-01  4.162631e-01  0.000000e+00           22
 1.619331e+00 -7.021877e-01      3.806693e-01  3.946612e-01  0.000000e+00           22
 1.835716e+00 -2.484921e-02      1.642837e-01  5.954850e-01  0.000000e+00           14
 1.807347e+00  3.463555e-01      1.926530e-01  5.918896e-01  0.000000e+00            9
 2.638803e+00  1.489013e-01      6.388029e-01  4.492640e-01  0.000000e+00           21
 2.622922e+00  2.805561e-01      6.229220e-01  6.224309e-01  0.000000e+00           21
 1.797713e+00  8.399353e-01      2.022869e-01  6.451385e-01  0.000000e+00            7
 2.736589e+00 -7.970096e-01      7.365894e-01  2.003780e-01  0.000000e+00            4
 2.014871e+00 -2.791463e-01      1.487142e-02  8.780639e-01  0.000000e+00           12
 2.740285e+00 -8.726379e-01      7.402853e-01  1.640853e-01  0.000000e+00            4
 2.118829e+00 -8.254649e-01      1.188289e-01  6.586577e-01  0.000000e+00            6
 1.995021e+00 -7.931569e-01      4.978614e-03  1.907901e+00  0.000000e+00            1
 1.699064e+00  4.679725e-01      3.009361e-01  4.736614e-01  0.000000e+00            9
 1.540451e+00 -5.130333e-01      4.595492e-01  3.852426e-01  0.000000e+00           32
 2.144636e+00 -5.577535e-02      1.446362e-01  8.614201e-01  0.000000e+00            5
 1.886716e+00 -4.538458e-01      1.132837e-01  9.691588e-01  0.000000e+00           25
 1.945477e+00 -9.079339e-01      5.452323e-02  7.718646e-01  0.000000e+00           15
