-2.876401e+00 -3.669571e+00      1.674139e+00  9.366232e-01  1.171178e+00  0.000000e+00            1
-3.432889e+00 -3.135328e+00      1.215057e+00  1.673568e+00  1.034056e+00  0.000000e+00            1
-3.632849e+00 -3.280722e+00      1.428547e+00  1.784252e+00  8.075649e-01  0.000000e+00            1
-3.643904e+00 -3.507613e+00      1.639363e+00  1.716061e+00  6.076586e-01  0.000000e+00            1
-1.922083e+00 -3.851737e+00      2.142623e+00  1.674904e-01  2.083200e+00  0.000000e+00            1
-3.020297e+00 -2.484493e+00      4.849184e-01  1.826956e+00  1.804599e+00  0.000000e+00            1
-2.679468e+00 -3.098872e+00      1.144666e+00  1.128587e+00  1.598699e+00  0.000000e+00            1
-3.606009e+00 -4.194072e+00      2.276225e+00  1.617693e+00  4.391955e-01  0.000000e+00            1
-1.972063e+00 -3.496172e+00      1.815265e+00  5.046017e-01  2.089586e+00  0.000000e+00            1
-2.899342e+00 -2.269541e+00      2.877227e-01  1.950206e+00  2.050838e+00  0.000000e+00            1
-2.778388e+00 -2.054589e+00      2.282367e-01  2.095355e+00  2.297164e+00  0.000000e+00            1
-2.970609e+00 -2.907156e+00      9.076319e-01  1.461639e+00  1.501318e+00  0.000000e+00            1
-3.666015e+00 -3.961396e+00      2.071388e+00  1.666462e+00  3.362087e-01  0.000000e+00            1
-2.945765e+00 -3.118487e+00      1.119801e+00  1.292879e+00  1.374219e+00  0.000000e+00            1
-2.297746e+00 -2.565166e+00      9.014289e-01  1.465401e+00  2.226301e+00  0.000000e+00            1
-3.532869e+00 -3.208025e+00      1.320331e+00  1.725373e+00  9.194758e-01  0.000000e+00            1
-3.656263e+00 -3.002776e+00      1.198432e+00  1.933304e+00  1.054804e+00  0.000000e+00            1
-3.247393e+00 -3.313409e+00      1.336505e+00  1.423867e+00  1.018737e+00  0.000000e+00            1
-3.061897e+00 -3.491490e+00      1.492774e+00  1.177374e+00  1.067061e+00  0.000000e+00            1
-3.189327e+00 -3.126908e+00      1.142701e+00  1.475394e+00  1.191420e+00  0.000000e+00            1
-4.041817e+00 -4.245126e+00      2.475070e+00  2.056478e+00  2.486670e-01  0.000000e+00            1
-3.699736e+00 -4.085759e+00      2.200004e+00  1.701898e+00  3.122705e-01  0.000000e+00            1
-1.901271e+00 -3.051619e+00      1.520891e+00  9.535062e-01  2.303061e+00  0.000000e+00            1
-1.936667e+00 -3.273896e+00      1.659364e+00  7.288612e-01  2.187366e+00  0.000000e+00            1
-3.756243e+00 -3.075473e+00      1.314741e+00  1.984727e+00  9.561216e-01  0.000000e+00            1
-3.868975e+00 -3.273178e+00      1.541460e+00  2.005327e+00  7.385374e-01  0.000000e+00            1
-3.654960e+00 -3.734505e+00      1.854044e+00  1.676120e+00  4.353628e-01  0.000000e+00            1
-3.250205e+00 -2.417348e+00      4.866027e-01  2.016878e+00  1.751279e+00  0.000000e+00            1
-3.480112e+00 -2.350203e+00      5.942645e-01  2.216430e+00  1.729772e+00  0.000000e+00            1
-2.995453e+00 -2.695825e+00      6.958395e-01  1.640671e+00  1.646204e+00  0.000000e+00            1
-3.794828e+00 -2.576641e+00      9.819708e-01  2.290712e+00  1.438071e+00  0.000000e+00            1
-2.558295e+00 -3.730293e+00      1.785782e+00  6.200287e-01  1.466716e+00  0.000000e+00            1
-2.240189e+00 -3.791015e+00      1.945520e+00  3.183796e-01  1.772176e+00  0.000000e+00            1
-2.777935e+00 -3.384221e+00      1.401921e+00  9.921520e-01  1.368440e+00  0.000000e+00            1
-2.812616e+00 -3.108680e+00      1.124403e+00  1.206150e+00  1.484699e+00  0.000000e+00            1
-2.552227e+00 -2.920970e+00      1.024054e+00  1.212130e+00  1.805644e+00  0.000000e+00            1
-2.424986e+00 -2.743068e+00      9.395696e-01  1.326835e+00  2.015079e+00  0.000000e+00            1
-3.958739e+00 -3.497555e+00      1.778160e+00  2.022155e+00  5.041364e-01  0.000000e+00            1
-3.812377e+00 -3.729475e+00      1.910770e+00  1.832456e+00  3.292202e-01  0.000000e+00            1
-3.546004e+00 -4.426749e+00      2.487414e+00  1.603821e+00  6.230786e-01  0.000000e+00            1
-3.282799e+00 -4.329473e+00      2.346577e+00  1.324434e+00  7.892590e-01  0.000000e+00            1
-3.079600e+00 -3.999522e+00      2.001106e+00  1.079600e+00  9.203998e-01  0.000000e+00            1
-2.273509e+00 -3.553972e+00      1.715406e+00  5.232099e-01  1.783175e+00  0.000000e+00            1
-2.574955e+00 -3.611771e+00      1.666874e+00  6.937545e-01  1.476981e+00  0.000000e+00            1
-2.911083e+00 -3.394029e+00      1.396862e+00  1.094200e+00  1.246171e+00  0.000000e+00            1
-2.331094e+00 -2.427157e+00      7.936607e-01  1.607315e+00  2.293269e+00  0.000000e+00            1
 2.484116e+00  2.888404e+00      1.225472e+00  1.757033e+00  1.011746e+00  0.000000e+00            3
 2.776854e+00  3.810422e+00      2.928034e-01  2.184883e+00  1.970059e+00  0.000000e+00            3
 3.268215e+00  2.698681e+00      1.328672e+00  1.011763e+00  1.447938e+00  0.000000e+00            3
 2.964029e+00  1.830644e+00      2.169654e+00  1.049723e+00  9.787916e-01  0.000000e+00            3
 2.600401e+00  3.645578e+00      5.341289e-01  2.160279e+00  1.751688e+00  0.000000e+00            3
 2.888738e+00  2.044575e+00      1.958587e+00  1.112155e+00  8.898554e-01  0.000000e+00            3
 2.440048e+00  3.603947e+00      6.858600e-01  2.237431e+00  1.663217e+00  0.000000e+00            3
 2.423949e+00  3.480734e+00      7.755461e-01  2.162524e+00  1.540230e+00  0.000000e+00            3
 3.754888e+00  1.572347e+00      2.542313e+00  4.929166e-01  1.806244e+00  0.000000e+00            3
 3.861820e+00  1.850506e+00      2.315828e+00  2.035734e-01  1.867812e+00  0.000000e+00            3
 3.968752e+00  2.128665e+00      2.107220e+00  1.324048e-01  1.972952e+00  0.000000e+00            3
 2.389747e+00  3.312897e+00      9.189773e-01  2.077647e+00  1.369526e+00  0.000000e+00            3
 2.897257e+00  2.573628e+00      1.430068e+00  1.243017e+00  1.064950e+00  0.000000e+00            3
 4.038863e+00  2.181479e+00      2.094339e+00  1.855940e-01  2.046924e+00  0.000000e+00            3
 4.003808e+00  2.155072e+00      2.100331e+00  1.551188e-01  2.009799e+00  0.000000e+00            3
 2.941992e+00  2.344242e+00      1.656774e+00  1.112603e+00  1.002921e+00  0.000000e+00            3
 2.150182e+00  2.045163e+00      2.131567e+00  1.850370e+00  1.568255e-01  0.000000e+00            3
 2.795298e+00  1.996322e+00      2.014108e+00  1.204707e+00  7.953069e-01  0.000000e+00            3
 2.919624e+00  2.458935e+00      1.543160e+00  1.173811e+00  1.027779e+00  0.000000e+00            3
 3.639173e+00  2.823734e+00      1.338709e+00  8.992966e-01  1.834510e+00  0.000000e+00            3
 4.019708e+00  2.693018e+00      1.657711e+00  6.932984e-01  2.135298e+00  0.000000e+00            3
 4.029286e+00  2.437249e+00      1.871262e+00  4.382284e-01  2.075858e+00  0.000000e+00            3
 3.039319e+00  1.616712e+00      2.383612e+00  1.034320e+00  1.107743e+00  0.000000e+00            3
 3.328036e+00  1.459303e+00      2.561786e+00  8.624902e-01  1.433887e+00  0.000000e+00            3
 3.541462e+00  1.515825e+00      2.542500e+00  6.668453e-01  1.615713e+00  0.000000e+00            3
 2.436931e+00  3.100651e+00      1.061073e+00  1.911705e+00  1.184205e+00  0.000000e+00            3
 2.690686e+00  2.731016e+00      1.306138e+00  1.499562e+00  1.005700e+00  0.000000e+00            3
 2.636741e+00  2.707017e+00      1.343042e+00  1.535691e+00  9.514788e-01  0.000000e+00            3
 2.789366e+00  2.525629e+00      1.489341e+00  1.319818e+00  9.483593e-01  0.000000e+00            3
 2.149134e+00  2.840834e+00      1.437929e+00  2.032906e+00  8.539568e-01  0.000000e+00            3
 1.814151e+00  2.793264e+00      1.691878e+00  2.325339e+00  8.147434e-01  0.000000e+00            3
 2.363957e+00  3.468459e+00      8.289065e-01  2.198410e+00  1.512890e+00  0.000000e+00            3
 2.346856e+00  3.384540e+00      8.974336e-01  2.156348e+00  1.427327e+00  0.000000e+00            3
 2.915365e+00  2.194409e+00      1.807574e+00  1.101920e+00  9.357818e-01  0.000000e+00            3
 2.842018e+00  2.020448e+00      1.985846e+00  1.158162e+00  8.422666e-01  0.000000e+00            3
 2.935347e+00  4.034259e+00      7.316891e-02  2.296018e+00  2.238992e+00  0.000000e+00            3
 2.406848e+00  3.396816e+00      8.459674e-01  2.118780e+00  1.454861e+00  0.000000e+00            3
 4.163625e+00  2.260564e+00      2.092764e+00  3.076802e-01  2.179259e+00  0.000000e+00            3
 2.824582e+00  4.022514e+00      1.768565e-01  2.339267e+00  2.184147e+00  0.000000e+00            3
 2.365221e+00  2.028883e+00      2.070809e+00  1.635035e+00  3.663608e-01  0.000000e+00            3
 2.580259e+00  2.012602e+00      2.031239e+00  1.419796e+00  5.803963e-01  0.000000e+00            3
 1.926511e+00  2.278673e+00      2.028631e+00  2.092132e+00  2.882002e-01  0.000000e+00            3
 1.702840e+00  2.512183e+00      1.973885e+00  2.353567e+00  5.921451e-01  0.000000e+00            3
 2.616501e+00  3.768791e+00      4.478048e-01  2.245594e+00  1.873151e+00  0.000000e+00            3
