 7.172391e+00 -4.032782e-01      2.683063e+00  1.364156e-01  0.000000e+00            7
-5.592842e-01  1.479981e+01      6.574118e-03  3.684974e+00  0.000000e+00            5
 9.175612e-02 -1.483263e+01      3.961874e+00  2.850613e-04  0.000000e+00            4
-7.539320e+00  5.052895e-01      6.114640e-02  3.086181e+00  0.000000e+00            1
-2.538837e+00 -6.577054e+00      9.081049e-02  2.885419e+00  0.000000e+00            2
 4.441540e+00  7.776715e+00      1.017868e-03  3.906745e+00  0.000000e+00            6
-5.389415e+00  7.773335e+00      2.941901e-04  3.940063e+00  0.000000e+00            8
-1.766902e-01  3.577646e-01      2.516065e-01  2.245415e+00  0.000000e+00            3
 2.384372e+00 -7.647853e+00      3.489106e+00  2.028755e-02  0.000000e+00            0
-4.192617e+00  6.378135e+00      3.978501e+00  2.429940e-04  0.000000e+00            8
 5.925368e-01  1.347066e+01      3.903308e+00  1.270780e-03  0.000000e+00            5
 5.124614e+00  6.361042e+00      4.001402e+00  1.441803e-05  0.000000e+00            6
-6.586176e+00 -5.782753e-01      3.304427e+00  3.319381e-02  0.000000e+00            1
-8.353483e-02 -1.360377e+01      6.261984e-02  3.062691e+00  0.000000e+00            4
 2.199053e+00 -6.425629e+00      1.716071e-02  3.515840e+00  0.000000e+00            0
 6.959250e+00  7.012720e-01      1.622153e-04  3.951638e+00  0.000000e+00            7
-2.086308e+00 -7.500084e+00      2.506235e+00  1.745129e-01  0.000000e+00            2
 2.545251e-01 -5.330621e-01      3.051090e+00  6.420060e-02  0.000000e+00            3
-4.779714e+00  7.091843e+00      9.914438e-01  1.009827e+00  0.000000e+00            8
 1.903813e-02  1.415449e+01      1.014713e+00  9.865868e-01  0.000000e+00            5
 4.788621e+00  7.077333e+00      9.949506e-01  1.005142e+00  0.000000e+00            6
-7.063852e+00 -4.367044e-02      1.041607e+00  9.627046e-01  0.000000e+00            1
 5.364395e-03 -1.421104e+01      1.155970e+00  8.562709e-01  0.000000e+00            4
 2.273320e+00 -7.053182e+00      9.093871e-01  1.095870e+00  0.000000e+00            0
 7.053386e+00  1.573783e-01      6.168225e-01  1.475460e+00  0.000000e+00            7
-2.308618e+00 -7.033695e+00      8.799616e-01  1.127889e+00  0.000000e+00            2
 3.931742e-02 -8.345020e-02      1.242882e+00  7.835155e-01  0.000000e+00            3
-4.505368e+00  6.720941e+00      2.187108e+00  2.719200e-01  0.000000e+00            8
-5.125080e+00  7.389282e+00      2.374691e-01  2.306941e+00  0.000000e+00            8
 4.945834e+00  6.713231e+00      2.218996e+00  2.608444e-01  0.000000e+00            6
-3.612215e-01  7.001346e-01      1.320145e-04  3.954581e+00  0.000000e+00            3
 4.593981e+00  7.413090e+00      2.482983e-01  2.256469e+00  0.000000e+00            6
-3.229467e-01  1.450349e+01      2.302483e-01  2.311234e+00  0.000000e+00            5
-7.307570e+00  2.404885e-01      3.845772e-01  1.909465e+00  0.000000e+00            1
-6.842029e+00 -2.871572e-01      1.922784e+00  3.767585e-01  0.000000e+00            1
-4.320710e-02 -1.389749e+01      3.936022e-01  1.886459e+00  0.000000e+00            4
 7.047525e+00 -1.267775e-01      1.256699e+00  7.789938e-01  0.000000e+00            7
 2.319475e+00 -7.333336e+00      1.861517e+00  4.040828e-01  0.000000e+00            0
 6.995580e+00  4.286123e-01      1.461575e-01  2.617655e+00  0.000000e+00            7
 2.238580e+00 -6.784470e+00      3.458567e-01  1.993623e+00  0.000000e+00            0
 4.693713e-02 -1.447618e+01      2.180060e+00  2.740723e-01  0.000000e+00            4
 7.131267e+00 -6.646678e-01      3.616329e+00  1.124607e-02  0.000000e+00            7
-2.419940e+00 -6.808796e+00      3.920865e-01  1.887442e+00  0.000000e+00            2
-2.210663e+00 -7.261510e+00      1.506230e+00  6.000720e-01  0.000000e+00            2
-8.214626e-02  1.271305e-01      6.321562e-01  1.453467e+00  0.000000e+00            3
 4.289604e-01  1.364233e+01      2.938016e+00  8.181996e-02  0.000000e+00            5
-5.276883e+00  7.569764e+00      5.841868e-02  3.122723e+00  0.000000e+00            8
-1.509018e-01  1.431291e+01      5.698212e-01  1.550396e+00  0.000000e+00            5
-2.644267e+00 -6.371144e+00      3.739850e-04  3.929272e+00  0.000000e+00            2
 1.379829e-01 -2.918782e-01      1.972427e+00  3.548020e-01  0.000000e+00            3
-4.333303e+00  6.572083e+00      3.030510e+00  6.855874e-02  0.000000e+00            8
-4.648286e+00  6.896452e+00      1.526648e+00  5.845554e-01  0.000000e+00            8
-4.962044e+00  7.241337e+00      5.306445e-01  1.619544e+00  0.000000e+00            8
 5.069820e+00  6.552050e+00      3.124696e+00  5.523176e-02  0.000000e+00            6
 4.701882e+00  7.249998e+00      5.680179e-01  1.553458e+00  0.000000e+00            6
-4.698488e-01  1.462951e+01      7.531126e-02  2.988805e+00  0.000000e+00            5
 4.880908e+00  6.889706e+00      1.592916e+00  5.445349e-01  0.000000e+00            6
-7.167411e+00  1.167354e-01      7.065164e-01  1.344410e+00  0.000000e+00            1
 2.222574e+00 -6.605432e+00      1.327179e-01  2.678193e+00  0.000000e+00            0
 2.349388e+00 -7.492238e+00      2.592785e+00  1.521961e-01  0.000000e+00            0
 2.305225e+00 -7.194690e+00      1.389537e+00  6.744186e-01  0.000000e+00            0
-7.433335e+00  4.152224e-01      1.667967e-01  2.533262e+00  0.000000e+00            1
 7.033018e+00  2.171249e-02      8.480529e-01  1.169839e+00  0.000000e+00            7
 7.114283e+00 -5.272704e-01      2.911510e+00  8.811004e-02  0.000000e+00            7
-2.962202e-01  5.821680e-01      3.288921e-02  3.307708e+00  0.000000e+00            3
-2.146259e+00 -7.381367e+00      1.986236e+00  3.501416e-01  0.000000e+00            2
-2.069706e-02 -1.402675e+01      6.733576e-01  1.391678e+00  0.000000e+00            4
-2.500641e+00 -6.707325e+00      1.823498e-01  2.493112e+00  0.000000e+00            2
-5.245638e-02 -1.377224e+01      2.507903e-01  2.249811e+00  0.000000e+00            4
-2.375549e+00 -6.924194e+00      5.757242e-01  1.543767e+00  0.000000e+00            2
-6.921327e+00 -1.963073e-01      1.573192e+00  5.570001e-01  0.000000e+00            1
 7.077739e+00 -2.428210e-01      1.701060e+00  4.864971e-01  0.000000e+00            7
 1.017431e-01 -1.808938e-01      1.621092e+00  5.286769e-01  0.000000e+00            3
 2.264762e+00 -6.896097e+00      5.843014e-01  1.527078e+00  0.000000e+00            0
-2.286632e-01  1.439506e+01      4.009306e-01  1.868434e+00  0.000000e+00            5
-4.564120e+00  6.824347e+00      1.855526e+00  4.070739e-01  0.000000e+00            8
 4.804187e+00  6.966062e+00      1.240240e+00  7.878487e-01  0.000000e+00            6
-6.764409e+00 -3.599461e-01      2.290321e+00  2.368232e-01  0.000000e+00            1
 2.068300e-01 -4.379944e-01      2.588172e+00  1.531949e-01  0.000000e+00            3
-4.070547e-02  3.043402e-02      8.495412e-01  1.165525e+00  0.000000e+00            3
-6.824921e-02  1.421192e+01      7.997057e-01  1.222767e+00  0.000000e+00            5
-3.764132e-01  1.458945e+01      1.413841e-01  2.637726e+00  0.000000e+00            5
-5.026487e+00  7.317640e+00      3.871368e-01  1.901181e+00  0.000000e+00            8
-4.866694e+00  7.139878e+00      7.742740e-01  1.255770e+00  0.000000e+00            8
 4.632048e+00  7.318719e+00      3.858435e-01  1.903956e+00  0.000000e+00            6
-7.100241e+00  4.532179e-02      9.025032e-01  1.102909e+00  0.000000e+00            1
 7.099031e+00 -4.423551e-02      1.194620e+00  8.243216e-01  0.000000e+00            7
 4.751383e+00  7.171153e+00      7.660407e-01  1.265722e+00  0.000000e+00            6
-7.243297e+00  1.696891e-01      5.242737e-01  1.631767e+00  0.000000e+00            1
 3.289446e-02 -1.438627e+01      1.791187e+00  4.378491e-01  0.000000e+00            4
 6.988052e+00  3.400797e-01      2.287883e-01  2.323133e+00  0.000000e+00            7
 2.394501e-02 -1.429691e+01      1.508498e+00  5.958018e-01  0.000000e+00            4
-2.789215e-03 -1.411225e+01      9.321951e-01  1.070309e+00  0.000000e+00            4
 7.091062e+00  8.252068e-02      8.636112e-01  1.150729e+00  0.000000e+00            7
-5.203545e+00  7.605885e+00      8.665454e-02  2.924241e+00  0.000000e+00            8
 4.964003e+00  6.633620e+00      2.500291e+00  1.771815e-01  0.000000e+00            6
 2.222605e+00 -6.687083e+00      2.027389e-01  2.401880e+00  0.000000e+00            0
 5.574589e-02  1.408309e+01      1.183796e+00  8.317380e-01  0.000000e+00            5
 7.112573e+00 -4.496605e-01      2.584800e+00  1.548807e-01  0.000000e+00            7
 1.673764e-01 -3.580116e-01      2.232663e+00  2.560210e-01  0.000000e+00            3
-5.133638e-01  1.474603e+01      2.413963e-02  3.403738e+00  0.000000e+00            5
 7.098887e+00 -1.761209e-01      1.568919e+00  5.586783e-01  0.000000e+00            7
-8.778078e-02  1.428792e+01      6.807538e-01  1.382723e+00  0.000000e+00            5
-5.057837e+00  7.387107e+00      3.060216e-01  2.093253e+00  0.000000e+00            8
-2.099527e+00 -7.429445e+00      2.340700e+00  2.216494e-01  0.000000e+00            2
 7.129006e+00 -3.537954e-01      2.289770e+00  2.371923e-01  0.000000e+00            7
-5.214624e-03 -2.492083e-02      1.021207e+00  9.802535e-01  0.000000e+00            3
 2.294525e+00 -7.113805e+00      1.136704e+00  8.721125e-01  0.000000e+00            0
-7.358572e-02 -1.366621e+01      1.122345e-01  2.772558e+00  0.000000e+00            4
-2.175673e+00 -7.325913e+00      1.757445e+00  4.565664e-01  0.000000e+00            2
-2.396995e+00 -6.865324e+00      4.807902e-01  1.707951e+00  0.000000e+00            2
-4.583173e-02 -1.383212e+01      3.257223e-01  2.043127e+00  0.000000e+00            4
-2.694207e-02 -1.395519e+01      5.502500e-01  1.583198e+00  0.000000e+00            4
 1.094191e-01 -2.397121e-01      1.758743e+00  4.542894e-01  0.000000e+00            3
 4.827454e+00  6.912618e+00      1.406548e+00  6.651601e-01  0.000000e+00            6
-6.630122e+00 -5.431132e-01      3.050371e+00  6.478480e-02  0.000000e+00            1
-2.449871e+00 -6.762555e+00      3.001650e-01  2.109614e+00  0.000000e+00            2
-2.506424e+00 -6.652916e+00      1.548975e-01  2.581819e+00  0.000000e+00            2
-3.291058e-01  1.456312e+01      1.883027e-01  2.456261e+00  0.000000e+00            5
-1.774162e-01  1.437949e+01      4.713572e-01  1.726534e+00  0.000000e+00            5
 4.800281e+00  7.025433e+00      1.115125e+00  8.912853e-01  0.000000e+00            6
 2.244720e+00 -6.846915e+00      4.466559e-01  1.774022e+00  0.000000e+00            0
 4.702532e+00  7.189554e+00      6.533132e-01  1.421691e+00  0.000000e+00            6
 4.621569e+00  7.372839e+00      3.158533e-01  2.068278e+00  0.000000e+00            6
-4.973652e+00  7.288428e+00      4.779454e-01  1.712606e+00  0.000000e+00            8
 6.720158e-02 -1.476578e-01      1.440433e+00  6.398364e-01  0.000000e+00            3
 7.104231e+00 -3.942943e-01      2.333385e+00  2.244247e-01  0.000000e+00            7
-4.045002e-02  7.776923e-02      7.885982e-01  1.236485e+00  0.000000e+00            3
 2.312259e+00 -7.241263e+00      1.552265e+00  5.687114e-01  0.000000e+00            0
-7.085439e+00  6.573250e-04      9.608425e-01  1.040678e+00  0.000000e+00            1
-2.284334e+00 -7.073637e+00      1.007684e+00  9.923458e-01  0.000000e+00            2
-1.713996e-01  3.121977e-01      2.925521e-01  2.130214e+00  0.000000e+00            3
-7.201717e+00  1.876558e-01      6.066963e-01  1.495841e+00  0.000000e+00            1
 2.274686e+00 -7.009653e+00      8.261801e-01  1.190441e+00  0.000000e+00            0
-2.359554e+00 -6.964679e+00      6.505608e-01  1.429111e+00  0.000000e+00            2
-7.204679e+00  1.370603e-01      6.151185e-01  1.479194e+00  0.000000e+00            1
 2.312371e+00 -7.291588e+00      1.695344e+00  4.872776e-01  0.000000e+00            0
-4.800442e+00  7.056118e+00      9.857024e-01  1.016064e+00  0.000000e+00            8
-7.027071e+00 -6.018772e-02      1.156331e+00  8.551972e-01  0.000000e+00            1
 9.561263e-03 -1.425109e+01      1.264445e+00  7.681453e-01  0.000000e+00            4
-7.278242e+00  1.894330e-01      4.529322e-01  1.772355e+00  0.000000e+00            1
 7.113975e+00 -2.124972e-01      1.738675e+00  4.648108e-01  0.000000e+00            7
 2.293363e+00 -7.153168e+00      1.225205e+00  7.978010e-01  0.000000e+00            0
-6.859445e+00 -2.520727e-01      1.833849e+00  4.170696e-01  0.000000e+00            1
-7.321320e+00  2.758321e-01      3.512505e-01  1.981630e+00  0.000000e+00            1
 4.673313e+00  7.225357e+00      5.575156e-01  1.574310e+00  0.000000e+00            6
-4.923624e-01  1.465916e+01      5.542279e-02  3.124941e+00  0.000000e+00            5
 2.233040e+00 -6.651905e+00      1.900029e-01  2.449978e+00  0.000000e+00            0
 4.950912e+00  6.676983e+00      2.334648e+00  2.239769e-01  0.000000e+00            6
 4.201191e-02 -1.444004e+01      2.028740e+00  3.313992e-01  0.000000e+00            4
 7.023692e+00  3.471176e-01      2.679993e-01  2.197534e+00  0.000000e+00            7
 7.055527e+00  7.692661e-02      7.830873e-01  1.243488e+00  0.000000e+00            7
 3.926238e-02 -1.257467e-01      1.311637e+00  7.324755e-01  0.000000e+00            3
 4.130937e-03 -1.414706e+01      1.047708e+00  9.539345e-01  0.000000e+00            4
-4.556059e+00  6.790058e+00      1.928594e+00  3.737496e-01  0.000000e+00            8
-2.129739e+00 -7.412201e+00      2.121093e+00  2.964522e-01  0.000000e+00            2
-2.550590e+00 -6.544607e+00      7.119792e-02  3.004809e+00  0.000000e+00            2
-4.833306e+00  7.148371e+00      8.284551e-01  1.188494e+00  0.000000e+00            8
 4.723223e+00  7.223121e+00      6.396307e-01  1.441092e+00  0.000000e+00            6
-7.452765e+00  4.431186e-01      1.412535e-01  2.637938e+00  0.000000e+00            1
-2.123756e+00 -7.453227e+00      2.202627e+00  2.705752e-01  0.000000e+00            2
-1.323465e-01  1.428499e+01      6.238665e-01  1.464627e+00  0.000000e+00            5
 7.083990e+00 -5.405891e-01      2.824159e+00  1.109134e-01  0.000000e+00            7
-4.929932e+00  7.234204e+00      5.849667e-01  1.525694e+00  0.000000e+00            8
 2.268456e+00 -7.093754e+00      9.762360e-01  1.028163e+00  0.000000e+00            0
 4.710921e+00  7.157862e+00      7.146733e-01  1.335638e+00  0.000000e+00            6
-2.483493e+00 -6.735084e+00      2.217344e-01  2.352274e+00  0.000000e+00            2
-6.209245e-02 -1.380296e+01      2.292435e-01  2.321996e+00  0.000000e+00            4
 2.273501e+00 -6.861193e+00      5.574848e-01  1.575676e+00  0.000000e+00            0
-1.187511e-01  1.431383e+01      6.100603e-01  1.487224e+00  0.000000e+00            5
-2.155732e+00 -7.351367e+00      1.899321e+00  3.871762e-01  0.000000e+00            2
-5.000033e+00  7.333674e+00      4.104822e-01  1.848173e+00  0.000000e+00            8
-3.298742e-03  5.849576e-03      9.824781e-01  1.017677e+00  0.000000e+00            3
-1.847080e-01  1.434988e+01      4.914466e-01  1.687393e+00  0.000000e+00            5
 4.844977e+00  6.937253e+00      1.396441e+00  6.696936e-01  0.000000e+00            6
 4.762984e+00  7.143389e+00      8.316854e-01  1.184252e+00  0.000000e+00            6
-4.593735e+00  6.824584e+00      1.771249e+00  4.481948e-01  0.000000e+00            8
 4.854303e+00  6.906919e+00      1.485347e+00  6.106522e-01  0.000000e+00            6
-5.082508e+00  7.399114e+00      2.721987e-01  2.186104e+00  0.000000e+00            8
 2.289881e+00 -7.074950e+00      1.026987e+00  9.734946e-01  0.000000e+00            0
-3.374268e-01  1.453717e+01      1.974495e-01  2.420078e+00  0.000000e+00            5
 7.154767e+00 -3.626486e-01      2.439468e+00  1.949338e-01  0.000000e+00            7
-5.139758e+00  7.412223e+00      2.114814e-01  2.388704e+00  0.000000e+00            8
 6.968437e+00  4.285419e-01      1.212017e-01  2.742686e+00  0.000000e+00            7
-7.126041e+00  4.033498e-02      8.371560e-01  1.179075e+00  0.000000e+00            1
 6.997768e+00  4.546120e-01      1.256460e-01  2.707822e+00  0.000000e+00            7
-3.015285e-01  6.075210e-01      2.476635e-02  3.398433e+00  0.000000e+00            3
-2.531169e+00 -6.601731e+00      1.058337e-01  2.805312e+00  0.000000e+00            2
-2.371149e+00 -6.898741e+00      5.768044e-01  1.538925e+00  0.000000e+00            2
-4.976600e+00  7.262777e+00      4.929392e-01  1.686681e+00  0.000000e+00            8
 8.401104e-04  1.417252e+01      9.593450e-01  1.042503e+00  0.000000e+00            5
-6.597478e+00 -5.556831e-01      3.227656e+00  4.151165e-02  0.000000e+00            1
-3.678920e-01  1.456607e+01      1.593667e-01  2.562544e+00  0.000000e+00            5
-4.769633e+00  7.069237e+00      1.036055e+00  9.650358e-01  0.000000e+00            8
-2.555171e+00 -6.595888e+00      7.741649e-02  2.986675e+00  0.000000e+00            2
 8.987969e-02 -1.380393e-01      1.503005e+00  6.006265e-01  0.000000e+00            3
-2.044205e-01  1.439899e+01      4.230671e-01  1.821887e+00  0.000000e+00            5
 6.091943e-02 -1.149340e-01      1.364060e+00  6.923905e-01  0.000000e+00            3
 8.059404e-02 -1.693090e-01      1.524418e+00  5.857619e-01  0.000000e+00            3
 4.782417e+00  7.100558e+00      9.415656e-01  1.060489e+00  0.000000e+00            6
-2.351282e+00 -6.942326e+00      6.662452e-01  1.401298e+00  0.000000e+00            2
-4.945852e+00  7.216804e+00      5.748505e-01  1.545629e+00  0.000000e+00            8
 4.627229e+00  7.341439e+00      3.550374e-01  1.973292e+00  0.000000e+00            6
 3.801402e-02 -1.440876e+01      1.906613e+00  3.834271e-01  0.000000e+00            4
-7.216398e+00  1.568951e-01      5.831005e-01  1.529222e+00  0.000000e+00            1
-4.584612e-02 -1.385507e+01      3.434910e-01  1.999385e+00  0.000000e+00            4
-1.905689e-02 -1.397669e+01      6.304578e-01  1.456311e+00  0.000000e+00            4
 2.332652e+00 -7.315050e+00      1.886869e+00  3.935011e-01  0.000000e+00            0
 4.934252e+00  6.690955e+00      2.243779e+00  2.542348e-01  0.000000e+00            6
-9.076300e-02  1.426643e+01      7.010642e-01  1.352283e+00  0.000000e+00            5
-7.090145e+00  2.658755e-02      9.371198e-01  1.064987e+00  0.000000e+00            1
 2.246278e+00 -6.886141e+00      5.099686e-01  1.655206e+00  0.000000e+00            0
 7.096809e+00 -2.006334e-01      1.637044e+00  5.191915e-01  0.000000e+00            7
 4.681298e+00  7.246746e+00      5.407213e-01  1.600103e+00  0.000000e+00            6
-7.461969e+00  4.246900e-01      1.356123e-01  2.668368e+00  0.000000e+00            1
 7.091369e+00 -6.329793e-02      1.220828e+00  8.016079e-01  0.000000e+00            7
-1.134281e-02 -1.409363e+01      8.310332e-01  1.185471e+00  0.000000e+00            4
 2.269277e+00 -7.073062e+00      9.349360e-01  1.070023e+00  0.000000e+00            0
-7.937638e-02  1.472220e-01      6.154453e-01  1.477569e+00  0.000000e+00            3
-3.238738e-02  5.941309e-02      8.323482e-01  1.183053e+00  0.000000e+00            3
-4.500877e-01  1.463143e+01      8.251104e-02  2.936777e+00  0.000000e+00            5
-4.634615e+00  6.897991e+00      1.560243e+00  5.638851e-01  0.000000e+00            8
 2.314521e+00 -7.238666e+00      1.557677e+00  5.655935e-01  0.000000e+00            0
 2.311772e+00 -7.206524e+00      1.455452e+00  6.301291e-01  0.000000e+00            0
 2.293857e+00 -7.091919e+00      1.083116e+00  9.204420e-01  0.000000e+00            0
 2.312395e+00 -7.294257e+00      1.703238e+00  4.830840e-01  0.000000e+00            0
 2.294466e+00 -7.104496e+00      1.114787e+00  8.915853e-01  0.000000e+00            0
 2.249069e+00 -6.892294e+00      5.280033e-01  1.622645e+00  0.000000e+00            0
-4.953142e+00  7.226618e+00      5.557478e-01  1.577167e+00  0.000000e+00            8
 2.247282e+00 -6.860053e+00      4.732427e-01  1.722090e+00  0.000000e+00            0
 2.230541e+00 -6.664795e+00      1.969218e-01  2.423340e+00  0.000000e+00            0
 2.237021e+00 -6.792627e+00      3.523418e-01  1.978557e+00  0.000000e+00            0
 2.327918e+00 -7.330196e+00      1.903756e+00  3.849435e-01  0.000000e+00            0
 2.317971e+00 -7.209161e+00      1.496386e+00  6.045632e-01  0.000000e+00            0
 2.277592e+00 -7.065522e+00      9.531865e-01  1.048458e+00  0.000000e+00            0
-4.965708e+00  7.245465e+00      5.220373e-01  1.634705e+00  0.000000e+00            8
 2.319225e+00 -7.202019e+00      1.484140e+00  6.128761e-01  0.000000e+00            0
 2.294162e+00 -7.098208e+00      1.098889e+00  9.059575e-01  0.000000e+00            0
 2.292966e+00 -7.093202e+00      1.081936e+00  9.214392e-01  0.000000e+00            0
 2.307582e+00 -7.310360e+00      1.722634e+00  4.737125e-01  0.000000e+00            0
 2.319915e+00 -7.295491e+00      1.750765e+00  4.581564e-01  0.000000e+00            0
 2.288230e+00 -7.104850e+00      1.086855e+00  9.168146e-01  0.000000e+00            0
 2.293271e+00 -7.099491e+00      1.097707e+00  9.069535e-01  0.000000e+00            0
-4.654527e+00  6.890459e+00      1.518631e+00  5.902032e-01  0.000000e+00            8
 2.223040e+00 -6.615350e+00      1.410904e-01  2.640655e+00  0.000000e+00            0
 2.245683e+00 -6.867471e+00      4.796996e-01  1.710412e+00  0.000000e+00            0
 2.256232e+00 -6.857976e+00      4.968042e-01  1.677539e+00  0.000000e+00            0
 2.242970e+00 -6.866694e+00      4.707488e-01  1.728174e+00  0.000000e+00            0
-4.799589e+00  7.058177e+00      9.851892e-01  1.016284e+00  0.000000e+00            8
-4.637743e+00  6.897068e+00      1.553229e+00  5.680850e-01  0.000000e+00            8
 2.226573e+00 -6.675939e+00      1.996696e-01  2.412434e+00  0.000000e+00            0
 2.225876e+00 -6.670203e+00      1.929702e-01  2.436007e+00  0.000000e+00            0
 2.239226e+00 -6.791607e+00      3.565590e-01  1.968255e+00  0.000000e+00            0
 2.297207e+00 -7.163194e+00      1.268684e+00  7.632764e-01  0.000000e+00            0
 2.299393e+00 -7.145450e+00      1.235759e+00  7.892457e-01  0.000000e+00            0
 2.290710e+00 -7.150276e+00      1.205434e+00  8.141102e-01  0.000000e+00            0
 2.268058e+00 -6.867358e+00      5.489833e-01  1.587437e+00  0.000000e+00            0
-4.647112e+00  6.890151e+00      1.538017e+00  5.777467e-01  0.000000e+00            8
-5.013993e+00  7.317704e+00      4.027351e-01  1.865169e+00  0.000000e+00            8
-6.594926e+00 -5.772866e-01      3.257637e+00  3.821473e-02  0.000000e+00            1
-7.198710e+00  1.334853e-01      6.293318e-01  1.456943e+00  0.000000e+00            1
-7.058702e+00 -5.473549e-02      1.061771e+00  9.445751e-01  0.000000e+00            1
-6.851774e+00 -2.754553e-01      1.877505e+00  3.971753e-01  0.000000e+00            1
-7.155512e+00  1.059310e-01      7.388098e-01  1.300849e+00  0.000000e+00            1
-6.914138e+00 -2.012025e-01      1.601442e+00  5.401015e-01  0.000000e+00            1
-7.104237e+00  3.989994e-02      8.937497e-01  1.112223e+00  0.000000e+00            1
-7.045072e+00 -5.757312e-02      1.101882e+00  9.050369e-01  0.000000e+00            1
-7.315771e+00  2.722449e-01      3.612519e-01  1.957745e+00  0.000000e+00            1
-7.443010e+00  4.306498e-01      1.535528e-01  2.586124e+00  0.000000e+00            1
-4.581290e+00  6.837781e+00      1.787427e+00  4.397128e-01  0.000000e+00            8
-4.580012e+00  6.824378e+00      1.809955e+00  4.285909e-01  0.000000e+00            8
-6.596779e+00 -5.788239e-01      3.249208e+00  3.927160e-02  0.000000e+00            1
-7.189010e+00  1.305125e-01      6.518543e-01  1.422517e+00  0.000000e+00            1
-7.192026e+00  1.440150e-01      6.405309e-01  1.439244e+00  0.000000e+00            1
-7.051887e+00 -5.615431e-02      1.081662e+00  9.246450e-01  0.000000e+00            1
-7.052988e+00 -4.946622e-02      1.075084e+00  9.298167e-01  0.000000e+00            1
-6.848763e+00 -2.733116e-01      1.887900e+00  3.920951e-01  0.000000e+00            1
-7.151742e+00  1.101876e-01      7.467347e-01  1.291084e+00  0.000000e+00            1
-7.227158e+00  1.599088e-01      5.598211e-01  1.568795e+00  0.000000e+00            1
-6.916314e+00 -2.122919e-01      1.600311e+00  5.421897e-01  0.000000e+00            1
-6.910432e+00 -1.927890e-01      1.610050e+00  5.345625e-01  0.000000e+00            1
-7.097191e+00  3.324375e-02      9.152986e-01  1.088478e+00  0.000000e+00            1
-7.110368e+00  3.668999e-02      8.788180e-01  1.129251e+00  0.000000e+00            1
-7.213523e+00  1.487652e-01      5.920381e-01  1.515364e+00  0.000000e+00            1
-7.212693e+00  1.959855e-01      5.799616e-01  1.537504e+00  0.000000e+00            1
-7.045202e+00 -6.769126e-02      1.106824e+00  9.023828e-01  0.000000e+00            1
-7.046173e+00 -5.088503e-02      1.095343e+00  9.102595e-01  0.000000e+00            1
-7.315593e+00  2.731734e-01      3.612866e-01  1.957542e+00  0.000000e+00            1
-7.440456e+00  4.358112e-01      1.556210e-01  2.578246e+00  0.000000e+00            1
-7.274531e+00  1.946062e-01      4.572229e-01  1.760043e+00  0.000000e+00            1
-7.093194e+00  3.866560e-02      9.242029e-01  1.079310e+00  0.000000e+00            1
-7.121270e+00  3.690751e-02      8.506754e-01  1.162842e+00  0.000000e+00            1
-7.125898e+00  4.740099e-02      8.344501e-01  1.181370e+00  0.000000e+00            1
-4.786248e+00  7.063541e+00      1.006805e+00  9.933234e-01  0.000000e+00            8
-4.785395e+00  7.065600e+00      1.006402e+00  9.936598e-01  0.000000e+00            8
-5.274748e+00  7.584149e+00      5.441532e-02  3.139357e+00  0.000000e+00            8
-2.147139e+00 -7.405811e+00      2.005622e+00  3.456417e-01  0.000000e+00            2
-2.157456e+00 -7.352184e+00      1.889646e+00  3.918473e-01  0.000000e+00            2
-2.445478e+00 -6.760606e+00      3.096161e-01  2.083963e+00  0.000000e+00            2
-2.088030e+00 -7.493620e+00      2.487056e+00  1.794370e-01  0.000000e+00            2
-4.967390e+00  7.250211e+00      5.158329e-01  1.645319e+00  0.000000e+00            8
-4.965300e+00  7.252545e+00      5.169831e-01  1.642628e+00  0.000000e+00            8
-2.420773e+00 -6.818624e+00      3.939400e-01  1.884124e+00  0.000000e+00            2
-2.299239e+00 -7.037270e+00      9.209265e-01  1.082445e+00  0.000000e+00            2
-2.375860e+00 -6.904333e+00      5.642696e-01  1.560014e+00  0.000000e+00            2
-4.944312e+00  7.235030e+00      5.620324e-01  1.564209e+00  0.000000e+00            8
-2.533517e+00 -6.594938e+00      1.012488e-01  2.828926e+00  0.000000e+00            2
-2.138439e+00 -7.409006e+00      2.062663e+00  3.203709e-01  0.000000e+00            2
-2.125088e+00 -7.404482e+00      2.143584e+00  2.872660e-01  0.000000e+00            2
-2.499522e+00 -6.655453e+00      1.670338e-01  2.532305e+00  0.000000e+00            2
-2.511889e+00 -6.655807e+00      1.472766e-01  2.616957e+00  0.000000e+00            2
-5.071313e+00  7.385021e+00      2.922251e-01  2.130818e+00  0.000000e+00            8
-2.157681e+00 -7.344573e+00      1.881148e+00  3.952926e-01  0.000000e+00            2
-2.441562e+00 -6.758579e+00      3.182972e-01  2.061715e+00  0.000000e+00            2
-2.090320e+00 -7.493078e+00      2.470402e+00  1.842093e-01  0.000000e+00            2
-2.088762e+00 -7.495150e+00      2.483574e+00  1.805607e-01  0.000000e+00            2
-4.967790e+00  7.263717e+00      5.047094e-01  1.663839e+00  0.000000e+00            8
-4.963618e+00  7.247798e+00      5.231748e-01  1.631999e+00  0.000000e+00            8
-4.653354e+00  6.884157e+00      1.530068e+00  5.834701e-01  0.000000e+00            8
-2.419952e+00 -6.820726e+00      3.970009e-01  1.877502e+00  0.000000e+00            2
-2.548373e+00 -6.598086e+00      8.465528e-02  2.933854e+00  0.000000e+00            2
-2.552880e+00 -6.570248e+00      7.320879e-02  2.994528e+00  0.000000e+00            2
-2.397722e+00 -6.871247e+00      4.815184e-01  1.707505e+00  0.000000e+00            2
-2.394810e+00 -6.868390e+00      4.886424e-01  1.693125e+00  0.000000e+00            2
-2.401310e+00 -6.864633e+00      4.680422e-01  1.733232e+00  0.000000e+00            2
-4.798737e+00  7.060236e+00      9.846907e-01  1.016520e+00  0.000000e+00            8
-2.170659e+00 -7.325619e+00      1.786293e+00  4.410410e-01  0.000000e+00            2
-2.295735e+00 -7.024455e+00      9.285041e-01  1.075902e+00  0.000000e+00            2
-2.308244e+00 -7.046387e+00      8.895101e-01  1.118003e+00  0.000000e+00            2
-2.373505e+00 -6.901537e+00      5.704548e-01  1.549382e+00  0.000000e+00            2
-2.379509e+00 -6.902583e+00      5.518696e-01  1.581334e+00  0.000000e+00            2
-4.640871e+00  6.896145e+00      1.546263e+00  5.723348e-01  0.000000e+00            8
-2.534087e+00 -6.595946e+00      1.007274e-01  2.831971e+00  0.000000e+00            2
-5.014947e+00  7.320008e+00      3.999401e-01  1.871090e+00  0.000000e+00            8
-4.575587e+00  6.820797e+00      1.827622e+00  4.200456e-01  0.000000e+00            8
 2.079833e-01 -4.386701e-01      2.595089e+00  1.514885e-01  0.000000e+00            3
 3.859736e-02 -1.138674e-01      1.289815e+00  7.481704e-01  0.000000e+00            3
-4.584437e+00  6.827958e+00      1.792381e+00  4.372252e-01  0.000000e+00            8
 6.513843e-02 -1.547731e-01      1.445740e+00  6.366418e-01  0.000000e+00            3
 8.042754e-02 -1.607340e-01      1.508755e+00  5.955010e-01  0.000000e+00            3
-4.772054e+00  7.070965e+00      1.029051e+00  9.717614e-01  0.000000e+00            8
-3.559687e-02  5.929391e-02      8.243191e-01  1.192789e+00  0.000000e+00            3
 9.840384e-02 -1.862109e-01      1.618407e+00  5.298636e-01  0.000000e+00            3
 3.569092e-02 -8.414118e-02      1.232582e+00  7.918536e-01  0.000000e+00            3
-2.954981e-01  6.004057e-01      2.917089e-02  3.350166e+00  0.000000e+00            3
-4.966983e+00  7.257291e+00      5.108399e-01  1.653304e+00  0.000000e+00            8
-1.681560e-01  3.193940e-01      2.917705e-01  2.131389e+00  0.000000e+00            3
 2.718062e-02 -7.458260e-02      1.191178e+00  8.259016e-01  0.000000e+00            3
-1.010805e-02 -1.065443e-02      9.869865e-01  1.014059e+00  0.000000e+00            3
-4.103833e-03 -2.287229e-02      1.021317e+00  9.798645e-01  0.000000e+00            3
-4.935483e+00  7.243442e+00      5.689114e-01  1.551873e+00  0.000000e+00            8
 2.142969e-01 -4.418222e-01      2.631888e+00  1.426580e-01  0.000000e+00            3
 4.975840e-02 -1.144007e-01      1.326432e+00  7.197768e-01  0.000000e+00            3
 3.535869e-02 -1.108317e-01      1.274641e+00  7.600386e-01  0.000000e+00            3
 1.250446e-01 -2.839782e-01      1.905358e+00  3.846349e-01  0.000000e+00            3
 7.278299e-02 -1.577535e-01      1.476997e+00  6.158269e-01  0.000000e+00            3
 6.314908e-02 -1.595177e-01      1.447285e+00  6.360214e-01  0.000000e+00            3
 7.079363e-02 -1.624982e-01      1.478452e+00  6.151086e-01  0.000000e+00            3
-5.067107e+00  7.393703e+00      2.918449e-01  2.130984e+00  0.000000e+00            8
-4.103070e-02  5.797874e-02      8.123506e-01  1.207762e+00  0.000000e+00            3
-3.623241e-02  6.668094e-02      8.132259e-01  1.206098e+00  0.000000e+00            3
 1.010705e-01 -2.291870e-01      1.707625e+00  4.810472e-01  0.000000e+00            3
 1.123180e-01 -2.498465e-01      1.789186e+00  4.391420e-01  0.000000e+00            3
-7.585589e-02  1.221413e-01      6.516803e-01  1.423628e+00  0.000000e+00            3
 8.958219e-02 -1.820475e-01      1.578976e+00  5.526850e-01  0.000000e+00            3
 3.337020e-02 -7.942930e-02      1.217885e+00  8.037117e-01  0.000000e+00            3
 3.390547e-02 -9.596855e-02      1.245929e+00  7.817755e-01  0.000000e+00            3
-1.717800e-01  3.314750e-01      2.773818e-01  2.170779e+00  0.000000e+00            3
-1.676989e-01  3.145398e-01      2.961762e-01  2.119743e+00  0.000000e+00            3
-4.275878e-02  7.430447e-02      7.872108e-01  1.238348e+00  0.000000e+00            3
-3.865899e-02  7.591860e-02      7.954057e-01  1.227986e+00  0.000000e+00            3
 2.911505e-02 -7.465000e-02      1.197214e+00  8.207633e-01  0.000000e+00            3
 2.211576e-02 -7.939377e-02      1.183354e+00  8.331965e-01  0.000000e+00            3
-4.968598e+00  7.270142e+00      4.986619e-01  1.674459e+00  0.000000e+00            8
 6.156428e-02 -1.170908e-01      1.369787e+00  6.883104e-01  0.000000e+00            3
 8.076053e-02 -1.778841e-01      1.540229e+00  5.761698e-01  0.000000e+00            3
 7.092699e+00 -1.897996e-01      1.588651e+00  5.470855e-01  0.000000e+00            7
-2.462877e-04 -1.413015e+01      9.808209e-01  1.019472e+00  0.000000e+00            4
 4.564274e-03 -1.419668e+01      1.125587e+00  8.823423e-01  0.000000e+00            4
-5.091672e-02 -1.381196e+01      2.849812e-01  2.149638e+00  0.000000e+00            4
-7.338011e-02 -1.365755e+01      1.092425e-01  2.788617e+00  0.000000e+00            4
-2.175200e-02 -1.396975e+01      6.027234e-01  1.498332e+00  0.000000e+00            4
-5.454363e-02 -1.379207e+01      2.540154e-01  2.238021e+00  0.000000e+00            4
-2.739840e-02 -1.394414e+01      5.360464e-01  1.607836e+00  0.000000e+00            4
 3.981779e-02 -1.444524e+01      2.008142e+00  3.399754e-01  0.000000e+00            4
-4.507433e-02 -1.384913e+01      3.428987e-01  2.000597e+00  0.000000e+00            4
 3.767336e-02 -1.440856e+01      1.901435e+00  3.857406e-01  0.000000e+00            4
-6.300618e-03 -1.409492e+01      8.769291e-01  1.131171e+00  0.000000e+00            4
 9.119915e-03 -1.426490e+01      1.282666e+00  7.555639e-01  0.000000e+00            4
-4.474867e-02 -1.389425e+01      3.822768e-01  1.912445e+00  0.000000e+00            4
 3.384330e-02 -1.439357e+01      1.818502e+00  4.245026e-01  0.000000e+00            4
-6.724449e-03 -1.410247e+01      8.830628e-01  1.124243e+00  0.000000e+00            4
-5.831804e-02 -1.379752e+01      2.410057e-01  2.279324e+00  0.000000e+00            4
-6.114874e-02 -1.378739e+01      2.224158e-01  2.339187e+00  0.000000e+00            4
-5.705898e-02 -1.380828e+01      2.539321e-01  2.240656e+00  0.000000e+00            4
-3.342533e-04 -1.413138e+01      9.816924e-01  1.018549e+00  0.000000e+00            4
-3.189958e-03 -1.413259e+01      9.563119e-01  1.044816e+00  0.000000e+00            4
 8.351607e-03 -1.420164e+01      1.172480e+00  8.412389e-01  0.000000e+00            4
 4.508741e-03 -1.419137e+01      1.116919e+00  8.898563e-01  0.000000e+00            4
-2.028255e-02 -1.401283e+01      6.606057e-01  1.409547e+00  0.000000e+00            4
-5.273018e-02 -1.380201e+01      2.692619e-01  2.193644e+00  0.000000e+00            4
-5.147112e-02 -1.381278e+01      2.828711e-01  2.155467e+00  0.000000e+00            4
-4.875293e-02 -1.381354e+01      2.968801e-01  2.117743e+00  0.000000e+00            4
-7.937365e-02 -1.365018e+01      8.921179e-02  2.894691e+00  0.000000e+00            4
-7.057578e-02 -1.365102e+01      1.155772e-01  2.762097e+00  0.000000e+00            4
 6.920914e-03 -1.413762e+01      1.062641e+00  9.418579e-01  0.000000e+00            4
 1.854359e-03 -1.413984e+01      1.014816e+00  9.855151e-01  0.000000e+00            4
-2.411887e-02 -1.396799e+01      5.834700e-01  1.528327e+00  0.000000e+00            4
-5.350001e-02 -1.378216e+01      2.522602e-01  2.243741e+00  0.000000e+00            4
-3.036771e-02 -1.393687e+01      5.086833e-01  1.655836e+00  0.000000e+00            4
-3.105397e-02 -1.394573e+01      5.127875e-01  1.648527e+00  0.000000e+00            4
 3.828511e-02 -1.444418e+01      1.984089e+00  3.502782e-01  0.000000e+00            4
 3.995503e-02 -1.445138e+01      2.023179e+00  3.339568e-01  0.000000e+00            4
-4.765219e-02 -1.385220e+01      3.317320e-01  2.028583e+00  0.000000e+00            4
 3.575833e-02 -1.440106e+01      1.859680e+00  4.048859e-01  0.000000e+00            4
 3.764497e-02 -1.440032e+01      1.884299e+00  3.935910e-01  0.000000e+00            4
-6.512534e-03 -1.409869e+01      8.799808e-01  1.127690e+00  0.000000e+00            4
-5.816381e-03 -1.409464e+01      8.809273e-01  1.126688e+00  0.000000e+00            4
 1.345303e-02 -1.428032e+01      1.356398e+00  6.994896e-01  0.000000e+00            4
 1.430596e-02 -1.426176e+01      1.334439e+00  7.140654e-01  0.000000e+00            4
-4.614464e-02 -1.389151e+01      3.723927e-01  1.935782e+00  0.000000e+00            4
 3.572994e-02 -1.439283e+01      1.842726e+00  4.128571e-01  0.000000e+00            4
-6.028296e-03 -1.409841e+01      8.839702e-01  1.123191e+00  0.000000e+00            4
 6.982665e+00  4.473296e-01      1.177101e-01  2.749067e+00  0.000000e+00            7
 6.980477e+00  4.213298e-01      1.379396e-01  2.658694e+00  0.000000e+00            7
-3.470955e-02 -1.394731e+01      4.906922e-01  1.690417e+00  0.000000e+00            4
 5.087037e-02  1.408092e+01      1.178311e+00  8.363113e-01  0.000000e+00            5
-5.537932e-01  1.479845e+01      7.557822e-03  3.664335e+00  0.000000e+00            5
-1.411498e-01  1.429951e+01      5.965124e-01  1.507211e+00  0.000000e+00            5
-1.057215e-01  1.430965e+01      6.320432e-01  1.454463e+00  0.000000e+00            5
-5.781960e-02  1.420942e+01      8.183359e-01  1.199859e+00  0.000000e+00            5
 1.003841e-02  1.415526e+01      9.983789e-01  1.002242e+00  0.000000e+00            5
 4.381251e-01  1.363402e+01      2.985102e+00  7.421944e-02  0.000000e+00            5
-1.317807e-01  1.431802e+01      5.885768e-01  1.520474e+00  0.000000e+00            5
-2.114936e-01  1.438702e+01      4.262578e-01  1.814723e+00  0.000000e+00            5
-5.229994e-01  1.474631e+01      2.162989e-02  3.433376e+00  0.000000e+00            5
-3.695080e-01  1.458144e+01      1.499576e-01  2.601350e+00  0.000000e+00            5
-1.922520e-01  1.436945e+01      4.638397e-01  1.739627e+00  0.000000e+00            5
-1.564283e-01  1.429463e+01      5.828611e-01  1.530223e+00  0.000000e+00            5
 4.789126e-02  1.408373e+01      1.168649e+00  8.444907e-01  0.000000e+00            5
-5.450798e-01  1.480478e+01      8.486778e-03  3.654516e+00  0.000000e+00            5
-1.364653e-01  1.430876e+01      5.924304e-01  1.513724e+00  0.000000e+00            5
-1.487891e-01  1.429707e+01      5.896019e-01  1.518630e+00  0.000000e+00            5
-9.675116e-02  1.429879e+01      6.561678e-01  1.418372e+00  0.000000e+00            5
-5.242589e-02  1.420735e+01      8.290835e-01  1.186939e+00  0.000000e+00            5
-3.352027e-01  1.456129e+01      1.847821e-01  2.467599e+00  0.000000e+00            5
 1.479485e-02  1.415719e+01      1.003745e+00  9.973087e-01  0.000000e+00            5
 9.620357e-03  1.415236e+01      1.001712e+00  9.987509e-01  0.000000e+00            5
 5.439259e-03  1.416389e+01      9.787565e-01  1.022271e+00  0.000000e+00            5
 4.364373e-01  1.362882e+01      2.993025e+00  7.289984e-02  0.000000e+00            5
 4.335427e-01  1.363817e+01      2.961510e+00  7.797231e-02  0.000000e+00            5
-1.385780e-01  1.432461e+01      5.729450e-01  1.545802e+00  0.000000e+00            5
-2.056123e-01  1.438866e+01      4.311146e-01  1.804825e+00  0.000000e+00            5
-5.211070e-01  1.475654e+01      2.012928e-02  3.454143e+00  0.000000e+00            5
-5.281319e-01  1.473996e+01      2.174827e-02  3.432570e+00  0.000000e+00            5
-1.921797e-01  1.437241e+01      4.611098e-01  1.744972e+00  0.000000e+00            5
 7.003737e+00  3.476587e-01      2.397179e-01  2.282769e+00  0.000000e+00            7
-9.822891e-02  1.428192e+01      6.729084e-01  1.392441e+00  0.000000e+00            5
-4.651442e-01  1.463640e+01      7.418534e-02  2.991483e+00  0.000000e+00            5
 7.102040e+00 -4.056710e-01      2.366935e+00  2.146473e-01  0.000000e+00            7
 7.120806e+00 -3.995911e-01      2.426399e+00  1.957089e-01  0.000000e+00            7
 7.107550e+00 -3.867056e-01      2.319186e+00  2.284050e-01  0.000000e+00            7
 7.126064e+00 -4.435944e-01      2.622874e+00  1.448338e-01  0.000000e+00            7
 4.800890e+00  7.006287e+00      1.153145e+00  8.583592e-01  0.000000e+00            6
 4.718938e+00  7.223244e+00      6.322481e-01  1.451953e+00  0.000000e+00            6
 4.683835e+00  7.221375e+00      5.787342e-01  1.537693e+00  0.000000e+00            6
 4.618468e+00  7.323673e+00      3.641130e-01  1.955944e+00  0.000000e+00            6
 4.689936e+00  7.259143e+00      5.374981e-01  1.604930e+00  0.000000e+00            6
 4.623900e+00  7.379812e+00      3.115654e-01  2.078941e+00  0.000000e+00            6
 4.774437e+00  7.086772e+00      9.491261e-01  1.052228e+00  0.000000e+00            6
 4.760477e+00  7.146356e+00      8.221056e-01  1.195681e+00  0.000000e+00            6
 7.144213e+00 -3.539424e-01      2.358094e+00  2.172246e-01  0.000000e+00            7
 4.840131e+00  6.897047e+00      1.471578e+00  6.210815e-01  0.000000e+00            6
 4.847361e+00  6.926356e+00      1.425641e+00  6.498243e-01  0.000000e+00            6
 4.810674e+00  7.010297e+00      1.167210e+00  8.457678e-01  0.000000e+00            6
 4.695909e+00  7.254570e+00      5.526369e-01  1.579077e+00  0.000000e+00            6
 4.703663e+00  7.239636e+00      5.847339e-01  1.526043e+00  0.000000e+00            6
 4.710099e+00  7.222329e+00      6.189004e-01  1.472092e+00  0.000000e+00            6
 4.712191e+00  7.226259e+00      6.168616e-01  1.475300e+00  0.000000e+00            6
 6.953669e+00  6.870229e-01      4.992572e-04  3.915996e+00  0.000000e+00            7
 4.687948e+00  7.224555e+00      5.806620e-01  1.533797e+00  0.000000e+00            6
 6.956242e+00  6.988990e-01      1.170788e-04  3.956960e+00  0.000000e+00            7
 4.687969e+00  7.259278e+00      5.343422e-01  1.610416e+00  0.000000e+00            6
 7.061758e+00 -1.164775e-01      1.271973e+00  7.632006e-01  0.000000e+00            7
 4.623531e+00  7.383629e+00      3.073830e-01  2.089744e+00  0.000000e+00            6
 4.781529e+00  7.082053e+00      9.718762e-01  1.028529e+00  0.000000e+00            6
 4.942582e+00  6.683969e+00      2.288949e+00  2.388517e-01  0.000000e+00            6
 4.963157e+00  6.687340e+00      2.344962e+00  2.198239e-01  0.000000e+00            6
 4.754985e+00  7.163415e+00      7.847488e-01  1.241907e+00  0.000000e+00            6
 4.734710e+00  7.164592e+00      7.457420e-01  1.291528e+00  0.000000e+00            6
 4.745091e+00  7.180528e+00      7.401648e-01  1.299374e+00  0.000000e+00            6
 4.756295e+00  7.175969e+00      7.678076e-01  1.264166e+00  0.000000e+00            6
 4.940043e+00  6.702093e+00      2.231237e+00  2.573825e-01  0.000000e+00            6
 4.759532e+00  7.151017e+00      8.128680e-01  1.206969e+00  0.000000e+00            6
 4.833792e+00  6.904833e+00      1.438865e+00  6.429318e-01  0.000000e+00            6
 4.845742e+00  6.904878e+00      1.468294e+00  6.222801e-01  0.000000e+00            6
 4.849357e+00  6.919533e+00      1.445351e+00  6.366858e-01  0.000000e+00            6
 4.850944e+00  6.929574e+00      1.427654e+00  6.483216e-01  0.000000e+00            6
 7.097477e+00 -1.837486e-01      1.587194e+00  5.478383e-01  0.000000e+00            7
 7.099137e+00 -5.339297e-01      2.867128e+00  9.877980e-02  0.000000e+00            7
 7.163608e+00 -4.091350e-01      2.663643e+00  1.387679e-01  0.000000e+00            7
 7.095776e+00 -4.546530e-02      1.187537e+00  8.297317e-01  0.000000e+00            7
 7.072637e+00  7.471770e-02      8.314276e-01  1.184780e+00  0.000000e+00            7
 7.100919e+00 -2.114673e-01      1.686226e+00  4.920356e-01  0.000000e+00            7
 7.115216e+00 -4.443977e-01      2.575985e+00  1.567325e-01  0.000000e+00            7
 7.019422e+00  3.552377e-01      2.520710e-01  2.243882e+00  0.000000e+00            7
 7.169472e+00 -4.008148e-01      2.658885e+00  1.412535e-01  0.000000e+00            7
 6.998643e+00  4.431067e-01      1.363601e-01  2.659373e+00  0.000000e+00            7
 7.095088e+00 -1.867741e-01      1.587907e+00  5.474454e-01  0.000000e+00            7
 7.137163e+00 -6.524313e-01      3.590447e+00  1.188680e-02  0.000000e+00            7
 7.166540e+00 -4.049749e-01      2.661240e+00  1.399848e-01  0.000000e+00            7
 7.163751e+00 -4.198969e-01      2.707690e+00  1.288150e-01  0.000000e+00            7
 7.101303e+00 -3.837559e-02      1.186447e+00  8.316579e-01  0.000000e+00            7
 7.169458e+00 -4.074383e-01      2.685396e+00  1.351220e-01  0.000000e+00            7
 7.150495e+00 -4.070115e-01      2.592188e+00  1.535204e-01  0.000000e+00            7
 2.324170e+00 -7.211798e+00      1.538221e+00  5.798738e-01  0.000000e+00            0
 7.142547e+00 -3.528428e-01      2.346442e+00  2.205785e-01  0.000000e+00            7
 6.953235e+00  6.965261e-01      1.196743e-04  3.962333e+00  0.000000e+00            7
 7.040969e+00 -1.023524e-01      1.171658e+00  8.495593e-01  0.000000e+00            7
 2.243486e+00 -6.879988e+00      4.922954e-01  1.688097e+00  0.000000e+00            0
 7.028512e+00  4.010718e-02      7.967308e-01  1.232453e+00  0.000000e+00            7
 7.120936e+00 -5.326428e-01      2.966823e+00  7.815934e-02  0.000000e+00            7
 7.126661e+00 -6.683789e-01      3.608926e+00  1.229164e-02  0.000000e+00            7
 4.618755e+00  7.228400e+00      4.794866e-01  1.733743e+00  0.000000e+00            6
 4.562496e+00  7.608427e+00      8.937664e-02  2.913198e+00  0.000000e+00            6
 4.817469e+00  6.919228e+00      1.368510e+00  6.927639e-01  0.000000e+00            6
 7.013105e+00 -9.661966e-02      1.079682e+00  9.437020e-01  0.000000e+00            7
 2.226370e+00 -6.608806e+00      1.416259e-01  2.640759e+00  0.000000e+00            0
 4.837609e+00  6.864560e+00      1.538161e+00  5.817799e-01  0.000000e+00            6
 7.037425e+00 -7.642656e-02      1.094316e+00  9.177580e-01  0.000000e+00            7
 4.676934e+00  7.219005e+00      5.715769e-01  1.550823e+00  0.000000e+00            6
 4.680214e+00  7.227727e+00      5.645693e-01  1.561081e+00  0.000000e+00            6
 4.676593e+00  7.234079e+00      5.505842e-01  1.584641e+00  0.000000e+00            6
 4.703805e+00  7.157693e+00      7.030028e-01  1.353010e+00  0.000000e+00            6
 4.835086e+00  6.832072e+00      1.606924e+00  5.446244e-01  0.000000e+00            6
-1.418509e-01  1.435632e+01      5.366919e-01  1.609606e+00  0.000000e+00            5
 7.107532e+00 -4.307227e-01      2.487490e+00  1.801006e-01  0.000000e+00            7
 1.558966e-01  1.399740e+01      1.518673e+00  5.905087e-01  0.000000e+00            5
 2.388433e-01  1.377897e+01      2.125433e+00  2.983158e-01  0.000000e+00            5
 2.270934e+00 -6.878816e+00      5.769604e-01  1.541149e+00  0.000000e+00            0
-1.618444e-01  1.428168e+01      5.907279e-01  1.519537e+00  0.000000e+00            5
 2.330043e+00 -7.305888e+00      1.842895e+00  4.137007e-01  0.000000e+00            0
 7.166563e+00 -3.855351e-01      2.584096e+00  1.586962e-01  0.000000e+00            7
 1.955129e-02  1.415911e+01      1.009179e+00  9.924459e-01  0.000000e+00            5
 2.319346e+00 -7.225232e+00      1.547727e+00  5.724893e-01  0.000000e+00            0
 7.019068e+00  4.670376e-01      1.372137e-01  2.660296e+00  0.000000e+00            7
 8.278452e-02 -1.465363e+01      3.244217e+00  4.598307e-02  0.000000e+00            4
-1.574636e-02 -1.412812e+01      8.402003e-01  1.183197e+00  0.000000e+00            4
 6.960482e+00  4.117078e-01      1.290723e-01  2.715203e+00  0.000000e+00            7
 2.325424e+00 -7.204656e+00      1.525911e+00  5.881558e-01  0.000000e+00            0
 7.071358e+00  1.923842e-01      5.924067e-01  1.517991e+00  0.000000e+00            7
 7.068008e+00  2.377938e-01      5.056225e-01  1.667264e+00  0.000000e+00            7
-2.908573e-02 -1.400103e+01      5.837305e-01  1.531291e+00  0.000000e+00            4
 2.243785e+00 -6.877438e+00      4.892747e-01  1.693466e+00  0.000000e+00            0
 7.032273e+00 -1.870731e-02      9.389457e-01  1.070237e+00  0.000000e+00            7
 4.732302e-03 -1.412917e+01      1.028458e+00  9.739570e-01  0.000000e+00            4
-2.600363e-02 -1.401420e+01      6.199228e-01  1.473182e+00  0.000000e+00            4
-7.297271e-02  1.947004e-01      5.790516e-01  1.538543e+00  0.000000e+00            3
 7.020511e+00  5.259659e-01      9.309888e-02  2.886281e+00  0.000000e+00            7
-2.390668e-01  5.420220e-01      8.562925e-02  2.935318e+00  0.000000e+00            3
 3.439353e-01 -7.062753e-01      4.014392e+00  3.558857e-05  0.000000e+00            3
 2.467014e-02 -7.137499e-02      1.178510e+00  8.365825e-01  0.000000e+00            3
-4.960359e-02  6.084938e-02      7.875625e-01  1.239406e+00  0.000000e+00            3
 2.318240e+00 -7.243832e+00      1.592950e+00  5.449602e-01  0.000000e+00            0
-4.546739e-03 -3.457655e-02      1.037295e+00  9.652616e-01  0.000000e+00            3
-4.646453e-02  5.666356e-02      8.006189e-01  1.222975e+00  0.000000e+00            3
 1.026664e-01 -2.488821e-01      1.751170e+00  4.591675e-01  0.000000e+00            3
-4.648851e+00  6.860876e+00      1.573444e+00  5.590023e-01  0.000000e+00            8
-5.154436e+00  7.435165e+00      1.870190e-01  2.471920e+00  0.000000e+00            8
 2.246696e+00 -6.902461e+00      5.369353e-01  1.608258e+00  0.000000e+00            0
-4.859077e+00  7.138808e+00      7.890161e-01  1.236535e+00  0.000000e+00            8
 2.198800e+00 -6.371284e+00      7.974034e-03  3.735541e+00  0.000000e+00            0
-2.040637e+00 -7.623427e+00      2.987042e+00  7.715316e-02  0.000000e+00            2
-4.559308e+00  6.783597e+00      1.928773e+00  3.740211e-01  0.000000e+00            8
-4.813686e+00  7.040843e+00      9.763879e-01  1.030297e+00  0.000000e+00            8
-2.358453e+00 -6.964540e+00      6.541237e-01  1.423298e+00  0.000000e+00            2
-2.176791e+00 -7.326012e+00      1.751118e+00  4.600840e-01  0.000000e+00            2
 2.211591e+00 -6.518211e+00      6.270644e-02  3.068473e+00  0.000000e+00            0
-2.374433e+00 -6.958367e+00      5.994415e-01  1.515002e+00  0.000000e+00            2
-2.366407e+00 -6.949745e+00      6.193099e-01  1.476079e+00  0.000000e+00            2
-2.181714e+00 -7.326841e+00      1.723913e+00  4.757589e-01  0.000000e+00            2
-2.195601e+00 -7.296866e+00      1.618791e+00  5.331323e-01  0.000000e+00            2
 2.276397e+00 -7.174993e+00      1.198520e+00  8.246769e-01  0.000000e+00            0
-4.941803e+00  7.212958e+00      5.842258e-01  1.530200e+00  0.000000e+00            8
-2.504821e+00 -6.688282e+00      1.687254e-01  2.538434e+00  0.000000e+00            2
-2.495835e+00 -6.716413e+00      1.934943e-01  2.452180e+00  0.000000e+00            2
-2.507713e+00 -6.661077e+00      1.552309e-01  2.582997e+00  0.000000e+00            2
-2.357578e+00 -6.955435e+00      6.517090e-01  1.424760e+00  0.000000e+00            2
-7.250232e+00  1.283445e-01      5.302894e-01  1.643267e+00  0.000000e+00            1
-2.375237e+00 -6.944055e+00      5.881398e-01  1.528568e+00  0.000000e+00            2
-2.185521e+00 -7.327569e+00      1.703317e+00  4.882009e-01  0.000000e+00            2
-4.975793e+00  7.256351e+00      4.990928e-01  1.676177e+00  0.000000e+00            8
-7.191375e+00  1.815499e-01      6.321223e-01  1.458229e+00  0.000000e+00            1
-5.258833e+00  7.575643e+00      6.358575e-02  3.065847e+00  0.000000e+00            8
-5.333210e+00  7.617748e+00      2.866671e-02  3.421807e+00  0.000000e+00            8
-5.335633e+00  7.637141e+00      2.303134e-02  3.465611e+00  0.000000e+00            8
-5.154593e+00  7.436931e+00      1.859449e-01  2.475120e+00  0.000000e+00            8
-5.137321e+00  7.439893e+00      1.983094e-01  2.422359e+00  0.000000e+00            8
-7.212060e+00  1.937618e-01      5.818797e-01  1.534035e+00  0.000000e+00            1
-7.348762e+00  3.436820e-01      2.926590e-01  2.131314e+00  0.000000e+00            1
-7.080734e+00 -2.527290e-02      9.860389e-01  1.017909e+00  0.000000e+00            1
-7.480929e+00  4.187301e-01      1.211581e-01  2.754166e+00  0.000000e+00            1
-7.244075e+00  1.456335e-01      5.329136e-01  1.625248e+00  0.000000e+00            1
-7.479780e+00  4.336011e-01      1.180029e-01  2.756551e+00  0.000000e+00            1
-7.288806e+00  1.990826e-01      4.311638e-01  1.817563e+00  0.000000e+00            1
-4.865456e+00  7.115968e+00      7.999393e-01  1.226532e+00  0.000000e+00            8
-7.249453e+00  1.524000e-01      5.199402e-01  1.647948e+00  0.000000e+00            1
 7.030940e+00  4.465975e-02      7.926485e-01  1.236556e+00  0.000000e+00            7
-7.686639e+00  7.190008e-01      2.449447e-04  4.005115e+00  0.000000e+00            1
-6.869878e+00 -1.190338e-01      1.739121e+00  4.950550e-01  0.000000e+00            1
-7.237918e+00  1.629226e-01      5.373033e-01  1.609113e+00  0.000000e+00            1
 4.836414e+00  6.825600e+00      1.625501e+00  5.343773e-01  0.000000e+00            6
-4.949497e+00  7.221711e+00      5.652579e-01  1.561359e+00  0.000000e+00            8
-1.119726e-01 -1.341962e+01      9.432385e-04  3.969394e+00  0.000000e+00            4
 7.156617e+00 -7.196711e-01      4.028595e+00  1.641743e-04  0.000000e+00            7
 2.173228e+00 -6.354431e+00      1.277028e-04  4.009909e+00  0.000000e+00            0
-5.341805e+00  7.627267e+00      2.474011e-02  3.472469e+00  0.000000e+00            8
 1.260297e-01 -2.939207e-01      1.929257e+00  3.743953e-01  0.000000e+00            3
-1.942966e+00 -7.792406e+00      4.034985e+00  2.062905e-04  0.000000e+00            2
 7.089329e+00  2.273900e-01      5.706529e-01  1.563295e+00  0.000000e+00            7
-6.472017e+00 -7.159552e-01      4.056681e+00  2.019494e-04  0.000000e+00            1
-6.212142e-01  1.485962e+01      1.401643e-04  4.045600e+00  0.000000e+00            5
-2.654747e+00 -6.351630e+00      1.548215e-04  4.039735e+00  0.000000e+00            2
 2.276068e+00 -6.843570e+00      5.386392e-01  1.610822e+00  0.000000e+00            0
 2.221639e+00 -6.377012e+00      2.537724e-02  3.539402e+00  0.000000e+00            0
-2.665227e+00 -6.332116e+00      1.464594e-03  4.151568e+00  0.000000e+00            2
 3.524269e-01 -7.438949e-01      4.176565e+00  1.975304e-03  0.000000e+00            3
 3.609185e-01 -7.815145e-01      4.342510e+00  7.476428e-03  0.000000e+00            3
 2.169154e+00 -6.282888e+00      8.095936e-03  4.347789e+00  0.000000e+00            0
-6.780948e-01  1.495224e+01      1.535513e-02  4.501543e+00  0.000000e+00            5
 2.165081e+00 -6.211345e+00      3.029018e-02  4.698572e+00  0.000000e+00            0
-7.349753e-01  1.504486e+01      5.562711e-02  4.981598e+00  0.000000e+00            5
