-5.502423e-01  1.485979e+01      5.848837e-03  3.821430e+00  0.000000e+00            6
 8.552589e-02 -1.469405e+01      3.412346e+00  2.798636e-02  0.000000e+00            4
 7.133027e+00  2.512058e-01      6.347337e-01  1.497251e+00  0.000000e+00            5
-7.592516e+00  6.593056e-01      2.464299e-02  3.466517e+00  0.000000e+00            1
-2.634898e+00 -6.362089e+00      2.562139e-03  3.864788e+00  0.000000e+00            2
 4.441540e+00  7.776715e+00      1.017868e-03  3.906745e+00  0.000000e+00            8
-3.664112e-01  7.207012e-01      1.848464e-04  4.039181e+00  0.000000e+00            3
-5.099344e+00  7.348510e+00      2.870978e-01  2.166346e+00  0.000000e+00            7
 2.377338e+00 -7.757324e+00      3.909271e+00  5.653102e-04  0.000000e+00            0
 5.878957e-01  1.343539e+01      3.988214e+00  1.462255e-05  0.000000e+00            6
 5.124614e+00  6.361042e+00      4.001402e+00  1.441803e-05  0.000000e+00            8
-6.647637e+00 -4.455939e-01      2.895471e+00  9.479980e-02  0.000000e+00            1
-4.209891e+00  6.366112e+00      3.930460e+00  5.162064e-04  0.000000e+00            7
 1.625270e-01 -4.599992e-01      2.443312e+00  2.012506e-01  0.000000e+00            3
-1.087193e-01 -1.342725e+01      2.137113e-03  3.895235e+00  0.000000e+00            4
 2.209907e+00 -6.536971e+00      7.049591e-02  3.011494e+00  0.000000e+00            0
-2.228507e+00 -7.254093e+00      1.408692e+00  6.704654e-01  0.000000e+00            2
 4.040740e-02  1.417481e+01      1.023973e+00  9.826357e-01  0.000000e+00            6
 4.788621e+00  7.077333e+00      9.949506e-01  1.005142e+00  0.000000e+00            8
 7.109929e+00 -4.549232e-01      2.593673e+00  1.530892e-01  0.000000e+00            5
-7.147972e+00  1.144442e-01      7.549111e-01  1.281584e+00  0.000000e+00            1
 2.288700e+00 -7.144743e+00      1.182563e+00  8.332579e-01  0.000000e+00            0
 9.073703e-03 -1.409244e+01      1.022835e+00  9.896510e-01  0.000000e+00            4
-7.297271e-02  1.947004e-01      5.790516e-01  1.538543e+00  0.000000e+00            3
-4.697998e+00  6.911111e+00      1.384535e+00  6.822451e-01  0.000000e+00            7
-2.422383e+00 -6.789352e+00      3.781739e-01  1.918909e+00  0.000000e+00            2
 3.927131e-01  1.384729e+01      2.375598e+00  2.290195e-01  0.000000e+00            6
-3.165888e-01  1.448195e+01      2.504143e-01  2.250262e+00  0.000000e+00            6
 6.942408e+00  5.939716e-01      1.516795e-02  3.557525e+00  0.000000e+00            5
 4.638116e+00  7.411871e+00      2.972577e-01  2.118989e+00  0.000000e+00            8
 4.902672e+00  6.742386e+00      2.011724e+00  3.414645e-01  0.000000e+00            8
 2.534454e-02 -1.357252e-01      1.285141e+00  7.569099e-01  0.000000e+00            3
-5.606604e-02 -1.376214e+01      2.278582e-01  2.319362e+00  0.000000e+00            4
-4.515983e+00  6.652929e+00      2.268104e+00  2.542787e-01  0.000000e+00            7
 2.266212e+00 -6.836073e+00      4.950032e-01  1.684234e+00  0.000000e+00            0
-4.883481e+00  7.156045e+00      7.295352e-01  1.314617e+00  0.000000e+00            7
 3.675242e-02 -1.444313e+01      1.960293e+00  3.608253e-01  0.000000e+00            4
-2.324862e+00 -7.026686e+00      8.120275e-01  1.210542e+00  0.000000e+00            2
-2.421863e-01  3.407678e-01      1.875063e-01  2.498338e+00  0.000000e+00            3
-4.315606e+00  6.562652e+00      3.115028e+00  5.758246e-02  0.000000e+00            7
-2.589264e+00 -6.565900e+00      4.557093e-02  3.278612e+00  0.000000e+00            2
 6.987500e+00  1.252309e-01      5.431737e-01  1.618024e+00  0.000000e+00            5
 2.319475e+00 -7.333336e+00      1.861517e+00  4.040828e-01  0.000000e+00            0
 2.324790e+00 -7.583201e+00      2.751302e+00  1.218830e-01  0.000000e+00            0
-5.868693e-02  1.953840e-02      8.206772e-01  1.207583e+00  0.000000e+00            3
 1.477752e-01 -2.875744e-01      2.003346e+00  3.418681e-01  0.000000e+00            3
 2.333053e-01  1.380391e+01      2.059348e+00  3.218705e-01  0.000000e+00            6
 9.436815e-02  1.402328e+01      1.351419e+00  7.014507e-01  0.000000e+00            6
-7.023233e+00  1.961619e-02      1.140525e+00  8.845031e-01  0.000000e+00            1
 2.222605e+00 -6.687083e+00      2.027389e-01  2.401880e+00  0.000000e+00            0
-9.987940e-02 -1.361988e+01      4.073348e-02  3.288752e+00  0.000000e+00            4
-4.761822e+00  7.077860e+00      1.044227e+00  9.586124e-01  0.000000e+00            7
 3.084559e-02 -1.429932e+01      1.599854e+00  5.432138e-01  0.000000e+00            4
 7.011532e+00 -3.500200e-01      1.818251e+00  4.605726e-01  0.000000e+00            5
-2.472711e+00 -6.635988e+00      2.165988e-01  2.379108e+00  0.000000e+00            2
 2.259452e+00 -7.013642e+00      7.760699e-01  1.255677e+00  0.000000e+00            0
 5.122711e+00  6.493069e+00      3.528845e+00  1.860917e-02  0.000000e+00            8
 6.284377e-02 -1.456667e+01      2.648760e+00  1.396442e-01  0.000000e+00            4
 6.974327e+00  2.398460e-01      3.391925e-01  2.034279e+00  0.000000e+00            5
 7.113610e+00 -3.458441e-01      2.194062e+00  2.691992e-01  0.000000e+00            5
-4.863235e-03 -1.421625e+01      1.063884e+00  9.493641e-01  0.000000e+00            4
 1.708638e-02  1.408982e+01      1.105483e+00  9.007959e-01  0.000000e+00            6
 2.384372e+00 -7.647853e+00      3.489106e+00  2.028755e-02  0.000000e+00            0
 1.719811e-01 -3.768268e-01      2.293549e+00  2.362179e-01  0.000000e+00            3
-2.483493e+00 -6.735084e+00      2.217344e-01  2.352274e+00  0.000000e+00            2
-1.671235e-01  3.714145e-01      2.563075e-01  2.234938e+00  0.000000e+00            3
 2.202659e+00 -6.765645e+00      2.471608e-01  2.282482e+00  0.000000e+00            0
-6.698430e+00 -3.878262e-01      2.610602e+00  1.530403e-01  0.000000e+00            1
 4.453581e+00  7.700806e+00      1.044597e-02  3.602721e+00  0.000000e+00            8
-4.358909e+00  6.499559e+00      3.072046e+00  6.477788e-02  0.000000e+00            7
 2.304498e+00 -7.078028e+00      1.101354e+00  9.064210e-01  0.000000e+00            0
 5.125886e+00  6.430118e+00      3.758791e+00  4.810384e-03  0.000000e+00            8
-2.284334e+00 -7.073637e+00      1.007684e+00  9.923458e-01  0.000000e+00            2
-2.530781e+00 -6.616458e+00      1.099272e-01  2.787991e+00  0.000000e+00            2
 7.111053e+00  1.946785e-01      6.841445e-01  1.398343e+00  0.000000e+00            5
 7.237114e-02 -1.724750e-01      1.501445e+00  6.006787e-01  0.000000e+00            3
-9.599761e-02 -1.356496e+01      2.908792e-02  3.349102e+00  0.000000e+00            4
-2.435374e+00 -6.712899e+00      3.217301e-01  2.069961e+00  0.000000e+00            2
 1.833884e-01 -3.282149e-01      2.238256e+00  2.552684e-01  0.000000e+00            3
 3.633525e-01  1.380735e+01      2.378307e+00  2.154721e-01  0.000000e+00            6
 7.002406e+00  1.720138e-01      4.885284e-01  1.703196e+00  0.000000e+00            5
 2.372031e+00 -7.596151e+00      3.168899e+00  4.989095e-02  0.000000e+00            0
-4.211073e+00  6.414807e+00      3.823194e+00  2.744972e-03  0.000000e+00            7
-4.734451e+00  6.942880e+00      1.259563e+00  7.769061e-01  0.000000e+00            7
 2.242196e+00 -6.738702e+00      2.993565e-01  2.111863e+00  0.000000e+00            0
 1.326835e-01 -3.567749e-01      2.086920e+00  3.136435e-01  0.000000e+00            3
 7.089856e+00  2.497017e-01      5.331406e-01  1.629631e+00  0.000000e+00            5
-2.421026e+00 -6.748602e+00      3.695439e-01  1.950164e+00  0.000000e+00            2
-4.347464e+00  6.583976e+00      2.956133e+00  7.983224e-02  0.000000e+00            7
 2.448910e-01  1.383868e+01      2.014401e+00  3.373549e-01  0.000000e+00            6
 4.138238e-02 -1.447812e+01      2.101725e+00  3.037013e-01  0.000000e+00            4
 2.246438e+00 -6.864992e+00      4.781674e-01  1.713046e+00  0.000000e+00            0
-2.291813e+00 -7.031386e+00      9.494423e-01  1.053723e+00  0.000000e+00            2
 2.265657e+00 -6.803390e+00      4.460148e-01  1.780682e+00  0.000000e+00            0
-2.531507e+00 -6.648004e+00      1.186418e-01  2.764165e+00  0.000000e+00            2
 2.637439e-02 -1.421642e+01      1.401747e+00  6.758112e-01  0.000000e+00            4
-2.327957e+00 -6.998334e+00      7.827471e-01  1.244180e+00  0.000000e+00            2
 4.468302e+00  7.724971e+00      9.623119e-03  3.626031e+00  0.000000e+00            8
-3.494641e-02  4.204468e-03      9.001365e-01  1.109664e+00  0.000000e+00            3
 1.625458e-01 -4.318253e-01      2.377426e+00  2.162984e-01  0.000000e+00            3
 2.214932e+00 -6.733685e+00      2.352276e-01  2.301653e+00  0.000000e+00            0
 2.391890e+00 -7.621178e+00      3.442156e+00  2.713022e-02  0.000000e+00            0
 1.952806e-02  1.411703e+01      1.069031e+00  9.332779e-01  0.000000e+00            6
 6.927684e+00  5.712018e-01      1.969246e-02  3.536410e+00  0.000000e+00            5
 8.490554e-02 -1.466791e+01      3.326142e+00  3.782086e-02  0.000000e+00            4
-2.304322e+00 -7.053317e+00      9.098937e-01  1.095307e+00  0.000000e+00            2
 2.296100e+00 -7.101208e+00      1.114830e+00  8.917368e-01  0.000000e+00            0
 1.450086e-01 -3.119656e-01      2.041920e+00  3.263003e-01  0.000000e+00            3
 5.120328e+00  6.452681e+00      3.656836e+00  9.155980e-03  0.000000e+00            8
-2.332480e+00 -7.047751e+00      7.986669e-01  1.237108e+00  0.000000e+00            2
 2.359645e+00 -7.577665e+00      2.994600e+00  7.286140e-02  0.000000e+00            0
 1.682359e-01 -3.435484e-01      2.205205e+00  2.652330e-01  0.000000e+00            3
-7.437054e-02  2.160553e-01      5.546897e-01  1.581973e+00  0.000000e+00            3
 2.232684e+00 -6.719957e+00      2.566667e-01  2.230215e+00  0.000000e+00            0
 1.535557e-01 -3.591123e-01      2.176851e+00  2.766485e-01  0.000000e+00            3
-2.427729e+00 -6.767526e+00      3.564902e-01  1.970446e+00  0.000000e+00            2
 2.953795e-02 -1.431933e+01      1.619322e+00  5.299619e-01  0.000000e+00            4
-2.283744e+00 -7.053885e+00      9.980964e-01  1.002972e+00  0.000000e+00            2
 8.988683e-02  1.404177e+01      1.312529e+00  7.299269e-01  0.000000e+00            6
 6.669539e-02 -1.454816e+01      2.670347e+00  1.381084e-01  0.000000e+00            4
-7.586750e+00  6.418982e-01      2.624562e-02  3.422347e+00  0.000000e+00            1
 1.616064e-01 -3.176159e-01      2.122356e+00  2.951130e-01  0.000000e+00            3
-9.537617e-02 -1.363671e+01      5.226723e-02  3.177308e+00  0.000000e+00            4
 3.629002e-02 -1.446159e+01      1.993096e+00  3.483488e-01  0.000000e+00            4
-2.305114e+00 -7.020880e+00      8.866995e-01  1.120445e+00  0.000000e+00            2
-4.707980e+00  6.924601e+00      1.343427e+00  7.113391e-01  0.000000e+00            7
 2.354112e+00 -7.592742e+00      3.010272e+00  7.022647e-02  0.000000e+00            0
 4.437926e+00  7.704330e+00      7.333464e-03  3.675817e+00  0.000000e+00            8
-2.317623e+00 -7.042811e+00      8.502369e-01  1.165167e+00  0.000000e+00            2
 7.098403e+00 -3.456972e-01      2.130009e+00  2.934008e-01  0.000000e+00            5
-2.437645e+00 -6.756553e+00      3.273192e-01  2.039818e+00  0.000000e+00            2
-1.712637e-01  3.574852e-01      2.595876e-01  2.222463e+00  0.000000e+00            3
 6.164515e-03 -1.422539e+01      1.186871e+00  8.306373e-01  0.000000e+00            4
-4.681667e-02  1.187143e-02      8.597757e-01  1.158018e+00  0.000000e+00            3
 1.743439e-01 -4.392294e-01      2.445344e+00  1.946839e-01  0.000000e+00            3
 2.372903e+00 -7.581862e+00      3.118532e+00  5.688391e-02  0.000000e+00            0
 2.198860e+00 -6.545373e+00      6.272347e-02  3.061243e+00  0.000000e+00            0
 1.673764e-01 -3.580116e-01      2.232663e+00  2.560210e-01  0.000000e+00            3
 2.388131e+00 -7.634516e+00      3.465450e+00  2.351590e-02  0.000000e+00            0
 2.295202e+00 -7.068005e+00      1.035589e+00  9.659619e-01  0.000000e+00            0
 5.133160e+00  6.448628e+00      3.724786e+00  7.401170e-03  0.000000e+00            8
-2.222066e+00 -7.242312e+00      1.430412e+00  6.501312e-01  0.000000e+00            2
-8.472357e-02  2.007854e-01      5.472621e-01  1.589651e+00  0.000000e+00            3
-4.891087e+00  7.166583e+00      7.067631e-01  1.345434e+00  0.000000e+00            7
 2.267242e+00 -6.816248e+00      4.691860e-01  1.734941e+00  0.000000e+00            0
-2.526906e+00 -6.635961e+00      1.203984e-01  2.741710e+00  0.000000e+00            2
 2.560266e-02 -1.483000e-01      1.307334e+00  7.419735e-01  0.000000e+00            3
 6.257073e-02 -1.656642e-01      1.456097e+00  6.306357e-01  0.000000e+00            3
 2.288522e+00 -7.133244e+00      1.154318e+00  8.570962e-01  0.000000e+00            0
 2.374892e+00 -7.746499e+00      3.837786e+00  1.693694e-03  0.000000e+00            0
 2.346283e+00 -7.584905e+00      2.918446e+00  8.545969e-02  0.000000e+00            0
 1.541174e-01 -3.061466e-01      2.067322e+00  3.160809e-01  0.000000e+00            3
 2.370538e+00 -7.765691e+00      3.885465e+00  9.595537e-04  0.000000e+00            0
 2.219006e+00 -6.542471e+00      8.528714e-02  2.926649e+00  0.000000e+00            0
 2.298287e+00 -7.086257e+00      1.090791e+00  9.141387e-01  0.000000e+00            0
 2.382148e+00 -7.624311e+00      3.370336e+00  2.997087e-02  0.000000e+00            0
 4.446133e+00  7.710228e+00      7.516169e-03  3.663034e+00  0.000000e+00            8
 2.297383e+00 -7.139916e+00      1.212476e+00  8.080018e-01  0.000000e+00            0
 6.993059e+00  1.686659e-01      4.777876e-01  1.728897e+00  0.000000e+00            5
-9.732091e-02 -1.357459e+01      2.975059e-02  3.348336e+00  0.000000e+00            4
 6.936637e+00  5.741933e-01      2.020698e-02  3.501695e+00  0.000000e+00            5
 7.111756e+00 -3.369401e-01      2.153980e+00  2.835103e-01  0.000000e+00            5
 6.634806e-02 -1.455851e+01      2.689602e+00  1.326964e-01  0.000000e+00            4
 2.271655e+00 -6.829909e+00      5.032805e-01  1.672310e+00  0.000000e+00            0
-2.291396e+00 -7.051131e+00      9.628090e-01  1.038075e+00  0.000000e+00            2
 1.649705e-01 -3.808315e-01      2.272367e+00  2.439321e-01  0.000000e+00            3
 2.366876e+00 -7.586701e+00      3.088567e+00  5.973114e-02  0.000000e+00            0
-2.317997e+00 -7.030119e+00      8.404962e-01  1.174790e+00  0.000000e+00            2
 4.909733e+00  6.745223e+00      2.024906e+00  3.350044e-01  0.000000e+00            8
 2.367542e+00 -7.576773e+00      3.054426e+00  6.484756e-02  0.000000e+00            0
 2.358980e+00 -7.587593e+00      3.028514e+00  6.757302e-02  0.000000e+00            0
 9.627196e-02  1.403004e+01      1.343933e+00  7.068091e-01  0.000000e+00            6
 2.068742e-02  1.411063e+01      1.080439e+00  9.227225e-01  0.000000e+00            6
 2.684205e-02 -1.431352e+01      1.574358e+00  5.556626e-01  0.000000e+00            4
-1.725500e-01  3.716939e-01      2.481614e-01  2.257704e+00  0.000000e+00            3
-4.884365e+00  7.161192e+00      7.232283e-01  1.322697e+00  0.000000e+00            7
-2.226463e+00 -7.244908e+00      1.410526e+00  6.659072e-01  0.000000e+00            2
-9.483810e-02 -1.356962e+01      3.186539e-02  3.319515e+00  0.000000e+00            4
-8.000396e-02  2.011440e-01      5.570700e-01  1.574033e+00  0.000000e+00            3
-5.102752e+00  7.345468e+00      2.860314e-01  2.173124e+00  0.000000e+00            7
 2.357110e+00 -7.583646e+00      2.998057e+00  7.214782e-02  0.000000e+00            0
 2.238165e+00 -6.738190e+00      2.892254e-01  2.138306e+00  0.000000e+00            0
-2.527636e+00 -6.647749e+00      1.232102e-01  2.736245e+00  0.000000e+00            2
 2.289343e+00 -7.142102e+00      1.179258e+00  8.359057e-01  0.000000e+00            0
-4.210638e+00  6.411834e+00      3.831146e+00  2.452931e-03  0.000000e+00            7
 2.321925e-02  1.411256e+01      1.081940e+00  9.212911e-01  0.000000e+00            6
 6.398175e-02 -1.670660e-01      1.463311e+00  6.258112e-01  0.000000e+00            3
 6.605610e-02 -1.456569e+01      2.702205e+00  1.292331e-01  0.000000e+00            4
 2.865890e-02 -1.431890e+01      1.607250e+00  5.366477e-01  0.000000e+00            4
 2.403152e-01  1.404110e+01      1.632167e+00  5.477201e-01  0.000000e+00            6
 1.216048e-01  1.411391e+01      1.262683e+00  7.795694e-01  0.000000e+00            6
 6.446765e-02 -1.453314e+01      2.595216e+00  1.553812e-01  0.000000e+00            4
 3.126744e-02 -1.422599e+01      1.478806e+00  6.290642e-01  0.000000e+00            4
 2.833965e-02 -1.421030e+01      1.416214e+00  6.697228e-01  0.000000e+00            4
-7.865629e-03 -1.423578e+01      1.067005e+00  9.564906e-01  0.000000e+00            4
-1.013530e-01 -1.360261e+01      3.348389e-02  3.351633e+00  0.000000e+00            4
 9.312107e-02 -1.466456e+01      3.486073e+00  3.419091e-02  0.000000e+00            4
 2.267185e-01  1.373686e+01      2.189796e+00  2.832128e-01  0.000000e+00            6
 6.704273e-02 -1.453782e+01      2.651296e+00  1.437422e-01  0.000000e+00            4
 1.256320e-01 -3.533368e-01      2.051672e+00  3.288582e-01  0.000000e+00            3
 1.275496e-01 -3.745510e-01      2.105191e+00  3.105385e-01  0.000000e+00            3
-6.345869e-02  1.575296e-02      8.147131e-01  1.217945e+00  0.000000e+00            3
-4.756431e+00  7.088211e+00      1.045798e+00  9.593419e-01  0.000000e+00            7
 3.062614e-02 -1.471950e-01      1.320901e+00  7.300468e-01  0.000000e+00            3
 8.795280e-02 -1.465909e+01      3.363455e+00  3.851074e-02  0.000000e+00            4
 1.397349e-01 -3.602130e-01      2.122617e+00  2.988632e-01  0.000000e+00            3
-4.353912e+00  6.500289e+00      3.088761e+00  6.170844e-02  0.000000e+00            7
-1.147062e-01 -1.340716e+01      9.038362e-04  4.047865e+00  0.000000e+00            4
 3.974377e-02 -1.447389e+01      2.068724e+00  3.168539e-01  0.000000e+00            4
-4.195979e+00  6.419390e+00      3.878451e+00  3.200536e-03  0.000000e+00            7
-4.771902e+00  7.100466e+00      9.997451e-01  1.003557e+00  0.000000e+00            7
-2.589797e+00 -6.554709e+00      4.186856e-02  3.292902e+00  0.000000e+00            2
-4.914336e+00  7.110441e+00      7.242324e-01  1.343312e+00  0.000000e+00            7
-4.226528e+00  6.352699e+00      3.890002e+00  2.740162e-03  0.000000e+00            7
-2.331726e+00 -7.023252e+00      7.843372e-01  1.247044e+00  0.000000e+00            2
-4.152661e-03 -1.427474e+01      1.164939e+00  8.719136e-01  0.000000e+00            4
-4.698217e+00  6.935817e+00      1.352013e+00  7.024033e-01  0.000000e+00            7
-7.401434e+00  4.407939e-01      2.050967e-01  2.415803e+00  0.000000e+00            1
-4.353767e+00  6.496194e+00      3.097317e+00  6.094093e-02  0.000000e+00            7
-5.402741e+00  7.709412e+00      5.156190e-03  3.869177e+00  0.000000e+00            7
-7.598281e+00  6.767131e-01      2.364878e-02  3.511302e+00  0.000000e+00            1
 3.785866e-01  1.387402e+01      2.283113e+00  2.603479e-01  0.000000e+00            6
 2.234935e-01  1.380875e+01      2.026483e+00  3.356426e-01  0.000000e+00            6
-6.913311e+00 -4.737960e-02      1.550303e+00  6.147889e-01  0.000000e+00            1
-6.906760e+00 -6.016214e-02      1.578208e+00  5.944961e-01  0.000000e+00            1
 9.174601e-02 -1.478920e+01      3.825406e+00  3.613613e-03  0.000000e+00            4
-4.806075e+00  7.012099e+00      1.024475e+00  9.866368e-01  0.000000e+00            7
 5.131996e+00  6.436976e+00      3.760556e+00  5.515912e-03  0.000000e+00            8
 5.134324e+00  6.460281e+00      3.689298e+00  9.563447e-03  0.000000e+00            8
-7.002863e+00  3.152477e-02      1.206810e+00  8.458342e-01  0.000000e+00            1
-7.023434e+00  5.226408e-02      1.133890e+00  9.067270e-01  0.000000e+00            1
 4.653069e+00  7.436297e+00      2.929501e-01  2.139147e+00  0.000000e+00            8
 4.880591e+00  6.774205e+00      1.867745e+00  4.054348e-01  0.000000e+00            8
-7.035640e+00  4.572805e-02      1.094757e+00  9.309141e-01  0.000000e+00            1
-7.585899e+00  6.704941e-01      3.033802e-02  3.445138e+00  0.000000e+00            1
 7.008977e+00  7.170978e-01      9.519802e-03  3.763261e+00  0.000000e+00            5
 6.981759e+00 -6.123638e-02      9.160165e-01  1.128713e+00  0.000000e+00            5
 6.929319e+00  5.822538e-01      1.654345e-02  3.575991e+00  0.000000e+00            5
-6.908806e+00 -5.356829e-02      1.569083e+00  6.026709e-01  0.000000e+00            1
 4.687533e+00  7.415263e+00      3.574183e-01  1.987183e+00  0.000000e+00            8
 6.998895e+00  1.927327e-01      4.481680e-01  1.781400e+00  0.000000e+00            5
 6.986468e+00 -8.415208e-02      9.815977e-01  1.057147e+00  0.000000e+00            5
 4.631709e+00  7.449574e+00      2.563578e-01  2.237423e+00  0.000000e+00            8
-6.695445e+00 -5.018215e-01      2.703432e+00  1.320202e-01  0.000000e+00            1
 4.844907e+00  7.220445e+00      8.815245e-01  1.167746e+00  0.000000e+00            8
 2.203772e+00 -6.359310e+00      9.608621e-03  3.745824e+00  0.000000e+00            0
 4.847379e+00  7.172121e+00      9.626504e-01  1.066089e+00  0.000000e+00            8
 2.372182e+00 -7.785160e+00      3.989898e+00  1.614477e-04  0.000000e+00            0
 2.311428e+00 -7.590441e+00      2.683462e+00  1.430246e-01  0.000000e+00            0
 2.324271e+00 -7.543807e+00      2.600416e+00  1.541219e-01  0.000000e+00            0
 7.026778e+00 -3.901598e-01      2.009334e+00  3.675440e-01  0.000000e+00            5
 2.267789e+00 -6.815164e+00      4.693329e-01  1.735060e+00  0.000000e+00            0
 7.007016e+00 -3.997184e-02      9.258037e-01  1.097690e+00  0.000000e+00            5
 7.007563e+00 -6.012030e-03      8.491398e-01  1.181435e+00  0.000000e+00            5
 7.156617e+00 -7.196711e-01      4.028595e+00  1.641743e-04  0.000000e+00            5
 7.074150e+00 -7.636868e-01      3.786814e+00  2.280567e-02  0.000000e+00            5
 7.044323e+00 -7.256542e-01      3.452949e+00  5.367551e-02  0.000000e+00            5
-5.121648e+00  7.357566e+00      2.610076e-01  2.251122e+00  0.000000e+00            7
 6.984726e+00 -6.932680e-02      9.419364e-01  1.098824e+00  0.000000e+00            5
-7.088281e+00  1.959276e-01      9.188756e-01  1.179449e+00  0.000000e+00            1
-4.308917e+00  6.579636e+00      3.110618e+00  6.099605e-02  0.000000e+00            7
-4.929175e+00  7.077038e+00      7.383423e-01  1.350238e+00  0.000000e+00            7
-2.593838e+00 -6.570682e+00      4.552710e-02  3.311336e+00  0.000000e+00            2
 2.201342e+00 -6.777479e+00      2.579670e-01  2.254240e+00  0.000000e+00            0
-7.049634e+00  6.082363e-02      1.047202e+00  9.750981e-01  0.000000e+00            1
 6.987694e+00 -7.741722e-02      9.682694e-01  1.069321e+00  0.000000e+00            5
 3.498777e-01 -6.930580e-01      4.010924e+00  5.117231e-04  0.000000e+00            3
 3.255412e-02 -1.421783e+01      1.481912e+00  6.309462e-01  0.000000e+00            4
-7.013234e+00  6.699152e-02      1.167163e+00  8.950741e-01  0.000000e+00            1
-1.053851e-01 -1.363062e+01      4.031667e-02  3.358722e+00  0.000000e+00            4
 2.763907e-01  1.408866e+01      1.642299e+00  5.737733e-01  0.000000e+00            6
 3.582763e-02 -1.448006e+01      2.026561e+00  3.365810e-01  0.000000e+00            4
 1.668705e-01  1.412375e+01      1.341225e+00  7.359703e-01  0.000000e+00            6
 3.404942e-01  1.389682e+01      2.136755e+00  3.064714e-01  0.000000e+00            6
-2.172340e+00 -7.458784e+00      1.921278e+00  4.202535e-01  0.000000e+00            2
 3.033914e-01  1.388272e+01      2.068951e+00  3.221939e-01  0.000000e+00            6
 3.644600e-01  1.390075e+01      2.192698e+00  2.936712e-01  0.000000e+00            6
-7.011228e+00  5.880011e-02      1.174749e+00  8.843190e-01  0.000000e+00            1
-5.088354e+00  7.354989e+00      2.933095e-01  2.140437e+00  0.000000e+00            7
 3.524771e-01  1.389878e+01      2.164526e+00  2.998678e-01  0.000000e+00            6
-4.900195e+00  7.071019e+00      7.894465e-01  1.267790e+00  0.000000e+00            7
 2.314125e+00 -7.580240e+00      2.664123e+00  1.452805e-01  0.000000e+00            0
-7.705525e+00  7.412585e-01      1.272948e-03  4.127072e+00  0.000000e+00            1
-6.829108e+00 -9.892240e-02      1.912666e+00  4.542136e-01  0.000000e+00            1
 3.294228e-02 -1.450080e+01      2.032068e+00  3.400013e-01  0.000000e+00            4
-6.468825e+00 -5.560068e-01      3.974206e+00  3.924243e-02  0.000000e+00            1
-2.455219e+00 -6.645439e+00      2.596644e-01  2.262077e+00  0.000000e+00            2
 2.216306e-01  1.410621e+01      1.487249e+00  6.504522e-01  0.000000e+00            6
 2.377748e+00 -7.802519e+00      4.122667e+00  9.420383e-04  0.000000e+00            0
 4.881136e+00  7.216798e+00      9.704102e-01  1.093027e+00  0.000000e+00            8
-6.815635e+00 -1.011004e-01      1.974330e+00  4.373675e-01  0.000000e+00            1
-7.089104e+00  2.570744e-01      9.278443e-01  1.246118e+00  0.000000e+00            1
-6.582677e+00 -3.460624e-01      3.219666e+00  1.318386e-01  0.000000e+00            1
-7.121502e+00  2.469703e-01      8.211668e-01  1.311644e+00  0.000000e+00            1
-1.206931e-01 -1.338706e+01      2.822016e-03  4.203057e+00  0.000000e+00            4
-6.517839e+00 -4.435745e-01      3.630134e+00  8.034034e-02  0.000000e+00            1
-4.194486e+00  6.327945e+00      4.079275e+00  1.368920e-03  0.000000e+00            7
-6.812468e+00 -1.053198e-01      1.989139e+00  4.304497e-01  0.000000e+00            1
-6.816189e+00 -8.980348e-02      1.971553e+00  4.477040e-01  0.000000e+00            1
-6.493332e+00 -4.997907e-01      3.798764e+00  5.648221e-02  0.000000e+00            1
 6.991683e+00 -8.077026e-01      3.585289e+00  8.748656e-02  0.000000e+00            5
-2.653727e+00 -6.274877e+00      9.944115e-03  4.135161e+00  0.000000e+00            2
-6.583071e+00 -3.762094e-01      3.222409e+00  1.097876e-01  0.000000e+00            1
 6.968505e+00 -4.258654e-01      1.930807e+00  4.508772e-01  0.000000e+00            5
-3.826922e-01  7.523315e-01      2.975207e-03  4.217142e+00  0.000000e+00            3
-4.186161e+00  6.322760e+00      4.126505e+00  1.706033e-03  0.000000e+00            7
 7.208618e+00 -1.958904e-01      2.078958e+00  3.455202e-01  0.000000e+00            5
-2.452803e+00 -6.613986e+00      2.643591e-01  2.286445e+00  0.000000e+00            2
-6.566314e+00 -3.630526e-01      3.319383e+00  1.220074e-01  0.000000e+00            1
-6.814984e+00 -8.913630e-02      1.977155e+00  4.470498e-01  0.000000e+00            1
 4.374661e+00  7.836763e+00      9.520337e-03  4.395918e+00  0.000000e+00            8
-1.930851e+00 -7.781941e+00      4.134653e+00  1.878434e-03  0.000000e+00            2
-6.780637e+00 -9.630436e-02      2.141289e+00  4.096280e-01  0.000000e+00            1
-4.177837e+00  6.317576e+00      4.174062e+00  2.356706e-03  0.000000e+00            7
-3.989733e-01  7.839618e-01      9.591747e-03  4.398669e+00  0.000000e+00            3
-2.672555e+00 -6.187666e+00      3.261002e-02  4.420612e+00  0.000000e+00            2
-4.247474e-01  7.704366e-01      1.629581e-02  4.508918e+00  0.000000e+00            3
 2.388471e+00 -7.792043e+00      4.174947e+00  2.413711e-03  0.000000e+00            0
-1.345832e-01 -1.334575e+01      1.832868e-02  4.558706e+00  0.000000e+00            4
 6.023008e-01  1.337025e+01      4.229602e+00  4.416738e-03  0.000000e+00            6
-4.505216e-01  7.569113e-01      2.841358e-02  4.624765e+00  0.000000e+00            3
 3.816329e-01 -7.634199e-01      4.414316e+00  1.063763e-02  0.000000e+00            3
 7.038957e+00  9.194136e-01      4.562707e-02  4.579617e+00  0.000000e+00            5
 7.066907e+00 -9.053760e-01      4.471983e+00  4.143093e-02  0.000000e+00            5
 4.346292e+00  7.904153e+00      3.379141e-02  4.768750e+00  0.000000e+00            8
 6.167059e-01  1.330510e+01      4.480385e+00  1.800708e-02  0.000000e+00            6
-1.484733e-01 -1.330445e+01      4.936375e-02  4.927129e+00  0.000000e+00            4
-1.891471e+00 -7.855060e+00      4.622863e+00  2.408621e-02  0.000000e+00            2
-4.097234e+00  6.260406e+00      4.667474e+00  2.591884e-02  0.000000e+00            7
-7.888532e+00  9.212681e-01      9.985525e-02  5.362802e+00  0.000000e+00            1
 7.068936e+00  1.121729e+00      1.742761e-01  5.484529e+00  0.000000e+00            5
 6.747567e-01  1.330018e+01      4.702681e+00  2.887116e-02  0.000000e+00            6
 5.215797e+00  6.282534e+00      4.713721e+00  3.209147e-02  0.000000e+00            8
-5.749224e+00  8.157828e+00      2.952066e-01  6.468374e+00  0.000000e+00            7
-8.071539e+00  1.101278e+00      3.584134e-01  6.747794e+00  0.000000e+00            1
 1.109366e-01 -1.495071e+01      4.811916e+00  3.972344e-02  0.000000e+00            4
 4.277879e+00  8.320419e+00      3.977523e-01  6.842378e+00  0.000000e+00            8
 4.133882e-01 -8.337818e-01      4.838626e+00  4.025531e-02  0.000000e+00            3
 7.328074e-01  1.329527e+01      4.934845e+00  4.954524e-02  0.000000e+00            6
 4.209466e+00  8.736684e+00      1.173566e+00  9.312438e+00  0.000000e+00            8
-6.324276e+00 -6.677072e-01      5.003595e+00  1.242572e-01  0.000000e+00            1
-6.095707e+00  8.606244e+00      1.240920e+00  9.690603e+00  0.000000e+00            7
 7.191390e-01  1.325496e+01      5.013191e+00  5.734873e-02  0.000000e+00            6
 4.141053e+00  9.152949e+00      2.355574e+00  1.217393e+01  0.000000e+00            8
 7.054705e-01  1.321464e+01      5.095144e+00  6.886464e-02  0.000000e+00            6
-6.442190e+00  9.054661e+00      2.818786e+00  1.351387e+01  0.000000e+00            7
-1.852091e+00 -7.928179e+00      5.142204e+00  7.428556e-02  0.000000e+00            2
-1.858084e+00 -7.971277e+00      5.143035e+00  7.175523e-02  0.000000e+00            2
-1.864076e+00 -8.014375e+00      5.150154e+00  7.636595e-02  0.000000e+00            2
 4.072640e+00  9.569215e+00      3.938593e+00  1.542230e+01  0.000000e+00            8
-4.016631e+00  6.203236e+00      5.192727e+00  7.997770e-02  0.000000e+00            7
-6.788673e+00  9.503077e+00      5.007433e+00  1.791821e+01  0.000000e+00            7
-1.838608e+00 -7.933255e+00      5.298150e+00  9.677235e-02  0.000000e+00            2
-1.825126e+00 -7.938330e+00      5.457817e+00  1.228792e-01  0.000000e+00            2
 7.142131e+00 -1.003049e+00      5.493146e+00  1.230932e-01  0.000000e+00            5
 5.306979e+00  6.204026e+00      5.494221e+00  1.296047e-01  0.000000e+00            8
 8.235182e-01  1.305293e+01      6.129264e+00  2.297900e-01  0.000000e+00            6
 1.455081e-01 -1.502785e+01      6.061925e+00  2.464951e-01  0.000000e+00            4
 5.354475e+00  6.079481e+00      6.301667e+00  2.693352e-01  0.000000e+00            8
-6.179727e+00 -7.794076e-01      6.166938e+00  3.359226e-01  0.000000e+00            1
-3.789165e+00  5.960339e+00      7.068161e+00  4.393715e-01  0.000000e+00            7
 5.401970e+00  5.954936e+00      7.169210e+00  4.661347e-01  0.000000e+00            8
 9.415658e-01  1.289122e+01      7.264260e+00  4.875039e-01  0.000000e+00            6
-6.004714e+00 -8.717665e-01      7.751342e+00  7.996282e-01  0.000000e+00            1
 5.448353e+00  5.794232e+00      8.281829e+00  7.740876e-01  0.000000e+00            8
 7.703572e+00  3.504023e+00      7.928605e+00  2.075976e+01  0.000000e+00            9
-7.135155e+00  9.951493e+00      7.787406e+00  2.288551e+01  0.000000e+00            7
-3.561699e+00  5.717441e+00      9.258171e+00  1.097681e+00  0.000000e+00            7
 5.494736e+00  5.633529e+00      9.483605e+00  1.166807e+00  0.000000e+00            8
 7.436655e+00  3.447869e+00      8.073216e+00  2.194458e+01  0.000000e+00            9
 7.169739e+00  3.391716e+00      8.588334e+00  2.350566e+01  0.000000e+00            9
-5.829702e+00 -9.641254e-01      9.552799e+00  1.472049e+00  0.000000e+00            1
 7.938174e+00  3.785809e+00      9.485834e+00  2.243742e+01  0.000000e+00            9
 5.875771e+00  6.134468e+00      9.612526e+00  1.527964e+00  0.000000e+00            8
 6.902822e+00  3.335562e+00      9.479208e+00  2.544830e+01  0.000000e+00            9
 5.826795e+00  5.526321e+00      1.272341e+01  2.529854e+00  0.000000e+00            8
 2.907289e+00 -3.152938e+00      1.060055e+01  2.215985e+01  0.000000e+00           10
 7.847820e+00  3.847033e+00      9.933109e+00  2.358344e+01  0.000000e+00            9
 2.620964e+00 -3.202296e+00      1.001128e+01  2.330197e+01  0.000000e+00           10
 5.914569e+00  5.447644e+00      1.403102e+01  3.144880e+00  0.000000e+00            8
 2.334640e+00 -3.251654e+00      1.030816e+01  2.534127e+01  0.000000e+00           10
 6.349572e+00  6.314000e+00      1.295264e+01  3.512367e+00  0.000000e+00            8
 8.172775e+00  4.067596e+00      1.131463e+01  2.440249e+01  0.000000e+00            9
 8.407377e+00  4.349382e+00      1.340728e+01  2.664672e+01  0.000000e+00            9
-7.481638e+00  1.039991e+01      1.114099e+01  2.839931e+01  0.000000e+00            7
 7.992068e+00  4.190043e+00      1.217929e+01  2.665308e+01  0.000000e+00            9
 2.048315e+00 -3.301012e+00      1.150688e+01  2.829352e+01  0.000000e+00           10
 6.158854e+00  5.419112e+00      1.663642e+01  4.552822e+00  0.000000e+00            8
 6.823374e+00  6.493532e+00      1.715498e+01  6.384252e+00  0.000000e+00            8
 1.630765e+00 -3.929774e+00      1.123884e+01  2.864361e+01  0.000000e+00           12
 2.058368e+00 -3.258414e+00      1.173614e+01  2.861065e+01  0.000000e+00           10
 6.334401e+00  5.261760e+00      1.976945e+01  6.283884e+00  0.000000e+00            8
 6.490913e+00  5.311904e+00      2.123888e+01  7.251802e+00  0.000000e+00            8
 1.605583e+00 -3.977122e+00      1.124767e+01  2.866240e+01  0.000000e+00           12
 7.297175e+00  6.673063e+00      2.218637e+01  1.010994e+01  0.000000e+00            8
 1.580401e+00 -4.024470e+00      1.126761e+01  2.869315e+01  0.000000e+00           12
 6.822972e+00  5.204696e+00      2.654746e+01  1.064330e+01  0.000000e+00            8
 6.788603e+00  5.140286e+00      2.664333e+01  1.063319e+01  0.000000e+00            8
 6.754234e+00  5.075876e+00      2.674773e+01  1.063201e+01  0.000000e+00            8
 7.515488e+00  6.929681e+00      2.374799e+01  1.177516e+01  0.000000e+00            8
 1.631428e+00 -3.920634e+00      1.128644e+01  2.871893e+01  0.000000e+00           12
 6.521494e+00  4.717774e+00      2.691496e+01  1.041016e+01  0.000000e+00            8
 1.632091e+00 -3.911494e+00      1.133422e+01  2.879442e+01  0.000000e+00           12
 6.288754e+00  4.359673e+00      2.738451e+01  1.050897e+01  0.000000e+00            8
 7.864071e+00  7.638716e+00      2.518840e+01  1.460411e+01  0.000000e+00            8
 7.733802e+00  7.186299e+00      2.549643e+01  1.363895e+01  0.000000e+00            8
 9.160567e-01 -3.643396e+00      2.761276e+01  1.097179e+01  0.000000e+00           14
 2.068421e+00 -3.215816e+00      1.196947e+01  2.893201e+01  0.000000e+00           10
 6.056014e+00  4.001572e+00      2.816306e+01  1.093595e+01  0.000000e+00            8
 7.994340e+00  8.091132e+00      2.528900e+01  1.597811e+01  0.000000e+00            8
 1.520857e+00 -4.100648e+00      1.156398e+01  2.914411e+01  0.000000e+00           12
 2.261138e+00 -2.994569e+00      1.244619e+01  2.893381e+01  0.000000e+00           10
 8.124609e+00  8.543548e+00      2.579828e+01  1.776097e+01  0.000000e+00            8
 1.461314e+00 -4.176826e+00      1.191291e+01  2.965121e+01  0.000000e+00           12
 9.681474e-01 -3.652344e+00      2.846572e+01  1.143549e+01  0.000000e+00           14
 2.079826e+00 -3.167445e+00      1.223942e+01  2.930217e+01  0.000000e+00           10
 1.437314e+00 -4.228297e+00      1.195344e+01  2.968419e+01  0.000000e+00           12
 8.641978e+00  4.631169e+00      1.575660e+01  2.916238e+01  0.000000e+00            9
 2.091231e+00 -3.119074e+00      1.251458e+01  2.967777e+01  0.000000e+00           10
 1.518037e+00 -2.656066e+00      2.901758e+01  1.160328e+01  0.000000e+00           13
 2.272542e+00 -2.946197e+00      1.275023e+01  2.934168e+01  0.000000e+00           10
 8.254878e+00  8.995964e+00      2.671626e+01  1.995273e+01  0.000000e+00            8
 2.453854e+00 -2.773321e+00      1.333691e+01  2.937790e+01  0.000000e+00           10
 6.332259e-01 -1.448383e+01      2.916931e+01  1.521772e+01  0.000000e+00            4
 5.823274e+00  3.643470e+00      2.925796e+01  1.169931e+01  0.000000e+00            8
 8.385148e+00  9.448380e+00      2.804296e+01  2.255340e+01  0.000000e+00            8
 1.413315e+00 -4.279769e+00      1.200579e+01  2.972992e+01  0.000000e+00           12
 8.389147e+00  4.582111e+00      1.506198e+01  2.941337e+01  0.000000e+00            9
 1.020238e+00 -3.661293e+00      2.935285e+01  1.193296e+01  0.000000e+00           14
 1.387629e+00 -4.322850e+00      1.213926e+01  2.989895e+01  0.000000e+00           12
 1.361943e+00 -4.365931e+00      1.228440e+01  3.008051e+01  0.000000e+00           12
 1.022170e+00 -3.659150e+00      2.936236e+01  1.193609e+01  0.000000e+00           14
 8.136316e+00  4.533052e+00      1.466665e+01  2.996800e+01  0.000000e+00            9
 1.024102e+00 -3.657007e+00      2.937192e+01  1.193926e+01  0.000000e+00           14
 1.344546e+00 -4.393361e+00      1.239854e+01  3.022586e+01  0.000000e+00           12
 1.027455e+00 -3.661318e+00      2.946665e+01  1.199671e+01  0.000000e+00           14
 1.246791e+00 -4.641468e+00      1.268274e+01  3.037092e+01  0.000000e+00           12
 1.327149e+00 -4.420791e+00      1.251794e+01  3.037685e+01  0.000000e+00           12
 8.690038e+00  4.742151e+00      1.665780e+01  3.033577e+01  0.000000e+00            9
 1.030808e+00 -3.665629e+00      2.956160e+01  1.205436e+01  0.000000e+00           14
 7.032156e+00  5.220349e+00      2.947453e+01  1.269530e+01  0.000000e+00            8
 1.301602e+00 -4.405468e+00      1.298973e+01  3.108678e+01  0.000000e+00           12
 1.268427e+00 -4.501557e+00      1.301963e+01  3.102851e+01  0.000000e+00           12
 1.166433e+00 -4.862146e+00      1.302699e+01  3.055767e+01  0.000000e+00           12
 1.086075e+00 -5.082824e+00      1.355677e+01  3.094375e+01  0.000000e+00           12
 1.391592e+00 -4.140570e+00      1.309087e+01  3.145293e+01  0.000000e+00           12
 1.034590e+00 -3.666232e+00      2.962741e+01  1.209201e+01  0.000000e+00           14
 1.038373e+00 -3.666834e+00      2.969341e+01  1.212984e+01  0.000000e+00           14
 1.276055e+00 -4.390146e+00      1.347065e+01  3.180544e+01  0.000000e+00           12
 8.738097e+00  4.853133e+00      1.758389e+01  3.153443e+01  0.000000e+00            9
 1.209706e+00 -4.582323e+00      1.357920e+01  3.174202e+01  0.000000e+00           12
 1.036316e+00 -3.671524e+00      2.970648e+01  1.214183e+01  0.000000e+00           14
 7.906407e+00  4.670351e+00      1.608709e+01  3.303989e+01  0.000000e+00            9
 1.321871e+00 -4.104314e+00      1.433427e+01  3.331772e+01  0.000000e+00           12
-7.828121e+00  1.084832e+01      1.505202e+01  3.444464e+01  0.000000e+00            7
 1.034259e+00 -3.676215e+00      2.971962e+01  1.215389e+01  0.000000e+00           14
 1.032303e+00 -3.681144e+00      2.973675e+01  1.216848e+01  0.000000e+00           14
 1.095182e+00 -4.593170e+00      1.553158e+01  3.449840e+01  0.000000e+00           12
 1.247168e+00 -4.135323e+00      1.533294e+01  3.474301e+01  0.000000e+00           12
 1.030347e+00 -3.686072e+00      2.975395e+01  1.218314e+01  0.000000e+00           14
 8.573299e+00  5.060905e+00      1.901725e+01  3.462916e+01  0.000000e+00            9
 1.036775e+00 -3.676137e+00      2.975886e+01  1.217596e+01  0.000000e+00           14
 1.476337e+00 -3.495105e+00      1.599347e+01  3.598850e+01  0.000000e+00           11
 1.039292e+00 -3.676059e+00      2.979818e+01  1.219809e+01  0.000000e+00           14
 8.515417e+00  9.900797e+00      2.977843e+01  2.556300e+01  0.000000e+00            8
 1.569104e+00 -3.315102e+00      1.606829e+01  3.605261e+01  0.000000e+00           11
 1.038934e+00 -3.677955e+00      2.981104e+01  1.220722e+01  0.000000e+00           14
 1.661872e+00 -3.135100e+00      1.629446e+01  3.627916e+01  0.000000e+00           11
 1.172464e+00 -4.166332e+00      1.640452e+01  3.624322e+01  0.000000e+00           12
 1.038577e+00 -3.679851e+00      2.982390e+01  1.221636e+01  0.000000e+00           14
 1.695779e+00 -3.079481e+00      1.633566e+01  3.628761e+01  0.000000e+00           11
 1.729687e+00 -3.023863e+00      1.639408e+01  3.631453e+01  0.000000e+00           11
 1.040754e+00 -3.681134e+00      2.987119e+01  1.224437e+01  0.000000e+00           14
 1.042931e+00 -3.682416e+00      2.991855e+01  1.227244e+01  0.000000e+00           14
 1.187666e+00 -4.111929e+00      1.645597e+01  3.636898e+01  0.000000e+00           12
 1.045413e+00 -3.682104e+00      2.995525e+01  1.229295e+01  0.000000e+00           14
 1.202869e+00 -4.057527e+00      1.651621e+01  3.650406e+01  0.000000e+00           12
 1.047896e+00 -3.681793e+00      2.999202e+01  1.231353e+01  0.000000e+00           14
 7.676497e+00  4.807650e+00      1.793361e+01  3.652389e+01  0.000000e+00            9
 9.806575e-01 -4.604016e+00      1.766155e+01  3.743355e+01  0.000000e+00           12
 1.049722e+00 -3.688332e+00      3.008557e+01  1.237301e+01  0.000000e+00           14
 8.408501e+00  5.268678e+00      2.082356e+01  3.807919e+01  0.000000e+00            9
-8.174604e+00  1.129674e+01      1.950578e+01  4.100787e+01  0.000000e+00            7
-8.375998e+00  1.169424e+01      2.313359e+01  4.610826e+01  0.000000e+00            7
 8.647949e+00  5.555232e+00      2.351443e+01  4.094265e+01  0.000000e+00            9
 1.051548e+00 -3.694871e+00      3.017929e+01  1.243264e+01  0.000000e+00           14
 8.887396e+00  5.841787e+00      2.646802e+01  4.408298e+01  0.000000e+00            9
 1.109697e+00 -3.611693e+00      3.031735e+01  1.244158e+01  0.000000e+00           14
 9.126844e+00  6.128341e+00      2.967790e+01  4.749327e+01  0.000000e+00            9
-8.577391e+00  1.209174e+01      2.708996e+01  5.152859e+01  0.000000e+00            7
 5.590534e+00  3.285369e+00      3.067734e+01  1.280809e+01  0.000000e+00            8
 1.181022e+00 -3.556553e+00      3.099421e+01  1.280938e+01  0.000000e+00           14
 8.038746e+00  7.064216e+00      3.094257e+01  1.731990e+01  0.000000e+00            8
 1.524955e+00 -3.012152e+00      3.230217e+01  1.362710e+01  0.000000e+00           11
 9.352349e+00  6.215324e+00      3.103681e+01  4.825614e+01  0.000000e+00            9
 7.241340e+00  5.236002e+00      3.260927e+01  1.495610e+01  0.000000e+00            8
-8.778785e+00  1.248924e+01      3.137337e+01  5.726764e+01  0.000000e+00            7
 9.577855e+00  6.302306e+00      3.258365e+01  4.921252e+01  0.000000e+00            9
 1.593413e+00 -3.073626e+00      3.429630e+01  1.495292e+01  0.000000e+00           11
 7.358648e+00  5.353795e+00      3.338893e+01  1.569630e+01  0.000000e+00            8
 7.475957e+00  5.471588e+00      3.421795e+01  1.648931e+01  0.000000e+00            8
 2.149137e+00 -1.828579e+00      3.599776e+01  1.744576e+01  0.000000e+00           11
 9.803360e+00  6.389289e+00      3.431500e+01  5.035892e+01  0.000000e+00            9
 8.861367e+00  9.601386e+00      3.479501e+01  2.808465e+01  0.000000e+00            8
 7.655589e+00  5.596230e+00      3.611183e+01  1.810345e+01  0.000000e+00            8
 7.835221e+00  5.720872e+00      3.811149e+01  1.982951e+01  0.000000e+00            8
 8.343690e+00  6.942132e+00      3.697732e+01  2.157659e+01  0.000000e+00            8
 8.330073e+00  6.747605e+00      3.818517e+01  2.203703e+01  0.000000e+00            8
 8.316456e+00  6.553078e+00      3.949102e+01  2.259259e+01  0.000000e+00            8
 8.368247e+00  6.369599e+00      4.204458e+01  2.415846e+01  0.000000e+00            8
 9.207317e+00  9.301975e+00      4.081752e+01  3.157857e+01  0.000000e+00            8
 8.632359e+00  7.065007e+00      4.138583e+01  2.528506e+01  0.000000e+00            8
 8.420037e+00  6.186121e+00      4.475057e+01  2.587020e+01  0.000000e+00            8
 8.921027e+00  7.187882e+00      4.605363e+01  2.926228e+01  0.000000e+00            8
 9.553267e+00  9.002564e+00      4.789348e+01  3.609120e+01  0.000000e+00            8
 9.209696e+00  7.310757e+00      5.097399e+01  3.350140e+01  0.000000e+00            8
 1.185805e+00 -1.439930e+01      6.899140e+01  4.431443e+01  0.000000e+00            4
 1.738383e+00 -1.431478e+01      9.761101e+01  6.253463e+01  0.000000e+00            4
 2.290962e+00 -1.423025e+01      1.524301e+02  1.072660e+02  0.000000e+00            4
 2.843541e+00 -1.414573e+01      2.311596e+02  1.762058e+02  0.000000e+00            4
 3.396119e+00 -1.406120e+01      3.071265e+02  2.426685e+02  0.000000e+00            4
 3.948698e+00 -1.397668e+01      3.790270e+02  3.053383e+02  0.000000e+00            4
 3.964967e+00 -1.398450e+01      3.829146e+02  3.088014e+02  0.000000e+00            4
 3.981236e+00 -1.399233e+01      3.868526e+02  3.123137e+02  0.000000e+00            4
