-2.240189e+00 -3.791015e+00      1.945520e+00  3.183796e-01  1.772176e+00  0.000000e+00            1
-2.558295e+00 -3.730293e+00      1.785782e+00  6.200287e-01  1.466716e+00  0.000000e+00            1
-2.970609e+00 -2.907156e+00      9.076319e-01  1.461639e+00  1.501318e+00  0.000000e+00            1
-2.995453e+00 -2.695825e+00      6.958395e-01  1.640671e+00  1.646204e+00  0.000000e+00            1
-2.778388e+00 -2.054589e+00      2.282367e-01  2.095355e+00  2.297164e+00  0.000000e+00            1
-2.899342e+00 -2.269541e+00      2.877227e-01  1.950206e+00  2.050838e+00  0.000000e+00            1
-3.480112e+00 -2.350203e+00      5.942645e-01  2.216430e+00  1.729772e+00  0.000000e+00            1
-3.250205e+00 -2.417348e+00      4.866027e-01  2.016878e+00  1.751279e+00  0.000000e+00            1
-2.777935e+00 -3.384221e+00      1.401921e+00  9.921520e-01  1.368440e+00  0.000000e+00            1
-2.812616e+00 -3.108680e+00      1.124403e+00  1.206150e+00  1.484699e+00  0.000000e+00            1
-2.552227e+00 -2.920970e+00      1.024054e+00  1.212130e+00  1.805644e+00  0.000000e+00            1
-2.424986e+00 -2.743068e+00      9.395696e-01  1.326835e+00  2.015079e+00  0.000000e+00            1
-3.958739e+00 -3.497555e+00      1.778160e+00  2.022155e+00  5.041364e-01  0.000000e+00            1
 2.795298e+00  1.996322e+00      2.014108e+00  1.204707e+00  7.953069e-01  0.000000e+00            3
-3.812377e+00 -3.729475e+00      1.910770e+00  1.832456e+00  3.292202e-01  0.000000e+00            1
-3.606009e+00 -4.194072e+00      2.276225e+00  1.617693e+00  4.391955e-01  0.000000e+00            1
 2.616501e+00  3.768791e+00      4.478048e-01  2.245594e+00  1.873151e+00  0.000000e+00            3
-3.282799e+00 -4.329473e+00      2.346577e+00  1.324434e+00  7.892590e-01  0.000000e+00            1
 1.926511e+00  2.278673e+00      2.028631e+00  2.092132e+00  2.882002e-01  0.000000e+00            3
 2.915365e+00  2.194409e+00      1.807574e+00  1.101920e+00  9.357818e-01  0.000000e+00            3
 2.842018e+00  2.020448e+00      1.985846e+00  1.158162e+00  8.422666e-01  0.000000e+00            3
-3.079600e+00 -3.999522e+00      2.001106e+00  1.079600e+00  9.203998e-01  0.000000e+00            1
 2.580259e+00  2.012602e+00      2.031239e+00  1.419796e+00  5.803963e-01  0.000000e+00            3
 2.365221e+00  2.028883e+00      2.070809e+00  1.635035e+00  3.663608e-01  0.000000e+00            3
-3.654960e+00 -3.734505e+00      1.854044e+00  1.676120e+00  4.353628e-01  0.000000e+00            1
-3.643904e+00 -3.507613e+00      1.639363e+00  1.716061e+00  6.076586e-01  0.000000e+00            1
-3.868975e+00 -3.273178e+00      1.541460e+00  2.005327e+00  7.385374e-01  0.000000e+00            1
-3.756243e+00 -3.075473e+00      1.314741e+00  1.984727e+00  9.561216e-01  0.000000e+00            1
-2.273509e+00 -3.553972e+00      1.715406e+00  5.232099e-01  1.783175e+00  0.000000e+00            1
-2.574955e+00 -3.611771e+00      1.666874e+00  6.937545e-01  1.476981e+00  0.000000e+00            1
 2.824582e+00  4.022514e+00      1.768565e-01  2.339267e+00  2.184147e+00  0.000000e+00            3
 4.163625e+00  2.260564e+00      2.092764e+00  3.076802e-01  2.179259e+00  0.000000e+00            3
-3.699736e+00 -4.085759e+00      2.200004e+00  1.701898e+00  3.122705e-01  0.000000e+00            1
 2.776854e+00  3.810422e+00      2.928034e-01  2.184883e+00  1.970059e+00  0.000000e+00            3
 2.150182e+00  2.045163e+00      2.131567e+00  1.850370e+00  1.568255e-01  0.000000e+00            3
-2.911083e+00 -3.394029e+00      1.396862e+00  1.094200e+00  1.246171e+00  0.000000e+00            1
 2.941992e+00  2.344242e+00      1.656774e+00  1.112603e+00  1.002921e+00  0.000000e+00            3
-3.189327e+00 -3.126908e+00      1.142701e+00  1.475394e+00  1.191420e+00  0.000000e+00            1
 2.919624e+00  2.458935e+00      1.543160e+00  1.173811e+00  1.027779e+00  0.000000e+00            3
 4.003808e+00  2.155072e+00      2.100331e+00  1.551188e-01  2.009799e+00  0.000000e+00            3
 3.861820e+00  1.850506e+00      2.315828e+00  2.035734e-01  1.867812e+00  0.000000e+00            3
-3.061897e+00 -3.491490e+00      1.492774e+00  1.177374e+00  1.067061e+00  0.000000e+00            1
 2.888738e+00  2.044575e+00      1.958587e+00  1.112155e+00  8.898554e-01  0.000000e+00            3
-3.247393e+00 -3.313409e+00      1.336505e+00  1.423867e+00  1.018737e+00  0.000000e+00            1
-3.656263e+00 -3.002776e+00      1.198432e+00  1.933304e+00  1.054804e+00  0.000000e+00            1
-3.532869e+00 -3.208025e+00      1.320331e+00  1.725373e+00  9.194758e-01  0.000000e+00            1
-2.331094e+00 -2.427157e+00      7.936607e-01  1.607315e+00  2.293269e+00  0.000000e+00            1
 3.968752e+00  2.128665e+00      2.107220e+00  1.324048e-01  1.972952e+00  0.000000e+00            3
 2.935347e+00  4.034259e+00      7.316891e-02  2.296018e+00  2.238992e+00  0.000000e+00            3
-2.297746e+00 -2.565166e+00      9.014289e-01  1.465401e+00  2.226301e+00  0.000000e+00            1
 2.389747e+00  3.312897e+00      9.189773e-01  2.077647e+00  1.369526e+00  0.000000e+00            3
-2.945765e+00 -3.118487e+00      1.119801e+00  1.292879e+00  1.374219e+00  0.000000e+00            1
 2.423949e+00  3.480734e+00      7.755461e-01  2.162524e+00  1.540230e+00  0.000000e+00            3
-2.876401e+00 -3.669571e+00      1.674139e+00  9.366232e-01  1.171178e+00  0.000000e+00            1
-3.666015e+00 -3.961396e+00      2.071388e+00  1.666462e+00  3.362087e-01  0.000000e+00            1
 2.346856e+00  3.384540e+00      8.974336e-01  2.156348e+00  1.427327e+00  0.000000e+00            3
-3.432889e+00 -3.135328e+00      1.215057e+00  1.673568e+00  1.034056e+00  0.000000e+00            1
 2.363957e+00  3.468459e+00      8.289065e-01  2.198410e+00  1.512890e+00  0.000000e+00            3
-1.972063e+00 -3.496172e+00      1.815265e+00  5.046017e-01  2.089586e+00  0.000000e+00            1
 2.484116e+00  2.888404e+00      1.225472e+00  1.757033e+00  1.011746e+00  0.000000e+00            3
 2.897257e+00  2.573628e+00      1.430068e+00  1.243017e+00  1.064950e+00  0.000000e+00            3
 2.789366e+00  2.525629e+00      1.489341e+00  1.319818e+00  9.483593e-01  0.000000e+00            3
 2.636741e+00  2.707017e+00      1.343042e+00  1.535691e+00  9.514788e-01  0.000000e+00            3
 2.690686e+00  2.731016e+00      1.306138e+00  1.499562e+00  1.005700e+00  0.000000e+00            3
 2.436931e+00  3.100651e+00      1.061073e+00  1.911705e+00  1.184205e+00  0.000000e+00            3
 2.440048e+00  3.603947e+00      6.858600e-01  2.237431e+00  1.663217e+00  0.000000e+00            3
-2.679468e+00 -3.098872e+00      1.144666e+00  1.128587e+00  1.598699e+00  0.000000e+00            1
-3.020297e+00 -2.484493e+00      4.849184e-01  1.826956e+00  1.804599e+00  0.000000e+00            1
 3.328036e+00  1.459303e+00      2.561786e+00  8.624902e-01  1.433887e+00  0.000000e+00            3
-3.632849e+00 -3.280722e+00      1.428547e+00  1.784252e+00  8.075649e-01  0.000000e+00            1
 3.639173e+00  2.823734e+00      1.338709e+00  8.992966e-01  1.834510e+00  0.000000e+00            3
 2.406848e+00  3.396816e+00      8.459674e-01  2.118780e+00  1.454861e+00  0.000000e+00            3
 3.268215e+00  2.698681e+00      1.328672e+00  1.011763e+00  1.447938e+00  0.000000e+00            3
 4.038863e+00  2.181479e+00      2.094339e+00  1.855940e-01  2.046924e+00  0.000000e+00            3
 4.019708e+00  2.693018e+00      1.657711e+00  6.932984e-01  2.135298e+00  0.000000e+00            3
 4.029286e+00  2.437249e+00      1.871262e+00  4.382284e-01  2.075858e+00  0.000000e+00            3
 2.964029e+00  1.830644e+00      2.169654e+00  1.049723e+00  9.787916e-01  0.000000e+00            3
 3.039319e+00  1.616712e+00      2.383612e+00  1.034320e+00  1.107743e+00  0.000000e+00            3
-2.657433e+00 -1.839636e+00      3.782443e-01  2.258183e+00  2.543552e+00  0.000000e+00            1
 4.195635e+00  2.542696e+00      1.885015e+00  5.768810e-01  2.261710e+00  0.000000e+00            3
-3.794828e+00 -2.576641e+00      9.819708e-01  2.290712e+00  1.438071e+00  0.000000e+00            1
-3.546004e+00 -4.426749e+00      2.487414e+00  1.603821e+00  6.230786e-01  0.000000e+00            1
 2.600401e+00  3.645578e+00      5.341289e-01  2.160279e+00  1.751688e+00  0.000000e+00            3
 1.702840e+00  2.512183e+00      1.973885e+00  2.353567e+00  5.921451e-01  0.000000e+00            3
 3.541462e+00  1.515825e+00      2.542500e+00  6.668453e-01  1.615713e+00  0.000000e+00            3
-3.879637e+00 -2.870223e+00      1.237356e+00  2.193041e+00  1.136170e+00  0.000000e+00            1
 1.848338e+00  2.076351e+00      2.242041e+00  2.153016e+00  1.697961e-01  0.000000e+00            3
 2.202669e+00  3.696044e+00      8.533034e-01  2.471228e+00  1.708110e+00  0.000000e+00            3
-1.922083e+00 -3.851737e+00      2.142623e+00  1.674904e-01  2.083200e+00  0.000000e+00            1
-1.865874e+00 -2.829342e+00      1.405009e+00  1.178316e+00  2.434118e+00  0.000000e+00            1
 2.678684e+00  4.290014e+00      4.328416e-01  2.643868e+00  2.388467e+00  0.000000e+00            3
 3.008173e+00  1.600628e+00      2.399386e+00  1.069215e+00  1.084394e+00  0.000000e+00            3
 2.901736e+00  1.798475e+00      2.203717e+00  1.116601e+00  9.239802e-01  0.000000e+00            3
-2.081810e+00 -2.697254e+00      1.152925e+00  1.305312e+00  2.318749e+00  0.000000e+00            1
-1.936667e+00 -3.273896e+00      1.659364e+00  7.288612e-01  2.187366e+00  0.000000e+00            1
 2.303966e+00  3.456183e+00      8.832891e-01  2.235397e+00  1.487570e+00  0.000000e+00            3
-2.510938e+00 -2.064392e+00      4.932829e-01  2.001909e+00  2.442107e+00  0.000000e+00            1
-4.105101e+00 -3.265635e+00      1.680202e+00  2.229516e+00  7.418483e-01  0.000000e+00            1
-1.947073e+00 -3.673955e+00      1.977569e+00  3.303133e-01  2.078657e+00  0.000000e+00            1
-3.609728e+00 -4.434773e+00      2.509958e+00  1.667409e+00  5.842431e-01  0.000000e+00            1
 2.097984e+00  1.836658e+00      2.343860e+00  1.909017e+00  1.904766e-01  0.000000e+00            3
 2.149134e+00  2.840834e+00      1.437929e+00  2.032906e+00  8.539568e-01  0.000000e+00            3
-3.733458e+00 -4.210121e+00      2.328647e+00  1.746146e+00  3.394051e-01  0.000000e+00            1
 2.872311e+00  4.234605e+00      2.671032e-01  2.503027e+00  2.398830e+00  0.000000e+00            3
-2.276808e+00 -2.552863e+00      9.103098e-01  1.473373e+00  2.250244e+00  0.000000e+00            1
 4.010131e+00  2.948788e+00      1.457879e+00  9.488417e-01  2.222797e+00  0.000000e+00            3
 3.114610e+00  1.402781e+00      2.599747e+00  1.067983e+00  1.264526e+00  0.000000e+00            3
-3.710020e+00 -2.283058e+00      7.643627e-01  2.423233e+00  1.741258e+00  0.000000e+00            1
-2.310157e+00 -2.414853e+00      8.049763e-01  1.615205e+00  2.316951e+00  0.000000e+00            1
-2.364443e+00 -2.289147e+00      6.982394e-01  1.749239e+00  2.366868e+00  0.000000e+00            1
 3.754888e+00  1.572347e+00      2.542313e+00  4.929166e-01  1.806244e+00  0.000000e+00            3
 2.983075e+00  4.246351e+00      2.469315e-01  2.465812e+00  2.452046e+00  0.000000e+00            3
 3.093840e+00  4.258097e+00      2.746267e-01  2.433131e+00  2.509081e+00  0.000000e+00            3
 2.253317e+00  3.576114e+00      8.586120e-01  2.352665e+00  1.596341e+00  0.000000e+00            3
-2.060872e+00 -2.684951e+00      1.162376e+00  1.316457e+00  2.342983e+00  0.000000e+00            1
-4.051316e+00 -2.734930e+00      1.282726e+00  2.410041e+00  1.266110e+00  0.000000e+00            1
-3.992369e+00 -3.067929e+00      1.457830e+00  2.199611e+00  9.321024e-01  0.000000e+00            1
 2.456147e+00  3.727160e+00      6.084548e-01  2.316584e+00  1.786380e+00  0.000000e+00            3
-1.598446e+00 -3.866725e+00      2.334313e+00  4.230926e-01  2.405249e+00  0.000000e+00            1
 4.288388e+00  2.339649e+00      2.101596e+00  4.455662e-01  2.313456e+00  0.000000e+00            3
 2.996424e+00  1.105048e+00      2.894954e+00  1.344657e+00  1.339328e+00  0.000000e+00            3
-2.467114e+00 -1.762796e+00      5.832950e-01  2.285449e+00  2.711977e+00  0.000000e+00            1
-4.330037e+00 -3.465926e+00      1.979378e+00  2.390461e+00  6.278207e-01  0.000000e+00            1
 1.546495e+00  2.107539e+00      2.386228e+00  2.455860e+00  4.660806e-01  0.000000e+00            3
 2.396052e+00  3.736243e+00      6.590308e-01  2.363724e+00  1.780841e+00  0.000000e+00            3
 3.249176e+00  1.227555e+00      2.783620e+00  1.077222e+00  1.468711e+00  0.000000e+00            3
 2.269312e+00  3.720685e+00      7.822543e-01  2.440499e+00  1.741633e+00  0.000000e+00            3
-2.809009e+00 -1.611499e+00      4.329091e-01  2.521792e+00  2.668969e+00  0.000000e+00            1
-1.901271e+00 -3.051619e+00      1.520891e+00  9.535062e-01  2.303061e+00  0.000000e+00            1
-3.921451e+00 -2.283118e+00      9.639649e-01  2.576753e+00  1.718677e+00  0.000000e+00            1
-2.255870e+00 -2.540559e+00      9.197464e-01  1.481701e+00  2.274194e+00  0.000000e+00            1
-2.637785e+00 -1.631941e+00      5.163982e-01  2.452442e+00  2.731910e+00  0.000000e+00            1
 4.102883e+00  2.745742e+00      1.670184e+00  7.528051e-01  2.231199e+00  0.000000e+00            3
 2.335956e+00  3.745325e+00      7.112061e-01  2.411473e+00  1.777365e+00  0.000000e+00            3
 1.814151e+00  2.793264e+00      1.691878e+00  2.325339e+00  8.147434e-01  0.000000e+00            3
-4.041817e+00 -4.245126e+00      2.475070e+00  2.056478e+00  2.486670e-01  0.000000e+00            1
 2.045787e+00  1.628154e+00      2.556595e+00  1.989276e+00  3.746544e-01  0.000000e+00            3
-3.485998e+00 -4.659425e+00      2.703467e+00  1.625740e+00  8.360856e-01  0.000000e+00            1
-4.350177e+00 -4.280130e+00      2.649900e+00  2.366813e+00  4.484379e-01  0.000000e+00            1
-4.222995e+00 -2.599637e+00      1.362087e+00  2.627303e+00  1.418007e+00  0.000000e+00            1
 1.949086e+00  3.854030e+00      1.061003e+00  2.764719e+00  1.854728e+00  0.000000e+00            3
-4.132882e+00 -2.283179e+00      1.167738e+00  2.738003e+00  1.721956e+00  0.000000e+00            1
 1.400997e+00  2.543371e+00      2.163002e+00  2.655197e+00  8.087381e-01  0.000000e+00            3
 1.479169e+00  2.745693e+00      1.971348e+00  2.628811e+00  9.095733e-01  0.000000e+00            3
-4.554973e+00 -3.666218e+00      2.279084e+00  2.576683e+00  6.476146e-01  0.000000e+00            1
 4.317698e+00  2.997049e+00      1.655971e+00  1.046441e+00  2.523060e+00  0.000000e+00            3
 4.433606e+00  2.150825e+00      2.339802e+00  4.590881e-01  2.438275e+00  0.000000e+00            3
 2.433334e+00  4.233506e+00      6.128912e-01  2.728185e+00  2.275155e+00  0.000000e+00            3
 1.993589e+00  1.419649e+00      2.769670e+00  2.088658e+00  5.803860e-01  0.000000e+00            3
 3.451691e+00  4.382159e+00      5.916673e-01  2.444448e+00  2.789640e+00  0.000000e+00            3
 2.358783e+00  3.933458e+00      6.446606e-01  2.536110e+00  1.966465e+00  0.000000e+00            3
-2.091638e+00 -2.413344e+00      9.979854e-01  1.589300e+00  2.481798e+00  0.000000e+00            1
 3.383743e+00  1.052330e+00      2.972544e+00  1.130421e+00  1.677148e+00  0.000000e+00            3
 2.381610e+00  4.121590e+00      6.302304e-01  2.668395e+00  2.155637e+00  0.000000e+00            3
-2.276796e+00 -1.685955e+00      7.884469e-01  2.330540e+00  2.885175e+00  0.000000e+00            1
-4.263778e+00 -2.373761e+00      1.317889e+00  2.787354e+00  1.647492e+00  0.000000e+00            1
-1.767345e+00 -2.634540e+00      1.386390e+00  1.385138e+00  2.617103e+00  0.000000e+00            1
 2.878239e+00  8.073160e-01      3.195005e+00  1.637328e+00  1.481148e+00  0.000000e+00            3
-1.927406e+00 -2.286129e+00      1.110103e+00  1.715408e+00  2.689424e+00  0.000000e+00            1
 3.809541e+00  4.506222e+00      9.547866e-01  2.513449e+00  3.091212e+00  0.000000e+00            3
 1.749051e+00  1.335364e+00      2.943665e+00  2.347023e+00  7.104346e-01  0.000000e+00            3
-1.668817e+00 -2.439738e+00      1.401934e+00  1.595023e+00  2.805144e+00  0.000000e+00            1
 4.625265e+00  3.045310e+00      1.884919e+00  1.218043e+00  2.825719e+00  0.000000e+00            3
-4.719222e+00 -4.090822e+00      2.706892e+00  2.720739e+00  7.249341e-01  0.000000e+00            1
 4.578824e+00  1.962000e+00      2.578009e+00  5.800695e-01  2.579103e+00  0.000000e+00            3
-2.960586e+00 -1.383362e+00      6.178965e-01  2.787386e+00  2.815524e+00  0.000000e+00            1
-1.274810e+00 -3.881714e+00      2.552867e+00  7.347733e-01  2.727756e+00  0.000000e+00            1
 1.322824e+00  2.341049e+00      2.359033e+00  2.698812e+00  7.582093e-01  0.000000e+00            3
-3.688463e+00 -1.936613e+00      6.913751e-01  2.666172e+00  2.086773e+00  0.000000e+00            1
 3.518310e+00  8.771043e-01      3.165616e+00  1.221851e+00  1.888428e+00  0.000000e+00            3
-1.798111e+00 -2.362934e+00      1.255491e+00  1.649468e+00  2.743775e+00  0.000000e+00            1
 2.485058e+00  4.345423e+00      6.200663e-01  2.792142e+00  2.395055e+00  0.000000e+00            3
 1.205331e+00  2.702847e+00      2.214372e+00  2.881695e+00  1.060892e+00  0.000000e+00            3
-4.658536e+00 -4.315134e+00      2.847910e+00  2.677149e+00  7.300546e-01  0.000000e+00            1
 3.368631e+00  4.480701e+00      6.057736e-01  2.559786e+00  2.833201e+00  0.000000e+00            3
-4.394674e+00 -2.464344e+00      1.469942e+00  2.844768e+00  1.585562e+00  0.000000e+00            1
 3.012805e+00  6.320906e-01      3.367934e+00  1.686929e+00  1.702043e+00  0.000000e+00            3
 3.265557e+00  7.545974e-01      3.256249e+00  1.445833e+00  1.775574e+00  0.000000e+00            3
 2.760053e+00  5.095837e-01      3.498654e+00  1.938765e+00  1.673028e+00  0.000000e+00            3
 1.695504e+00  4.012015e+00      1.304551e+00  3.059233e+00  2.034926e+00  0.000000e+00            3
-9.511738e-01 -3.896703e+00      2.791983e+00  1.053901e+00  3.050576e+00  0.000000e+00            1
-2.618137e+00 -1.424246e+00      6.908780e-01  2.648887e+00  2.923022e+00  0.000000e+00            1
 9.314937e-01  2.660001e+00      2.464613e+00  3.138683e+00  1.255909e+00  0.000000e+00            3
 2.931175e+00  3.684668e-01      3.632185e+00  1.950458e+00  1.878560e+00  0.000000e+00            3
-1.408317e+00 -2.472338e+00      1.660288e+00  1.638243e+00  3.008417e+00  0.000000e+00            1
-1.956485e+00 -1.588142e+00      1.121851e+00  2.412250e+00  3.161173e+00  0.000000e+00            1
 4.724041e+00  1.773175e+00      2.816216e+00  7.587396e-01  2.733469e+00  0.000000e+00            3
 1.244652e+00  2.138727e+00      2.558434e+00  2.758838e+00  7.679815e-01  0.000000e+00            3
 2.188752e+00  4.181070e+00      8.312100e-01  2.835081e+00  2.189222e+00  0.000000e+00            3
 1.845699e+00  4.126282e+00      1.161188e+00  3.026894e+00  2.131874e+00  0.000000e+00            3
 2.463311e+00  4.388544e+00      6.625716e-01  2.840168e+00  2.433063e+00  0.000000e+00            3
 1.504512e+00  1.251078e+00      3.129386e+00  2.605445e+00  8.979940e-01  0.000000e+00            3
 1.088073e+00  2.399364e+00      2.493492e+00  2.939185e+00  9.955413e-01  0.000000e+00            3
 2.574897e+00  3.289783e-01      3.695553e+00  2.196186e+00  1.767150e+00  0.000000e+00            3
-2.789362e+00 -1.403804e+00      6.323121e-01  2.713545e+00  2.864591e+00  0.000000e+00            1
-4.618422e+00 -2.410449e+00      1.669658e+00  3.063137e+00  1.705614e+00  0.000000e+00            1
 4.932832e+00  3.093571e+00      2.134819e+00  1.437384e+00  3.130080e+00  0.000000e+00            3
-4.571667e+00 -2.377685e+00      1.616410e+00  3.040621e+00  1.720090e+00  0.000000e+00            1
-3.666906e+00 -1.590168e+00      7.827683e-01  2.930165e+00  2.432743e+00  0.000000e+00            1
 3.710564e+00  7.749821e-01      3.302369e+00  1.258746e+00  2.103972e+00  0.000000e+00            3
 3.643421e+00  4.703304e+00      9.532199e-01  2.726720e+00  3.163651e+00  0.000000e+00            3
-3.188841e+00 -1.336816e+00      6.895464e-01  2.916486e+00  2.783977e+00  0.000000e+00            1
-4.842170e+00 -2.356553e+00      1.876359e+00  3.283116e+00  1.846664e+00  0.000000e+00            1
-4.795415e+00 -2.323790e+00      1.824378e+00  3.259452e+00  1.855361e+00  0.000000e+00            1
 2.441564e+00  4.431664e+00      7.058219e-01  2.888203e+00  2.471431e+00  0.000000e+00            3
-4.748660e+00 -2.291027e+00      1.772712e+00  3.236622e+00  1.865766e+00  0.000000e+00            1
-8.556512e-01 -3.789851e+00      2.793170e+00  1.163485e+00  3.151363e+00  0.000000e+00            1
-4.742155e+00 -4.402733e+00      2.967866e+00  2.771572e+00  8.443864e-01  0.000000e+00            1
-1.636174e+00 -1.490329e+00      1.455948e+00  2.535906e+00  3.447625e+00  0.000000e+00            1
-1.147818e+00 -2.504938e+00      1.919776e+00  1.720879e+00  3.220272e+00  0.000000e+00            1
 1.995893e+00  4.240550e+00      1.032518e+00  3.006078e+00  2.240553e+00  0.000000e+00            3
 4.167391e+00  4.630285e+00      1.326673e+00  2.635606e+00  3.408223e+00  0.000000e+00            3
 2.389740e+00  1.483728e-01      3.899673e+00  2.453866e+00  1.892200e+00  0.000000e+00            3
 3.102297e+00  2.273498e-01      3.774037e+00  1.986998e+00  2.087426e+00  0.000000e+00            3
-4.779908e+00 -3.866510e+00      2.579135e+00  2.783112e+00  7.912500e-01  0.000000e+00            1
-4.772320e+00 -4.117978e+00      2.761693e+00  2.774829e+00  7.812792e-01  0.000000e+00            1
 3.902818e+00  6.728598e-01      3.447455e+00  1.330694e+00  2.319918e+00  0.000000e+00            3
 4.120555e+00  4.868722e+00      1.417858e+00  2.871254e+00  3.567397e+00  0.000000e+00            3
-4.833006e+00 -3.893666e+00      2.635504e+00  2.835001e+00  8.397655e-01  0.000000e+00            1
 2.204584e+00 -3.223267e-02      4.109938e+00  2.711732e+00  2.042504e+00  0.000000e+00            3
-7.601286e-01 -3.683000e+00      2.801698e+00  1.279754e+00  3.255343e+00  0.000000e+00            1
-2.477923e+00 -1.127812e+00      1.016502e+00  2.911679e+00  3.250566e+00  0.000000e+00            1
 1.576586e+00  4.201327e+00      1.437581e+00  3.273954e+00  2.241678e+00  0.000000e+00            3
 4.095073e+00  5.707376e-01      3.599865e+00  1.432421e+00  2.536163e+00  0.000000e+00            3
-9.426996e-01 -2.025713e+00      2.057461e+00  2.239574e+00  3.639354e+00  0.000000e+00            1
 3.273419e+00  8.623282e-02      3.923306e+00  2.047053e+00  2.298717e+00  0.000000e+00            3
-3.417095e+00 -1.290269e+00      8.232167e-01  3.057907e+00  2.771717e+00  0.000000e+00            1
-1.315863e+00 -1.392516e+00      1.790350e+00  2.695740e+00  3.742133e+00  0.000000e+00            1
-8.873185e-01 -2.537538e+00      2.179993e+00  1.837622e+00  3.439125e+00  0.000000e+00            1
 4.322898e+00  4.811535e+00      1.551982e+00  2.830016e+00  3.646997e+00  0.000000e+00            3
 4.525241e+00  4.754348e+00      1.701588e+00  2.803982e+00  3.736747e+00  0.000000e+00            3
-8.266025e-01 -4.164057e+00      3.067051e+00  1.184811e+00  3.177635e+00  0.000000e+00            1
-9.703902e-01 -1.769801e+00      2.042623e+00  2.456397e+00  3.761958e+00  0.000000e+00            1
-1.143127e+00 -1.581158e+00      1.903525e+00  2.566131e+00  3.743330e+00  0.000000e+00            1
-9.150091e-01 -2.281625e+00      2.103925e+00  2.032244e+00  3.531286e+00  0.000000e+00            1
 1.252221e+00  1.218766e+00      3.284812e+00  2.856679e+00  1.081434e+00  0.000000e+00            3
-3.645350e+00 -1.243723e+00      9.941984e-01  3.210021e+00  2.779000e+00  0.000000e+00            1
 4.322452e+00  3.051056e-01      3.924426e+00  1.725295e+00  2.875143e+00  0.000000e+00            3
-8.063612e-01 -1.888735e+00      2.196459e+00  2.425328e+00  3.828416e+00  0.000000e+00            1
 3.918212e+00  4.925908e+00      1.304001e+00  2.927051e+00  3.498639e+00  0.000000e+00            3
 3.394875e+00 -8.523171e-02      4.104271e+00  2.171260e+00  2.508758e+00  0.000000e+00            3
 1.457668e+00  4.390639e+00      1.591033e+00  3.489786e+00  2.451383e+00  0.000000e+00            3
-8.213668e-01 -2.548679e+00      2.246662e+00  1.869628e+00  3.494287e+00  0.000000e+00            1
-5.150501e-01 -3.777261e+00      3.055100e+00  1.501562e+00  3.492061e+00  0.000000e+00            1
-4.886104e+00 -3.920822e+00      2.692015e+00  2.887190e+00  8.896343e-01  0.000000e+00            1
 4.554060e+00  4.823395e+00      1.758716e+00  2.877245e+00  3.807201e+00  0.000000e+00            3
-7.020311e-01 -4.431412e+00      3.345509e+00  1.367787e+00  3.326066e+00  0.000000e+00            1
-4.825775e+00 -4.490331e+00      3.087912e+00  2.868000e+00  9.603792e-01  0.000000e+00            1
 3.179514e+00 -4.959991e-02      4.053577e+00  2.207727e+00  2.364765e+00  0.000000e+00            3
 4.582879e+00  4.892441e+00      1.817129e+00  2.950587e+00  3.877819e+00  0.000000e+00            3
-2.337708e+00 -8.313788e-01      1.343245e+00  3.186567e+00  3.578180e+00  0.000000e+00            1
 1.029433e+00  2.027200e+00      2.788382e+00  2.970692e+00  9.709483e-01  0.000000e+00            3
 3.085609e+00 -1.854326e-01      4.186308e+00  2.369014e+00  2.440218e+00  0.000000e+00            3
-4.855883e+00 -4.503063e+00      3.116027e+00  2.899852e+00  9.927782e-01  0.000000e+00            1
-3.936628e+00 -1.112044e+00      1.290635e+00  3.477186e+00  2.888652e+00  0.000000e+00            1
 5.772068e-01  2.788726e+00      2.708710e+00  3.512492e+00  1.626785e+00  0.000000e+00            3
 3.516331e+00 -2.566962e-01      4.287897e+00  2.307946e+00  2.718812e+00  0.000000e+00            3
-3.496094e+00 -9.794419e-01      1.134746e+00  3.370767e+00  3.062302e+00  0.000000e+00            1
-2.699716e-01 -3.871523e+00      3.309933e+00  1.734792e+00  3.732240e+00  0.000000e+00            1
-5.774597e-01 -4.698767e+00      3.626575e+00  1.584896e+00  3.493144e+00  0.000000e+00            1
 4.549831e+00  3.947358e-02      4.252969e+00  2.036167e+00  3.216411e+00  0.000000e+00            3
 1.338750e+00  4.579951e+00      1.759572e+00  3.706534e+00  2.663343e+00  0.000000e+00            3
-7.554150e-01 -2.559821e+00      2.313344e+00  1.903446e+00  3.549852e+00  0.000000e+00            1
-2.197493e+00 -5.349455e-01      1.670449e+00  3.470678e+00  3.905846e+00  0.000000e+00            1
-2.431303e+00 -5.141640e-01      1.590951e+00  3.512417e+00  3.822547e+00  0.000000e+00            1
-4.227907e+00 -9.803638e-01      1.596062e+00  3.752569e+00  3.028225e+00  0.000000e+00            1
-6.229600e-01 -2.545305e+00      2.438786e+00  2.003092e+00  3.677028e+00  0.000000e+00            1
 2.229198e-01  2.917452e+00      2.980618e+00  3.886908e+00  1.999933e+00  0.000000e+00            3
-5.065695e-01 -2.718012e+00      2.594752e+00  1.968204e+00  3.721230e+00  0.000000e+00            1
-1.074674e-01 -4.157079e+00      3.608287e+00  1.899040e+00  3.895701e+00  0.000000e+00            1
 3.677179e+00 -3.893112e-01      4.441241e+00  2.411021e+00  2.919202e+00  0.000000e+00            3
 1.067270e+00  4.569379e+00      2.014855e+00  3.899053e+00  2.733440e+00  0.000000e+00            3
 3.091803e+00 -3.773701e-01      4.378333e+00  2.544938e+00  2.616089e+00  0.000000e+00            3
-1.900418e-01 -4.348375e+00      3.662066e+00  1.843180e+00  3.825852e+00  0.000000e+00            1
-4.885992e+00 -4.515794e+00      3.144231e+00  2.931722e+00  1.025196e+00  0.000000e+00            1
 8.142135e-01  1.915674e+00      3.020278e+00  3.186902e+00  1.188781e+00  0.000000e+00            3
 4.777210e+00 -2.261585e-01      4.584636e+00  2.357930e+00  3.559308e+00  0.000000e+00            3
-4.250379e-01 -4.619218e+00      3.672974e+00  1.692317e+00  3.628193e+00  0.000000e+00            1
-6.423322e-01 -2.007669e+00      2.357680e+00  2.410943e+00  3.904269e+00  0.000000e+00            1
 2.091539e+00 -2.250387e-01      4.321603e+00  2.931385e+00  2.226921e+00  0.000000e+00            3
-3.346838e+00 -7.151605e-01      1.330830e+00  3.550231e+00  3.349148e+00  0.000000e+00            1
-5.664186e-01 -2.269229e+00      2.448429e+00  2.247382e+00  3.845133e+00  0.000000e+00            1
-1.152143e-01  3.629837e+00      3.137129e+00  4.426213e+00  2.670300e+00  0.000000e+00            3
-2.665113e+00 -4.933825e-01      1.543388e+00  3.569137e+00  3.752105e+00  0.000000e+00            1
-4.251977e+00 -7.153238e-01      1.793833e+00  3.982524e+00  3.294327e+00  0.000000e+00            1
 9.999301e-01  1.186455e+00      3.452001e+00  3.108420e+00  1.289184e+00  0.000000e+00            3
-2.093725e-01 -4.958341e-01      3.170192e+00  3.935165e+00  3.333244e+00  0.000000e+00            2
 8.146910e-01  1.357102e+00      3.429356e+00  3.249540e+00  1.348434e+00  0.000000e+00            3
-4.519186e+00 -8.486841e-01      1.906162e+00  4.034488e+00  3.193798e+00  0.000000e+00            1
-2.726162e-01 -4.539670e+00      3.726734e+00  1.809723e+00  3.766249e+00  0.000000e+00            1
 5.989942e-01  1.804147e+00      3.253706e+00  3.406640e+00  1.414629e+00  0.000000e+00            3
-2.489307e-02 -3.965784e+00      3.565890e+00  1.975403e+00  3.975254e+00  0.000000e+00            1
-3.741145e-01 -2.703496e+00      2.718489e+00  2.079526e+00  3.850710e+00  0.000000e+00            1
-1.232907e-01  3.338007e+00      3.192676e+00  4.334950e+00  2.509707e+00  0.000000e+00            3
-9.419179e-01 -6.738823e-01      2.448324e+00  3.490358e+00  3.975491e+00  0.000000e+00            2
-3.559481e+00 -6.707616e-01      1.442184e+00  3.676385e+00  3.358256e+00  0.000000e+00            1
 3.838028e+00 -5.219262e-01      4.598925e+00  2.527122e+00  3.120650e+00  0.000000e+00            3
-3.122880e+00 -5.938808e-01      1.411478e+00  3.586434e+00  3.517241e+00  0.000000e+00            1
 7.957889e-01  4.558807e+00      2.273942e+00  4.100544e+00  2.828006e+00  0.000000e+00            3
 3.097996e+00 -5.693076e-01      4.570358e+00  2.723041e+00  2.794090e+00  0.000000e+00            3
-2.577241e-01 -2.876202e+00      2.878855e+00  2.073270e+00  3.907371e+00  0.000000e+00            1
 4.517765e+00 -3.689527e-01      4.625079e+00  2.424875e+00  3.457033e+00  0.000000e+00            3
 6.142231e-01  1.665948e+00      3.337623e+00  3.402216e+00  1.425471e+00  0.000000e+00            3
-4.905049e-01 -2.530789e+00      2.565015e+00  2.106456e+00  3.804620e+00  0.000000e+00            1
 4.258321e+00 -5.117469e-01      4.683933e+00  2.524996e+00  3.377704e+00  0.000000e+00            3
-2.898923e+00 -4.726010e-01      1.530740e+00  3.640138e+00  3.695256e+00  0.000000e+00            1
-1.505186e-01 -4.639033e+00      3.883818e+00  1.956769e+00  3.902162e+00  0.000000e+00            1
-3.677473e-01 -2.499031e+00      2.679139e+00  2.217466e+00  3.930161e+00  0.000000e+00            1
 1.194658e-01 -3.739868e+00      3.571863e+00  2.135370e+00  4.127671e+00  0.000000e+00            1
 6.294520e-01  1.527749e+00      3.425131e+00  3.403471e+00  1.449629e+00  0.000000e+00            3
-5.551928e-01 -1.280022e-01      3.079198e+00  4.132776e+00  3.325267e+00  0.000000e+00            2
-3.797197e-01 -2.353323e-01      3.159101e+00  4.098540e+00  3.264931e+00  0.000000e+00            2
-3.103487e-01 -7.243984e-01      2.976808e+00  3.685714e+00  3.572122e+00  0.000000e+00            2
 6.285736e-01  4.542309e+00      2.432645e+00  4.222541e+00  2.888624e+00  0.000000e+00            3
-2.945461e-01 -3.655832e-01      3.160822e+00  4.014668e+00  3.295592e+00  0.000000e+00            2
-2.915193e-01 -1.136420e+00      2.842822e+00  3.334516e+00  3.884352e+00  0.000000e+00            2
 8.236083e-02  4.123049e+00      2.920233e+00  4.455921e+00  2.860887e+00  0.000000e+00            3
-1.210356e-01 -4.490570e+00      3.806754e+00  1.941949e+00  3.909862e+00  0.000000e+00            1
-4.703134e+00 -7.221486e-01      2.129218e+00  4.248676e+00  3.352418e+00  0.000000e+00            1
-1.115202e+00 -5.346100e-01      2.387432e+00  3.576562e+00  4.016059e+00  0.000000e+00            2
 1.086997e-01 -3.897996e+00      3.642307e+00  2.111165e+00  4.109966e+00  0.000000e+00            1
-1.313671e-01  3.046177e+00      3.273414e+00  4.261770e+00  2.374281e+00  0.000000e+00            3
-4.113249e-01 -9.529627e-01      2.792405e+00  3.436324e+00  3.812411e+00  0.000000e+00            2
-5.953505e-01 -9.524267e-01      2.622928e+00  3.355703e+00  3.930988e+00  0.000000e+00            2
 3.104967e+00 -6.631656e-01      4.664347e+00  2.809543e+00  2.883297e+00  0.000000e+00            3
-2.513569e-01 -2.671737e+00      2.829535e+00  2.195913e+00  3.977010e+00  0.000000e+00            1
 1.080993e+00  8.687961e-01      3.672469e+00  3.130531e+00  1.457462e+00  0.000000e+00            3
-2.081006e-01 -1.135809e+00      2.922589e+00  3.378534e+00  3.835232e+00  0.000000e+00            2
 3.998877e+00 -6.545411e-01      4.760516e+00  2.654541e+00  3.322965e+00  0.000000e+00            3
-5.033377e-01 -9.526947e-01      2.707429e+00  3.395006e+00  3.871060e+00  0.000000e+00            2
-1.071379e-01  3.921668e+00      3.108125e+00  4.534467e+00  2.851813e+00  0.000000e+00            3
 5.280375e-01  1.831335e+00      3.288420e+00  3.476057e+00  1.481594e+00  0.000000e+00            3
-7.686342e-01 -8.131545e-01      2.527369e+00  3.416467e+00  3.947046e+00  0.000000e+00            2
-3.772124e+00 -6.263626e-01      1.575771e+00  3.810755e+00  3.381325e+00  0.000000e+00            1
-3.097127e-01 -1.044386e+00      2.854968e+00  3.404809e+00  3.821395e+00  0.000000e+00            2
-1.899071e-01 -1.227843e+00      2.914249e+00  3.310784e+00  3.900598e+00  0.000000e+00            2
-1.134036e+00 -3.787453e-01      2.471900e+00  3.723356e+00  3.934541e+00  0.000000e+00            2
 4.613582e-01  4.525811e+00      2.592524e+00  4.347610e+00  2.957557e+00  0.000000e+00            3
 2.012394e-01 -1.377587e+00      3.261186e+00  3.423814e+00  3.826700e+00  0.000000e+00            2
-3.835321e-01 -1.136152e+00      2.755383e+00  3.288555e+00  3.939121e+00  0.000000e+00            2
 3.111939e+00 -7.570235e-01      4.758340e+00  2.896521e+00  2.972808e+00  0.000000e+00            3
-4.867826e-02 -1.357804e+00      3.020383e+00  3.284639e+00  3.933438e+00  0.000000e+00            2
 3.281217e-01 -1.359443e+00      3.389205e+00  3.520326e+00  3.752470e+00  0.000000e+00            2
-1.284936e+00 -3.485690e-01      2.380897e+00  3.720788e+00  4.038141e+00  0.000000e+00            2
 2.638246e-01 -3.513952e+00      3.597861e+00  2.315415e+00  4.291438e+00  0.000000e+00            1
 1.162056e+00  5.511368e-01      3.908030e+00  3.186398e+00  1.673725e+00  0.000000e+00            3
 2.530585e-01 -3.672080e+00      3.657628e+00  2.276797e+00  4.265681e+00  0.000000e+00            1
-2.842100e-02 -4.738397e+00      4.040928e+00  2.105316e+00  4.039637e+00  0.000000e+00            1
-1.717136e-01 -1.319877e+00      2.908912e+00  3.244332e+00  3.967105e+00  0.000000e+00            2
-3.984767e+00 -5.819636e-01      1.726440e+00  3.952502e+00  3.418070e+00  0.000000e+00            1
 2.848584e+00 -7.797096e-01      4.782107e+00  3.008745e+00  2.906352e+00  0.000000e+00            3
 2.422924e-01 -3.830208e+00      3.723187e+00  2.248712e+00  4.245689e+00  0.000000e+00            1
 4.570808e-01  1.858523e+00      3.324510e+00  3.545743e+00  1.549392e+00  0.000000e+00            3
 2.585229e+00 -8.023957e-01      4.820274e+00  3.139267e+00  2.862851e+00  0.000000e+00            3
 1.978494e+00 -4.178446e-01      4.534405e+00  3.151580e+00  2.417940e+00  0.000000e+00            3
-1.124619e+00 -4.566777e-01      2.428765e+00  3.649853e+00  3.974734e+00  0.000000e+00            2
-1.023104e+00 -3.032827e-01      2.605181e+00  3.823617e+00  3.800561e+00  0.000000e+00            2
 7.435711e-02 -1.395731e+00      3.133179e+00  3.329440e+00  3.903728e+00  0.000000e+00            2
 2.718595e-01  4.324430e+00      2.747363e+00  4.393405e+00  2.896454e+00  0.000000e+00            3
-2.449897e-01 -2.467272e+00      2.794356e+00  2.330089e+00  4.055781e+00  0.000000e+00            1
-9.121710e-01 -2.278201e-01      2.738549e+00  3.925903e+00  3.666595e+00  0.000000e+00            2
 1.061945e-03 -4.589934e+00      3.964105e+00  2.086210e+00  4.044319e+00  0.000000e+00            1
 3.054489e-02 -4.441471e+00      3.891656e+00  2.077982e+00  4.054650e+00  0.000000e+00            1
-7.306659e-01 -2.067198e-02      3.011248e+00  4.176872e+00  3.397006e+00  0.000000e+00            2
-6.878456e-01  1.877009e-01      3.183095e+00  4.388461e+00  3.241750e+00  0.000000e+00            2
-6.450252e-01  3.960737e-01      3.359624e+00  4.600154e+00  3.093338e+00  0.000000e+00            2
 3.171859e+00 -9.710311e-01      4.974001e+00  3.084290e+00  3.193788e+00  0.000000e+00            3
-1.460949e+00 -1.105731e-01      2.436927e+00  3.926604e+00  4.053725e+00  0.000000e+00            2
-1.297493e+00 -2.446592e-01      2.445353e+00  3.820484e+00  3.988979e+00  0.000000e+00            2
 3.006566e-02 -6.123752e-01      3.332687e+00  3.949325e+00  3.271872e+00  0.000000e+00            2
-8.188735e-02 -2.496435e+00      2.960039e+00  2.437184e+00  4.196703e+00  0.000000e+00            1
-3.194585e-01  3.989525e+00      3.319475e+00  4.755621e+00  3.055830e+00  0.000000e+00            3
-3.825140e+00 -4.320202e-01      1.771840e+00  4.007694e+00  3.572262e+00  0.000000e+00            1
-4.887082e+00 -5.956131e-01      2.352314e+00  4.463753e+00  3.518063e+00  0.000000e+00            1
-3.930728e+00 -4.785418e-01      1.783561e+00  4.016015e+00  3.522140e+00  0.000000e+00            1
 2.962243e-01 -4.436422e+00      4.098932e+00  2.337330e+00  4.318334e+00  0.000000e+00            1
-3.690663e-01  3.889909e+00      3.370865e+00  4.760304e+00  3.030550e+00  0.000000e+00            3
-1.454671e+00 -1.625280e-01      2.400905e+00  3.876026e+00  4.075693e+00  0.000000e+00            2
-6.022048e-01  6.044466e-01      3.540136e+00  4.809143e+00  2.952802e+00  0.000000e+00            2
 7.389743e-01 -1.886122e+00      3.740708e+00  3.459836e+00  4.085600e+00  0.000000e+00            2
 5.335480e-01 -1.622782e+00      3.553626e+00  3.474195e+00  3.908329e+00  0.000000e+00            2
-9.599660e-01  1.359929e-01      2.953676e+00  4.264752e+00  3.497988e+00  0.000000e+00            2
 1.243119e+00  2.334775e-01      4.156119e+00  3.274293e+00  1.921840e+00  0.000000e+00            3
 2.695038e-01 -7.289162e-01      3.507892e+00  3.981286e+00  3.231347e+00  0.000000e+00            2
 4.775945e-01  1.497332e+00      3.553291e+00  3.558092e+00  1.603245e+00  0.000000e+00            3
 4.807846e-01  4.708263e+00      2.616884e+00  4.440672e+00  3.105270e+00  0.000000e+00            3
 5.002110e-01  4.890714e+00      2.653736e+00  4.539246e+00  3.256623e+00  0.000000e+00            3
 3.257370e-01  1.466915e+00      3.683504e+00  3.712733e+00  1.757082e+00  0.000000e+00            3
-3.771101e+00 -3.285984e-01      1.840701e+00  4.076271e+00  3.678530e+00  0.000000e+00            1
 3.231780e+00 -1.185039e+00      5.190217e+00  3.276375e+00  3.414931e+00  0.000000e+00            3
-2.878528e-01  4.203925e+00      3.294171e+00  4.821096e+00  3.176721e+00  0.000000e+00            3
-8.214185e-01 -1.242460e-01      2.874834e+00  4.050990e+00  3.531688e+00  0.000000e+00            2
 4.612251e-01 -3.516589e+00      3.778905e+00  2.508249e+00  4.487339e+00  0.000000e+00            1
 2.093662e+00 -7.178662e-01      4.804135e+00  3.319778e+00  2.719480e+00  0.000000e+00            3
 2.321873e+00 -8.250818e-01      4.872501e+00  3.285909e+00  2.843359e+00  0.000000e+00            3
 9.444006e-01 -2.149461e+00      3.947231e+00  3.477641e+00  4.281625e+00  0.000000e+00            2
-3.876690e+00 -3.751199e-01      1.846299e+00  4.081877e+00  3.626977e+00  0.000000e+00            1
 8.121499e-02 -2.525598e+00      3.125722e+00  2.550553e+00  4.339375e+00  0.000000e+00            1
 1.167305e+00  2.052554e-01      4.214126e+00  3.353397e+00  1.978507e+00  0.000000e+00            3
-1.624405e+00  2.351298e-02      2.446807e+00  4.041006e+00  4.128294e+00  0.000000e+00            2
-3.665512e+00 -2.820769e-01      1.842326e+00  4.073927e+00  3.732939e+00  0.000000e+00            1
 2.336842e-01  1.371872e+00      3.815699e+00  3.818335e+00  1.874678e+00  0.000000e+00            3
-1.406836e+00  1.580854e-01      2.682444e+00  4.200181e+00  3.872877e+00  0.000000e+00            2
-1.662147e+00  2.507265e-01      2.618324e+00  4.264132e+00  4.058482e+00  0.000000e+00            2
 1.091491e+00  1.770333e-01      4.272877e+00  3.432584e+00  2.036810e+00  0.000000e+00            3
 3.348024e+00 -1.219912e+00      5.231501e+00  3.285256e+00  3.490702e+00  0.000000e+00            3
-1.315692e+00  9.112879e-01      3.363405e+00  4.958732e+00  3.489857e+00  0.000000e+00            2
-1.337807e+00  7.052997e-01      3.175143e+00  4.751668e+00  3.580113e+00  0.000000e+00            2
-1.189266e+00  2.926578e-01      2.921479e+00  4.368547e+00  3.617518e+00  0.000000e+00            2
 4.756400e-01 -3.363854e+00      3.733654e+00  2.556066e+00  4.520623e+00  0.000000e+00            1
-6.309947e-01  3.858151e+00      3.633764e+00  4.989874e+00  3.221003e+00  0.000000e+00            3
 1.276994e-01 -2.439327e+00      3.158403e+00  2.638713e+00  4.412891e+00  0.000000e+00            1
-1.798352e+00  1.859458e-01      2.494457e+00  4.190800e+00  4.209307e+00  0.000000e+00            2
 3.221205e+00 -1.233842e+00      5.238514e+00  3.326297e+00  3.456743e+00  0.000000e+00            3
 6.069338e-01 -1.235814e+00      3.686998e+00  3.799583e+00  3.522943e+00  0.000000e+00            2
 1.199647e+00 -2.318305e+00      4.211692e+00  3.614670e+00  4.391848e+00  0.000000e+00            2
-4.040653e+00 -1.956266e-01      2.082960e+00  4.317120e+00  3.804591e+00  0.000000e+00            1
-5.317792e-01  4.057383e+00      3.532245e+00  4.976931e+00  3.262320e+00  0.000000e+00            3
 1.865450e+00 -6.106506e-01      4.748190e+00  3.372210e+00  2.614116e+00  0.000000e+00            3
-1.836093e+00  4.131593e-01      2.679182e+00  4.416202e+00  4.151346e+00  0.000000e+00            2
-4.049815e+00  6.688076e-02      2.318212e+00  4.554257e+00  4.067186e+00  0.000000e+00            1
-2.246538e+00  4.360014e-01      2.549864e+00  4.442847e+00  4.525392e+00  0.000000e+00            2
-4.685677e-01  4.486182e+00      3.502475e+00  5.113629e+00  3.503559e+00  0.000000e+00            3
-1.699889e+00  4.779400e-01      2.798299e+00  4.487985e+00  4.000730e+00  0.000000e+00            2
 1.741838e-01 -2.353056e+00      3.193758e+00  2.727545e+00  4.487342e+00  0.000000e+00            1
 6.586255e-01 -3.519227e+00      3.961514e+00  2.701746e+00  4.683368e+00  0.000000e+00            1
-4.204617e+00 -1.613337e-02      2.320954e+00  4.553189e+00  3.989118e+00  0.000000e+00            1
-1.972298e+00  3.483786e-01      2.563407e+00  4.348467e+00  4.301977e+00  0.000000e+00            2
-1.274595e+00  3.959847e-01      2.952586e+00  4.455434e+00  3.646345e+00  0.000000e+00            2
 3.464268e+00 -1.254785e+00      5.275254e+00  3.298580e+00  3.568992e+00  0.000000e+00            3
 1.416314e-01  1.276829e+00      3.947902e+00  3.925555e+00  1.994119e+00  0.000000e+00            3
 5.619037e-01 -4.431373e+00      4.312625e+00  2.597967e+00  4.582254e+00  0.000000e+00            1
 3.491466e-01  8.614998e-02      3.945732e+00  4.122081e+00  2.527477e+00  0.000000e+00            0
-7.440999e-01  4.125241e+00      3.746194e+00  5.198378e+00  3.470840e+00  0.000000e+00            3
-1.447923e+00  1.072559e+00      3.442319e+00  5.102514e+00  3.570479e+00  0.000000e+00            2
-1.529906e+00  4.886258e-01      2.890404e+00  4.513175e+00  3.839855e+00  0.000000e+00            2
 2.330261e+00 -1.218880e+00      5.261678e+00  3.626185e+00  3.235778e+00  0.000000e+00            0
 1.621294e-01  2.686633e-01      3.891773e+00  4.210318e+00  2.524935e+00  0.000000e+00            0
 3.210630e+00 -1.282644e+00      5.286842e+00  3.376220e+00  3.498768e+00  0.000000e+00            3
 1.431031e+00 -5.974536e-01      4.647706e+00  3.653268e+00  2.659039e+00  0.000000e+00            0
-8.185115e-01  3.975817e+00      3.818588e+00  5.207870e+00  3.442072e+00  0.000000e+00            3
 1.711556e+00 -8.795360e-01      4.842954e+00  3.678138e+00  2.893947e+00  0.000000e+00            0
 6.343065e-01 -4.496154e-01      3.951187e+00  4.162752e+00  2.804592e+00  0.000000e+00            0
-3.895013e+00  1.498949e-01      2.328754e+00  4.562094e+00  4.151223e+00  0.000000e+00            1
 5.924332e-01 -4.686600e+00      4.485911e+00  2.681815e+00  4.643475e+00  0.000000e+00            1
 7.231809e-01 -2.788768e-01      4.101749e+00  3.991343e+00  2.612192e+00  0.000000e+00            0
-8.929231e-01  3.826393e+00      3.896792e+00  5.222682e+00  3.421216e+00  0.000000e+00            3
 6.730404e-01 -3.366492e+00      3.918996e+00  2.747085e+00  4.715786e+00  0.000000e+00            1
-1.037791e-01  1.518293e+00      3.973955e+00  4.131954e+00  2.158223e+00  0.000000e+00            3
 2.172569e+00 -1.181579e+00      5.236916e+00  3.669053e+00  3.186256e+00  0.000000e+00            0
 1.523258e+00 -8.259707e-01      4.673137e+00  3.757707e+00  2.865902e+00  0.000000e+00            0
-1.580155e+00  1.233831e+00      3.531801e+00  5.250643e+00  3.661219e+00  0.000000e+00            2
 6.320314e-01 -4.390124e+00      4.347913e+00  2.660787e+00  4.648431e+00  0.000000e+00            1
 3.890512e-01 -2.406456e+00      3.413338e+00  2.871750e+00  4.669385e+00  0.000000e+00            1
-2.520777e+00  5.236243e-01      2.568722e+00  4.553503e+00  4.755745e+00  0.000000e+00            2
 7.224577e-01 -3.690010e+00      4.088132e+00  2.740049e+00  4.732621e+00  0.000000e+00            1
 1.088847e-02  1.243147e+00      4.066329e+00  4.060276e+00  2.128237e+00  0.000000e+00            3
-7.124941e-01  4.339640e+00      3.727998e+00  5.261323e+00  3.582114e+00  0.000000e+00            3
 3.685955e+00 -1.352316e+00      5.396093e+00  3.366994e+00  3.752395e+00  0.000000e+00            3
-1.359923e+00  4.993115e-01      2.989383e+00  4.544612e+00  3.679830e+00  0.000000e+00            2
-8.315147e-01  4.131769e+00      3.833780e+00  5.280907e+00  3.544279e+00  0.000000e+00            3
 1.454893e+00 -2.487149e+00      4.481449e+00  3.771605e+00  4.520138e+00  0.000000e+00            2
 5.361638e-01 -9.636339e-02      4.016004e+00  4.048815e+00  2.556864e+00  0.000000e+00            0
 8.857460e-01 -1.112185e+00      3.985880e+00  4.082525e+00  3.305640e+00  0.000000e+00            2
 6.874554e-01 -3.213757e+00      3.882078e+00  2.800106e+00  4.752938e+00  0.000000e+00            1
 7.021590e-01 -4.348875e+00      4.384426e+00  2.724588e+00  4.715084e+00  0.000000e+00            1
 6.039187e-01 -2.459856e+00      3.633139e+00  3.025299e+00  4.673260e+00  0.000000e+00            1
 6.787437e-01 -3.642461e-01      4.026021e+00  4.076813e+00  2.708390e+00  0.000000e+00            0
 7.862899e-01 -3.860794e+00      4.218832e+00  2.789765e+00  4.788314e+00  0.000000e+00            1
-1.886469e+00  1.323836e+00      3.505401e+00  5.325046e+00  3.944849e+00  0.000000e+00            2
-1.198544e-01  1.209464e+00      4.185760e+00  4.195015e+00  2.262461e+00  0.000000e+00            3
-6.808884e-01  4.554039e+00      3.722351e+00  5.332338e+00  3.702739e+00  0.000000e+00            3
-3.978590e+00  3.325450e-01      2.529507e+00  4.762958e+00  4.332598e+00  0.000000e+00            1
 3.907641e+00 -1.449848e+00      5.524912e+00  3.451084e+00  3.942150e+00  0.000000e+00            3
-2.795017e+00  6.112471e-01      2.619280e+00  4.679279e+00  4.766087e+00  0.000000e+00            2
 1.615485e+00 -1.054488e+00      4.711336e+00  3.875024e+00  3.078595e+00  0.000000e+00            0
-2.114407e+00  1.345640e+00      3.460865e+00  5.346864e+00  4.166117e+00  0.000000e+00            2
-2.781030e-01  1.473383e+00      4.138811e+00  4.310393e+00  2.338179e+00  0.000000e+00            3
-3.491896e-01  1.759757e+00      4.029362e+00  4.355820e+00  2.361442e+00  0.000000e+00            3
-1.428773e+00  1.656934e+00      3.980191e+00  5.439602e+00  3.445893e+00  0.000000e+00            0
 1.663520e+00 -9.670119e-01      4.776556e+00  3.776546e+00  2.986030e+00  0.000000e+00            0
-9.189295e-01  4.138298e+00      3.921369e+00  5.363598e+00  3.618352e+00  0.000000e+00            3
 1.863217e+00 -1.011907e+00      4.962580e+00  3.692889e+00  3.015012e+00  0.000000e+00            0
 8.072542e-01 -3.014034e+00      3.939981e+00  2.975366e+00  4.907323e+00  0.000000e+00            1
-1.733312e+00  1.278833e+00      3.515003e+00  5.285566e+00  3.802328e+00  0.000000e+00            2
 1.561538e+00 -2.575488e+00      4.597697e+00  3.835855e+00  4.596449e+00  0.000000e+00            2
-6.492826e-01  4.768439e+00      3.729311e+00  5.411107e+00  3.831834e+00  0.000000e+00            3
 1.886324e+00 -2.569266e+00      4.919372e+00  4.141317e+00  4.570680e+00  0.000000e+00            2
 9.270530e-01 -2.814312e+00      4.010592e+00  3.158084e+00  4.932425e+00  0.000000e+00            1
-2.110964e+00  1.447653e+00      3.560435e+00  5.448783e+00  4.147905e+00  0.000000e+00            2
-2.338902e+00  1.469457e+00      3.531881e+00  5.479947e+00  4.371218e+00  0.000000e+00            2
 3.938745e+00 -1.506810e+00      5.586251e+00  3.507345e+00  4.007050e+00  0.000000e+00            3
-2.342345e+00  1.367445e+00      3.431063e+00  5.378351e+00  4.388175e+00  0.000000e+00            2
 2.014877e+00 -1.144279e+00      5.087362e+00  3.718494e+00  3.144314e+00  0.000000e+00            0
-2.644126e+00  8.633129e-01      2.885344e+00  4.905783e+00  4.781210e+00  0.000000e+00            2
-4.363515e-01  1.737302e+00      4.114403e+00  4.444123e+00  2.450473e+00  0.000000e+00            3
 9.373454e-01 -3.308639e+00      4.149123e+00  3.017611e+00  4.985515e+00  0.000000e+00            1
 1.668183e+00 -2.663827e+00      4.715146e+00  3.903963e+00  4.675616e+00  0.000000e+00            2
-4.062167e+00  5.151951e-01      2.730276e+00  4.963821e+00  4.515623e+00  0.000000e+00            1
-1.011435e+00  4.199676e+00      4.016401e+00  5.472938e+00  3.729251e+00  0.000000e+00            3
 6.229627e-01 -4.941828e+00      4.666927e+00  2.786929e+00  4.717926e+00  0.000000e+00            1
-2.958790e+00  6.711970e-01      2.671515e+00  4.768581e+00  4.785833e+00  0.000000e+00            2
-5.946000e-01  2.001220e+00      4.112939e+00  4.594600e+00  2.594600e+00  0.000000e+00            3
 4.291027e+00 -1.525116e+00      5.673946e+00  3.537109e+00  4.204194e+00  0.000000e+00            3
-1.500862e+00  1.853999e+00      4.135302e+00  5.502799e+00  3.503905e+00  0.000000e+00            0
-4.157237e+00  5.694946e-01      2.818067e+00  5.053113e+00  4.572199e+00  0.000000e+00            1
-3.122563e+00  7.311470e-01      2.733896e+00  4.862499e+00  4.811824e+00  0.000000e+00            2
-1.103940e+00  4.261055e+00      4.112234e+00  5.582344e+00  3.840158e+00  0.000000e+00            3
 3.969849e+00 -1.563772e+00      5.647669e+00  3.563900e+00  4.071950e+00  0.000000e+00            3
 1.823880e+00 -2.866820e+00      4.901142e+00  3.988252e+00  4.870006e+00  0.000000e+00            2
-6.625555e-01  1.885210e+00      4.229261e+00  4.663968e+00  2.665029e+00  0.000000e+00            3
-2.516157e+00  1.423106e+00      3.457131e+00  5.447614e+00  4.552854e+00  0.000000e+00            2
-2.335460e+00  1.571470e+00      3.632769e+00  5.581560e+00  4.356587e+00  0.000000e+00            2
 2.339482e+00 -1.429029e+00      5.369924e+00  3.809929e+00  3.445793e+00  0.000000e+00            0
 2.104464e+00 -2.474705e+00      5.126490e+00  4.378715e+00  4.475925e+00  0.000000e+00            2
 1.187235e+00 -3.403521e+00      4.416199e+00  3.242570e+00  5.221417e+00  0.000000e+00            1
 2.181790e+00 -1.391728e+00      5.217370e+00  3.848338e+00  3.396597e+00  0.000000e+00            0
-4.252308e+00  6.237941e-01      2.907330e+00  5.143186e+00  4.630673e+00  0.000000e+00            1
 3.918547e+00 -1.709801e+00      5.783214e+00  3.710696e+00  4.176536e+00  0.000000e+00            3
 4.612206e+00 -1.486460e+00      5.718431e+00  3.539802e+00  4.356492e+00  0.000000e+00            3
 1.979576e+00 -3.069812e+00      5.093199e+00  4.086842e+00  5.069853e+00  0.000000e+00            2
 2.322604e+00 -2.380144e+00      5.336162e+00  4.616150e+00  4.392009e+00  0.000000e+00            2
 2.348704e+00 -1.639178e+00      5.360860e+00  3.996298e+00  3.655846e+00  0.000000e+00            0
-1.431319e+00  1.980843e+00      4.278770e+00  5.431352e+00  3.431372e+00  0.000000e+00            0
-3.350955e+00  7.725183e-01      2.794643e+00  4.960041e+00  4.816450e+00  0.000000e+00            2
 1.217515e+00 -3.474223e+00      4.467748e+00  3.260191e+00  5.243940e+00  0.000000e+00            1
-3.148369e+00  7.477606e-01      2.751763e+00  4.884668e+00  4.823537e+00  0.000000e+00            2
-7.305111e-01  1.769199e+00      4.346629e+00  4.736138e+00  2.740248e+00  0.000000e+00            3
-2.493235e+00  1.115379e+00      3.156326e+00  5.139103e+00  4.579489e+00  0.000000e+00            2
 1.247795e+00 -3.544925e+00      4.520017e+00  3.279522e+00  5.267490e+00  0.000000e+00            1
-2.689970e+00  1.478767e+00      3.492555e+00  5.522042e+00  4.718845e+00  0.000000e+00            2
-3.174174e+00  7.643742e-01      2.769856e+00  4.906928e+00  4.835416e+00  0.000000e+00            2
-3.376760e+00  7.891319e-01      2.814464e+00  4.983097e+00  4.829515e+00  0.000000e+00            2
 4.933384e+00 -1.447804e+00      5.780704e+00  3.571912e+00  4.526819e+00  0.000000e+00            3
 3.867246e+00 -1.855831e+00      5.919702e+00  3.858115e+00  4.284161e+00  0.000000e+00            3
-1.433864e+00  2.304752e+00      4.580794e+00  5.442404e+00  3.447361e+00  0.000000e+00            0
-1.572951e+00  2.051063e+00      4.295065e+00  5.573185e+00  3.573316e+00  0.000000e+00            0
-2.693649e+00  2.336124e+00      4.346932e+00  6.373979e+00  4.705669e+00  0.000000e+00            0
-3.579346e+00  8.138897e-01      2.872911e+00  5.066347e+00  4.832234e+00  0.000000e+00            2
 4.033742e+00 -1.933533e+00      6.022910e+00  3.933678e+00  4.428181e+00  0.000000e+00            3
-1.811370e+00  2.191124e+00      4.356416e+00  5.814512e+00  3.816159e+00  0.000000e+00            0
-1.504681e+00  2.339862e+00      4.590249e+00  5.515162e+00  3.521121e+00  0.000000e+00            0
-1.436410e+00  2.628661e+00      4.643523e+00  5.472638e+00  3.493441e+00  0.000000e+00            0
 2.135272e+00 -3.272805e+00      5.290657e+00  4.198725e+00  5.274540e+00  0.000000e+00            2
-3.614221e+00  1.046177e+00      3.107484e+00  5.298076e+00  5.060901e+00  0.000000e+00            2
-2.479029e+00  2.334477e+00      4.365673e+00  6.352564e+00  4.491500e+00  0.000000e+00            0
 2.407406e+00 -3.405685e+00      5.587127e+00  4.447295e+00  5.421016e+00  0.000000e+00            2
-2.049788e+00  2.331184e+00      4.434192e+00  6.058846e+00  4.063307e+00  0.000000e+00            0
-1.377883e+00  4.341317e+00      4.391168e+00  5.865440e+00  4.109971e+00  0.000000e+00            3
 2.364960e+00 -3.566584e+00      5.589006e+00  4.386425e+00  5.578535e+00  0.000000e+00            2
-4.462758e+00  8.118332e-01      3.169553e+00  5.405453e+00  4.834034e+00  0.000000e+00            1
 3.833715e+00 -2.055205e+00      6.112331e+00  4.058613e+00  4.450528e+00  0.000000e+00            3
 4.200238e+00 -2.011236e+00      6.129889e+00  4.016231e+00  4.575048e+00  0.000000e+00            3
-2.264408e+00  2.332830e+00      4.394828e+00  6.273244e+00  4.277377e+00  0.000000e+00            0
-2.108315e+00  2.692985e+00      4.776946e+00  6.147498e+00  4.166351e+00  0.000000e+00            0
 4.276022e+00 -2.040897e+00      6.174194e+00  4.050313e+00  4.637793e+00  0.000000e+00            3
 2.594648e+00 -3.860364e+00      5.895849e+00  4.596770e+00  5.890456e+00  0.000000e+00            2
 3.800185e+00 -2.254580e+00      6.305558e+00  4.259269e+00  4.619753e+00  0.000000e+00            3
-3.649096e+00  1.278464e+00      3.342103e+00  5.530072e+00  5.290115e+00  0.000000e+00            2
-1.651825e+00  4.421580e+00      4.670889e+00  6.148754e+00  4.381767e+00  0.000000e+00            3
-4.673209e+00  9.998723e-01      3.434947e+00  5.669636e+00  5.044991e+00  0.000000e+00            1
 2.679540e+00 -3.538566e+00      5.884246e+00  4.702235e+00  5.580097e+00  0.000000e+00            2
-2.023329e+00  4.277136e+00      5.030968e+00  6.439398e+00  4.623043e+00  0.000000e+00            3
-1.974549e+00  4.389489e+00      4.989773e+00  6.434663e+00  4.637531e+00  0.000000e+00            3
-2.534547e+00  2.866969e+00      4.889175e+00  6.591809e+00  4.616682e+00  0.000000e+00            0
 2.951673e+00 -3.671446e+00      6.181921e+00  4.962561e+00  5.750738e+00  0.000000e+00            2
-2.614098e+00  2.601546e+00      4.617700e+00  6.630048e+00  4.653145e+00  0.000000e+00            0
-2.408820e+00  2.987484e+00      5.022399e+00  6.484451e+00  4.518055e+00  0.000000e+00            0
-4.562872e+00  1.084972e+00      3.458269e+00  5.694318e+00  5.116030e+00  0.000000e+00            1
 2.888005e+00 -3.912795e+00      6.190911e+00  4.888783e+00  5.979105e+00  0.000000e+00            2
 4.351806e+00 -2.070558e+00      6.219249e+00  4.085732e+00  4.701110e+00  0.000000e+00            3
-1.925768e+00  4.501843e+00      4.951266e+00  6.432258e+00  4.655198e+00  0.000000e+00            3
-2.471684e+00  2.927226e+00      4.955470e+00  6.537770e+00  4.566805e+00  0.000000e+00            0
-2.166841e+00  3.054787e+00      5.122990e+00  6.256397e+00  4.298271e+00  0.000000e+00            0
 2.824336e+00 -4.154143e+00      6.209929e+00  4.826798e+00  6.209107e+00  0.000000e+00            2
-2.225367e+00  3.416588e+00      5.257835e+00  6.384506e+00  4.456506e+00  0.000000e+00            0
 4.418649e+00 -2.184155e+00      6.344789e+00  4.205047e+00  4.832910e+00  0.000000e+00            3
-4.452536e+00  1.170072e+00      3.487007e+00  5.722288e+00  5.189840e+00  0.000000e+00            1
-2.644368e+00  3.003350e+00      5.015973e+00  6.719697e+00  4.751512e+00  0.000000e+00            0
-2.317094e+00  3.202036e+00      5.246669e+00  6.430440e+00  4.481316e+00  0.000000e+00            0
-4.457741e+00  1.273965e+00      3.583832e+00  5.818522e+00  5.293792e+00  0.000000e+00            1
-2.258395e+00  3.557203e+00      5.277006e+00  6.449216e+00  4.534183e+00  0.000000e+00            0
-2.754188e+00  3.139732e+00      5.145607e+00  6.849675e+00  4.888895e+00  0.000000e+00            0
 4.485492e+00 -2.297753e+00      6.470578e+00  4.325088e+00  4.964711e+00  0.000000e+00            3
 2.999194e+00 -4.132040e+00      6.366783e+00  5.000938e+00  6.212914e+00  0.000000e+00            2
 3.195431e+00 -3.775980e+00      6.444957e+00  5.200259e+00  5.898390e+00  0.000000e+00            2
-3.754147e+00  1.469531e+00      3.550547e+00  5.743936e+00  5.475054e+00  0.000000e+00            2
-4.462947e+00  1.377858e+00      3.681051e+00  5.915020e+00  5.397747e+00  0.000000e+00            1
 4.520378e+00 -2.418391e+00      6.596006e+00  4.448930e+00  5.086697e+00  0.000000e+00            3
 3.174053e+00 -4.109937e+00      6.524627e+00  5.175220e+00  6.221714e+00  0.000000e+00            2
-2.291423e+00  3.697818e+00      5.300045e+00  6.516486e+00  4.615073e+00  0.000000e+00            0
-3.570059e+00  2.781601e+00      4.815462e+00  6.960977e+00  5.624630e+00  0.000000e+00            2
-3.532872e+00  2.994753e+00      5.023098e+00  7.160745e+00  5.621584e+00  0.000000e+00            2
 3.267685e+00 -4.177994e+00      6.635325e+00  5.270692e+00  6.306714e+00  0.000000e+00            2
-3.859198e+00  1.660598e+00      3.760080e+00  5.958103e+00  5.662349e+00  0.000000e+00            2
 4.555264e+00 -2.539030e+00      6.721440e+00  4.572866e+00  5.208854e+00  0.000000e+00            3
-3.607247e+00  2.568449e+00      4.608631e+00  6.762231e+00  5.635987e+00  0.000000e+00            2
-2.316901e+00  4.300321e+00      5.325376e+00  6.722702e+00  4.891535e+00  0.000000e+00            3
 3.439189e+00 -3.880514e+00      6.708166e+00  5.440501e+00  6.054066e+00  0.000000e+00            2
-2.901469e+00  3.351437e+00      5.352344e+00  7.032543e+00  5.084366e+00  0.000000e+00            0
-2.610474e+00  4.323507e+00      5.619793e+00  7.006928e+00  5.162863e+00  0.000000e+00            3
 4.525604e+00 -2.610740e+00      6.784493e+00  4.640601e+00  5.257147e+00  0.000000e+00            3
-3.495684e+00  3.207905e+00      5.231441e+00  7.361451e+00  5.626862e+00  0.000000e+00            2
 3.361318e+00 -4.246051e+00      6.746192e+00  5.366961e+00  6.392679e+00  0.000000e+00            2
-3.946881e+00  1.770868e+00      3.887933e+00  6.090424e+00  5.771112e+00  0.000000e+00            2
 4.495944e+00 -2.682450e+00      6.847846e+00  4.708641e+00  5.306136e+00  0.000000e+00            3
-4.034563e+00  1.881137e+00      4.016659e+00  6.223120e+00  5.881239e+00  0.000000e+00            2
-3.751352e+00  2.491725e+00      4.554133e+00  6.723818e+00  5.772334e+00  0.000000e+00            2
-3.048750e+00  3.563142e+00      5.563356e+00  7.219993e+00  5.285196e+00  0.000000e+00            0
-3.068600e+00  3.737373e+00      5.737783e+00  7.278981e+00  5.358094e+00  0.000000e+00            0
 4.532357e+00 -2.962119e+00      7.128759e+00  4.990594e+00  5.570947e+00  0.000000e+00            3
-4.014248e+00  2.306624e+00      4.424444e+00  6.620476e+00  6.022060e+00  0.000000e+00            2
-3.656328e+00  3.418681e+00      5.458284e+00  7.601332e+00  5.831526e+00  0.000000e+00            2
-4.083802e+00  2.039692e+00      4.182551e+00  6.389061e+00  6.040273e+00  0.000000e+00            2
 3.682947e+00 -3.985048e+00      6.971527e+00  5.682966e+00  6.217162e+00  0.000000e+00            2
-3.895457e+00  2.415001e+00      4.504895e+00  6.689170e+00  5.910045e+00  0.000000e+00            2
 3.522132e+00 -4.115549e+00      6.856658e+00  5.523341e+00  6.302129e+00  0.000000e+00            2
-3.088449e+00  3.911603e+00      5.912265e+00  7.341685e+00  5.435673e+00  0.000000e+00            0
-3.816972e+00  3.629457e+00      5.688429e+00  7.842831e+00  6.040885e+00  0.000000e+00            2
 3.531372e+00 -4.304620e+00      6.926045e+00  5.539754e+00  6.487938e+00  0.000000e+00            2
 4.568769e+00 -3.241787e+00      7.409758e+00  5.272554e+00  5.837371e+00  0.000000e+00            3
 3.818836e+00 -4.078342e+00      7.128537e+00  5.819364e+00  6.344636e+00  0.000000e+00            2
-4.133040e+00  2.198246e+00      4.348453e+00  6.555007e+00  6.136243e+00  0.000000e+00            2
 3.828076e+00 -4.267413e+00      7.194705e+00  5.834208e+00  6.528578e+00  0.000000e+00            2
 3.954726e+00 -4.171636e+00      7.285892e+00  5.957199e+00  6.473797e+00  0.000000e+00            2
 3.701426e+00 -4.363190e+00      7.105898e+00  5.712983e+00  6.586732e+00  0.000000e+00            2
-4.034151e+00  3.440203e+00      5.537624e+00  7.713260e+00  6.203641e+00  0.000000e+00            2
 4.697537e+00 -3.418636e+00      7.610374e+00  5.463348e+00  6.052960e+00  0.000000e+00            3
-3.345117e+00  4.215571e+00      6.225145e+00  7.671995e+00  5.786107e+00  0.000000e+00            0
-4.238210e+00  2.353382e+00      4.526047e+00  6.736100e+00  6.248211e+00  0.000000e+00            2
-4.275516e+00  2.249890e+00      4.437173e+00  6.651248e+00  6.255960e+00  0.000000e+00            2
 4.826304e+00 -3.595485e+00      7.811964e+00  5.656168e+00  6.268768e+00  0.000000e+00            3
-4.417992e+00  2.301534e+00      4.529227e+00  6.749520e+00  6.315382e+00  0.000000e+00            2
-3.601786e+00  4.519539e+00      6.547254e+00  8.008447e+00  6.142319e+00  0.000000e+00            0
 4.086358e+00 -4.333608e+00      7.460710e+00  6.095494e+00  6.668394e+00  0.000000e+00            2
-4.343380e+00  2.508519e+00      4.704403e+00  6.917532e+00  6.363730e+00  0.000000e+00            2
 4.217989e+00 -4.495579e+00      7.637230e+00  6.237707e+00  6.863820e+00  0.000000e+00            2
-4.380686e+00  2.405026e+00      4.616335e+00  6.833157e+00  6.393528e+00  0.000000e+00            2
 4.349621e+00 -4.657551e+00      7.815338e+00  6.383577e+00  7.060007e+00  0.000000e+00            2
-4.564958e+00  2.679766e+00      4.934501e+00  7.155297e+00  6.600057e+00  0.000000e+00            2
-4.251331e+00  3.250949e+00      5.397990e+00  7.592414e+00  6.375266e+00  0.000000e+00            2
-4.429733e+00  3.117637e+00      5.313600e+00  7.520928e+00  6.526146e+00  0.000000e+00            2
-4.472960e+00  3.423499e+00      5.619960e+00  7.824568e+00  6.627636e+00  0.000000e+00            2
-3.858454e+00  4.823506e+00      6.877295e+00  8.350299e+00  6.503358e+00  0.000000e+00            0
-3.883022e+00  4.763715e+00      6.821112e+00  8.353452e+00  6.499851e+00  0.000000e+00            0
-4.608135e+00  2.984325e+00      5.237327e+00  7.455412e+00  6.681043e+00  0.000000e+00            2
-4.786537e+00  2.851013e+00      5.169530e+00  7.396024e+00  6.839686e+00  0.000000e+00            2
-3.907590e+00  4.703924e+00      6.765081e+00  8.357104e+00  6.496986e+00  0.000000e+00            0
 4.356093e+00 -4.725528e+00      7.844782e+00  6.397367e+00  7.126282e+00  0.000000e+00            2
-4.694589e+00  3.596049e+00      5.846999e+00  8.059824e+00  6.882216e+00  0.000000e+00            2
-4.088753e+00  4.809115e+00      6.895610e+00  8.562654e+00  6.705523e+00  0.000000e+00            0
 4.362565e+00 -4.793505e+00      7.874708e+00  6.411855e+00  7.192595e+00  0.000000e+00            2
-4.677249e+00  3.734127e+00      5.974394e+00  8.184399e+00  6.898757e+00  0.000000e+00            2
-4.269916e+00  4.914306e+00      7.029959e+00  8.768392e+00  6.914118e+00  0.000000e+00            0
-4.659909e+00  3.872206e+00      6.102303e+00  8.309437e+00  6.918059e+00  0.000000e+00            2
-4.754791e+00  4.560777e+00      6.791398e+00  8.993096e+00  7.223903e+00  0.000000e+00            0
-4.512353e+00  4.737542e+00      6.905192e+00  8.941716e+00  7.064339e+00  0.000000e+00            0
