 1.227472e+00  9.768924e-01      1.063738e+00  2.461006e-01  0.000000e+00            0
 1.419132e+00  1.217330e+00      8.444380e-01  3.495828e-01  0.000000e+00            0
 1.196154e+00  8.517897e-01      1.167961e+00  2.156329e-01  0.000000e+00            0
 1.109003e+00  1.245811e+00      1.042754e+00  2.781932e-01  0.000000e+00            0
 7.513326e-01  7.312599e-01      1.508066e+00  1.099242e-01  0.000000e+00            0
 2.094880e-01  5.168999e-02      1.985244e+00  4.655706e-03  0.000000e+00            0
 2.831500e-01  1.428720e-01      1.954254e+00  1.005863e-02  0.000000e+00            0
 4.690224e-01  1.245460e-01      1.926001e+00  2.354937e-02  0.000000e+00            0
-7.895181e-01 -8.355095e-01      1.435410e+00  1.321415e-01  0.000000e+00            1
-2.278318e-01 -1.411994e-01      1.964942e+00  7.184462e-03  0.000000e+00            1
 1.673620e+00  1.515378e+00      7.252637e-01  5.097372e-01  0.000000e+00            0
-5.473026e-01 -1.366921e-01      1.906110e+00  3.182249e-02  0.000000e+00            1
-2.467949e-01 -5.717776e-01      1.896550e+00  3.878374e-02  0.000000e+00            1
-1.418666e+00 -1.373488e+00      7.998028e-01  3.899082e-01  0.000000e+00            1
-3.875672e-01 -1.389457e-01      1.935352e+00  1.695143e-02  0.000000e+00            1
-1.506563e+00 -1.238635e+00      8.109173e-01  3.803948e-01  0.000000e+00            1
 1.049430e+00  8.012181e-01      1.275739e+00  1.743254e-01  0.000000e+00            0
 1.258791e+00  1.101995e+00      9.743591e-01  2.798947e-01  0.000000e+00            0
 6.485958e-01  5.212776e-01      1.672087e+00  6.924069e-02  0.000000e+00            0
 6.972336e-01  3.306821e-01      1.756587e+00  5.954853e-02  0.000000e+00            0
-5.013129e-01 -6.594738e-01      1.712987e+00  6.862203e-02  0.000000e+00            1
-6.454155e-01 -7.474917e-01      1.580347e+00  9.753049e-02  0.000000e+00            1
-4.611805e-01 -4.878927e-01      1.787718e+00  4.507267e-02  0.000000e+00            1
-5.651507e-01 -4.043294e-01      1.768776e+00  4.828776e-02  0.000000e+00            1
-3.020026e-01 -5.716168e-01      1.862432e+00  4.179514e-02  0.000000e+00            1
 9.027071e-01  7.506466e-01      1.395398e+00  1.378350e-01  0.000000e+00            0
-6.138622e-01 -1.819696e-01      1.868234e+00  4.099397e-02  0.000000e+00            1
-7.493857e-01 -6.639283e-01      1.541351e+00  1.002380e-01  0.000000e+00            1
 9.727766e-02  1.611980e-01      1.986048e+00  3.544774e-03  0.000000e+00            0
-7.092533e-01 -4.923472e-01      1.655919e+00  7.454460e-02  0.000000e+00            1
-9.817045e-01 -8.941974e-01      1.262561e+00  1.763333e-01  0.000000e+00            1
-1.173891e+00 -9.528853e-01      1.106752e+00  2.286010e-01  0.000000e+00            1
 5.999581e-01  7.118732e-01      1.626225e+00  8.667132e-02  0.000000e+00            0
-1.767277e-01 -2.193499e-01      1.963252e+00  7.934707e-03  0.000000e+00            1
 1.290109e+00  1.227098e+00      9.047994e-01  3.170150e-01  0.000000e+00            0
-1.681008e+00 -1.451627e+00      7.304924e-01  4.933007e-01  0.000000e+00            1
-1.549837e+00 -1.412557e+00      7.451861e-01  4.397312e-01  0.000000e+00            1
-1.386094e+00 -1.448912e+00      8.193287e-01  4.020602e-01  0.000000e+00            1
 1.721187e+00  1.302169e+00      7.971920e-01  4.658129e-01  0.000000e+00            0
-3.572103e-01 -5.714560e-01      1.828059e+00  4.541612e-02  0.000000e+00            1
-6.804217e-01 -2.272472e-01      1.825944e+00  5.146150e-02  0.000000e+00            1
-1.256235e-01 -2.975005e-01      1.970708e+00  1.042878e-02  0.000000e+00            1
-6.691210e-01 -3.207660e-01      1.771990e+00  5.506137e-02  0.000000e+00            1
-1.366077e+00 -1.011573e+00      9.867923e-01  2.889448e-01  0.000000e+00            1
-1.287555e+00 -1.372583e+00      8.851117e-01  3.541780e-01  0.000000e+00            1
 1.738354e+00  1.544177e+00      7.336829e-01  5.406356e-01  0.000000e+00            0
 4.888146e-01  8.142613e-01      1.694054e+00  9.019613e-02  0.000000e+00            0
-1.398657e+00 -1.456294e+00      8.120635e-01  4.077032e-01  0.000000e+00            1
 4.651194e-01  7.679651e-01      1.719611e+00  8.061065e-02  0.000000e+00            0
 9.278972e-01  1.264523e+00      1.230272e+00  2.460013e-01  0.000000e+00            0
-1.858276e-01 -6.266315e-01      1.934906e+00  4.271989e-02  0.000000e+00            1
 1.751774e+00  1.475361e+00      7.417963e-01  5.245404e-01  0.000000e+00            0
 1.548156e+00  1.207561e+00      8.237433e-01  3.854990e-01  0.000000e+00            0
 1.765195e+00  1.406545e+00      7.657052e-01  5.094282e-01  0.000000e+00            0
-1.480269e+00 -1.057678e+00      9.323803e-01  3.309877e-01  0.000000e+00            1
-3.331157e-01 -7.680130e-02      1.965144e+00  1.168645e-02  0.000000e+00            1
-6.747713e-01 -2.740066e-01      1.798380e+00  5.303960e-02  0.000000e+00            1
-6.858761e-01 -9.486949e-01      1.495406e+00  1.370448e-01  0.000000e+00            1
-1.862092e-01 -4.346390e-01      1.938179e+00  2.235850e-02  0.000000e+00            1
 6.548948e-01  1.062200e-01      1.907084e+00  4.401698e-02  0.000000e+00            0
 7.467913e-01  1.283236e+00      1.452853e+00  2.204392e-01  0.000000e+00            0
-1.402625e+00 -4.988273e-01      1.521720e+00  2.216185e-01  0.000000e+00            1
 3.776712e-01  9.166495e-01      1.796205e+00  9.828817e-02  0.000000e+00            0
-1.366085e+00 -1.531718e+00      8.542528e-01  4.212347e-01  0.000000e+00            1
 1.614412e+00  1.638610e+00      7.627189e-01  5.291367e-01  0.000000e+00            0
-1.486754e+00 -6.766873e-01      1.328250e+00  2.668342e-01  0.000000e+00            1
 3.216983e-01 -5.781803e-02      2.009657e+00  1.068327e-02  0.000000e+00            0
 7.003830e-01  1.231532e-01      1.890294e+00  5.057031e-02  0.000000e+00            0
 1.677179e+00  1.197793e+00      8.503606e-01  4.247637e-01  0.000000e+00            0
 1.582045e+00  1.624210e+00      7.663150e-01  5.140924e-01  0.000000e+00            0
 3.302808e-01  8.240569e-01      1.832132e+00  7.881553e-02  0.000000e+00            0
 6.176597e-01  1.216320e+00      1.591948e+00  1.860938e-01  0.000000e+00            0
 1.749219e+00  1.316645e+00      8.010165e-01  4.793321e-01  0.000000e+00            0
-1.468480e+00 -9.330603e-01      1.042052e+00  3.027035e-01  0.000000e+00            1
-7.784955e-01 -1.467955e-01      1.864046e+00  6.276042e-02  0.000000e+00            1
 7.936946e-01  1.404629e+00      1.448407e+00  2.602935e-01  0.000000e+00            0
-1.378647e+00 -1.539100e+00      8.473288e-01  4.269497e-01  0.000000e+00            1
-1.594460e+00 -1.103782e+00      9.024312e-01  3.760636e-01  0.000000e+00            1
-4.928511e-01 -7.454763e-02      1.945428e+00  2.484595e-02  0.000000e+00            1
 7.458713e-01  1.400865e-01      1.872832e+00  5.759483e-02  0.000000e+00            0
-1.254983e+00 -1.448007e+00      9.226323e-01  3.671705e-01  0.000000e+00            1
-1.353522e+00 -1.524336e+00      8.614775e-01  4.155621e-01  0.000000e+00            1
-1.156444e+00 -1.371678e+00      1.001004e+00  3.218861e-01  0.000000e+00            1
-4.383996e-01 -1.240319e-02      1.979052e+00  1.923480e-02  0.000000e+00            1
-1.797272e+00 -1.617495e+00      7.594397e-01  5.846476e-01  0.000000e+00            1
-5.822341e-01 -1.061880e+00      1.599234e+00  1.466586e-01  0.000000e+00            1
-1.812178e+00 -1.490696e+00      7.646767e-01  5.506165e-01  0.000000e+00            1
-1.078867e+00 -1.417760e+00      1.094541e+00  3.173997e-01  0.000000e+00            1
 1.803940e-02 -3.674251e-01      2.021918e+00  1.353266e-02  0.000000e+00            1
-1.454992e+00 -1.645841e+00      8.464190e-01  4.825794e-01  0.000000e+00            1
-8.449904e-01 -1.483403e+00      1.430380e+00  2.914492e-01  0.000000e+00            1
-8.765693e-01 -6.634387e-02      1.924490e+00  7.727753e-02  0.000000e+00            1
 5.444016e-01 -3.055303e-02      1.995873e+00  2.973066e-02  0.000000e+00            0
 2.865567e-01  8.983991e-01      1.880877e+00  8.892357e-02  0.000000e+00            0
-4.838167e-01 -1.133241e+00      1.727140e+00  1.518313e-01  0.000000e+00            1
 6.528437e-01  1.439618e+00      1.672475e+00  2.498706e-01  0.000000e+00            0
 1.705211e+00  1.212269e+00      8.504798e-01  4.377341e-01  0.000000e+00            0
-1.001290e+00 -1.463843e+00      1.207986e+00  3.145417e-01  0.000000e+00            1
 4.885281e-01  1.149404e+00      1.726965e+00  1.559790e-01  0.000000e+00            0
-1.203878e+00 -2.092756e-01      1.817751e+00  1.493120e-01  0.000000e+00            1
-1.318496e+00 -3.209673e-01      1.716541e+00  1.841452e-01  0.000000e+00            1
-1.248604e-01 -6.814853e-01      1.981386e+00  4.800124e-02  0.000000e+00            1
 3.685338e-01  9.995688e-01      1.819629e+00  1.134955e-01  0.000000e+00            0
 1.741041e+00  1.079085e+00      9.890095e-01  4.195649e-01  0.000000e+00            0
-1.582671e+00 -9.791646e-01      1.015045e+00  3.463611e-01  0.000000e+00            1
-1.458782e+00 -3.084984e-01      1.800444e+00  2.223216e-01  0.000000e+00            1
 1.733243e+00  1.226745e+00      8.527837e-01  4.509035e-01  0.000000e+00            0
 1.402105e-01  8.231232e-01      1.996320e+00  6.971907e-02  0.000000e+00            0
-4.127073e-01  1.126205e-01      2.033632e+00  1.830107e-02  0.000000e+00            1
-1.139443e-01 -7.367058e-01      1.998505e+00  5.557188e-02  0.000000e+00            1
-6.886907e-01 -1.502963e+00      1.676141e+00  2.733192e-01  0.000000e+00            1
 3.593965e-01  1.082488e+00      1.854194e+00  1.300946e-01  0.000000e+00            0
-1.089261e+00 -9.758391e-02      1.916794e+00  1.196012e-01  0.000000e+00            1
-1.570882e+00 -8.545473e-01      1.146132e+00  3.197923e-01  0.000000e+00            1
 8.405980e-01  1.526023e+00      1.471677e+00  3.035350e-01  0.000000e+00            0
-5.759796e-01  8.159574e-02      2.025498e+00  3.384103e-02  0.000000e+00            1
 1.954422e-01  8.801488e-01      1.961784e+00  8.128596e-02  0.000000e+00            0
-1.782365e+00 -1.744294e+00      8.125446e-01  6.219386e-01  0.000000e+00            1
-1.060407e+00 -1.580724e+00      1.211998e+00  3.623152e-01  0.000000e+00            1
-9.746432e-01  1.410779e-02      2.009014e+00  9.501283e-02  0.000000e+00            1
-1.531336e+00 -1.752582e+00      8.821992e-01  5.416535e-01  0.000000e+00            1
 4.072462e-01 -2.185476e-01      2.080173e+00  2.136126e-02  0.000000e+00            0
-1.030282e-01 -7.919263e-01      2.019405e+00  6.377621e-02  0.000000e+00            1
 4.339085e-01 -1.673261e-01      2.060200e+00  2.162746e-02  0.000000e+00            0
 1.960929e+00  1.619209e+00      8.684979e-01  6.467079e-01  0.000000e+00            0
 8.875013e-01  1.647416e+00      1.529157e+00  3.501638e-01  0.000000e+00            0
-3.853993e-01 -1.204601e+00      1.878766e+00  1.599597e-01  0.000000e+00            1
 1.490470e+00  1.733042e+00      8.907154e-01  5.224936e-01  0.000000e+00            0
 3.168225e-01  1.098801e+00      1.909354e+00  1.307740e-01  0.000000e+00            0
 8.497882e-02  7.660975e-01      2.027317e+00  5.941268e-02  0.000000e+00            0
 7.231988e-01  1.621708e+00      1.756886e+00  3.152954e-01  0.000000e+00            0
-3.870151e-01  2.376442e-01      2.085204e+00  2.062555e-02  0.000000e+00            1
-1.673617e+00 -8.422822e-01      1.216074e+00  3.510433e-01  0.000000e+00            1
 1.804904e+00  9.603765e-01      1.179391e+00  4.180000e-01  0.000000e+00            0
 1.797855e+00  6.630290e-01      1.592792e+00  3.671888e-01  0.000000e+00            0
 1.462159e+00  1.860390e+00      1.067082e+00  5.598961e-01  0.000000e+00            0
-1.119525e+00 -1.697605e+00      1.249941e+00  4.135199e-01  0.000000e+00            1
 1.617023e-01 -4.373497e-01      2.090960e+00  2.174224e-02  0.000000e+00            1
 1.726943e+00  4.843896e-01      1.783653e+00  3.216966e-01  0.000000e+00            0
-4.588952e-01 -1.363562e+00      1.889274e+00  2.069886e-01  0.000000e+00            1
-1.950123e+00 -1.450409e+00      8.904097e-01  5.906666e-01  0.000000e+00            1
 6.533084e-03  7.458879e-01      2.081710e+00  5.563915e-02  0.000000e+00            0
-1.776352e+00 -8.300171e-01      1.322081e+00  3.844354e-01  0.000000e+00            1
 2.742485e-01  1.115114e+00      1.966198e+00  1.318690e-01  0.000000e+00            0
-8.441014e-01  9.485123e-02      2.060488e+00  7.215039e-02  0.000000e+00            1
-1.140762e+00 -1.830971e+00      1.409653e+00  4.653795e-01  0.000000e+00            1
-1.767459e+00 -1.871092e+00      9.322013e-01  6.624897e-01  0.000000e+00            1
 1.544938e+00  1.973870e-01      2.030111e+00  2.425795e-01  0.000000e+00            0
-5.323911e-01 -1.522523e+00      1.938267e+00  2.601515e-01  0.000000e+00            1
-2.920696e-02 -8.146825e-01      2.086542e+00  6.645607e-02  0.000000e+00            1
 3.805839e-01 -2.697692e-01      2.098091e+00  2.176195e-02  0.000000e+00            0
 1.433848e+00  1.987738e+00      1.323207e+00  6.007024e-01  0.000000e+00            0
 1.868766e+00  8.416683e-01      1.418521e+00  4.200692e-01  0.000000e+00            0
-1.599068e+00 -2.960295e-01      1.934292e+00  2.644651e-01  0.000000e+00            1
-4.928201e-01 -1.529208e+00      2.008682e+00  2.581348e-01  0.000000e+00            1
-1.607681e+00 -1.859323e+00      9.612237e-01  6.041720e-01  0.000000e+00            1
-1.687570e+00 -1.865208e+00      9.368354e-01  6.326891e-01  0.000000e+00            1
-1.913304e+00 -8.020894e-01      1.545107e+00  4.304081e-01  0.000000e+00            1
 5.754786e-01 -2.310414e-01      2.116433e+00  3.845558e-02  0.000000e+00            0
-7.135596e-01  1.755947e-01      2.103484e+00  5.400008e-02  0.000000e+00            1
-1.913596e+00 -1.876145e+00      9.755211e-01  7.181769e-01  0.000000e+00            1
 1.444109e+00  2.038090e+00      1.423936e+00  6.239259e-01  0.000000e+00            0
-2.088067e+00 -1.410122e+00      1.114785e+00  6.348470e-01  0.000000e+00            1
 1.408114e+00  2.030724e+00      1.448365e+00  6.106625e-01  0.000000e+00            0
 1.656032e+00  3.057502e-01      1.981745e+00  2.835925e-01  0.000000e+00            0
-3.613229e-01  3.626680e-01      2.134572e+00  2.620823e-02  0.000000e+00            1
 1.433844e+00  8.902368e-02      2.090238e+00  2.063834e-01  0.000000e+00            0
-4.532490e-01 -1.535893e+00      2.079904e+00  2.564401e-01  0.000000e+00            1
-7.191265e-02  7.256783e-01      2.132064e+00  5.317804e-02  0.000000e+00            0
-1.746650e+00 -2.036417e+00      1.203199e+00  7.197781e-01  0.000000e+00            1
 5.588962e-01  1.596000e+00      1.990075e+00  2.859582e-01  0.000000e+00            0
 1.454369e+00  2.088441e+00      1.537020e+00  6.476774e-01  0.000000e+00            0
-2.226012e+00 -1.369835e+00      1.450299e+00  6.831577e-01  0.000000e+00            1
 1.949506e+00  7.365331e-01      1.712179e+00  4.343054e-01  0.000000e+00            0
 1.418374e+00  2.081075e+00      1.560541e+00  6.342661e-01  0.000000e+00            0
 1.996821e+00  8.755817e-01      1.578182e+00  4.753939e-01  0.000000e+00            0
-2.059733e+00 -1.881197e+00      1.107141e+00  7.781404e-01  0.000000e+00            1
-1.739354e+00 -2.835606e-01      2.128215e+00  3.105757e-01  0.000000e+00            1
 1.382380e+00  2.073710e+00      1.586692e+00  6.211247e-01  0.000000e+00            0
 7.170487e-01 -2.947568e-01      2.195818e+00  6.010405e-02  0.000000e+00            0
 4.461426e-02 -8.374388e-01      2.156476e+00  7.032941e-02  0.000000e+00            1
-2.050257e+00 -7.741617e-01      1.855253e+00  4.802880e-01  0.000000e+00            1
-1.162000e+00 -1.964337e+00      1.639489e+00  5.208865e-01  0.000000e+00            1
 2.030246e+00  6.313978e-01      2.060681e+00  4.520561e-01  0.000000e+00            0
-7.647568e-01  2.375908e-01      2.163383e+00  6.413023e-02  0.000000e+00            1
 2.183504e+00  1.694241e+00      1.207930e+00  7.638140e-01  0.000000e+00            0
 1.207436e-01 -8.265522e-01      2.213358e+00  6.977676e-02  0.000000e+00            1
 1.464029e+00  2.162368e+00      1.733229e+00  6.819217e-01  0.000000e+00            0
 1.560241e+00  2.187347e+00      1.703964e+00  7.218838e-01  0.000000e+00            0
 3.641603e-01 -7.414883e-01      2.343727e+00  6.824176e-02  0.000000e+00            1
 1.322750e+00 -1.933960e-02      2.156786e+00  1.750042e-01  0.000000e+00            0
-2.193758e+00 -1.801665e+00      1.260662e+00  8.058571e-01  0.000000e+00            1
-2.119721e+00 -1.924815e+00      1.232637e+00  8.198132e-01  0.000000e+00            1
-1.725841e+00 -2.201742e+00      1.624209e+00  7.826196e-01  0.000000e+00            1
 2.124877e+00  9.094950e-01      1.805681e+00  5.342284e-01  0.000000e+00            0
 1.351990e+00  2.145668e+00      1.830375e+00  6.431770e-01  0.000000e+00            0
-2.179709e+00 -1.968433e+00      1.380426e+00  8.625861e-01  0.000000e+00            1
-8.159539e-01  2.995869e-01      2.231978e+00  7.555331e-02  0.000000e+00            1
-1.183238e+00 -2.097703e+00      1.950279e+00  5.800411e-01  0.000000e+00            1
-2.352871e+00 -1.369871e+00      1.827798e+00  7.412547e-01  0.000000e+00            1
-2.327782e+00 -1.722134e+00      1.561619e+00  8.384315e-01  0.000000e+00            1
-2.253746e+00 -1.845284e+00      1.413221e+00  8.484441e-01  0.000000e+00            1
 1.968730e-01 -8.156657e-01      2.267652e+00  7.040695e-02  0.000000e+00            1
-3.737760e-01 -1.527183e+00      2.194342e+00  2.471997e-01  0.000000e+00            1
 2.397803e+00  1.605248e+00      1.803296e+00  8.326280e-01  0.000000e+00            0
 1.569900e+00  2.261275e+00      1.936969e+00  7.577951e-01  0.000000e+00            0
-2.186342e+00 -2.104568e+00      1.610321e+00  9.209300e-01  0.000000e+00            1
 5.314476e-01 -6.673109e-01      2.398734e+00  7.277403e-02  0.000000e+00            1
-1.873728e+00 -3.563285e-01      2.228173e+00  3.637827e-01  0.000000e+00            1
 2.252933e+00  9.434084e-01      2.111488e+00  5.965725e-01  0.000000e+00            0
 1.254923e+00 -1.350232e-01      2.261827e+00  1.593064e-01  0.000000e+00            0
 1.437631e+00  2.241746e+00      2.025708e+00  7.092206e-01  0.000000e+00            0
 1.473688e+00  2.236296e+00      1.959996e+00  7.172778e-01  0.000000e+00            0
 2.389527e+00  1.441223e+00      1.884558e+00  7.786965e-01  0.000000e+00            0
 2.406079e+00  1.769273e+00      1.808496e+00  8.919540e-01  0.000000e+00            0
-1.940440e-01  8.376254e-01      2.278301e+00  7.392694e-02  0.000000e+00            0
-2.395421e+00 -1.840757e+00      1.796276e+00  9.126431e-01  0.000000e+00            1
 2.317092e+00  1.110304e+00      2.048209e+00  6.601690e-01  0.000000e+00            0
-9.179436e-01  2.931755e-01      2.265191e+00  9.285722e-02  0.000000e+00            1
 1.401573e+00  2.247195e+00      2.094963e+00  7.014294e-01  0.000000e+00            0
 1.758705e+00  2.210801e-01      2.263699e+00  3.141920e-01  0.000000e+00            0
 1.666112e+00  2.286253e+00      1.938631e+00  8.002885e-01  0.000000e+00            0
 2.381251e+00  1.277199e+00      2.036146e+00  7.301595e-01  0.000000e+00            0
 1.321601e+00  2.217626e+00      2.109919e+00  6.664497e-01  0.000000e+00            0
-8.026844e-01  4.231798e-01      2.337877e+00  8.233835e-02  0.000000e+00            1
 1.361587e+00  2.232411e+00      2.100738e+00  6.837578e-01  0.000000e+00            0
 8.586188e-01 -3.584722e-01      2.302920e+00  8.657286e-02  0.000000e+00            0
 1.721143e+00  1.667470e-01      2.297171e+00  2.990138e-01  0.000000e+00            0
 2.402285e+00  1.293043e+00      2.093798e+00  7.442932e-01  0.000000e+00            0
-2.192976e+00 -2.240703e+00      1.940931e+00  9.829891e-01  0.000000e+00            1
-1.019933e+00  2.867640e-01      2.305568e+00  1.122497e-01  0.000000e+00            1
 2.461730e+00  1.647445e+00      2.018950e+00  8.774189e-01  0.000000e+00            0
-7.894149e-01  5.467728e-01      2.446982e+00  9.221364e-02  0.000000e+00            1
-2.187210e+00 -7.462340e-01      2.264694e+00  5.340751e-01  0.000000e+00            1
 9.889443e-01 -3.624313e-01      2.371135e+00  1.109367e-01  0.000000e+00            0
-1.101656e+00  2.478956e-01      2.305548e+00  1.275098e-01  0.000000e+00            1
 9.427763e-01 -4.430969e-01      2.431348e+00  1.085162e-01  0.000000e+00            0
-2.463061e+00 -1.959381e+00      2.105547e+00  9.905840e-01  0.000000e+00            1
-2.943030e-01 -1.518474e+00      2.307428e+00  2.392376e-01  0.000000e+00            1
-1.183379e+00  2.090272e-01      2.307988e+00  1.444078e-01  0.000000e+00            1
 1.119270e+00 -3.663904e-01      2.456981e+00  1.387007e-01  0.000000e+00            0
 2.423318e+00  1.308888e+00      2.154312e+00  7.585657e-01  0.000000e+00            0
-3.161753e-01  9.495725e-01      2.462707e+00  1.001655e-01  0.000000e+00            0
-2.479729e+00 -1.369907e+00      2.309031e+00  8.025703e-01  0.000000e+00            1
-2.097656e+00 -5.876651e-01      2.309868e+00  4.745512e-01  0.000000e+00            1
 3.201288e-01 -9.736693e-01      2.487181e+00  1.050514e-01  0.000000e+00            1
 1.187097e+00 -2.507068e-01      2.361958e+00  1.472052e-01  0.000000e+00            0
 1.026934e+00 -5.277216e-01      2.583297e+00  1.333083e-01  0.000000e+00            0
-1.347923e+00  2.616009e-01      2.508351e+00  1.885330e-01  0.000000e+00            1
 1.073102e+00 -4.470560e-01      2.521168e+00  1.351407e-01  0.000000e+00            0
-1.469938e-01 -1.480363e+00      2.479686e+00  2.213083e-01  0.000000e+00            1
-8.687539e-01  6.435356e-01      2.599128e+00  1.168871e-01  0.000000e+00            1
-1.168244e+00 -2.204373e+00      2.321708e+00  6.224053e-01  0.000000e+00            1
-2.206484e-01 -1.499418e+00      2.394815e+00  2.296942e-01  0.000000e+00            1
-2.008103e+00 -4.290963e-01      2.382972e+00  4.216601e-01  0.000000e+00            1
 2.517381e+00  1.525617e+00      2.316220e+00  8.664717e-01  0.000000e+00            0
-2.199609e+00 -2.376838e+00      2.385413e+00  1.048764e+00  0.000000e+00            1
-4.383066e-01  1.061520e+00      2.689406e+00  1.318937e-01  0.000000e+00            0
 2.110986e+00  5.262626e-01      2.464633e+00  4.733213e-01  0.000000e+00            0
 3.463241e-01  1.673236e+00      2.473776e+00  2.919658e-01  0.000000e+00            0
 9.981123e-01 -5.802071e-01      2.623733e+00  1.332868e-01  0.000000e+00            0
-2.124178e-02 -1.446098e+00      2.615669e+00  2.091652e-01  0.000000e+00            1
 2.498175e+00  1.356339e+00      2.404797e+00  8.080534e-01  0.000000e+00            0
 1.761208e+00  2.420556e+00      2.407664e+00  8.960944e-01  0.000000e+00            0
 1.786254e+00  2.774369e-02      2.649509e+00  3.191474e-01  0.000000e+00            0
 1.415270e+00  2.360075e+00      2.520187e+00  7.572940e-01  0.000000e+00            0
 1.256197e+00 -4.307197e-01      2.654278e+00  1.763550e-01  0.000000e+00            0
 9.692907e-01 -6.326927e-01      2.663635e+00  1.339825e-01  0.000000e+00            0
 1.861378e+00  1.364099e-01      2.601947e+00  3.483337e-01  0.000000e+00            0
-3.975333e-01  1.131126e+00      2.727997e+00  1.437479e-01  0.000000e+00            0
 2.590619e+00  1.798229e+00      2.543503e+00  9.944934e-01  0.000000e+00            0
-2.558267e+00 -1.424257e+00      2.599581e+00  8.573236e-01  0.000000e+00            1
-1.508141e-01 -1.603042e+00      2.673349e+00  2.592490e-01  0.000000e+00            1
-3.567600e-01  1.200732e+00      2.769308e+00  1.569036e-01  0.000000e+00            0
 1.045103e-01 -1.411834e+00      2.743112e+00  2.004196e-01  0.000000e+00            1
 1.117930e+00 -6.071444e-01      2.760411e+00  1.618392e-01  0.000000e+00            0
-9.480929e-01  7.402985e-01      2.777621e+00  1.446922e-01  0.000000e+00            1
 1.169452e+00  2.312418e+00      2.740078e+00  6.714893e-01  0.000000e+00            0
 2.573033e+00  1.403790e+00      2.694450e+00  8.591122e-01  0.000000e+00            0
-1.153250e+00 -2.311042e+00      2.765309e+00  6.670901e-01  0.000000e+00            1
-2.219842e+00 -2.451455e+00      2.706139e+00  1.093733e+00  0.000000e+00            1
 4.433846e-01 -1.131673e+00      2.778056e+00  1.477273e-01  0.000000e+00            1
-1.512466e+00  3.141746e-01      2.780558e+00  2.386260e-01  0.000000e+00            1
 2.585536e-01 -1.371115e+00      2.889687e+00  1.946805e-01  0.000000e+00            1
-9.026783e-01  8.672294e-01      2.899513e+00  1.566915e-01  0.000000e+00            1
 7.661963e-02 -1.463596e+00      2.784633e+00  2.147984e-01  0.000000e+00            1
-1.039987e+00  7.673000e-01      2.900342e+00  1.670322e-01  0.000000e+00            1
 4.872900e-02 -1.515359e+00      2.830541e+00  2.298686e-01  0.000000e+00            1
-2.598022e+00 -2.079556e+00      2.780797e+00  1.107427e+00  0.000000e+00            1
 1.208926e+00 -6.865673e-01      2.966815e+00  1.932878e-01  0.000000e+00            0
-2.103705e+00 -2.991712e-01      2.896398e+00  4.515079e-01  0.000000e+00            1
 1.393124e+00 -4.950491e-01      2.902767e+00  2.185868e-01  0.000000e+00            0
 1.301025e+00 -5.908082e-01      2.932991e+00  2.041721e-01  0.000000e+00            0
-8.572637e-01  9.941603e-01      3.029295e+00  1.723256e-01  0.000000e+00            1
 4.125970e-01 -1.330396e+00      3.025060e+00  1.940189e-01  0.000000e+00            1
-1.131881e+00  7.943015e-01      3.037972e+00  1.912070e-01  0.000000e+00            1
 2.334307e-01 -1.443874e+00      2.974996e+00  2.139261e-01  0.000000e+00            1
-1.546345e-01 -1.725721e+00      2.915538e+00  3.002026e-01  0.000000e+00            1
 1.337519e-01  1.750471e+00      3.009430e+00  3.082038e-01  0.000000e+00            0
 1.303542e+00 -7.089476e-01      3.118478e+00  2.201827e-01  0.000000e+00            0
-2.636804e+00 -1.478606e+00      2.936594e+00  9.139012e-01  0.000000e+00            1
 5.666404e-01 -1.289677e+00      3.151956e+00  1.984347e-01  0.000000e+00            1
 2.226338e+00  4.649892e-01      2.952186e+00  5.172798e-01  0.000000e+00            0
 1.964051e+00  5.173969e-02      3.000928e+00  3.860175e-01  0.000000e+00            0
 1.907708e+00 -2.975995e-02      3.017415e+00  3.640237e-01  0.000000e+00            0
 1.789845e+00  2.547810e+00      3.008611e+00  9.694884e-01  0.000000e+00            0
-9.005172e-01  1.112399e+00      3.263269e+00  2.048363e-01  0.000000e+00            1
 1.851365e+00 -1.112596e-01      3.039293e+00  3.439933e-01  0.000000e+00            0
-1.268644e+00  8.073841e-01      3.230053e+00  2.261327e-01  0.000000e+00            1
-1.677010e+00  3.667482e-01      3.140002e+00  2.946867e-01  0.000000e+00            1
 3.623512e-01 -1.475914e+00      3.215733e+00  2.309619e-01  0.000000e+00            1
-2.551154e-01 -1.887081e+00      3.136724e+00  3.626158e-01  0.000000e+00            1
 1.856304e+00  2.554858e+00      3.013512e+00  9.973164e-01  0.000000e+00            0
-9.437707e-01  1.230638e+00      3.532514e+00  2.405173e-01  0.000000e+00            1
 1.398157e+00 -7.313279e-01      3.291257e+00  2.489682e-01  0.000000e+00            0
 1.855082e+00 -2.264221e-01      3.265562e+00  3.492594e-01  0.000000e+00            0
 1.428966e+00  2.472954e+00      3.030478e+00  8.157445e-01  0.000000e+00            0
 1.723386e+00  2.540763e+00      3.019269e+00  9.425537e-01  0.000000e+00            0
-2.240075e+00 -2.526073e+00      3.067458e+00  1.139898e+00  0.000000e+00            1
 7.197880e-01 -1.390983e+00      3.544087e+00  2.452929e-01  0.000000e+00            1
 2.660163e+00  1.290495e+00      3.310953e+00  8.741846e-01  0.000000e+00            0
 1.460000e+00  2.540104e+00      3.340867e+00  8.583728e-01  0.000000e+00            0
-1.775274e+00  4.027182e-01      3.411881e+00  3.313780e-01  0.000000e+00            1
-1.405407e+00  8.204668e-01      3.458333e+00  2.648334e-01  0.000000e+00            1
 2.036925e+00 -5.113903e-02      3.410995e+00  4.151678e-01  0.000000e+00            0
 1.607211e+00  2.574008e+00      3.324270e+00  9.208644e-01  0.000000e+00            0
 1.403689e+00 -8.574173e-01      3.522302e+00  2.705508e-01  0.000000e+00            0
-3.555963e-01 -2.048440e+00      3.440880e+00  4.322557e-01  0.000000e+00            1
 1.858798e+00 -3.415846e-01      3.496245e+00  3.571809e-01  0.000000e+00            0
-2.199307e+00 -1.692461e-01      3.486639e+00  4.865598e-01  0.000000e+00            1
-1.403341e+00  8.816744e-01      3.566356e+00  2.746717e-01  0.000000e+00            1
 4.592915e-01 -1.582250e+00      3.587180e+00  2.714465e-01  0.000000e+00            1
-1.401276e+00  9.428820e-01      3.678383e+00  2.852601e-01  0.000000e+00            1
-9.028084e-01  1.403917e+00      3.837971e+00  2.786047e-01  0.000000e+00            1
-7.882027e-02  1.827706e+00      3.593395e+00  3.346723e-01  0.000000e+00            0
 2.341691e+00  4.037159e-01      3.532121e+00  5.646503e-01  0.000000e+00            0
 1.017303e+00  2.407209e+00      3.492021e+00  6.829560e-01  0.000000e+00            0
 1.409222e+00 -9.835068e-01      3.772064e+00  2.953193e-01  0.000000e+00            0
-2.743000e+00 -1.426611e+00      3.613266e+00  9.559268e-01  0.000000e+00            1
 2.775159e+00  1.827186e+00      3.538931e+00  1.104011e+00  0.000000e+00            0
-1.086822e+00  1.314674e+00      3.921780e+00  2.909550e-01  0.000000e+00            1
-1.509694e+00  8.538634e-01      3.706684e+00  3.008260e-01  0.000000e+00            1
 1.862980e+00 -3.978993e-01      3.617121e+00  3.629020e-01  0.000000e+00            0
-1.613982e+00  8.872601e-01      3.990794e+00  3.392168e-01  0.000000e+00            1
-2.262661e+00 -1.971590e-01      3.667035e+00  5.158505e-01  0.000000e+00            1
 8.729356e-01 -1.492290e+00      4.003152e+00  2.988945e-01  0.000000e+00            1
-2.732984e+00 -2.199731e+00      3.645441e+00  1.230802e+00  0.000000e+00            1
 1.107419e+00  2.475769e+00      3.655987e+00  7.355812e-01  0.000000e+00            0
-1.873538e+00  4.386882e-01      3.725944e+00  3.702592e-01  0.000000e+00            1
 1.867163e+00 -4.542141e-01      3.739777e+00  3.692609e-01  0.000000e+00            0
-1.889021e+00  4.486564e-01      3.788211e+00  3.769694e-01  0.000000e+00            1
 1.491035e+00  2.607254e+00      3.685178e+00  9.020956e-01  0.000000e+00            0
 5.562318e-01 -1.688587e+00      4.016019e+00  3.160721e-01  0.000000e+00            1
-8.618461e-01  1.577197e+00      4.207741e+00  3.230329e-01  0.000000e+00            1
-1.904505e+00  4.586245e-01      3.851810e+00  3.837474e-01  0.000000e+00            1
-2.165837e+00 -2.660864e+00      3.689263e+00  1.177105e+00  0.000000e+00            1
-4.560772e-01 -2.209800e+00      3.848588e+00  5.091222e-01  0.000000e+00            1
 2.021178e+00  2.688420e+00      3.773148e+00  1.131277e+00  0.000000e+00            0
 1.903115e+00 -5.826187e-01      4.103851e+00  3.961293e-01  0.000000e+00            0
 2.109798e+00 -1.540177e-01      3.863612e+00  4.474970e-01  0.000000e+00            0
 1.197536e+00  2.544330e+00      3.853456e+00  7.907707e-01  0.000000e+00            0
 9.369228e-01 -1.545293e+00      4.246110e+00  3.265755e-01  0.000000e+00            1
-7.397442e-02  2.002804e+00      4.157727e+00  4.016697e-01  0.000000e+00            0
-2.326014e+00 -2.250720e-01      3.867946e+00  5.460997e-01  0.000000e+00            1
 1.477987e+00  2.633126e+00      3.867484e+00  9.117798e-01  0.000000e+00            0
 4.843525e-01 -1.808421e+00      4.254538e+00  3.504983e-01  0.000000e+00            1
-2.268158e+00 -3.965459e-02      4.042389e+00  5.146112e-01  0.000000e+00            1
-5.133907e-01 -2.273911e+00      4.003835e+00  5.434240e-01  0.000000e+00            1
-1.229873e+00  1.398710e+00      4.376155e+00  3.468978e-01  0.000000e+00            1
 1.000910e+00 -1.598296e+00      4.507962e+00  3.556372e-01  0.000000e+00            1
-2.358437e+00 -2.871251e-01      3.869370e+00  5.644666e-01  0.000000e+00            1
 1.939068e+00 -7.110233e-01      4.492586e+00  4.265538e-01  0.000000e+00            0
-2.026056e+00  4.734792e-01      4.261272e+00  4.329086e-01  0.000000e+00            1
-5.707043e-01 -2.338022e+00      4.178446e+00  5.792048e-01  0.000000e+00            1
 2.206308e+00 -2.335867e-01      4.403880e+00  4.922356e-01  0.000000e+00            0
-2.390860e+00 -3.491782e-01      3.874730e+00  5.838138e-01  0.000000e+00            1
 1.131794e+00 -1.541560e+00      4.583090e+00  3.657365e-01  0.000000e+00            1
 4.124732e-01 -1.928254e+00      4.535525e+00  3.888298e-01  0.000000e+00            1
-1.358645e+00  1.399698e+00      4.637587e+00  3.805072e-01  0.000000e+00            1
 1.932723e+00 -7.403049e-01      4.537438e+00  4.283469e-01  0.000000e+00            0
 2.853840e-01 -2.018312e+00      4.635281e+00  4.155029e-01  0.000000e+00            1
 2.747294e+00  1.177200e+00      4.038412e+00  8.933424e-01  0.000000e+00            0
 2.457044e+00  3.424426e-01      4.212613e+00  6.154330e-01  0.000000e+00            0
 1.262678e+00 -1.484823e+00      4.676156e+00  3.799057e-01  0.000000e+00            1
-2.551186e+00 -4.291943e-01      4.512127e+00  6.692758e-01  0.000000e+00            1
 1.926378e+00 -7.695866e-01      4.582827e+00  4.303196e-01  0.000000e+00            0
 1.464939e+00  2.658999e+00      4.056582e+00  9.216319e-01  0.000000e+00            0
 1.393563e+00 -1.428087e+00      4.792941e+00  3.981448e-01  0.000000e+00            1
 9.459518e-01  2.520796e+00      4.279335e+00  7.249238e-01  0.000000e+00            0
-2.337008e+00  8.993694e-02      4.647753e+00  5.469695e-01  0.000000e+00            1
-2.849196e+00 -1.374616e+00      4.407719e+00  1.000749e+00  0.000000e+00            1
-2.147608e+00  4.883338e-01      4.744318e+00  4.850689e-01  0.000000e+00            1
 4.038243e-01 -2.019895e+00      4.874653e+00  4.243050e-01  0.000000e+00            1
-1.487417e+00  1.400686e+00      4.932746e+00  4.174332e-01  0.000000e+00            1
 1.094328e+00 -1.720092e+00      5.077274e+00  4.156269e-01  0.000000e+00            1
 1.582948e-01 -2.108371e+00      4.751829e+00  4.470285e-01  0.000000e+00            1
-2.877249e+00 -1.394274e+00      4.586242e+00  1.022256e+00  0.000000e+00            1
 2.008814e+00 -7.319471e-01      4.777483e+00  4.571082e-01  0.000000e+00            0
-2.091599e+00 -2.795655e+00      4.519072e+00  1.219047e+00  0.000000e+00            1
 5.624072e-01 -1.985183e+00      5.042062e+00  4.257255e-01  0.000000e+00            1
-2.905302e+00 -1.413932e+00      4.772302e+00  1.043998e+00  0.000000e+00            1
-2.867945e+00 -2.319906e+00      4.724118e+00  1.360707e+00  0.000000e+00            1
 3.951753e-01 -2.111536e+00      5.255006e+00  4.614749e-01  0.000000e+00            1
-6.912857e-02  2.177902e+00      4.874256e+00  4.748038e-01  0.000000e+00            0
-1.616189e+00  1.401674e+00      5.268924e+00  4.576759e-01  0.000000e+00            1
 2.959699e+00  1.856142e+00      4.835349e+00  1.220508e+00  0.000000e+00            0
 2.302817e+00 -3.131557e-01      5.013757e+00  5.401033e-01  0.000000e+00            0
-2.429889e+00  4.012846e-02      4.993381e+00  5.905971e-01  0.000000e+00            1
 2.078561e+00 -7.528709e-01      5.088255e+00  4.887231e-01  0.000000e+00            0
 7.123413e-01 -2.042113e+00      5.585785e+00  4.677654e-01  0.000000e+00            1
 2.186053e+00  2.821983e+00      4.775062e+00  1.274241e+00  0.000000e+00            0
 1.518351e-01 -2.203248e+00      5.174132e+00  4.877355e-01  0.000000e+00            1
 2.834425e+00  1.063905e+00      4.876811e+00  9.165858e-01  0.000000e+00            0
-2.168533e+00  6.277060e-01      5.157256e+00  5.096549e-01  0.000000e+00            1
-1.568459e+00  1.560928e+00      5.644736e+00  4.896559e-01  0.000000e+00            1
-2.899804e+00 -2.336200e+00      4.980061e+00  1.386669e+00  0.000000e+00            1
 1.187746e+00 -1.841887e+00      5.735832e+00  4.803289e-01  0.000000e+00            1
-2.387154e+00  1.995270e-01      5.157886e+00  5.738316e-01  0.000000e+00            1
 1.453754e-01 -2.298125e+00      5.649454e+00  5.302511e-01  0.000000e+00            1
-2.189458e+00  7.670782e-01      5.591556e+00  5.382134e-01  0.000000e+00            1
 7.305092e-01 -2.084534e+00      5.820559e+00  4.878925e-01  0.000000e+00            1
 6.521980e-02 -2.338798e+00      5.691172e+00  5.474228e-01  0.000000e+00            1
-2.522770e+00 -9.680020e-03      5.389671e+00  6.364463e-01  0.000000e+00            1
 4.334746e-01 -2.214006e+00      5.837426e+00  5.089724e-01  0.000000e+00            1
 7.486771e-01 -2.126955e+00      6.066763e+00  5.084455e-01  0.000000e+00            1
-2.863392e+00 -2.470787e+00      5.164973e+00  1.430380e+00  0.000000e+00            1
 8.746009e-01  2.634383e+00      5.188308e+00  7.704902e-01  0.000000e+00            0
-2.711512e+00 -5.092105e-01      5.322319e+00  7.611591e-01  0.000000e+00            1
-6.428272e-02  2.353001e+00      5.769914e+00  5.540744e-01  0.000000e+00            0
-1.520728e+00  1.720181e+00      6.090970e+00  5.271639e-01  0.000000e+00            1
-1.493584e-02 -2.379471e+00      5.736315e+00  5.662104e-01  0.000000e+00            1
-2.931662e+00 -2.352493e+00      5.246797e+00  1.412887e+00  0.000000e+00            1
-2.214398e-01  2.333946e+00      6.024206e+00  5.496338e-01  0.000000e+00            0
 2.399326e+00 -3.927247e-01      5.698436e+00  5.910999e-01  0.000000e+00            0
 2.211573e+00 -8.113897e-01      5.806762e+00  5.549408e-01  0.000000e+00            0
-2.795122e+00 -2.589081e+00      5.249579e+00  1.451604e+00  0.000000e+00            1
-1.483010e+00  1.756336e+00      6.128451e+00  5.284035e-01  0.000000e+00            1
-2.437300e+00  3.091170e-01      5.698709e+00  6.035985e-01  0.000000e+00            1
-1.445292e+00  1.792490e+00      6.171776e+00  5.301891e-01  0.000000e+00            1
 2.472333e+00  2.921233e+00      6.038274e+00  1.464603e+00  0.000000e+00            0
-2.494342e+00  3.416967e-01      6.114183e+00  6.338501e-01  0.000000e+00            1
 2.350927e+00  2.955545e+00      6.057637e+00  1.426211e+00  0.000000e+00            0
-2.845293e+00 -2.641640e+00      5.795654e+00  1.507395e+00  0.000000e+00            1
-2.252488e+00  8.817186e-01      6.191118e+00  5.851130e-01  0.000000e+00            1
 1.281163e+00 -1.963683e+00      6.493590e+00  5.497430e-01  0.000000e+00            1
 2.593739e+00  2.886921e+00      6.144742e+00  1.506179e+00  0.000000e+00            0
-3.785968e-01  2.314891e+00      6.271590e+00  5.502055e-01  0.000000e+00            0
 4.941650e-02  2.473829e+00      6.234725e+00  6.122273e-01  0.000000e+00            0
 4.717739e-01 -2.316476e+00      6.491619e+00  5.588633e-01  0.000000e+00            1
 8.032501e-01  2.747970e+00      6.227211e+00  8.196552e-01  0.000000e+00            0
-5.357539e-01  2.295836e+00      6.514823e+00  5.557894e-01  0.000000e+00            0
-1.390256e+00  1.921222e+00      6.582811e+00  5.623905e-01  0.000000e+00            1
-6.448046e-02 -2.494248e+00      6.331305e+00  6.225429e-01  0.000000e+00            1
-1.586621e+00  1.802010e+00      6.620264e+00  5.764606e-01  0.000000e+00            1
 2.554993e+00 -3.070481e-01      6.403486e+00  6.622267e-01  0.000000e+00            0
-2.821881e+00 -4.332892e-01      6.344259e+00  8.150749e-01  0.000000e+00            1
 2.715145e+00  2.852609e+00      6.387637e+00  1.550939e+00  0.000000e+00            0
-2.895465e+00 -2.694199e+00      6.384094e+00  1.564242e+00  0.000000e+00            1
-2.551385e+00  3.742765e-01      6.557380e+00  6.649647e-01  0.000000e+00            1
 2.344585e+00 -8.699085e-01      6.644593e+00  6.253819e-01  0.000000e+00            0
-4.911069e-01  2.385490e+00      6.960536e+00  5.931749e-01  0.000000e+00            0
 1.695546e-03 -2.522177e+00      6.687123e+00  6.361378e-01  0.000000e+00            1
-2.913530e+00 -2.701838e+00      6.543865e+00  1.578858e+00  0.000000e+00            1
 6.403617e-01  2.741627e+00      6.621635e+00  7.926583e-01  0.000000e+00            0
-2.315519e+00  9.963589e-01      6.843453e+00  6.354358e-01  0.000000e+00            1
-1.335220e+00  2.049953e+00      7.062869e+00  5.985120e-01  0.000000e+00            1
 2.732436e+00  2.894037e+00      6.772393e+00  1.584166e+00  0.000000e+00            0
 1.631157e-01  2.594658e+00      6.779725e+00  6.758857e-01  0.000000e+00            0
 2.363247e+00 -9.040860e-01      6.845784e+00  6.402309e-01  0.000000e+00            0
-2.931595e+00 -2.709477e+00      6.707142e+00  1.593551e+00  0.000000e+00            1
-1.652513e+00  1.883839e+00      7.200033e+00  6.279649e-01  0.000000e+00            1
 1.444444e+00 -2.043411e+00      7.339321e+00  6.261946e-01  0.000000e+00            1
-1.140251e-01 -2.609025e+00      7.015462e+00  6.820012e-01  0.000000e+00            1
 2.381909e+00 -9.382634e-01      7.051894e+00  6.553831e-01  0.000000e+00            0
-2.265128e+00  1.177929e+00      7.118870e+00  6.518324e-01  0.000000e+00            1
 4.465347e-01 -2.462901e+00      7.369885e+00  6.265273e-01  0.000000e+00            1
 4.774734e-01  2.735284e+00      7.022254e+00  7.709760e-01  0.000000e+00            0
 2.351128e+00 -1.025881e+00      7.130864e+00  6.580236e-01  0.000000e+00            0
-4.464599e-01  2.475144e+00      7.454931e+00  6.325666e-01  0.000000e+00            0
-1.355037e+00  2.134322e+00      7.576244e+00  6.391455e-01  0.000000e+00            1
 2.749728e+00  2.935464e+00      7.175928e+00  1.617795e+00  0.000000e+00            0
 3.771441e-01  2.725385e+00      7.219820e+00  7.569964e-01  0.000000e+00            0
 2.320347e+00 -1.113498e+00      7.221778e+00  6.623891e-01  0.000000e+00            0
-2.368128e+00  1.062521e+00      7.340732e+00  6.736982e-01  0.000000e+00            1
 2.710659e+00 -2.213716e-01      7.269267e+00  7.396679e-01  0.000000e+00            0
-4.989088e-01  2.479062e+00      7.609725e+00  6.394657e-01  0.000000e+00            0
-5.513577e-01  2.482979e+00      7.765320e+00  6.469180e-01  0.000000e+00            0
-2.214738e+00  1.359499e+00      7.452819e+00  6.753305e-01  0.000000e+00            1
-2.611453e+00  5.381599e-01      7.411573e+00  7.109303e-01  0.000000e+00            1
 2.300229e+00 -1.233123e+00      7.490165e+00  6.811647e-01  0.000000e+00            0
-6.068608e-01  2.519806e+00      8.172364e+00  6.717702e-01  0.000000e+00            0
 2.768149e-01  2.715487e+00      7.416018e+00  7.450495e-01  0.000000e+00            0
-1.374854e+00  2.218691e+00      8.134095e+00  6.812812e-01  0.000000e+00            1
 2.280111e+00 -1.352748e+00      7.785242e+00  7.028832e-01  0.000000e+00            0
-2.932249e+00 -3.573679e-01      7.499410e+00  8.725798e-01  0.000000e+00            1
-4.274965e-01  2.603784e+00      8.372563e+00  6.962444e-01  0.000000e+00            0
 1.832693e-02 -2.664883e+00      7.802237e+00  7.101936e-01  0.000000e+00            1
-2.164348e+00  1.541070e+00      7.862837e+00  7.059299e-01  0.000000e+00            1
-7.262138e-02 -2.694342e+00      7.799761e+00  7.264754e-01  0.000000e+00            1
-1.635697e-01 -2.723802e+00      7.798073e+00  7.445851e-01  0.000000e+00            1
-6.623639e-01  2.556633e+00      8.594848e+00  6.975097e-01  0.000000e+00            0
-2.420738e+00  1.128682e+00      7.869856e+00  7.133897e-01  0.000000e+00            1
 4.212954e-01 -2.609325e+00      8.401228e+00  6.986067e-01  0.000000e+00            1
-1.740882e+00  2.010862e+00      8.155501e+00  7.074235e-01  0.000000e+00            1
 2.420245e+00 -1.160120e+00      7.968875e+00  7.203465e-01  0.000000e+00            0
 1.607724e+00 -2.123139e+00      8.305778e+00  7.092497e-01  0.000000e+00            1
-2.550228e-01 -2.771531e+00      7.955621e+00  7.746421e-01  0.000000e+00            1
 3.792188e-01 -2.634074e+00      8.494480e+00  7.082155e-01  0.000000e+00            1
-3.464758e-01 -2.819260e+00      8.124888e+00  8.068274e-01  0.000000e+00            1
 3.371422e-01 -2.658824e+00      8.590824e+00  7.183009e-01  0.000000e+00            1
-2.250811e+00  1.495035e+00      8.148109e+00  7.301281e-01  0.000000e+00            1
 2.866326e+00 -1.356951e-01      8.319214e+00  8.234236e-01  0.000000e+00            0
-2.337274e+00  1.449001e+00      8.475493e+00  7.562453e-01  0.000000e+00            1
-1.321235e+00  2.334554e+00      8.730084e+00  7.195806e-01  0.000000e+00            1
-2.671521e+00  7.020433e-01      8.329113e+00  7.629891e-01  0.000000e+00            1
 2.884708e-01  2.824958e+00      8.344147e+00  8.063601e-01  0.000000e+00            0
 6.371667e-04 -2.753961e+00      8.512343e+00  7.584299e-01  0.000000e+00            1
-2.408549e+00  1.383974e+00      8.676953e+00  7.716493e-01  0.000000e+00            1
-2.674645e+00  7.643789e-01      8.539211e+00  7.737999e-01  0.000000e+00            1
-1.267616e+00  2.450418e+00      9.409616e+00  7.611399e-01  0.000000e+00            1
-2.677768e+00  8.267145e-01      8.753285e+00  7.853898e-01  0.000000e+00            1
-4.085330e-01  2.732424e+00      9.423317e+00  7.633038e-01  0.000000e+00            0
 2.520143e+00 -1.206742e+00      8.797403e+00  7.807345e-01  0.000000e+00            0
-2.737723e+00  6.509834e-01      8.710733e+00  7.918909e-01  0.000000e+00            1
-2.479824e+00  1.318947e+00      8.914064e+00  7.889150e-01  0.000000e+00            1
-2.803925e+00  5.999234e-01      9.125986e+00  8.221906e-01  0.000000e+00            1
 2.565613e+00 -1.224538e+00      9.191012e+00  8.081864e-01  0.000000e+00            0
-1.963330e+00  2.031314e+00      9.203725e+00  7.980902e-01  0.000000e+00            1
-1.829250e+00  2.137885e+00      9.241838e+00  7.916709e-01  0.000000e+00            1
 1.771004e+00 -2.202868e+00      9.411438e+00  7.989082e-01  0.000000e+00            1
-1.705260e-02 -2.843038e+00      9.293050e+00  8.083158e-01  0.000000e+00            1
-2.097410e+00  1.924743e+00      9.275192e+00  8.103765e-01  0.000000e+00            1
 3.001266e-01  2.934428e+00      9.386899e+00  8.700946e-01  0.000000e+00            0
 2.611083e+00 -1.242335e+00      9.602791e+00  8.361152e-01  0.000000e+00            0
 3.554599e-01 -2.811960e+00      1.003147e+01  8.033472e-01  0.000000e+00            1
-1.213998e+00  2.566281e+00      1.018114e+01  8.059591e-01  0.000000e+00            1
-2.565310e+00  1.349934e+00      9.649947e+00  8.403136e-01  0.000000e+00            1
-1.841160e+00  2.242424e+00      9.970186e+00  8.418333e-01  0.000000e+00            1
-3.895696e-01  2.861063e+00      1.062082e+01  8.337447e-01  0.000000e+00            0
 1.732803e+00 -2.347677e+00      1.025828e+01  8.514192e-01  0.000000e+00            1
-1.184729e+00  2.633694e+00      1.068178e+01  8.339925e-01  0.000000e+00            1
 2.727399e+00 -1.117784e+00      1.011926e+01  8.688147e-01  0.000000e+00            0
-1.390141e+00  2.580193e+00      1.086486e+01  8.589886e-01  0.000000e+00            1
 2.651189e+00 -1.310493e+00      1.017858e+01  8.746197e-01  0.000000e+00            0
-1.155461e+00  2.701106e+00      1.121848e+01  8.631062e-01  0.000000e+00            1
-2.650795e+00  1.380921e+00      1.044968e+01  8.933658e-01  0.000000e+00            1
 3.737776e-01 -2.965097e+00      1.170502e+01  8.931509e-01  0.000000e+00            1
-1.853069e+00  2.346962e+00      1.076972e+01  8.942097e-01  0.000000e+00            1
-2.628412e+00  1.443016e+00      1.051661e+01  8.990842e-01  0.000000e+00            1
-2.193797e+00  2.051208e+00      1.052592e+01  9.020200e-01  0.000000e+00            1
-2.606028e+00  1.505111e+00      1.059523e+01  9.056740e-01  0.000000e+00            1
 2.843715e+00 -9.932331e-01      1.075127e+01  9.073225e-01  0.000000e+00            0
 2.691295e+00 -1.378652e+00      1.078358e+01  9.143750e-01  0.000000e+00            0
 1.694602e+00 -2.492486e+00      1.124200e+01  9.084160e-01  0.000000e+00            1
 1.799517e+00 -2.479224e+00      1.157888e+01  9.384812e-01  0.000000e+00            1
-1.566284e+00  2.594104e+00      1.162101e+01  9.182621e-01  0.000000e+00            1
 2.712227e+00 -1.451035e+00      1.126511e+01  9.461675e-01  0.000000e+00            0
 2.960030e+00 -8.686823e-01      1.150443e+01  9.516388e-01  0.000000e+00            0
 1.904432e+00 -2.465962e+00      1.195490e+01  9.707829e-01  0.000000e+00            1
 2.733158e+00 -1.523418e+00      1.176774e+01  9.790955e-01  0.000000e+00            0
 2.715362e+00 -1.566444e+00      1.180000e+01  9.826939e-01  0.000000e+00            0
 2.697567e+00 -1.609470e+00      1.183930e+01  9.867259e-01  0.000000e+00            0
-2.290183e+00  2.177674e+00      1.193685e+01  9.987202e-01  0.000000e+00            1
-2.738975e+00  1.607860e+00      1.220852e+01  1.008720e+00  0.000000e+00            1
-2.420491e+00  2.064122e+00      1.208416e+01  1.011937e+00  0.000000e+00            1
 1.960611e+00 -2.506796e+00      1.258539e+01  1.012802e+00  0.000000e+00            1
-2.550799e+00  1.950569e+00      1.238646e+01  1.031129e+00  0.000000e+00            1
 2.057100e+00 -2.428496e+00      1.243110e+01  1.012925e+00  0.000000e+00            1
 2.719414e+00 -1.777271e+00      1.287613e+01  1.055390e+00  0.000000e+00            0
 2.209768e+00 -2.391029e+00      1.301989e+01  1.060009e+00  0.000000e+00            1
 2.016791e+00 -2.547631e+00      1.324730e+01  1.055787e+00  0.000000e+00            1
 2.113279e+00 -2.469330e+00      1.309408e+01  1.056354e+00  0.000000e+00            1
-2.308307e+00  2.392568e+00      1.367830e+01  1.105266e+00  0.000000e+00            1
 2.118823e+00 -2.582772e+00      1.415589e+01  1.116012e+00  0.000000e+00            1
-2.871922e+00  1.710608e+00      1.403965e+01  1.117412e+00  0.000000e+00            1
 2.291302e+00 -2.447005e+00      1.402234e+01  1.123790e+00  0.000000e+00            1
 2.741261e+00 -1.945072e+00      1.403696e+01  1.129782e+00  0.000000e+00            0
-2.683776e+00  2.054099e+00      1.418250e+01  1.142198e+00  0.000000e+00            1
 2.220856e+00 -2.617914e+00      1.513580e+01  1.178567e+00  0.000000e+00            1
 2.296846e+00 -2.560448e+00      1.509006e+01  1.183139e+00  0.000000e+00            1
 2.372836e+00 -2.502982e+00      1.509762e+01  1.189527e+00  0.000000e+00            1
 2.818522e+00 -2.051182e+00      1.548862e+01  1.215141e+00  0.000000e+00            0
-2.326430e+00  2.607461e+00      1.575645e+01  1.221113e+00  0.000000e+00            1
-2.816753e+00  2.157629e+00      1.621187e+01  1.258946e+00  0.000000e+00            1
 2.451815e+00 -2.600165e+00      1.663467e+01  1.277225e+00  0.000000e+00            1
-2.806349e+00  2.240476e+00      1.672425e+01  1.289533e+00  0.000000e+00            1
 2.895783e+00 -2.157291e+00      1.707152e+01  1.303946e+00  0.000000e+00            0
-2.795945e+00  2.323323e+00      1.727863e+01  1.321514e+00  0.000000e+00            1
-2.344554e+00  2.822354e+00      1.823088e+01  1.346262e+00  0.000000e+00            1
 2.530794e+00 -2.697347e+00      1.830936e+01  1.368060e+00  0.000000e+00            1
-2.329813e+00  2.858229e+00      1.855366e+01  1.359750e+00  0.000000e+00            1
-2.315072e+00  2.894104e+00      1.888964e+01  1.373540e+00  0.000000e+00            1
-2.453252e+00  2.885469e+00      1.986381e+01  1.434438e+00  0.000000e+00            1
 2.609773e+00 -2.794530e+00      2.013046e+01  1.462031e+00  0.000000e+00            1
 2.613656e+00 -2.835317e+00      2.066043e+01  1.487022e+00  0.000000e+00            1
 2.617539e+00 -2.876103e+00      2.120722e+01  1.512348e+00  0.000000e+00            1
-2.561950e+00  2.948584e+00      2.163406e+01  1.525773e+00  0.000000e+00            1
-2.707412e+00  2.842525e+00      2.167244e+01  1.541003e+00  0.000000e+00            1
-2.852874e+00  2.736466e+00      2.197327e+01  1.562714e+00  0.000000e+00            1
