 2.441465e+00  2.203935e+00      1.880907e+00  1.571821e+00  4.862929e-01  0.000000e+00            0
-2.279289e+00 -2.689943e+00      9.977206e-01  1.339497e+00  2.162660e+00  0.000000e+00            3
-3.724135e+00 -3.541986e+00      1.703553e+00  1.783934e+00  5.346757e-01  0.000000e+00            3
-3.767402e+00 -3.542498e+00      1.722849e+00  1.825656e+00  5.132343e-01  0.000000e+00            3
-3.772074e+00 -3.566891e+00      1.746782e+00  1.824234e+00  4.894218e-01  0.000000e+00            3
-3.175365e+00 -3.001782e+00      1.017016e+00  1.542051e+00  1.294782e+00  0.000000e+00            3
-3.263323e+00 -3.454281e+00      1.477928e+00  1.376152e+00  9.167893e-01  0.000000e+00            3
-3.304841e+00 -3.457495e+00      1.489033e+00  1.413125e+00  8.817921e-01  0.000000e+00            3
-3.307532e+00 -3.481649e+00      1.513228e+00  1.406531e+00  8.649851e-01  0.000000e+00            3
-3.211402e+00 -3.050317e+00      1.071381e+00  1.539283e+00  1.234417e+00  0.000000e+00            3
-2.132568e+00 -4.158171e+00      2.325971e+00  2.063788e-01  1.874119e+00  0.000000e+00            3
-3.422693e+00 -3.025318e+00      1.109030e+00  1.724547e+00  1.132823e+00  0.000000e+00            3
-3.536156e+00 -2.416429e+00      6.788787e-01  2.206235e+00  1.650106e+00  0.000000e+00            3
-3.233477e+00 -2.973727e+00      1.001327e+00  1.604588e+00  1.280935e+00  0.000000e+00            3
-3.764562e+00 -3.760430e+00      1.919288e+00  1.780751e+00  3.358941e-01  0.000000e+00            3
-3.716446e+00 -3.812666e+00      1.949116e+00  1.726639e+00  3.398479e-01  0.000000e+00            3
-3.701150e+00 -3.787805e+00      1.920380e+00  1.714333e+00  3.665214e-01  0.000000e+00            3
-3.189182e+00 -3.596914e+00      1.608081e+00  1.255641e+00  9.054854e-01  0.000000e+00            3
-3.206688e+00 -3.594447e+00      1.607788e+00  1.273015e+00  8.909645e-01  0.000000e+00            3
 3.703387e+00  2.343396e+00      1.799748e+00  4.537618e-01  1.737656e+00  0.000000e+00            0
-3.177950e+00 -3.623076e+00      1.632802e+00  1.236786e+00  9.043434e-01  0.000000e+00            3
 3.782514e+00  2.849438e+00      1.391446e+00  8.768382e-01  1.974564e+00  0.000000e+00            0
 3.467477e+00  2.482707e+00      1.587676e+00  7.187397e-01  1.544828e+00  0.000000e+00            0
 2.379232e+00  2.837527e+00      1.317838e+00  1.824374e+00  9.193843e-01  0.000000e+00            0
 2.726086e+00  3.654979e+00      4.405317e-01  2.088495e+00  1.807251e+00  0.000000e+00            0
 2.906100e+00  2.984918e+00      1.019416e+00  1.471965e+00  1.338313e+00  0.000000e+00            0
-2.179037e+00 -3.466221e+00      1.680412e+00  5.630047e-01  1.897584e+00  0.000000e+00            3
 2.046424e+00  1.970390e+00      2.242460e+00  1.953800e+00  5.506320e-02  0.000000e+00            0
-2.948357e+00 -3.768288e+00      1.769042e+00  9.762538e-01  1.076867e+00  0.000000e+00            3
 3.206405e+00  2.118118e+00      1.893168e+00  8.023375e-01  1.212173e+00  0.000000e+00            0
 3.395527e+00  3.562543e+00      5.897540e-01  1.675389e+00  2.095002e+00  0.000000e+00            0
 3.894462e+00  2.437993e+00      1.799980e+00  4.505283e-01  1.944434e+00  0.000000e+00            0
-2.679468e+00 -3.098872e+00      1.144666e+00  1.128587e+00  1.598699e+00  0.000000e+00            3
-2.339371e+00 -4.213550e+00      2.310029e+00  4.009696e-01  1.674303e+00  0.000000e+00            3
-2.574955e+00 -3.611771e+00      1.666874e+00  6.937545e-01  1.476981e+00  0.000000e+00            3
-3.382892e+00 -3.803065e+00      1.843271e+00  1.396845e+00  6.477695e-01  0.000000e+00            3
 2.789366e+00  2.525629e+00      1.489341e+00  1.319818e+00  9.483593e-01  0.000000e+00            0
-2.722208e+00 -2.616374e+00      6.760810e-01  1.560771e+00  1.883394e+00  0.000000e+00            3
-3.766236e+00 -3.236505e+00      1.454669e+00  1.924192e+00  7.984802e-01  0.000000e+00            3
 2.523719e+00  3.257271e+00      8.823210e-01  1.939107e+00  1.361988e+00  0.000000e+00            0
-3.441644e+00 -2.631790e+00      7.708491e-01  1.987545e+00  1.477755e+00  0.000000e+00            3
 2.688741e+00  1.808319e+00      2.213673e+00  1.325195e+00  7.149161e-01  0.000000e+00            0
 3.416269e+00  2.931724e+00      1.146513e+00  1.099478e+00  1.695267e+00  0.000000e+00            0
-2.207493e+00 -3.073034e+00      1.333967e+00  9.499048e-01  2.018005e+00  0.000000e+00            3
-2.858750e+00 -4.216059e+00      2.220556e+00  8.855134e-01  1.161522e+00  0.000000e+00            3
-3.066065e+00 -3.243427e+00      1.245181e+00  1.307248e+00  1.201931e+00  0.000000e+00            3
-3.736979e+00 -3.545375e+00      1.712111e+00  1.795489e+00  5.252273e-01  0.000000e+00            3
 3.692784e+00  1.811921e+00      2.295134e+00  3.602159e-01  1.703200e+00  0.000000e+00            0
-1.932036e+00 -3.903902e+00      2.182978e+00  1.177024e-01  2.070196e+00  0.000000e+00            3
-3.051378e+00 -2.039992e+00      6.510801e-02  2.224191e+00  2.177502e+00  0.000000e+00            3
 3.006495e+00  4.017522e+00      1.868725e-02  2.248877e+00  2.254646e+00  0.000000e+00            0
-2.932055e+00 -2.892470e+00      8.950530e-01  1.447532e+00  1.538547e+00  0.000000e+00            3
-2.873994e+00 -2.845817e+00      8.551510e-01  1.447758e+00  1.612461e+00  0.000000e+00            3
-2.875051e+00 -2.885931e+00      8.946985e-01  1.416639e+00  1.583244e+00  0.000000e+00            3
-2.927762e+00 -2.865199e+00      8.682096e-01  1.465782e+00  1.561239e+00  0.000000e+00            3
-3.777983e+00 -2.917032e+00      1.202583e+00  2.081837e+00  1.105492e+00  0.000000e+00            3
-4.016761e+00 -3.977037e+00      2.223169e+00  2.016892e+00  2.842936e-02  0.000000e+00            3
-3.618512e+00 -4.296411e+00      2.378247e+00  1.645430e+00  4.831068e-01  0.000000e+00            3
-4.024698e+00 -3.360598e+00      1.703300e+00  2.123261e+00  6.398791e-01  0.000000e+00            3
-3.086605e+00 -4.269652e+00      2.271304e+00  1.119564e+00  9.523668e-01  0.000000e+00            3
-2.000131e+00 -4.108768e+00      2.333803e+00  1.087678e-01  2.002824e+00  0.000000e+00            3
-2.984230e+00 -2.501429e+00      5.016774e-01  1.792881e+00  1.810387e+00  0.000000e+00            3
-2.970425e+00 -2.526066e+00      5.268972e-01  1.764711e+00  1.797917e+00  0.000000e+00            3
-3.266018e+00 -2.919926e+00      9.576160e-01  1.664140e+00  1.305868e+00  0.000000e+00            3
-2.937884e+00 -2.532927e+00      5.365347e-01  1.741244e+00  1.811185e+00  0.000000e+00            3
-2.948163e+00 -2.518365e+00      5.209509e-01  1.759049e+00  1.817031e+00  0.000000e+00            3
 3.995367e+00  2.778793e+00      1.575469e+00  7.788068e-01  2.141963e+00  0.000000e+00            0
-2.183844e+00 -3.050940e+00      1.330633e+00  9.667026e-01  2.049180e+00  0.000000e+00            3
-2.246520e+00 -3.058748e+00      1.299492e+00  9.729991e-01  1.990137e+00  0.000000e+00            3
-3.298680e+00 -3.478150e+00      1.508024e+00  1.399607e+00  8.741722e-01  0.000000e+00            3
 3.738608e+00  2.398648e+00      1.763482e+00  4.767033e-01  1.783726e+00  0.000000e+00            0
 3.704566e+00  2.315345e+00      1.826054e+00  4.321158e-01  1.733490e+00  0.000000e+00            0
 3.663381e+00  2.322969e+00      1.803471e+00  4.664988e-01  1.694445e+00  0.000000e+00            0
-2.009233e+00 -3.816461e+00      2.069094e+00  1.837708e-01  1.999210e+00  0.000000e+00            3
-2.893501e+00 -2.877785e+00      8.842219e-01  1.434472e+00  1.575978e+00  0.000000e+00            3
-3.199950e+00 -3.595878e+00      1.608355e+00  1.266174e+00  8.963225e-01  0.000000e+00            3
-3.716747e+00 -3.791384e+00      1.929452e+00  1.729376e+00  3.517849e-01  0.000000e+00            3
-2.027128e+00 -3.877988e+00      2.115023e+00  1.249912e-01  1.976642e+00  0.000000e+00            3
-1.961526e+00 -3.886704e+00      2.153620e+00  1.196508e-01  2.041620e+00  0.000000e+00            3
 3.390925e+00  4.128769e+00      4.115868e-01  2.214188e+00  2.542898e+00  0.000000e+00            0
-2.158028e+00 -3.046880e+00      1.343457e+00  9.661314e-01  2.073957e+00  0.000000e+00            3
-3.082503e+00 -4.450750e+00      2.452139e+00  1.172599e+00  1.022241e+00  0.000000e+00            3
 2.700902e+00  1.690236e+00      2.329049e+00  1.335518e+00  7.663011e-01  0.000000e+00            0
-2.160194e+00 -3.028845e+00      1.328080e+00  9.842782e-01  2.080391e+00  0.000000e+00            3
 3.654405e+00  1.593868e+00      2.493535e+00  5.332716e-01  1.703526e+00  0.000000e+00            0
-3.661894e+00 -4.472308e+00      2.559377e+00  1.727706e+00  5.808531e-01  0.000000e+00            3
 2.350191e+00  3.516261e+00      8.100956e-01  2.240741e+00  1.556176e+00  0.000000e+00            0
 4.117236e+00  1.975067e+00      2.312698e+00  1.198578e-01  2.117383e+00  0.000000e+00            0
-2.024709e+00 -2.754181e+00      1.232875e+00  1.246064e+00  2.335346e+00  0.000000e+00            3
-2.092451e+00 -2.891513e+00      1.272179e+00  1.112336e+00  2.206238e+00  0.000000e+00            3
-2.118128e+00 -2.653396e+00      1.097554e+00  1.351775e+00  2.314041e+00  0.000000e+00            3
 2.676891e+00  1.696844e+00      2.325710e+00  1.357395e+00  7.416772e-01  0.000000e+00            0
 2.041441e+00  2.519464e+00      1.763753e+00  2.026277e+00  5.211141e-01  0.000000e+00            0
 1.879882e+00  1.845749e+00      2.428058e+00  2.125722e+00  1.955041e-01  0.000000e+00            0
 4.029994e+00  2.754443e+00      1.616261e+00  7.550391e-01  2.165655e+00  0.000000e+00            0
 4.125501e+00  2.851996e+00      1.607690e+00  8.611897e-01  2.289902e+00  0.000000e+00            0
 2.749924e+00  4.115309e+00      2.753802e-01  2.457076e+00  2.244307e+00  0.000000e+00            0
-1.994156e+00 -3.873130e+00      2.126109e+00  1.270049e-01  2.009853e+00  0.000000e+00            3
-3.005185e+00 -4.493252e+00      2.493257e+00  1.119685e+00  1.110385e+00  0.000000e+00            3
-1.991016e+00 -3.869505e+00      2.124406e+00  1.308038e-01  2.013218e+00  0.000000e+00            3
-4.192709e+00 -3.965209e+00      2.298826e+00  2.192985e+00  1.958240e-01  0.000000e+00            3
-2.068453e+00 -4.242523e+00      2.428310e+00  2.519983e-01  1.946713e+00  0.000000e+00            3
-3.899703e+00 -2.831288e+00      1.224951e+00  2.230417e+00  1.173008e+00  0.000000e+00            3
-3.624677e+00 -2.347047e+00      7.146072e-01  2.317720e+00  1.695028e+00  0.000000e+00            3
-2.932623e+00 -1.861890e+00      1.536687e-01  2.332660e+00  2.389730e+00  0.000000e+00            3
-2.931967e+00 -4.354656e+00      2.355638e+00  9.971680e-01  1.125377e+00  0.000000e+00            3
 3.519097e+00  4.305826e+00      6.024874e-01  2.355440e+00  2.761247e+00  0.000000e+00            0
 2.713064e+00  1.572154e+00      2.444743e+00  1.356192e+00  8.315724e-01  0.000000e+00            0
 3.616027e+00  1.375816e+00      2.695520e+00  7.328310e-01  1.732382e+00  0.000000e+00            0
-2.946318e+00 -1.686718e+00      3.178481e-01  2.499358e+00  2.541952e+00  0.000000e+00            3
-1.990571e+00 -4.273111e+00      2.487163e+00  2.732739e-01  2.027904e+00  0.000000e+00            3
 4.250094e+00  1.967424e+00      2.386232e+00  2.522071e-01  2.250330e+00  0.000000e+00            0
-3.078402e+00 -4.631848e+00      2.633016e+00  1.249873e+00  1.117397e+00  0.000000e+00            3
 2.665042e+00  1.585370e+00      2.437752e+00  1.397867e+00  7.837085e-01  0.000000e+00            0
 4.286327e+00  2.874730e+00      1.709055e+00  9.203995e-01  2.447947e+00  0.000000e+00            0
-3.799648e+00 -2.265643e+00      8.426170e-01  2.499346e+00  1.745891e+00  0.000000e+00            3
-4.359447e+00 -3.996615e+00      2.415485e+00  2.359450e+00  3.594632e-01  0.000000e+00            3
-3.996190e+00 -3.472307e+00      1.777662e+00  2.064760e+00  5.277071e-01  0.000000e+00            3
-1.949825e+00 -1.646070e+00      1.108212e+00  2.354464e+00  3.121571e+00  0.000000e+00            3
 2.154819e+00  3.600834e+00      9.347001e-01  2.442818e+00  1.608303e+00  0.000000e+00            0
 1.713340e+00  1.721107e+00      2.617030e+00  2.303605e+00  3.999439e-01  0.000000e+00            0
-3.705276e+00 -4.648205e+00      2.740512e+00  1.824318e+00  7.120620e-01  0.000000e+00            3
-1.976804e+00 -4.219347e+00      2.443856e+00  2.205704e-01  2.035051e+00  0.000000e+00            3
-4.119762e+00 -2.744006e+00      1.344401e+00  2.463922e+00  1.261690e+00  0.000000e+00            3
-1.956967e+00 -2.616849e+00      1.211784e+00  1.383820e+00  2.467203e+00  0.000000e+00            3
 2.669135e+00  4.289499e+00      4.396376e-01  2.648208e+00  2.385277e+00  0.000000e+00            0
-2.004338e+00 -4.326875e+00      2.530946e+00  3.269038e-01  2.022255e+00  0.000000e+00            3
-4.339822e+00 -2.656725e+00      1.492116e+00  2.697991e+00  1.385592e+00  0.000000e+00            3
 2.588346e+00  4.463689e+00      6.200536e-01  2.839460e+00  2.532966e+00  0.000000e+00            0
-1.950391e+00 -4.473197e+00      2.686705e+00  4.757905e-01  2.103524e+00  0.000000e+00            3
-2.317214e+00 -1.598632e+00      7.920179e-01  2.422229e+00  2.932292e+00  0.000000e+00            3
 2.653192e+00  1.473895e+00      2.549801e+00  1.445917e+00  8.387175e-01  0.000000e+00            0
-2.531480e+00 -1.569604e+00      6.362010e-01  2.487830e+00  2.839609e+00  0.000000e+00            3
 2.725226e+00  1.454071e+00      2.560714e+00  1.386755e+00  9.077394e-01  0.000000e+00            0
-4.526186e+00 -4.028022e+00      2.538132e+00  2.526341e+00  5.269314e-01  0.000000e+00            3
-2.960013e+00 -1.511546e+00      4.900880e-01  2.667213e+00  2.697031e+00  0.000000e+00            3
-2.745747e+00 -1.540575e+00      5.250869e-01  2.570002e+00  2.760783e+00  0.000000e+00            3
 1.959448e+00  3.685406e+00      1.087069e+00  2.646591e+00  1.685894e+00  0.000000e+00            0
-1.796701e+00 -1.664479e+00      1.249201e+00  2.344352e+00  3.210792e+00  0.000000e+00            3
 2.689209e+00  1.463983e+00      2.554990e+00  1.416152e+00  8.731114e-01  0.000000e+00            0
 4.447152e+00  2.897464e+00      1.819296e+00  1.002690e+00  2.606529e+00  0.000000e+00            0
-3.974619e+00 -2.184238e+00      9.918804e-01  2.682557e+00  1.815940e+00  0.000000e+00            3
 1.856816e+00  2.520986e+00      1.869318e+00  2.205598e+00  5.403036e-01  0.000000e+00            0
 3.190624e+00  1.014624e+00      2.991456e+00  1.275169e+00  1.545494e+00  0.000000e+00            0
 3.035491e+00  1.161106e+00      2.839116e+00  1.278288e+00  1.332661e+00  0.000000e+00            0
 2.880359e+00  1.307589e+00      2.695068e+00  1.316446e+00  1.120029e+00  0.000000e+00            0
-1.850525e+00 -4.230551e+00      2.509313e+00  2.747664e-01  2.161804e+00  0.000000e+00            3
 3.577648e+00  1.157764e+00      2.900342e+00  9.422013e-01  1.788389e+00  0.000000e+00            0
-2.102948e+00 -1.627661e+00      9.712561e-01  2.374572e+00  3.037564e+00  0.000000e+00            3
 4.382953e+00  1.959781e+00      2.464762e+00  3.850592e-01  2.383292e+00  0.000000e+00            0
-1.761774e+00 -2.557005e+00      1.357740e+00  1.462527e+00  2.663060e+00  0.000000e+00            3
-4.108021e+00 -3.403967e+00      1.788528e+00  2.190664e+00  6.057428e-01  0.000000e+00            3
-1.724247e+00 -4.241755e+00      2.579344e+00  3.667228e-01  2.288558e+00  0.000000e+00            3
 2.554225e+00  1.276446e+00      2.759794e+00  1.616724e+00  9.114253e-01  0.000000e+00            0
 1.672192e+00  2.522508e+00      1.986468e+00  2.385729e+00  6.168249e-01  0.000000e+00            0
 3.539269e+00  9.397113e-01      3.107439e+00  1.156064e+00  1.869107e+00  0.000000e+00            0
-3.193249e+00 -4.754566e+00      2.761336e+00  1.411812e+00  1.104634e+00  0.000000e+00            3
-1.511062e+00 -1.809837e+00      1.501032e+00  2.244075e+00  3.315362e+00  0.000000e+00            3
 1.546798e+00  1.596466e+00      2.808696e+00  2.486170e+00  6.068210e-01  0.000000e+00            0
-1.643577e+00 -1.682889e+00      1.392998e+00  2.344364e+00  3.304805e+00  0.000000e+00            3
 2.507558e+00  4.637880e+00      8.058472e-01  3.030807e+00  2.686266e+00  0.000000e+00            0
 3.345757e+00  8.681414e-01      3.150887e+00  1.307340e+00  1.758456e+00  0.000000e+00            0
-4.149591e+00 -2.102833e+00      1.154181e+00  2.867051e+00  1.903055e+00  0.000000e+00            3
 4.607978e+00  2.920198e+00      1.936896e+00  1.102906e+00  2.765558e+00  0.000000e+00            0
-2.251055e+00 -1.508566e+00      8.957824e-01  2.504051e+00  3.044019e+00  0.000000e+00            3
 1.764076e+00  3.769978e+00      1.257147e+00  2.851697e+00  1.785632e+00  0.000000e+00            0
-1.896444e+00 -4.619519e+00      2.842484e+00  6.281147e-01  2.192887e+00  0.000000e+00            3
-2.871800e+00 -1.391458e+00      6.218990e-01  2.750368e+00  2.842064e+00  0.000000e+00            3
-4.533038e+00 -4.137007e+00      2.630020e+00  2.536740e+00  5.503639e-01  0.000000e+00            3
-3.748658e+00 -4.824103e+00      2.921651e+00  1.933119e+00  8.615787e-01  0.000000e+00            3
 3.647269e+00  4.482882e+00      8.075473e-01  2.507812e+00  2.979631e+00  0.000000e+00            0
-4.559881e+00 -2.569444e+00      1.660571e+00  2.932487e+00  1.536215e+00  0.000000e+00            3
-1.566581e+00 -2.497162e+00      1.517188e+00  1.564089e+00  2.860079e+00  0.000000e+00            3
 4.513301e+00  1.993556e+00      2.513145e+00  5.133416e-01  2.513309e+00  0.000000e+00            0
 1.324675e+00  2.973161e+00      1.964971e+00  2.846824e+00  1.184528e+00  0.000000e+00            0
 1.243229e+00  3.197727e+00      1.931291e+00  3.005717e+00  1.416775e+00  0.000000e+00            0
 4.705983e+00  3.121349e+00      1.918960e+00  1.325080e+00  2.929124e+00  0.000000e+00            0
 4.803989e+00  3.322501e+00      1.927014e+00  1.547710e+00  3.100220e+00  0.000000e+00            0
-2.399161e+00 -1.389472e+00      8.565933e-01  2.640869e+00  3.062277e+00  0.000000e+00            3
 1.406121e+00  2.748596e+00      2.026440e+00  2.699741e+00  9.555562e-01  0.000000e+00            0
 4.643649e+00  2.027332e+00      2.567684e+00  6.442293e-01  2.643791e+00  0.000000e+00            0
-3.308097e+00 -4.877283e+00      2.893731e+00  1.575038e+00  1.117298e+00  0.000000e+00            3
 1.161783e+00  3.422292e+00      1.926860e+00  3.174648e+00  1.650916e+00  0.000000e+00            0
-1.371388e+00 -2.437318e+00      1.686305e+00  1.684377e+00  3.058034e+00  0.000000e+00            3
 4.437845e+00  4.578092e+00      1.549706e+00  2.615008e+00  3.548189e+00  0.000000e+00            0
-4.574795e+00 -2.248857e+00      1.594337e+00  3.113852e+00  1.843066e+00  0.000000e+00            3
-4.362193e+00 -2.175845e+00      1.373496e+00  2.984543e+00  1.859765e+00  0.000000e+00            3
-4.779941e+00 -2.482163e+00      1.844090e+00  3.167318e+00  1.706499e+00  0.000000e+00            3
-1.378547e+00 -1.936786e+00      1.622684e+00  2.154775e+00  3.335996e+00  0.000000e+00            3
-2.783587e+00 -1.271370e+00      7.600893e-01  2.838913e+00  2.987487e+00  0.000000e+00            3
-4.539890e+00 -4.245992e+00      2.723186e+00  2.551775e+00  5.932905e-01  0.000000e+00            3
-3.949796e+00 -5.000000e+00      3.146762e+00  2.191279e+00  1.001259e+00  0.000000e+00            3
-4.206536e+00 -1.892859e+00      1.211284e+00  3.051040e+00  2.117239e+00  0.000000e+00            3
 2.455258e+00  1.078997e+00      2.971364e+00  1.798465e+00  1.027378e+00  0.000000e+00            0
-1.842497e+00 -4.765842e+00      2.998282e+00  7.818698e-01  2.289396e+00  0.000000e+00            3
-3.792040e+00 -5.000000e+00      3.102794e+00  2.052172e+00  1.021395e+00  0.000000e+00            3
 2.461562e+00  4.758586e+00      9.302518e-01  3.158574e+00  2.796934e+00  0.000000e+00            0
-1.560938e+00 -4.252981e+00      2.673354e+00  5.067297e-01  2.452147e+00  0.000000e+00            3
 3.500890e+00  7.216590e-01      3.316385e+00  1.372321e+00  1.971504e+00  0.000000e+00            0
 1.487568e+00  2.524031e+00      2.113276e+00  2.566500e+00  7.329358e-01  0.000000e+00            0
 4.901994e+00  3.523652e+00      1.960737e+00  1.770624e+00  3.277665e+00  0.000000e+00            0
 4.849332e+00  2.135484e+00      2.626109e+00  8.600698e-01  2.852551e+00  0.000000e+00            0
-4.107551e+00 -5.000000e+00      3.197916e+00  2.332761e+00  1.005767e+00  0.000000e+00            3
 4.773997e+00  2.061107e+00      2.627998e+00  7.764058e-01  2.774670e+00  0.000000e+00            0
-3.422945e+00 -5.000000e+00      3.029667e+00  1.739187e+00  1.154553e+00  0.000000e+00            3
-1.176195e+00 -2.377475e+00      1.862458e+00  1.819682e+00  3.256756e+00  0.000000e+00            3
 3.572987e+00  5.194314e-01      3.527417e+00  1.540916e+00  2.160179e+00  0.000000e+00            0
 4.615922e+00  4.491791e+00      1.689101e+00  2.566784e+00  3.612764e+00  0.000000e+00            0
-4.787398e+00 -2.321869e+00      1.816147e+00  3.253569e+00  1.853677e+00  0.000000e+00            3
 1.568705e+00  3.854550e+00      1.438667e+00  3.057867e+00  1.904041e+00  0.000000e+00            0
 3.775442e+00  4.659939e+00      1.018248e+00  2.669401e+00  3.198041e+00  0.000000e+00            0
-1.246032e+00 -2.063734e+00      1.755125e+00  2.077882e+00  3.366521e+00  0.000000e+00            3
 1.380256e+00  1.471825e+00      3.002539e+00  2.672457e+00  8.142798e-01  0.000000e+00            0
-3.545977e+00 -5.000000e+00      3.049277e+00  1.841207e+00  1.098243e+00  0.000000e+00            3
-3.669008e+00 -5.000000e+00      3.073690e+00  1.945659e+00  1.053354e+00  0.000000e+00            3
-4.263481e+00 -1.682885e+00      1.302669e+00  3.239193e+00  2.332047e+00  0.000000e+00            3
 2.415567e+00  4.879293e+00      1.055802e+00  3.286451e+00  2.909128e+00  0.000000e+00            0
-1.788550e+00 -4.912164e+00      3.154094e+00  9.363512e-01  2.392186e+00  0.000000e+00            3
-2.547267e+00 -1.270377e+00      8.586712e-01  2.783944e+00  3.092131e+00  0.000000e+00            3
-1.397629e+00 -4.264206e+00      2.773846e+00  6.577660e-01  2.615749e+00  0.000000e+00            3
 3.670414e+00  5.910814e-01      3.474217e+00  1.446955e+00  2.185254e+00  0.000000e+00            0
-4.693260e+00 -4.215277e+00      2.788294e+00  2.701850e+00  7.259159e-01  0.000000e+00            3
 5.000000e+00  3.724804e+00      2.018844e+00  1.993727e+00  3.460484e+00  0.000000e+00            0
-4.265307e+00 -5.000000e+00      3.255918e+00  2.476210e+00  1.034595e+00  0.000000e+00            3
-9.810025e-01 -2.317632e+00      2.043830e+00  1.966906e+00  3.456112e+00  0.000000e+00            3
 1.080337e+00  3.646858e+00      1.951875e+00  3.352100e+00  1.886245e+00  0.000000e+00            0
 3.645084e+00  3.172039e-01      3.738866e+00  1.719816e+00  2.353318e+00  0.000000e+00            0
-4.320427e+00 -1.472911e+00      1.421742e+00  3.430825e+00  2.547323e+00  0.000000e+00            3
-1.756620e+00 -4.956082e+00      3.206932e+00  9.865729e-01  2.438615e+00  0.000000e+00            3
 2.369572e+00  5.000000e+00      1.182134e+00  3.414425e+00  3.022678e+00  0.000000e+00            0
 4.886999e+00  1.965127e+00      2.775153e+00  8.876839e-01  2.887209e+00  0.000000e+00            0
-2.695374e+00 -1.151283e+00      9.017307e-01  2.932360e+00  3.133248e+00  0.000000e+00            3
 3.903614e+00  4.836995e+00      1.231698e+00  2.838632e+00  3.416473e+00  0.000000e+00            0
 2.356290e+00  8.815477e-01      3.184196e+00  1.988144e+00  1.173831e+00  0.000000e+00            0
-4.846630e+00 -4.184562e+00      2.860482e+00  2.852607e+00  8.665136e-01  0.000000e+00            3
-1.234320e+00 -4.275431e+00      2.880142e+00  8.137130e-01  2.779362e+00  0.000000e+00            3
 4.793999e+00  4.405489e+00      1.839253e+00  2.533143e+00  3.686843e+00  0.000000e+00            0
 1.373333e+00  3.939122e+00      1.627806e+00  3.264900e+00  2.037868e+00  0.000000e+00            0
 4.259768e+00  4.664393e+00      1.424231e+00  2.677026e+00  3.493643e+00  0.000000e+00            0
 4.924666e+00  2.209861e+00      2.628486e+00  9.481816e-01  2.932185e+00  0.000000e+00            0
 3.839938e+00  4.605039e-01      3.637792e+00  1.547795e+00  2.399046e+00  0.000000e+00            0
 4.081691e+00  4.750694e+00      1.316661e+00  2.751907e+00  3.449602e+00  0.000000e+00            0
-1.113517e+00 -2.190683e+00      1.896095e+00  2.014815e+00  3.406671e+00  0.000000e+00            3
 4.845499e+00  4.235318e+00      1.860441e+00  2.389878e+00  3.618496e+00  0.000000e+00            0
 1.275667e+00  3.841701e+00      1.731583e+00  3.288442e+00  1.979020e+00  0.000000e+00            0
 1.178002e+00  3.744279e+00      1.839856e+00  3.317557e+00  1.928261e+00  0.000000e+00            0
-1.724691e+00 -5.000000e+00      3.259818e+00  1.037206e+00  2.485364e+00  0.000000e+00            3
 1.276815e+00  3.976740e+00      1.723342e+00  3.365002e+00  2.104874e+00  0.000000e+00            0
 1.113657e+00  3.769358e+00      1.900391e+00  3.385499e+00  1.978947e+00  0.000000e+00            0
-2.714407e+00 -1.100817e+00      9.434477e-01  2.985907e+00  3.171437e+00  0.000000e+00            3
-5.000000e+00 -4.153848e+00      2.939228e+00  3.003942e+00  1.011765e+00  0.000000e+00            3
 5.000000e+00  1.869147e+00      2.922419e+00  1.008525e+00  3.002852e+00  0.000000e+00            0
 4.948500e+00  3.894975e+00      1.951328e+00  2.119100e+00  3.504937e+00  0.000000e+00            0
 5.000000e+00  2.284238e+00      2.635117e+00  1.039611e+00  3.013435e+00  0.000000e+00            0
-4.377372e+00 -1.262937e+00      1.562183e+00  3.625385e+00  2.762956e+00  0.000000e+00            3
 4.896999e+00  4.065147e+00      1.898118e+00  2.251541e+00  3.557729e+00  0.000000e+00            0
-8.269355e-01 -2.417895e+00      2.212882e+00  1.969553e+00  3.545616e+00  0.000000e+00            3
-5.000000e+00 -2.394881e+00      2.038610e+00  3.402412e+00  1.891139e+00  0.000000e+00            3
 2.257323e+00  6.840987e-01      3.398054e+00  2.183694e+00  1.340825e+00  0.000000e+00            0
 1.146977e+00  3.891857e+00      1.856176e+00  3.423283e+00  2.075276e+00  0.000000e+00            0
 1.213714e+00  1.347184e+00      3.198164e+00  2.861741e+00  1.021966e+00  0.000000e+00            0
-4.423062e+00 -5.000000e+00      3.320407e+00  2.621303e+00  1.085809e+00  0.000000e+00            3
 1.158540e+00  1.196905e+00      3.353851e+00  2.952771e+00  1.163192e+00  0.000000e+00            0
-2.733440e+00 -1.050351e+00      9.863502e-01  3.039467e+00  3.210078e+00  0.000000e+00            3
-1.009765e+00 -4.329795e+00      3.064144e+00  1.043710e+00  3.008367e+00  0.000000e+00            3
-4.335028e+00 -1.188478e+00      1.562328e+00  3.654724e+00  2.831413e+00  0.000000e+00            3
 5.000000e+00  1.699505e+00      3.048324e+00  1.044173e+00  3.015012e+00  0.000000e+00            0
-6.728685e-01 -2.518157e+00      2.384120e+00  1.989255e+00  3.642206e+00  0.000000e+00            3
 9.974422e-01  3.720004e+00      2.022038e+00  3.460313e+00  1.990863e+00  0.000000e+00            0
 4.009462e+00  3.299263e-01      3.806370e+00  1.670100e+00  2.612869e+00  0.000000e+00            0
 4.896999e+00  4.435790e+00      1.946412e+00  2.595705e+00  3.784928e+00  0.000000e+00            0
 3.717181e+00  1.149763e-01      3.950665e+00  1.906122e+00  2.549907e+00  0.000000e+00            0
 1.180298e+00  4.014357e+00      1.819759e+00  3.465308e+00  2.174752e+00  0.000000e+00            0
-5.000000e+00 -4.167961e+00      2.949585e+00  3.004698e+00  1.014007e+00  0.000000e+00            3
 5.000000e+00  1.529862e+00      3.178299e+00  1.105002e+00  3.036615e+00  0.000000e+00            0
-2.827827e+00 -9.556650e-01      1.058432e+00  3.154881e+00  3.262202e+00  0.000000e+00            3
 1.074559e+00  4.211486e+00      1.937020e+00  3.667270e+00  2.397313e+00  0.000000e+00            0
-2.603269e+00 -9.849081e-01      1.089866e+00  3.074852e+00  3.322896e+00  0.000000e+00            3
-4.292684e+00 -1.114020e+00      1.567161e+00  3.685822e+00  2.900783e+00  0.000000e+00            3
 4.178986e+00  1.993488e-01      3.979316e+00  1.809525e+00  2.826716e+00  0.000000e+00            0
 5.000000e+00  4.466091e+00      2.053592e+00  2.661129e+00  3.883504e+00  0.000000e+00            0
-5.000000e+00 -4.182074e+00      2.959974e+00  3.005520e+00  1.016440e+00  0.000000e+00            3
-5.188016e-01 -2.618420e+00      2.557106e+00  2.025515e+00  3.745331e+00  0.000000e+00            3
 3.789278e+00 -8.725121e-02      4.162761e+00  2.097861e+00  2.749206e+00  0.000000e+00            0
 9.145478e-01  3.793150e+00      2.095686e+00  3.568670e+00  2.096090e+00  0.000000e+00            0
-6.108252e-01 -1.554880e+00      2.430286e+00  2.812191e+00  4.179129e+00  0.000000e+00            4
-4.434148e+00 -9.419004e-01      1.782233e+00  3.908586e+00  3.088763e+00  0.000000e+00            3
 1.035238e+00  1.463992e+00      3.208056e+00  3.012826e+00  1.103662e+00  0.000000e+00            0
 9.688213e-01  4.408614e+00      2.071872e+00  3.871623e+00  2.620067e+00  0.000000e+00            0
-5.224461e-01 -1.610205e+00      2.508030e+00  2.809677e+00  4.219538e+00  0.000000e+00            4
-6.992043e-01 -1.499555e+00      2.354593e+00  2.818563e+00  4.140951e+00  0.000000e+00            4
-3.647346e-01 -2.718683e+00      2.731507e+00  2.077466e+00  3.854468e+00  0.000000e+00            3
 3.861375e+00 -2.894788e-01      4.375111e+00  2.293672e+00  2.950666e+00  0.000000e+00            0
 4.348509e+00  6.877119e-02      4.156084e+00  1.962423e+00  3.040582e+00  0.000000e+00            0
 8.316534e-01  3.866296e+00      2.172465e+00  3.677157e+00  2.201839e+00  0.000000e+00            0
-7.852107e-01 -4.384159e+00      3.254152e+00  1.274085e+00  3.237661e+00  0.000000e+00            3
-8.666715e-01 -1.110955e+00      2.311167e+00  3.103388e+00  4.230348e+00  0.000000e+00            1
 6.736386e-01  3.689208e+00      2.347030e+00  3.730698e+00  2.147710e+00  0.000000e+00            0
-2.922214e+00 -8.609787e-01      1.141674e+00  3.271687e+00  3.318897e+00  0.000000e+00            3
 5.000000e+00  1.360219e+00      3.311864e+00  1.187147e+00  3.067461e+00  0.000000e+00            0
 5.156238e-01  3.512120e+00      2.531828e+00  3.798340e+00  2.118934e+00  0.000000e+00            0
-2.473098e+00 -9.194649e-01      1.202157e+00  3.116652e+00  3.438186e+00  0.000000e+00            3
 3.576090e-01  3.335032e+00      2.724778e+00  3.879346e+00  2.116544e+00  0.000000e+00            0
 1.995942e-01  3.157944e+00      2.924266e+00  3.972898e+00  2.140629e+00  0.000000e+00            0
 1.103366e+00  1.046626e+00      3.509934e+00  3.049493e+00  1.308768e+00  0.000000e+00            0
-3.016602e+00 -7.662924e-01      1.233819e+00  3.389741e+00  3.379932e+00  0.000000e+00            3
-3.269781e-01 -2.614647e+00      2.742779e+00  2.172143e+00  3.925595e+00  0.000000e+00            3
-2.342927e+00 -8.540216e-01      1.320989e+00  3.164614e+00  3.555710e+00  0.000000e+00            3
 5.000000e+00  1.190577e+00      3.448602e+00  1.286532e+00  3.107276e+00  0.000000e+00            0
-2.813985e-01 -1.680491e+00      2.737313e+00  2.886817e+00  4.330218e+00  0.000000e+00            1
 8.630832e-01  4.605743e+00      2.221112e+00  4.078007e+00  2.842970e+00  0.000000e+00            0
 8.567621e-01  1.580800e+00      3.232026e+00  3.171068e+00  1.217670e+00  0.000000e+00            0
-4.575611e+00 -7.697807e-01      1.998997e+00  4.131354e+00  3.281104e+00  0.000000e+00            3
-1.099418e+00 -8.647235e-01      2.213834e+00  3.262055e+00  4.220549e+00  0.000000e+00            1
-4.984380e-01 -1.143051e+00      2.644272e+00  3.227514e+00  4.015091e+00  0.000000e+00            1
 7.573450e-01  4.802871e+00      2.382038e+00  4.286129e+00  3.065988e+00  0.000000e+00            0
-1.099039e+00 -9.124246e-01      2.190086e+00  3.216342e+00  4.236591e+00  0.000000e+00            1
-1.021797e+00 -9.558290e-01      2.236868e+00  3.197477e+00  4.227077e+00  0.000000e+00            1
-6.954909e-02 -5.949732e-01      3.249868e+00  3.914186e+00  3.319175e+00  0.000000e+00            1
-1.717136e-01 -1.319877e+00      2.908912e+00  3.244332e+00  3.967105e+00  0.000000e+00            1
-3.109115e+00 -6.934145e-01      1.311134e+00  3.487642e+00  3.424497e+00  0.000000e+00            3
 1.048193e+00  8.963475e-01      3.666362e+00  3.151383e+00  1.457390e+00  0.000000e+00            0
-5.870850e-01 -1.031332e-01      3.069245e+00  4.145105e+00  3.334093e+00  0.000000e+00            1
-5.909992e-01 -1.659171e-02      3.120448e+00  4.225260e+00  3.283279e+00  0.000000e+00            1
-6.841149e-01 -3.083152e-02      3.039893e+00  4.181609e+00  3.365821e+00  0.000000e+00            1
 3.933472e+00 -4.917063e-01      4.587679e+00  2.492594e+00  3.153873e+00  0.000000e+00            0
 4.157942e-02  2.980856e+00      3.129043e+00  4.078133e+00  2.190317e+00  0.000000e+00            0
-5.606562e-01 -4.438523e+00      3.449173e+00  1.504664e+00  3.467187e+00  0.000000e+00            3
 4.371893e+00 -1.692814e-01      4.389191e+00  2.200928e+00  3.214290e+00  0.000000e+00            0
 4.225753e+00 -2.767563e-01      4.448945e+00  2.287921e+00  3.183959e+00  0.000000e+00            0
 4.079612e+00 -3.842313e-01      4.515202e+00  2.385560e+00  3.163755e+00  0.000000e+00            0
 4.518033e+00 -6.180637e-02      4.336207e+00  2.125889e+00  3.254464e+00  0.000000e+00            0
-2.892215e-01 -2.510611e+00      2.758449e+00  2.268269e+00  3.998519e+00  0.000000e+00            3
-2.344290e+00 -7.400711e-01      1.420344e+00  3.278059e+00  3.656298e+00  0.000000e+00            3
-1.008999e+00 -9.860891e-01      2.234300e+00  3.172655e+00  4.239199e+00  0.000000e+00            1
 6.782861e-01  1.697609e+00      3.269765e+00  3.335449e+00  1.355864e+00  0.000000e+00            0
-6.375639e-01 -4.099105e-02      3.069010e+00  4.186882e+00  3.335024e+00  0.000000e+00            1
 2.365155e+00 -8.047325e-01      4.846492e+00  3.246420e+00  2.828403e+00  0.000000e+00            2
-3.800197e-01 -1.117518e+00      2.764610e+00  3.306514e+00  3.922170e+00  0.000000e+00            1
 2.153307e+00 -7.443449e-01      4.819305e+00  3.307825e+00  2.748624e+00  0.000000e+00            2
 1.941459e+00 -6.839573e-01      4.802079e+00  3.382487e+00  2.684596e+00  0.000000e+00            2
 1.729611e+00 -6.235697e-01      4.794923e+00  3.469551e+00  2.637466e+00  0.000000e+00            2
 2.577003e+00 -8.651201e-01      4.883474e+00  3.199037e+00  2.922644e+00  0.000000e+00            2
-5.907078e-02 -1.246148e+00      3.036010e+00  3.369111e+00  3.844118e+00  0.000000e+00            1
-2.345652e+00 -6.261206e-01      1.521748e+00  3.391539e+00  3.757649e+00  0.000000e+00            3
 4.998102e-01  1.814417e+00      3.320801e+00  3.505106e+00  1.511625e+00  0.000000e+00            0
 6.516069e-01  5.000000e+00      2.552440e+00  4.495746e+00  3.289098e+00  0.000000e+00            0
-3.361017e-01 -4.492887e+00      3.648402e+00  1.735366e+00  3.696903e+00  0.000000e+00            3
 4.609955e+00 -9.793720e-02      4.402845e+00  2.184808e+00  3.348612e+00  0.000000e+00            0
-6.520038e-01 -2.326504e-02      3.069294e+00  4.198990e+00  3.335675e+00  0.000000e+00            1
-2.635775e-01 -1.115622e+00      2.875784e+00  3.366719e+00  3.851089e+00  0.000000e+00            1
-3.052868e-01 -1.115928e+00      2.836029e+00  3.345135e+00  3.875997e+00  0.000000e+00            1
-2.946421e-01 -2.373149e-01      3.228935e+00  4.131107e+00  3.204834e+00  0.000000e+00            1
-7.532308e-01  2.151505e-01      3.155133e+00  4.395671e+00  3.281153e+00  0.000000e+00            1
-3.201629e+00 -6.205367e-01      1.394121e+00  3.586737e+00  3.472487e+00  0.000000e+00            3
-7.380476e-01  3.782014e-01      3.282114e+00  4.556443e+00  3.182316e+00  0.000000e+00            1
-1.024347e+00 -7.727739e-01      2.325787e+00  3.371481e+00  4.103042e+00  0.000000e+00            1
-3.190544e-01 -1.095435e+00      2.829436e+00  3.355901e+00  3.867782e+00  0.000000e+00            1
 2.152165e-01 -1.295731e+00      3.291445e+00  3.495748e+00  3.747972e+00  0.000000e+00            1
 5.465036e-02 -2.141516e+00      3.057927e+00  2.770479e+00  4.460286e+00  0.000000e+00            1
-7.861211e-02 -1.281664e+00      3.008407e+00  3.328826e+00  3.884578e+00  0.000000e+00            1
 4.788332e-03 -1.239665e+00      3.099494e+00  3.411543e+00  3.804773e+00  0.000000e+00            1
-2.347015e+00 -5.121701e-01      1.624816e+00  3.505050e+00  3.859704e+00  0.000000e+00            3
-8.096006e-02  2.659334e+00      3.360015e+00  4.133879e+00  2.182915e+00  0.000000e+00            0
 4.067145e+00 -6.405373e-01      4.761658e+00  2.641391e+00  3.353435e+00  0.000000e+00            0
-4.717074e+00 -5.976610e-01      2.216957e+00  4.354125e+00  3.477083e+00  0.000000e+00            3
 3.046860e-01 -1.269509e+00      3.384459e+00  3.573116e+00  3.682904e+00  0.000000e+00            1
 2.492999e-01 -1.255815e+00      3.333431e+00  3.548225e+00  3.696659e+00  0.000000e+00            1
 1.122212e+00 -1.240632e-01      4.528992e+00  3.576774e+00  2.298294e+00  0.000000e+00            2
 1.254062e+00 -2.704361e-01      4.592215e+00  3.563012e+00  2.389833e+00  0.000000e+00            2
 1.385913e+00 -4.168091e-01      4.662909e+00  3.560115e+00  2.493606e+00  0.000000e+00            2
 9.054841e-01  9.323720e-02      4.431078e+00  3.634800e+00  2.198570e+00  0.000000e+00            2
 8.206066e-01  1.641646e-01      4.390973e+00  3.671353e+00  2.182031e+00  0.000000e+00            2
-1.088758e+00  4.175451e-01      3.081780e+00  4.510551e+00  3.470532e+00  0.000000e+00            1
 1.694859e-01 -9.062011e-01      3.352915e+00  3.778659e+00  3.434645e+00  0.000000e+00            1
 2.743393e+00 -9.827304e-01      4.989334e+00  3.236625e+00  3.073974e+00  0.000000e+00            2
-1.115472e-01 -4.547251e+00      3.851187e+00  1.966148e+00  3.926773e+00  0.000000e+00            3
-3.294143e+00 -5.476588e-01      1.481828e+00  3.686932e+00  3.523761e+00  0.000000e+00            3
-1.020318e+00  5.314795e-01      3.213647e+00  4.636171e+00  3.358404e+00  0.000000e+00            1
 1.007243e+00 -5.499691e-02      4.454327e+00  3.630373e+00  2.282231e+00  0.000000e+00            2
-8.449629e-01  5.118077e-01      3.309586e+00  4.657308e+00  3.210690e+00  0.000000e+00            1
 9.903616e-01  2.230980e-02      4.456531e+00  3.601275e+00  2.220502e+00  0.000000e+00            2
 1.975586e-01 -2.242954e+00      3.206775e+00  2.813623e+00  4.550462e+00  0.000000e+00            1
 3.213342e-01  1.931226e+00      3.384535e+00  3.679309e+00  1.680074e+00  0.000000e+00            0
-1.164354e-01  2.803767e+00      3.338134e+00  4.194172e+00  2.263922e+00  0.000000e+00            0
 4.701876e+00 -1.340680e-01      4.470671e+00  2.246526e+00  3.443019e+00  0.000000e+00            0
 2.833832e-01 -1.215900e+00      3.375710e+00  3.600702e+00  3.645378e+00  0.000000e+00            1
-6.405957e-01 -5.053811e-01      2.792969e+00  3.749712e+00  3.640011e+00  0.000000e+00            1
 1.428583e-01  2.048034e+00      3.460264e+00  3.857441e+00  1.857763e+00  0.000000e+00            0
-1.000944e-02  2.370467e+00      3.422796e+00  4.027086e+00  2.043865e+00  0.000000e+00            0
-5.808168e-01 -5.232146e-01      2.834315e+00  3.755279e+00  3.609325e+00  0.000000e+00            1
-5.715040e-01 -5.254279e-01      2.841119e+00  3.756761e+00  3.604222e+00  0.000000e+00            1
-4.548475e-02  2.514901e+00      3.388288e+00  4.078121e+00  2.109296e+00  0.000000e+00            0
 3.404668e-01 -2.344393e+00      3.358173e+00  2.866848e+00  4.645502e+00  0.000000e+00            1
-2.237265e+00 -4.214011e-01      1.753208e+00  3.586456e+00  3.989186e+00  0.000000e+00            3
-9.518782e-01  6.454140e-01      3.345597e+00  4.762188e+00  3.247844e+00  0.000000e+00            1
-1.182965e+00 -3.998839e-01      2.421154e+00  3.691664e+00  3.986316e+00  0.000000e+00            1
 9.818000e-01 -2.499857e+00      4.013052e+00  3.337898e+00  4.613615e+00  0.000000e+00            1
 1.517763e+00 -5.631821e-01      4.740741e+00  3.568109e+00  2.608152e+00  0.000000e+00            2
 4.532759e-01 -1.415714e+00      3.502357e+00  3.563299e+00  3.749594e+00  0.000000e+00            1
 4.940913e-01  4.616187e-01      4.274136e+00  3.828578e+00  2.152761e+00  0.000000e+00            2
-9.308393e-01 -1.068755e-01      2.804522e+00  4.037267e+00  3.609535e+00  0.000000e+00            1
 7.357291e-01  2.350920e-01      4.353310e+00  3.710844e+00  2.171009e+00  0.000000e+00            2
 6.551831e-01  3.106009e-01      4.324262e+00  3.747248e+00  2.159306e+00  0.000000e+00            2
 5.746372e-01  3.861098e-01      4.297854e+00  3.786522e+00  2.153207e+00  0.000000e+00            2
 4.872624e-01  4.687693e-01      4.272683e+00  3.831970e+00  2.152450e+00  0.000000e+00            2
 5.663691e-01  3.294577e-01      4.259737e+00  3.818446e+00  2.201365e+00  0.000000e+00            2
 2.909784e+00 -1.100341e+00      5.101139e+00  3.286439e+00  3.231071e+00  0.000000e+00            2
 1.130073e-01 -4.601614e+00      4.056995e+00  2.196984e+00  4.156774e+00  0.000000e+00            3
 3.319119e-01 -1.150473e+00      3.438507e+00  3.682067e+00  3.564828e+00  0.000000e+00            1
-1.158501e+00 -3.893146e-01      2.446513e+00  3.707448e+00  3.960423e+00  0.000000e+00            1
 9.988021e-01 -1.634356e-02      4.463778e+00  3.615637e+00  2.251230e+00  0.000000e+00            2
 9.260026e-01 -4.586850e-02      4.385445e+00  3.692565e+00  2.310638e+00  0.000000e+00            2
 1.024444e+00 -2.981814e-02      4.480822e+00  3.601957e+00  2.252081e+00  0.000000e+00            2
 1.008875e+00 -4.989338e-02      4.458026e+00  3.626140e+00  2.276926e+00  0.000000e+00            2
-1.549530e+00  3.613346e-01      2.771239e+00  4.384537e+00  3.909525e+00  0.000000e+00            1
-1.153792e+00 -4.282808e-01      2.424621e+00  3.670592e+00  3.980321e+00  0.000000e+00            1
 9.190239e-02  2.155512e+00      3.443714e+00  3.911190e+00  1.914424e+00  0.000000e+00            0
-6.148145e-01 -4.146290e-01      2.864003e+00  3.843647e+00  3.559170e+00  0.000000e+00            1
-4.858537e+00 -4.255414e-01      2.435791e+00  4.576897e+00  3.676118e+00  0.000000e+00            3
 4.094647e-02  2.262990e+00      3.431210e+00  3.967779e+00  1.976627e+00  0.000000e+00            0
 4.200819e+00 -7.893684e-01      4.937612e+00  2.796588e+00  3.553052e+00  0.000000e+00            0
 1.377285e+00 -4.729989e-01      4.635985e+00  3.604769e+00  2.550196e+00  0.000000e+00            2
 1.236806e+00 -3.828158e-01      4.534955e+00  3.648705e+00  2.502054e+00  0.000000e+00            2
 1.112902e-01  2.038209e+00      3.491886e+00  3.888898e+00  1.889096e+00  0.000000e+00            0
 4.981159e-02  2.142412e+00      3.486294e+00  3.952755e+00  1.955381e+00  0.000000e+00            0
 1.990108e-02  2.256439e+00      3.452679e+00  3.988352e+00  1.996635e+00  0.000000e+00            0
 4.334492e+00 -9.381994e-01      5.115338e+00  2.957178e+00  3.752715e+00  0.000000e+00            0
 1.159558e+00 -2.476150e+00      4.186723e+00  3.507838e+00  4.554367e+00  0.000000e+00            1
-1.157198e+00  3.036106e-01      2.950007e+00  4.385360e+00  3.584081e+00  0.000000e+00            1
 1.147149e+00 -2.355238e+00      4.162336e+00  3.551026e+00  4.437956e+00  0.000000e+00            1
-1.418753e+00  3.420933e-01      2.825906e+00  4.380824e+00  3.799543e+00  0.000000e+00            1
-1.287976e+00  3.228519e-01      2.885597e+00  4.381099e+00  3.691017e+00  0.000000e+00            1
 8.178590e-01 -1.460057e+00      3.855851e+00  3.793631e+00  3.656426e+00  0.000000e+00            1
 5.805630e-01 -1.508308e+00      3.614165e+00  3.587176e+00  3.784578e+00  0.000000e+00            1
 8.040416e-01 -2.523564e+00      3.839903e+00  3.168993e+00  4.678990e+00  0.000000e+00            1
-2.127516e+00 -3.306321e-01      1.883618e+00  3.671583e+00  4.119521e+00  0.000000e+00            3
 4.833750e-01 -2.445832e+00      3.511790e+00  2.929606e+00  4.697400e+00  0.000000e+00            1
 3.375618e-01 -4.655978e+00      4.265388e+00  2.427860e+00  4.386884e+00  0.000000e+00            3
-1.166056e-01 -1.076355e-01      3.448914e+00  4.324081e+00  2.986996e+00  0.000000e+00            1
-1.267651e+00 -3.763301e-01      2.374308e+00  3.696934e+00  4.040357e+00  0.000000e+00            1
-1.147244e+00 -4.515556e-01      2.414619e+00  3.649473e+00  3.989394e+00  0.000000e+00            1
-1.352336e+00 -3.527762e-01      2.329838e+00  3.704283e+00  4.095572e+00  0.000000e+00            1
-5.000000e+00 -2.534217e-01      2.655284e+00  4.799672e+00  3.877738e+00  0.000000e+00            3
-1.662723e+00 -3.642853e-01      2.112788e+00  3.651325e+00  4.322185e+00  0.000000e+00            3
 4.005060e-01  5.638762e-01      4.258744e+00  3.875411e+00  2.149612e+00  0.000000e+00            2
 1.096328e+00 -2.926326e-01      4.437906e+00  3.699659e+00  2.464303e+00  0.000000e+00            2
 3.076175e+00 -1.217951e+00      5.218507e+00  3.347934e+00  3.393134e+00  0.000000e+00            2
-1.554160e+00  5.235049e-01      2.908355e+00  4.545423e+00  3.848648e+00  0.000000e+00            1
-4.951293e+00 -2.617329e-02      2.775525e+00  4.949892e+00  4.086105e+00  0.000000e+00            3
-1.558790e+00  6.856752e-01      3.047940e+00  4.706402e+00  3.793737e+00  0.000000e+00            1
 7.972211e-02  2.028384e+00      3.523534e+00  3.920381e+00  1.920488e+00  0.000000e+00            0
-3.061914e-01  2.858561e+00      3.497683e+00  4.390947e+00  2.460822e+00  0.000000e+00            0
 4.468165e+00 -1.087030e+00      5.294656e+00  3.122329e+00  3.952417e+00  0.000000e+00            0
-1.719881e+00 -3.313185e-01      2.103141e+00  3.679360e+00  4.319510e+00  0.000000e+00            3
 1.135584e+00 -2.658003e+00      4.187603e+00  3.410695e+00  4.737532e+00  0.000000e+00            1
 1.247657e+00 -2.585470e+00      4.287816e+00  3.542340e+00  4.646779e+00  0.000000e+00            1
-1.471450e+00  1.111967e+00      3.467103e+00  5.139219e+00  3.583234e+00  0.000000e+00            1
-2.010690e+00 -3.198720e-01      1.949760e+00  3.680144e+00  4.183383e+00  0.000000e+00            3
 1.134740e+00 -2.234327e+00      4.141374e+00  3.597804e+00  4.321828e+00  0.000000e+00            1
-6.687685e-02 -7.552031e-02      3.508110e+00  4.374758e+00  2.929123e+00  0.000000e+00            1
 2.679174e-01 -7.200262e-01      3.509646e+00  3.987691e+00  3.224694e+00  0.000000e+00            1
-1.563421e+00  8.478455e-01      3.189668e+00  4.867464e+00  3.745054e+00  0.000000e+00            1
 3.597701e-01 -4.792319e+00      4.368649e+00  2.489234e+00  4.431181e+00  0.000000e+00            3
 2.663309e-01 -7.111362e-01      3.511422e+00  3.994106e+00  3.218053e+00  0.000000e+00            1
-1.707341e-01  1.906857e-02      3.475828e+00  4.415781e+00  2.938737e+00  0.000000e+00            1
-1.568051e+00  1.010016e+00      3.333268e+00  5.028602e+00  3.702844e+00  0.000000e+00            1
-8.300327e-02 -8.280982e-02      3.490629e+00  4.361107e+00  2.945675e+00  0.000000e+00            1
 3.242565e+00 -1.335561e+00      5.341072e+00  3.420479e+00  3.559486e+00  0.000000e+00            2
 7.078501e-01 -1.600903e+00      3.729267e+00  3.617750e+00  3.825723e+00  0.000000e+00            1
 6.262832e-01 -2.547270e+00      3.667347e+00  3.001298e+00  4.750238e+00  0.000000e+00            1
 4.488505e-01  4.020632e-01      4.202913e+00  3.894106e+00  2.226986e+00  0.000000e+00            2
 2.846822e-01 -6.861473e-01      3.537703e+00  4.025095e+00  3.187115e+00  0.000000e+00            1
 7.356272e-01 -2.711343e+00      3.802752e+00  3.023953e+00  4.878052e+00  0.000000e+00            1
 6.567204e-02  1.866419e+00      3.628009e+00  3.936595e+00  1.938935e+00  0.000000e+00            0
 4.601838e+00 -1.235861e+00      5.475412e+00  3.291354e+00  4.152152e+00  0.000000e+00            0
 1.335755e+00 -2.694790e+00      4.391071e+00  3.582016e+00  4.741547e+00  0.000000e+00            1
-1.893865e+00 -3.091118e-01      2.020554e+00  3.692414e+00  4.249525e+00  0.000000e+00            3
-2.944413e-01  2.998027e-01      3.550935e+00  4.618755e+00  2.855719e+00  0.000000e+00            1
 8.161309e-02 -1.127303e-01      3.613603e+00  4.409533e+00  2.853741e+00  0.000000e+00            1
 1.122330e+00 -2.113415e+00      4.123890e+00  3.648034e+00  4.206006e+00  0.000000e+00            1
-2.153757e-01  3.045658e-01      3.614576e+00  4.543555e+00  2.789693e+00  0.000000e+00            2
 3.408956e+00 -1.453172e+00      5.468485e+00  3.503388e+00  3.729551e+00  0.000000e+00            2
 3.819785e-01 -4.928659e+00      4.473793e+00  2.556605e+00  4.479302e+00  0.000000e+00            3
-1.293211e-01  5.143984e-02      3.528343e+00  4.462466e+00  2.886329e+00  0.000000e+00            1
 8.115856e-01 -1.668122e+00      3.826007e+00  3.652762e+00  3.855833e+00  0.000000e+00            1
-8.909228e-02  3.189888e-02      3.549929e+00  4.461813e+00  2.870144e+00  0.000000e+00            1
-1.099037e-01  2.328549e-02      3.527937e+00  4.445142e+00  2.891210e+00  0.000000e+00            1
 3.344647e+00 -1.597947e+00      5.608547e+00  3.657145e+00  3.841002e+00  0.000000e+00            2
-4.959473e-01  2.913356e+00      3.660935e+00  4.587784e+00  2.657813e+00  0.000000e+00            0
 8.449713e-01 -2.875416e+00      3.943369e+00  3.059175e+00  4.973775e+00  0.000000e+00            1
-1.452487e-02  2.376864e-01      3.730992e+00  4.384308e+00  2.676576e+00  0.000000e+00            2
-2.695145e-01  5.155897e-01      3.712646e+00  4.520202e+00  2.711857e+00  0.000000e+00            2
 3.027335e-01  6.453598e-01      4.231545e+00  3.937617e+00  2.171581e+00  0.000000e+00            2
 5.162197e-02  1.704455e+00      3.736638e+00  3.959424e+00  1.970666e+00  0.000000e+00            0
-1.777039e+00 -2.983516e-01      2.095529e+00  3.708357e+00  4.317842e+00  0.000000e+00            3
 1.087906e+00 -2.009796e+00      4.087917e+00  3.673700e+00  4.112223e+00  0.000000e+00            1
 9.153210e-01 -1.735340e+00      3.924256e+00  3.691582e+00  3.889640e+00  0.000000e+00            1
 1.111609e+00 -2.839856e+00      4.196509e+00  3.320850e+00  4.920715e+00  0.000000e+00            1
-9.151495e-02  1.694040e-01      3.628443e+00  4.482363e+00  2.779481e+00  0.000000e+00            2
-4.902587e+00  2.010751e-01      2.909393e+00  5.106275e+00  4.296940e+00  0.000000e+00            3
-1.374849e+00  1.213918e+00      3.601442e+00  5.251262e+00  3.465188e+00  0.000000e+00            1
 1.747887e-01  1.009020e+00      4.114338e+00  3.951491e+00  2.076882e+00  0.000000e+00            0
 4.668199e+00 -1.438024e+00      5.688145e+00  3.502356e+00  4.351930e+00  0.000000e+00            0
 1.489678e-01 -1.096438e-01      3.672798e+00  4.391019e+00  2.806585e+00  0.000000e+00            2
 1.423854e+00 -2.804110e+00      4.496340e+00  3.626696e+00  4.838534e+00  0.000000e+00            1
-6.322880e-02  1.944999e-01      3.666123e+00  4.446308e+00  2.741668e+00  0.000000e+00            2
-2.214179e+00  1.388785e+00      3.478704e+00  5.393040e+00  4.258272e+00  0.000000e+00            1
-7.566180e-02  1.867575e-01      3.651529e+00  4.460815e+00  2.756124e+00  0.000000e+00            2
-1.839488e+00 -1.780849e-01      2.160130e+00  3.825284e+00  4.390313e+00  0.000000e+00            3
 2.228370e-01  1.463493e-02      3.800715e+00  4.267158e+00  2.664579e+00  0.000000e+00            2
 2.375106e-01  6.769723e-03      3.809016e+00  4.257851e+00  2.660702e+00  0.000000e+00            2
 3.757190e-02  1.542490e+00      3.849069e+00  3.988753e+00  2.015053e+00  0.000000e+00            0
 3.700608e-01 -1.575667e-01      3.840816e+00  4.222742e+00  2.704033e+00  0.000000e+00            2
 3.594635e-01 -3.086895e-01      3.761187e+00  4.310865e+00  2.832209e+00  0.000000e+00            2
 3.646929e-01 -2.968074e-01      3.771210e+00  4.300091e+00  2.819495e+00  0.000000e+00            2
 5.456018e-01 -7.619357e-01      3.755542e+00  4.118877e+00  3.121468e+00  0.000000e+00            1
 9.278678e-01 -1.319211e+00      3.986429e+00  3.969766e+00  3.488070e+00  0.000000e+00            1
 8.155548e-01 -3.402766e-01      4.160906e+00  3.951909e+00  2.622938e+00  0.000000e+00            2
 9.543154e-01 -3.039488e+00      4.088661e+00  3.106535e+00  5.046566e+00  0.000000e+00            1
 5.405030e-01 -6.458220e-01      3.790641e+00  4.207691e+00  3.021673e+00  0.000000e+00            1
 1.053481e+00 -1.906178e+00      4.054567e+00  3.702410e+00  4.019219e+00  0.000000e+00            1
-3.322307e-01  7.004779e-01      3.795994e+00  4.522939e+00  2.669842e+00  0.000000e+00            2
 1.243664e-01  1.132856e+00      4.060762e+00  3.971458e+00  2.066384e+00  0.000000e+00            0
 3.976676e-01 -3.991931e-01      3.755892e+00  4.326040e+00  2.885064e+00  0.000000e+00            2
 3.785655e-01 -3.539413e-01      3.758220e+00  4.319239e+00  2.858337e+00  0.000000e+00            2
 1.555666e-01  1.232590e-02      3.742600e+00  4.327877e+00  2.711602e+00  0.000000e+00            2
 1.019056e+00 -1.802559e+00      4.023903e+00  3.734093e+00  3.927048e+00  0.000000e+00            1
-1.345251e+00  1.242720e+00      3.640525e+00  5.283446e+00  3.429895e+00  0.000000e+00            1
-1.315653e+00  1.271522e+00      3.679657e+00  5.315757e+00  3.394737e+00  0.000000e+00            1
 6.658734e-01 -6.866400e-01      3.894039e+00  4.252674e+00  2.999655e+00  0.000000e+00            1
 2.352183e-02  1.380526e+00      3.964980e+00  4.024441e+00  2.071283e+00  0.000000e+00            0
-1.447441e+00  1.293265e+00      3.640884e+00  5.322028e+00  3.519137e+00  0.000000e+00            1
-1.394402e+00  1.338982e+00      3.704963e+00  5.373219e+00  3.458165e+00  0.000000e+00            1
 4.734559e+00 -1.640186e+00      5.900881e+00  3.713561e+00  4.552886e+00  0.000000e+00            0
-1.901938e+00 -5.781824e-02      2.231101e+00  3.943401e+00  4.411319e+00  0.000000e+00            3
 1.087634e+00 -3.021708e+00      4.213388e+00  3.238910e+00  5.103917e+00  0.000000e+00            1
-3.949469e-01  8.853660e-01      3.887369e+00  4.534089e+00  2.641624e+00  0.000000e+00            2
 2.617710e-01  6.524341e-01      4.204112e+00  3.973700e+00  2.199403e+00  0.000000e+00            2
 7.394412e-02  1.256691e+00      4.010929e+00  3.995801e+00  2.064510e+00  0.000000e+00            0
 3.929861e-01  1.924062e-02      3.948378e+00  4.115089e+00  2.550667e+00  0.000000e+00            2
 1.110626e-02  5.492843e-01      3.945328e+00  4.244508e+00  2.461762e+00  0.000000e+00            2
 6.684228e-01 -7.446969e-01      3.877256e+00  4.209214e+00  3.050649e+00  0.000000e+00            1
 1.063659e+00 -3.203561e+00      4.238147e+00  3.165490e+00  5.125911e+00  0.000000e+00            1
 3.280337e+00 -1.742723e+00      5.749561e+00  3.811285e+00  3.955659e+00  0.000000e+00            2
-3.602494e-02  5.574533e-01      3.914807e+00  4.286075e+00  2.495263e+00  0.000000e+00            2
-1.373769e-02  4.888672e-01      3.887444e+00  4.288778e+00  2.517670e+00  0.000000e+00            2
 3.868933e-01  6.148633e-02      3.964943e+00  4.100290e+00  2.521894e+00  0.000000e+00            2
 2.408867e-01  2.701693e-01      3.956895e+00  4.138024e+00  2.467143e+00  0.000000e+00            2
 1.580211e+00 -2.713906e+00      4.635515e+00  3.804202e+00  4.732561e+00  0.000000e+00            1
 9.935951e-03  5.454181e-01      3.941937e+00  4.246931e+00  2.464987e+00  0.000000e+00            2
-6.857033e-01  2.968150e+00      3.827417e+00  4.784677e+00  2.854876e+00  0.000000e+00            0
 3.707542e-01  5.991746e-02      3.950347e+00  4.115258e+00  2.533449e+00  0.000000e+00            2
 5.830019e-01 -2.997868e-01      3.965933e+00  4.118846e+00  2.701278e+00  0.000000e+00            2
-8.198583e-02  5.694885e-01      3.888069e+00  4.325387e+00  2.526070e+00  0.000000e+00            2
 4.650807e-01  6.417702e-02      4.033313e+00  4.030269e+00  2.470504e+00  0.000000e+00            2
-1.473150e+00  1.406443e+00      3.732978e+00  5.432053e+00  3.523504e+00  0.000000e+00            1
 1.235555e+00 -3.286518e+00      4.426630e+00  3.313287e+00  5.283947e+00  0.000000e+00            1
 1.736569e+00 -2.623703e+00      4.777457e+00  3.981977e+00  4.631201e+00  0.000000e+00            1
 7.565608e-02  1.119246e+00      4.104939e+00  4.021965e+00  2.116324e+00  0.000000e+00            0
 2.049610e-01  7.268433e-01      4.208022e+00  4.002905e+00  2.200703e+00  0.000000e+00            2
 3.216028e+00 -1.887499e+00      5.891461e+00  3.965761e+00  4.073251e+00  0.000000e+00            2
-2.019774e+00  1.509720e+00      3.644033e+00  5.509755e+00  4.049562e+00  0.000000e+00            1
-2.408584e+00  1.267851e+00      3.320937e+00  5.283672e+00  4.468965e+00  0.000000e+00            1
 1.597667e-02  1.325405e+00      4.007225e+00  4.040733e+00  2.095573e+00  0.000000e+00            0
-4.853880e+00  4.283236e-01      3.055099e+00  5.268271e+00  4.509896e+00  0.000000e+00            3
 1.901010e+00 -1.390460e+00      4.938769e+00  3.987603e+00  3.391905e+00  0.000000e+00            2
 3.857082e-01  1.279939e-01      3.998922e+00  4.070321e+00  2.471911e+00  0.000000e+00            2
 6.496792e-01 -1.999772e-01      4.069428e+00  4.008061e+00  2.581330e+00  0.000000e+00            2
 4.800919e+00 -1.842349e+00      6.113620e+00  3.924935e+00  4.754870e+00  0.000000e+00            0
-1.520033e+00  1.372612e+00      3.683045e+00  5.394009e+00  3.575506e+00  0.000000e+00            1
-2.991798e+00  9.050477e-01      2.905059e+00  5.004314e+00  5.007591e+00  0.000000e+00            1
-2.602988e+00  1.146916e+00      3.171861e+00  5.182118e+00  4.681373e+00  0.000000e+00            1
 1.183724e+00 -3.070410e+00      4.318487e+00  3.316660e+00  5.135696e+00  0.000000e+00            1
 4.259870e-01  6.283167e-02      3.999083e+00  4.065242e+00  2.496024e+00  0.000000e+00            2
 2.135189e-01  6.954216e-01      4.194282e+00  4.004917e+00  2.212112e+00  0.000000e+00            2
-2.797393e+00  1.025982e+00      3.032757e+00  5.088844e+00  4.895273e+00  0.000000e+00            1
-4.576631e-01  1.070254e+00      3.986218e+00  4.553591e+00  2.627648e+00  0.000000e+00            2
-1.532887e+00  1.429202e+00      3.729858e+00  5.449259e+00  3.578701e+00  0.000000e+00            1
-1.592624e+00  1.451960e+00      3.727832e+00  5.467158e+00  3.634185e+00  0.000000e+00            1
 7.176637e-01 -3.504990e-01      4.067171e+00  4.037150e+00  2.677542e+00  0.000000e+00            2
 6.197726e-01 -3.607214e-01      3.973662e+00  4.122977e+00  2.734599e+00  0.000000e+00            2
 9.347724e-02  1.027397e+00      4.157432e+00  4.025777e+00  2.140277e+00  0.000000e+00            0
-4.805174e+00  6.555720e-01      3.211030e+00  5.435380e+00  4.724686e+00  0.000000e+00            3
 1.407450e+00 -3.369475e+00      4.615309e+00  3.465297e+00  5.402071e+00  0.000000e+00            1
 8.431518e-03  1.270285e+00      4.049793e+00  4.057721e+00  2.121044e+00  0.000000e+00            0
 6.638476e-02  9.587766e-01      4.225534e+00  4.069088e+00  2.196136e+00  0.000000e+00            2
 2.181325e-01  5.127553e-01      4.082930e+00  4.063794e+00  2.320980e+00  0.000000e+00            2
-8.754593e-01  3.022944e+00      3.996727e+00  4.981618e+00  3.051996e+00  0.000000e+00            0
 1.579346e+00 -3.452432e+00      4.804161e+00  3.620987e+00  5.468634e+00  0.000000e+00            1
-7.522515e-03  1.249879e+00      4.075335e+00  4.077121e+00  2.143089e+00  0.000000e+00            0
-4.756467e+00  8.828204e-01      3.375771e+00  5.607143e+00  4.941071e+00  0.000000e+00            3
 7.912438e-01 -7.274581e-01      3.999111e+00  4.211311e+00  2.983307e+00  0.000000e+00            1
-1.708997e+00  1.541307e+00      3.769290e+00  5.548943e+00  3.737252e+00  0.000000e+00            1
 1.255728e-01  7.499747e-01      4.163120e+00  4.071087e+00  2.253007e+00  0.000000e+00            2
 1.652669e-01  7.384090e-01      4.185427e+00  4.036928e+00  2.226625e+00  0.000000e+00            2
-5.136097e-01  1.217722e+00      4.066432e+00  4.580899e+00  2.632526e+00  0.000000e+00            2
 9.556656e-01 -1.028063e+00      4.073322e+00  4.191464e+00  3.203092e+00  0.000000e+00            1
 8.734547e-01 -8.777604e-01      4.032750e+00  4.243244e+00  3.090406e+00  0.000000e+00            1
 1.751241e+00 -3.535388e+00      4.993167e+00  3.779904e+00  5.540975e+00  0.000000e+00            1
-2.347655e-02  1.229473e+00      4.100882e+00  4.096593e+00  2.165218e+00  0.000000e+00            0
 8.908950e-01 -8.405332e-01      4.059979e+00  4.211314e+00  3.049384e+00  0.000000e+00            1
-4.707761e+00  1.110069e+00      3.548095e+00  5.783146e+00  5.158850e+00  0.000000e+00            3
-1.825369e+00  1.630654e+00      3.815941e+00  5.633361e+00  3.843158e+00  0.000000e+00            1
 9.905462e-01 -9.536082e-01      4.125457e+00  4.216706e+00  3.121346e+00  0.000000e+00            1
-1.984313e+00  1.811630e+00      3.944635e+00  5.811651e+00  3.988764e+00  0.000000e+00            1
 6.104878e-02  8.281920e-01      4.167576e+00  4.109558e+00  2.265539e+00  0.000000e+00            2
-4.534562e-01  1.221595e+00      4.106527e+00  4.520972e+00  2.573978e+00  0.000000e+00            2
 1.037877e+00 -1.178365e+00      4.120623e+00  4.146121e+00  3.320796e+00  0.000000e+00            1
 1.216579e-02  1.045773e+00      4.201739e+00  4.100411e+00  2.205002e+00  0.000000e+00            0
 1.014211e+00 -1.065987e+00      4.121441e+00  4.206412e+00  3.220567e+00  0.000000e+00            1
-3.475218e-03  9.064093e-01      4.174491e+00  4.150151e+00  2.282510e+00  0.000000e+00            2
 3.145477e-02  9.325930e-01      4.217798e+00  4.109587e+00  2.239314e+00  0.000000e+00            2
-2.143258e+00  1.992606e+00      4.083493e+00  5.994319e+00  4.143265e+00  0.000000e+00            1
-5.695564e-01  1.365190e+00      4.151091e+00  4.613440e+00  2.646810e+00  0.000000e+00            2
 1.892927e+00 -2.533500e+00      4.921926e+00  4.159988e+00  4.534764e+00  0.000000e+00            1
 2.358190e+00 -1.842262e+00      5.360511e+00  4.178339e+00  3.858922e+00  0.000000e+00            2
 2.806552e+00 -1.973219e+00      5.806614e+00  4.148588e+00  4.054256e+00  0.000000e+00            2
-1.065215e+00  3.077738e+00      4.168518e+00  5.178603e+00  3.249164e+00  0.000000e+00            0
 2.979135e+00 -2.002747e+00      5.979136e+00  4.130877e+00  4.120763e+00  0.000000e+00            2
 1.894775e+00 -1.611712e+00      4.910152e+00  4.180483e+00  3.613245e+00  0.000000e+00            2
 2.057538e+00 -1.701630e+00      5.066332e+00  4.180337e+00  3.702077e+00  0.000000e+00            2
 1.732012e+00 -1.521795e+00      4.756114e+00  4.188891e+00  3.531976e+00  0.000000e+00            2
 2.496079e+00 -1.892976e+00      5.497121e+00  4.173373e+00  3.924457e+00  0.000000e+00            2
-4.450423e-01  1.524278e+00      4.242348e+00  4.470426e+00  2.490892e+00  0.000000e+00            2
 3.151719e+00 -2.032274e+00      6.034182e+00  4.120536e+00  4.193530e+00  0.000000e+00            2
-4.492492e-01  1.372937e+00      4.228833e+00  4.493220e+00  2.528246e+00  0.000000e+00            2
-3.735181e+00  2.094730e+00      4.160205e+00  6.336923e+00  5.735963e+00  0.000000e+00            1
-6.255030e-01  1.512657e+00      4.239929e+00  4.651105e+00  2.670350e+00  0.000000e+00            2
-3.512163e+00  2.182891e+00      4.214130e+00  6.365122e+00  5.515197e+00  0.000000e+00            1
 2.049285e+00 -2.443297e+00      5.068707e+00  4.338206e+00  4.443570e+00  0.000000e+00            1
 2.633968e+00 -1.943691e+00      5.634250e+00  4.173576e+00  3.994323e+00  0.000000e+00            2
 2.220301e+00 -1.791547e+00      5.224461e+00  4.188455e+00  3.797942e+00  0.000000e+00            2
 3.317140e+00 -2.081827e+00      6.090090e+00  4.138551e+00  4.289075e+00  0.000000e+00            2
-5.352727e-01  1.518468e+00      4.295870e+00  4.560764e+00  2.580597e+00  0.000000e+00            2
-2.302203e+00  2.173583e+00      4.231514e+00  6.180975e+00  4.305703e+00  0.000000e+00            1
 4.867279e+00 -2.044511e+00      6.326361e+00  4.136453e+00  4.957758e+00  0.000000e+00            0
 2.625582e+00 -2.218997e+00      5.629843e+00  4.437225e+00  4.265125e+00  0.000000e+00            2
 3.222743e+00 -2.181393e+00      6.185405e+00  4.253020e+00  4.356507e+00  0.000000e+00            2
 2.629775e+00 -2.081344e+00      5.630363e+00  4.305216e+00  4.129647e+00  0.000000e+00            2
 3.482561e+00 -2.131379e+00      6.150340e+00  4.163657e+00  4.389337e+00  0.000000e+00            2
-1.136920e+00  2.975159e+00      4.261972e+00  5.228660e+00  3.284997e+00  0.000000e+00            0
 2.138961e+00 -2.521029e+00      5.165307e+00  4.395265e+00  4.523164e+00  0.000000e+00            1
-7.300198e-01  1.629804e+00      4.281155e+00  4.744484e+00  2.755005e+00  0.000000e+00            2
-8.345366e-01  1.746950e+00      4.327686e+00  4.841155e+00  2.845810e+00  0.000000e+00            2
 3.647982e+00 -2.180932e+00      6.214805e+00  4.195725e+00  4.494000e+00  0.000000e+00            2
 2.228638e+00 -2.598761e+00      5.262810e+00  4.454756e+00  4.604441e+00  0.000000e+00            1
-3.289146e+00  2.271052e+00      4.280829e+00  6.402187e+00  5.296086e+00  0.000000e+00            1
-1.208625e+00  2.872579e+00      4.357017e+00  5.281209e+00  3.325157e+00  0.000000e+00            0
-9.390534e-01  1.864097e+00      4.379354e+00  4.940923e+00  2.942194e+00  0.000000e+00            2
 3.293767e+00 -2.330513e+00      6.302439e+00  4.387722e+00  4.519643e+00  0.000000e+00            2
 2.324655e+00 -2.722895e+00      5.373502e+00  4.509283e+00  4.734040e+00  0.000000e+00            1
 3.553585e+00 -2.280498e+00      6.304849e+00  4.303714e+00  4.553712e+00  0.000000e+00            2
-2.461148e+00  2.354559e+00      4.387772e+00  6.371270e+00  4.475215e+00  0.000000e+00            1
-1.267482e+00  2.751904e+00      4.446250e+00  5.320876e+00  3.352879e+00  0.000000e+00            0
-3.066128e+00  2.359213e+00      4.359715e+00  6.447963e+00  5.078847e+00  0.000000e+00            1
-1.264661e+00  2.683572e+00      4.463218e+00  5.308854e+00  3.335459e+00  0.000000e+00            0
 3.459188e+00 -2.380065e+00      6.396568e+00  4.413326e+00  4.616730e+00  0.000000e+00            2
 2.420671e+00 -2.847029e+00      5.486450e+00  4.568553e+00  4.865250e+00  0.000000e+00            1
 3.364790e+00 -2.479632e+00      6.382837e+00  4.524444e+00  4.682921e+00  0.000000e+00            2
 4.933640e+00 -2.246673e+00      6.539105e+00  4.348094e+00  5.161441e+00  0.000000e+00            0
-1.320697e+00  2.494565e+00      4.575452e+00  5.343633e+00  3.357324e+00  0.000000e+00            0
 2.516688e+00 -2.971163e+00      5.601518e+00  4.632384e+00  4.997942e+00  0.000000e+00            1
-2.843110e+00  2.447374e+00      4.450141e+00  6.502267e+00  4.863729e+00  0.000000e+00            1
-1.326339e+00  2.631229e+00      4.537702e+00  5.363612e+00  3.385702e+00  0.000000e+00            0
-3.729730e+00  2.298512e+00      4.360013e+00  6.531709e+00  5.737501e+00  0.000000e+00            1
 3.430752e+00 -2.503858e+00      6.450461e+00  4.539690e+00  4.725652e+00  0.000000e+00            2
 2.612705e+00 -3.095297e+00      5.718578e+00  4.700589e+00  5.132003e+00  0.000000e+00            1
 3.496713e+00 -2.528084e+00      6.518141e+00  4.555968e+00  4.769036e+00  0.000000e+00            2
-1.343137e+00  2.522672e+00      4.587520e+00  5.368640e+00  3.383748e+00  0.000000e+00            0
-2.620093e+00  2.535535e+00      4.551419e+00  6.564887e+00  4.651027e+00  0.000000e+00            1
-1.359935e+00  2.414115e+00      4.639404e+00  5.375909e+00  3.385359e+00  0.000000e+00            0
 5.000000e+00 -2.448836e+00      6.751850e+00  4.559840e+00  5.365831e+00  0.000000e+00            0
-3.724280e+00  2.502293e+00      4.560178e+00  6.727032e+00  5.746275e+00  0.000000e+00            1
-1.376734e+00  2.305558e+00      4.601394e+00  5.385409e+00  3.390530e+00  0.000000e+00            0
 4.828915e+00 -2.574887e+00      6.824520e+00  4.649376e+00  5.378880e+00  0.000000e+00            0
-3.718829e+00  2.706075e+00      4.760657e+00  6.922847e+00  5.762252e+00  0.000000e+00            1
 4.657830e+00 -2.700939e+00      6.902969e+00  4.746743e+00  5.400267e+00  0.000000e+00            0
-3.713378e+00  2.909856e+00      4.961411e+00  7.119114e+00  5.785372e+00  0.000000e+00            1
 4.486745e+00 -2.826991e+00      6.987003e+00  4.851470e+00  5.429893e+00  0.000000e+00            0
-3.707928e+00  3.113638e+00      5.162408e+00  7.315795e+00  5.815550e+00  0.000000e+00            1
-3.702477e+00  3.317419e+00      5.363620e+00  7.512859e+00  5.852678e+00  0.000000e+00            1
 4.315659e+00 -2.953042e+00      7.076422e+00  4.963090e+00  5.467623e+00  0.000000e+00            0
-3.842570e+00  3.482835e+00      5.547198e+00  7.706353e+00  6.027804e+00  0.000000e+00            1
 4.329622e+00 -3.059348e+00      7.183473e+00  5.070074e+00  5.569932e+00  0.000000e+00            0
 4.343585e+00 -3.165654e+00      7.290529e+00  5.177067e+00  5.672422e+00  0.000000e+00            0
-3.982664e+00  3.648250e+00      5.733093e+00  7.901056e+00  6.205561e+00  0.000000e+00            1
 4.324157e+00 -3.185012e+00      7.306010e+00  5.195134e+00  5.682081e+00  0.000000e+00            0
-4.122757e+00  3.813666e+00      5.921089e+00  8.096880e+00  6.385729e+00  0.000000e+00            1
 4.304729e+00 -3.204369e+00      7.321561e+00  5.213283e+00  5.691857e+00  0.000000e+00            0
-4.262850e+00  3.979081e+00      6.110990e+00  8.293746e+00  6.568109e+00  0.000000e+00            1
 4.348758e+00 -3.434526e+00      7.487463e+00  5.445705e+00  5.920366e+00  0.000000e+00            0
-4.402944e+00  4.144497e+00      6.302626e+00  8.491582e+00  6.752522e+00  0.000000e+00            1
 4.392787e+00 -3.664682e+00      7.577893e+00  5.678284e+00  6.149313e+00  0.000000e+00            0
-4.543037e+00  4.309912e+00      6.495841e+00  8.690321e+00  6.938806e+00  0.000000e+00            1
 4.436816e+00 -3.894839e+00      7.674415e+00  5.911001e+00  6.378652e+00  0.000000e+00            0
 4.480845e+00 -4.124995e+00      7.776802e+00  6.143841e+00  6.608340e+00  0.000000e+00            0
 4.524874e+00 -4.355152e+00      7.884825e+00  6.376790e+00  6.838343e+00  0.000000e+00            0
 4.568903e+00 -4.585308e+00      7.998257e+00  6.594928e+00  7.068631e+00  0.000000e+00            0
 4.612932e+00 -4.815464e+00      8.116870e+00  6.663022e+00  7.299176e+00  0.000000e+00            0
