# Generation  Evaluations  Time (s)  Best_obj[0]  Best_obj[1]  Best_obj[2]  Hypervol.   IGD         IGDX        SR    Appr.set  [ Pop.index  Subgen.  Pop.size  Subpops ]
           0         390       6.199   2.805e+00   3.771e+00   4.249e+00   0.000e+00   4.313e+00   5.310e+00  0.0000           2  [    0      1        120          1 ]
           1        2568       6.271   1.138e+00   9.234e-01   1.040e+00   0.000e+00   6.036e-01   9.437e-01  0.0000          63  [    1      1        240          6 ]
           1        3385       6.400   1.035e+00   8.987e-01   8.473e-01   0.000e+00   4.388e-01   7.536e-01  0.0000          79  [    0     10        120          4 ]
           1        5997       6.710   2.859e-01   4.373e-01   4.072e-01   0.000e+00   1.581e-01   3.948e-01  0.0000         271  [    0     20        120          5 ]
           1        8570       7.655   2.859e-01   4.373e-01   3.657e-01   0.000e+00   1.413e-01   3.666e-01  0.0000         424  [    0     30        120          4 ]
           1       11261       8.954   2.859e-01   4.361e-01   3.243e-01   0.000e+00   1.290e-01   3.520e-01  0.0000         531  [    0     40        120          5 ]
           1       14482      11.339   2.859e-01   4.052e-01   3.068e-01   0.000e+00   1.259e-01   3.471e-01  0.0000         650  [    0     50        120          4 ]
           1       17221      14.516   2.859e-01   4.030e-01   3.068e-01   0.000e+00   1.210e-01   3.383e-01  0.0000         737  [    0     60        120          6 ]
           2       20929      16.990   2.141e-01   3.408e-01   2.600e-01   0.000e+00   1.024e-01   3.140e-01  0.0000        1409  [    2      1        480         10 ]
           2       23996      23.886   2.141e-01   3.342e-01   1.968e-01   0.000e+00   8.825e-02   2.708e-01  0.0000        1351  [    0     70        120          4 ]
           2       25187      28.310   1.860e-01   3.342e-01   1.856e-01   0.000e+00   8.628e-02   2.649e-01  0.0000        1386  [    1     10        240          5 ]
           2       26947      34.554   1.860e-01   2.667e-01   1.820e-01   0.000e+00   8.048e-02   2.538e-01  0.0000        1397  [    0     80        120          7 ]
           2       30334      43.875   1.860e-01   2.620e-01   1.379e-01   0.000e+00   7.699e-02   2.495e-01  0.0000        1428  [    0     90        120          6 ]
           2       33262      53.485   1.860e-01   2.620e-01   1.379e-01   0.000e+00   7.478e-02   2.465e-01  0.0000        1543  [    0    100        120          5 ]
           2       36075      63.588   1.860e-01   2.620e-01   1.379e-01   0.000e+00   7.316e-02   2.426e-01  0.0000        1612  [    0    110        120          6 ]
           2       38957      74.912   1.860e-01   2.620e-01   1.379e-01   0.000e+00   7.103e-02   2.391e-01  0.0000        1654  [    0    120        120          6 ]
           2       43349      89.147   1.860e-01   2.620e-01   1.379e-01   0.000e+00   6.618e-02   2.247e-01  0.0000        1689  [    0    130        120          5 ]
           2       46308     102.267   1.860e-01   2.589e-01   1.379e-01   0.000e+00   6.349e-02   2.155e-01  0.0000        1849  [    0    140        120          5 ]
           2       49230     117.264   1.860e-01   1.963e-01   1.379e-01   0.000e+00   6.136e-02   2.131e-01  0.0000        1958  [    0    150        120          5 ]
           2       50397     125.246   1.860e-01   1.834e-01   1.379e-01   0.000e+00   6.117e-02   2.115e-01  0.0000        1975  [    1     20        240          7 ]
           2       52178     137.404   1.860e-01   7.402e-02   1.379e-01   0.000e+00   5.993e-02   2.102e-01  0.0000        2039  [    0    160        120          6 ]
           2       55504     157.256   1.137e-01   7.402e-02   1.379e-01   0.000e+00   5.916e-02   2.086e-01  0.0000        2109  [    0    170        120          6 ]
           2       58361     176.606   1.137e-01   7.402e-02   1.379e-01   0.000e+00   5.843e-02   2.067e-01  0.0000        2178  [    0    180        120          6 ]
           2       61098     194.957   1.137e-01   7.402e-02   1.379e-01   0.000e+00   5.795e-02   2.063e-01  0.0000        2253  [    0    190        120          4 ]
           2       65115     219.278   1.137e-01   7.402e-02   1.379e-01   0.000e+00   5.695e-02   2.045e-01  0.0000        2337  [    0    200        120          5 ]
           2       68723     243.455   1.137e-01   7.402e-02   1.379e-01   0.000e+00   5.658e-02   2.041e-01  0.0000        2402  [    0    210        120          7 ]
           2       72005     266.586   1.137e-01   7.402e-02   1.177e-01   0.000e+00   5.564e-02   2.019e-01  0.0000        2463  [    0    220        120          9 ]
           2       75334     291.068   1.137e-01   7.402e-02   1.177e-01   0.000e+00   5.540e-02   2.004e-01  0.0000        2498  [    0    230        120          7 ]
           2       76712     301.766   1.137e-01   7.402e-02   1.177e-01   0.000e+00   5.525e-02   2.002e-01  0.0000        2523  [    1     30        240          8 ]
           2       78512     318.431   1.137e-01   7.402e-02   1.177e-01   0.000e+00   5.499e-02   1.995e-01  0.0000        2548  [    0    240        120          4 ]
           2       82200     346.917   1.137e-01   7.402e-02   1.177e-01   0.000e+00   5.443e-02   1.985e-01  0.0000        2589  [    0    250        120          6 ]
           2       86357     375.637   1.137e-01   7.402e-02   1.177e-01   0.000e+00   5.399e-02   1.978e-01  0.0000        2668  [    0    260        120          7 ]
           2       89525     403.792   1.137e-01   7.402e-02   1.177e-01   0.000e+00   5.304e-02   1.954e-01  0.0000        2679  [    0    270        120          5 ]
           2       92629     432.571   1.137e-01   7.402e-02   1.177e-01   0.000e+00   5.271e-02   1.952e-01  0.0000        2813  [    0    280        120          6 ]
           2       96192     464.945   1.137e-01   7.402e-02   1.177e-01   0.000e+00   5.201e-02   1.933e-01  0.0000        2903  [    0    290        120          6 ]
           2       99179     494.606   1.137e-01   7.402e-02   1.177e-01   0.000e+00   5.068e-02   1.916e-01  0.0000        2947  [    0    300        120          6 ]
           2      102290     529.603   1.137e-01   7.402e-02   1.177e-01   0.000e+00   5.041e-02   1.911e-01  0.0000        2984  [    0    310        120          6 ]
           2      103451     544.994   1.137e-01   7.402e-02   1.177e-01   0.000e+00   5.041e-02   1.911e-01  0.0000        2991  [    1     40        240          5 ]
           2      105299     567.613   1.137e-01   7.402e-02   1.177e-01   0.000e+00   5.026e-02   1.909e-01  0.0000        2985  [    0    320        120          6 ]
           2      109819     608.816   1.137e-01   7.402e-02   1.177e-01   0.000e+00   4.977e-02   1.905e-01  0.0000        3049  [    0    330        120          5 ]
           2      112925     644.866   1.137e-01   7.402e-02   1.177e-01   0.000e+00   4.837e-02   1.887e-01  0.0000        3091  [    0    340        120          4 ]
           2      115892     671.568   1.137e-01   7.402e-02   1.177e-01   0.000e+00   5.042e-02   1.909e-01  0.0000        1931  [    0    350        120          7 ]
           2      119186     687.422   1.137e-01   7.402e-02   1.177e-01   0.000e+00   4.928e-02   1.883e-01  0.0000        1969  [    0    360        120          6 ]
           2      123089     704.113   1.137e-01   7.402e-02   1.155e-01   0.000e+00   4.771e-02   1.842e-01  0.0000        2011  [    0    370        120         11 ]
           2      126677     721.391   1.137e-01   7.402e-02   1.155e-01   0.000e+00   4.675e-02   1.793e-01  0.0000        2035  [    0    380        120          6 ]
           2      130737     740.905   1.137e-01   7.402e-02   1.155e-01   0.000e+00   4.669e-02   1.792e-01  0.0000        2035  [    0    390        120          7 ]
           2      132068     749.190   1.137e-01   7.402e-02   1.155e-01   0.000e+00   4.639e-02   1.786e-01  0.0000        2035  [    1     50        240          7 ]
           2      133879     761.354   1.137e-01   7.402e-02   1.155e-01   0.000e+00   4.597e-02   1.768e-01  0.0000        2036  [    0    400        120          6 ]
           2      137590     779.826   1.137e-01   7.402e-02   1.155e-01   0.000e+00   4.515e-02   1.749e-01  0.0000        2063  [    0    410        120          5 ]
           2      140675     797.890   1.137e-01   7.402e-02   1.155e-01   0.000e+00   4.381e-02   1.708e-01  0.0000        2136  [    0    420        120          5 ]
           2      143549     817.373   1.137e-01   7.402e-02   1.155e-01   0.000e+00   4.251e-02   1.673e-01  0.0000        2172  [    0    430        120          4 ]
           2      146378     835.704   1.137e-01   7.402e-02   1.155e-01   0.000e+00   4.185e-02   1.644e-01  0.0000        2228  [    0    440        120          5 ]
           2      150589     859.653   1.137e-01   7.402e-02   1.155e-01   0.000e+00   4.156e-02   1.641e-01  0.0000        2282  [    0    450        120          7 ]
           2      153674     881.034   1.137e-01   7.402e-02   1.155e-01   0.000e+00   4.082e-02   1.619e-01  0.0000        2294  [    0    460        120          4 ]
           2      156633     901.478   1.137e-01   7.402e-02   1.155e-01   0.000e+00   3.836e-02   1.529e-01  0.0000        2326  [    0    470        120          6 ]
           2      157838     911.039   1.137e-01   7.402e-02   1.155e-01   0.000e+00   3.804e-02   1.515e-01  0.0000        2329  [    1     60        240          6 ]
           2      159822     925.586   1.137e-01   7.402e-02   1.155e-01   0.000e+00   3.713e-02   1.488e-01  0.0000        2343  [    0    480        120          7 ]
           2      163557     948.060   7.768e-02   7.402e-02   1.155e-01   0.000e+00   3.633e-02   1.457e-01  0.0000        2361  [    0    490        120          6 ]
           2      166568     970.536   7.768e-02   7.402e-02   1.155e-01   0.000e+00   3.567e-02   1.435e-01  0.0000        2406  [    0    500        120          6 ]
           2      170057     993.268   7.768e-02   7.402e-02   1.155e-01   0.000e+00   3.518e-02   1.419e-01  0.0000        2433  [    0    510        120          8 ]
           3      177868    1005.735   7.768e-02   7.402e-02   6.416e-02   0.000e+00   3.292e-02   1.379e-01  0.0000        2720  [    3      1        960         20 ]
           3      182754    1033.121   7.768e-02   7.402e-02   6.416e-02   0.000e+00   3.214e-02   1.346e-01  0.0000        2694  [    0    520        120          8 ]
           3      185649    1060.480   7.768e-02   7.402e-02   6.416e-02   0.000e+00   3.181e-02   1.317e-01  0.0000        2683  [    0    530        120          8 ]
           3      188802    1085.703   7.768e-02   6.918e-02   6.416e-02   0.000e+00   3.128e-02   1.292e-01  0.0000        2731  [    0    540        120          5 ]
           3      192107    1112.618   7.768e-02   6.918e-02   6.416e-02   0.000e+00   3.039e-02   1.248e-01  0.0000        2793  [    0    550        120          9 ]
           3      195156    1138.723   7.768e-02   6.918e-02   6.416e-02   0.000e+00   3.022e-02   1.240e-01  0.0000        2799  [    0    560        120          8 ]
           3      198206    1166.625   7.768e-02   6.918e-02   6.416e-02   0.000e+00   2.989e-02   1.221e-01  0.0000        2815  [    0    570        120          6 ]
           3      201059    1191.063   7.768e-02   6.918e-02   6.416e-02   0.000e+00   2.964e-02   1.207e-01  0.0000        2790  [    2     10        480          6 ]
           3      201983    1202.197   7.768e-02   6.918e-02   6.416e-02   0.000e+00   2.950e-02   1.206e-01  0.0000        2792  [    0    580        120          7 ]
           3      204993    1230.180   7.768e-02   6.918e-02   6.416e-02   0.000e+00   2.869e-02   1.165e-01  0.0000        2816  [    0    590        120          7 ]
           3      208252    1258.201   7.768e-02   6.918e-02   6.416e-02   0.000e+00   2.835e-02   1.147e-01  0.0000        2840  [    0    600        120          8 ]
           3      211555    1288.084   7.768e-02   6.918e-02   6.416e-02   0.000e+00   2.796e-02   1.125e-01  0.0000        2842  [    0    610        120          9 ]
           3      214734    1317.173   7.768e-02   6.918e-02   6.416e-02   0.000e+00   2.753e-02   1.102e-01  0.0000        2864  [    0    620        120          8 ]
           3      217844    1346.297   7.768e-02   6.918e-02   6.416e-02   0.000e+00   2.723e-02   1.083e-01  0.5000        2857  [    0    630        120          7 ]
           3      220916    1377.035   7.768e-02   6.918e-02   6.416e-02   0.000e+00   2.695e-02   1.074e-01  0.5000        2884  [    0    640        120          7 ]
           3      224449    1407.754   7.768e-02   6.918e-02   6.416e-02   0.000e+00   2.682e-02   1.072e-01  0.5000        2882  [    0    650        120          5 ]
           3      227154    1436.055   7.768e-02   6.918e-02   6.416e-02   0.000e+00   2.669e-02   1.066e-01  0.5000        2909  [    0    660        120          7 ]
           3      229849    1466.643   7.768e-02   6.918e-02   6.416e-02   0.000e+00   2.643e-02   1.043e-01  0.5000        2875  [    0    670        120          4 ]
           3      232369    1496.647   7.768e-02   6.918e-02   6.416e-02   0.000e+00   2.617e-02   1.033e-01  0.5000        2876  [    0    680        120          5 ]
           3      234927    1525.662   7.768e-02   6.918e-02   6.416e-02   0.000e+00   2.592e-02   1.020e-01  0.5000        2883  [    0    690        120          4 ]
           3      237576    1555.134   7.768e-02   6.918e-02   6.416e-02   0.000e+00   2.568e-02   1.007e-01  0.5000        2850  [    0    700        120          8 ]
           3      241555    1585.730   7.768e-02   6.918e-02   6.416e-02   0.000e+00   2.544e-02   9.906e-02  0.5000        2874  [    0    710        120          9 ]
           3      244446    1615.066   7.768e-02   6.918e-02   6.416e-02   0.000e+00   2.506e-02   9.770e-02  1.0000        2884  [    0    720        120          6 ]
           3      247414    1645.677   7.768e-02   6.918e-02   6.416e-02   0.000e+00   2.467e-02   9.636e-02  1.0000        2905  [    0    730        120          8 ]
           3      250280    1677.172   7.768e-02   6.918e-02   6.416e-02   0.000e+00   2.443e-02   9.517e-02  1.0000        2902  [    0    740        120          5 ]
           3      253213    1708.277   7.768e-02   6.918e-02   6.416e-02   0.000e+00   2.422e-02   9.361e-02  1.0000        2913  [    0    750        120          5 ]
           3      256289    1738.830   7.768e-02   6.918e-02   6.416e-02   0.000e+00   2.400e-02   9.209e-02  1.0000        2927  [    0    760        120          7 ]
           3      260231    1772.945   7.768e-02   6.918e-02   6.416e-02   0.000e+00   2.364e-02   9.057e-02  1.0000        2928  [    0    770        120          7 ]
           3      263150    1804.581   7.768e-02   6.918e-02   6.416e-02   0.000e+00   2.328e-02   8.910e-02  1.0000        2958  [    0    780        120          5 ]
           3      266072    1835.810   7.081e-02   6.918e-02   6.416e-02   0.000e+00   2.301e-02   8.843e-02  1.0000        2953  [    0    790        120          6 ]
           3      269037    1868.069   7.054e-02   6.918e-02   6.416e-02   0.000e+00   2.275e-02   8.681e-02  1.0000        2957  [    0    800        120          7 ]
           3      271783    1901.743   6.424e-02   6.918e-02   6.416e-02   0.000e+00   2.249e-02   8.577e-02  1.0000        2964  [    0    810        120          4 ]
           3      274364    1933.524   6.424e-02   6.918e-02   6.416e-02   0.000e+00   2.241e-02   8.515e-02  1.0000        2996  [    0    820        120          6 ]
           3      277107    1965.386   6.424e-02   6.918e-02   6.416e-02   0.000e+00   2.224e-02   8.437e-02  1.0000        3016  [    0    830        120          6 ]
           3      280659    1998.525   6.424e-02   6.918e-02   6.416e-02   0.000e+00   2.212e-02   8.402e-02  1.0000        2994  [    0    840        120          3 ]
           3      283576    2029.936   6.424e-02   6.918e-02   6.416e-02   0.000e+00   2.190e-02   8.338e-02  1.0000        3036  [    0    850        120          6 ]
           3      286438    2062.262   6.424e-02   6.918e-02   6.416e-02   0.000e+00   2.176e-02   8.297e-02  1.0000        3054  [    0    860        120          7 ]
           3      289050    2094.625   6.424e-02   6.918e-02   6.416e-02   0.000e+00   2.162e-02   8.264e-02  1.0000        3052  [    0    870        120          4 ]
           3      291872    2128.407   6.424e-02   6.918e-02   6.416e-02   0.000e+00   2.147e-02   8.211e-02  1.0000        3072  [    0    880        120          5 ]
           3      294892    2160.471   6.424e-02   6.918e-02   6.416e-02   0.000e+00   2.647e-02   8.871e-02  1.0000        1922  [    0    890        120          7 ]
           3      298532    2177.964   6.424e-02   6.918e-02   6.416e-02   0.000e+00   2.485e-02   8.685e-02  1.0000        2248  [    0    900        120          7 ]
           3      301034    2195.253   6.424e-02   6.918e-02   6.416e-02   0.000e+00   2.461e-02   8.681e-02  1.0000        2299  [    0    910        120          5 ]
           3      303635    2214.687   6.424e-02   6.918e-02   6.416e-02   0.000e+00   2.450e-02   8.673e-02  1.0000        2410  [    0    920        120          7 ]
           3      306236    2240.142   6.424e-02   6.918e-02   6.416e-02   0.000e+00   2.370e-02   8.631e-02  1.0000        2627  [    0    930        120          4 ]
           3      308965    2268.108   6.424e-02   6.918e-02   6.416e-02   0.000e+00   2.312e-02   8.586e-02  1.0000        2866  [    0    940        120          6 ]
           3      311746    2300.871   6.424e-02   6.918e-02   6.416e-02   0.000e+00   2.290e-02   8.582e-02  1.0000        2951  [    0    950        120          7 ]
           3      314546    2334.647   6.424e-02   6.918e-02   6.416e-02   0.000e+00   2.281e-02   8.582e-02  1.0000        3005  [    0    960        120          8 ]
           3      318198    2371.261   6.424e-02   6.918e-02   6.416e-02   0.000e+00   2.684e-02   9.036e-02  1.0000        1872  [    0    970        120          5 ]
           3      320781    2387.365   6.424e-02   6.918e-02   6.416e-02   0.000e+00   2.599e-02   9.020e-02  1.0000        2129  [    0    980        120          6 ]
           3      323664    2404.870   6.424e-02   6.918e-02   6.416e-02   0.000e+00   2.582e-02   9.011e-02  1.0000        2190  [    0    990        120          6 ]
           3      326253    2423.157   6.424e-02   6.918e-02   6.416e-02   0.000e+00   2.546e-02   9.005e-02  1.0000        2293  [    0   1000        120          5 ]
           3      328890    2445.787   6.424e-02   6.918e-02   6.416e-02   0.000e+00   2.484e-02   8.998e-02  1.0000        2550  [    0   1010        120          6 ]
           3      331587    2468.915   6.424e-02   6.918e-02   6.416e-02   0.000e+00   2.452e-02   8.989e-02  1.0000        2741  [    0   1020        120          6 ]
           3      337062    2497.815   6.424e-02   6.918e-02   6.416e-02   0.000e+00   2.692e-02   9.176e-02  1.0000        1891  [    0   1030        120          5 ]
           3      340059    2511.923   6.424e-02   6.918e-02   6.416e-02   0.000e+00   2.671e-02   9.158e-02  1.0000        1987  [    0   1040        120         11 ]
           3      343418    2526.925   6.424e-02   6.918e-02   6.416e-02   0.000e+00   2.643e-02   9.132e-02  1.0000        2022  [    0   1050        120          9 ]
           3      346206    2541.278   6.424e-02   6.918e-02   6.416e-02   0.000e+00   2.631e-02   9.130e-02  1.0000        2084  [    0   1060        120          5 ]
           3      348970    2557.443   6.424e-02   6.918e-02   6.416e-02   0.000e+00   2.621e-02   9.130e-02  1.0000        2175  [    0   1070        120          4 ]
           3      351760    2577.005   6.424e-02   6.918e-02   6.416e-02   0.000e+00   2.563e-02   9.104e-02  1.0000        2417  [    0   1080        120          5 ]
           3      355500    2603.170   6.424e-02   6.918e-02   6.416e-02   0.000e+00   2.502e-02   9.061e-02  1.0000        2686  [    0   1090        120         10 ]
           3      358435    2628.016   6.424e-02   6.918e-02   6.416e-02   0.000e+00   2.500e-02   9.061e-02  1.0000        2698  [    0   1100        120          7 ]
           3      361404    2656.073   6.424e-02   6.918e-02   6.416e-02   0.000e+00   2.476e-02   9.046e-02  1.0000        2800  [    0   1110        120          5 ]
           3      364104    2684.569   6.424e-02   6.918e-02   6.416e-02   0.000e+00   2.458e-02   9.045e-02  1.0000        2883  [    0   1120        120          6 ]
           3      366887    2716.153   6.424e-02   6.918e-02   6.416e-02   0.000e+00   2.436e-02   9.024e-02  1.0000        2999  [    0   1130        120          7 ]
           3      369788    2751.058   6.424e-02   6.918e-02   6.416e-02   0.000e+00   2.414e-02   9.019e-02  1.0000        3090  [    0   1140        120          7 ]
           3      372552    2776.761   6.424e-02   6.918e-02   6.416e-02   0.000e+00   2.758e-02   9.311e-02  1.0000        1874  [    0   1150        120          8 ]
           3      376267    2791.931   6.424e-02   6.918e-02   6.416e-02   0.000e+00   2.724e-02   9.297e-02  1.0000        1959  [    0   1160        120          7 ]
           3      379083    2806.973   6.424e-02   6.918e-02   6.416e-02   0.000e+00   2.673e-02   9.273e-02  1.0000        2194  [    0   1170        120          6 ]
           3      381805    2826.733   6.424e-02   6.918e-02   6.416e-02   0.000e+00   2.635e-02   9.255e-02  1.0000        2380  [    0   1180        120          4 ]
           3      384442    2847.609   6.424e-02   6.918e-02   6.416e-02   0.000e+00   2.610e-02   9.251e-02  1.0000        2509  [    0   1190        120          5 ]
           3      386967    2870.300   6.424e-02   6.918e-02   6.416e-02   0.000e+00   2.580e-02   9.250e-02  1.0000        2623  [    0   1200        120          5 ]
           3      389773    2895.631   6.424e-02   6.918e-02   6.416e-02   0.000e+00   2.562e-02   9.247e-02  1.0000        2724  [    0   1210        120          7 ]
           3      392700    2918.753   6.424e-02   6.918e-02   6.416e-02   0.000e+00   2.556e-02   9.247e-02  1.0000        2769  [    2     20        480          8 ]
           3      393537    2929.706   6.424e-02   6.918e-02   6.416e-02   0.000e+00   2.554e-02   9.246e-02  1.0000        2772  [    0   1220        120          9 ]
           3      396334    2958.133   6.424e-02   6.918e-02   6.416e-02   0.000e+00   2.552e-02   9.246e-02  1.0000        2776  [    0   1230        120          6 ]
           3      399308    2987.549   6.424e-02   6.918e-02   6.416e-02   0.000e+00   2.513e-02   9.234e-02  1.0000        2958  [    0   1240        120          7 ]
           3      402166    3020.837   6.424e-02   6.918e-02   6.416e-02   0.000e+00   2.795e-02   9.444e-02  1.0000        1878  [    0   1250        120          7 ]
           3      404935    3034.994   6.424e-02   6.918e-02   6.416e-02   0.000e+00   2.717e-02   9.422e-02  1.0000        2070  [    0   1260        120          6 ]
           3      407536    3052.191   6.424e-02   6.918e-02   6.416e-02   0.000e+00   2.674e-02   9.381e-02  1.0000        2249  [    0   1270        120          8 ]
           3      410269    3070.204   6.424e-02   6.918e-02   6.416e-02   0.000e+00   2.638e-02   9.377e-02  1.0000        2386  [    0   1280        120          4 ]
           3      413800    3096.860   6.424e-02   6.918e-02   6.416e-02   0.000e+00   2.609e-02   9.376e-02  1.0000        2521  [    0   1290        120          6 ]
           3      416564    3120.027   6.424e-02   6.918e-02   6.416e-02   0.000e+00   2.570e-02   9.362e-02  1.0000        2659  [    0   1300        120          9 ]
           3      419254    3148.340   6.424e-02   6.918e-02   6.416e-02   0.000e+00   2.550e-02   9.346e-02  1.0000        2757  [    0   1310        120          6 ]
           3      421855    3176.982   6.424e-02   6.918e-02   6.416e-02   0.000e+00   2.543e-02   9.346e-02  1.0000        2778  [    0   1320        120          5 ]
           3      424395    3204.887   6.424e-02   6.918e-02   6.416e-02   0.000e+00   2.474e-02   9.297e-02  1.0000        3016  [    0   1330        120          6 ]
           3      426859    3229.391   6.424e-02   6.918e-02   6.416e-02   0.000e+00   2.769e-02   9.509e-02  1.0000        1918  [    0   1340        120          7 ]
           3      430529    3245.320   6.424e-02   6.918e-02   6.416e-02   0.000e+00   2.766e-02   9.507e-02  1.0000        1924  [    0   1350        120          5 ]
           3      433070    3261.680   6.424e-02   6.918e-02   6.416e-02   0.000e+00   2.720e-02   9.482e-02  1.0000        1982  [    0   1360        120          3 ]
           3      435810    3277.584   6.424e-02   6.918e-02   6.416e-02   0.000e+00   2.682e-02   9.452e-02  1.0000        2089  [    0   1370        120          7 ]
           3      438681    3294.830   6.424e-02   6.918e-02   6.416e-02   0.000e+00   2.656e-02   9.415e-02  1.0000        2126  [    0   1380        120          6 ]
           3      441534    3312.940   6.424e-02   6.918e-02   6.416e-02   0.000e+00   2.626e-02   9.383e-02  1.0000        2168  [    0   1390        120          5 ]
           3      444393    3331.565   6.424e-02   6.918e-02   6.416e-02   0.000e+00   2.596e-02   9.326e-02  1.0000        2223  [    0   1400        120          5 ]
           3      448279    3352.137   6.424e-02   6.918e-02   6.416e-02   0.000e+00   2.559e-02   9.272e-02  1.0000        2279  [    0   1410        120         10 ]
           3      451317    3372.436   6.424e-02   6.918e-02   6.416e-02   0.000e+00   2.537e-02   9.207e-02  1.0000        2301  [    0   1420        120          5 ]
           3      454268    3393.343   6.424e-02   6.918e-02   6.416e-02   0.000e+00   2.501e-02   9.116e-02  1.0000        2379  [    0   1430        120          8 ]
           3      457283    3416.416   6.424e-02   6.918e-02   6.416e-02   0.000e+00   2.453e-02   8.975e-02  1.0000        2390  [    0   1440        120          7 ]
           3      460284    3438.412   6.424e-02   6.918e-02   6.416e-02   0.000e+00   2.416e-02   8.855e-02  1.0000        2430  [    0   1450        120          5 ]
           3      463517    3461.915   6.424e-02   6.858e-02   6.416e-02   0.000e+00   2.366e-02   8.674e-02  1.0000        2487  [    0   1460        120          6 ]
           3      466829    3488.398   6.424e-02   6.858e-02   6.416e-02   0.000e+00   2.333e-02   8.534e-02  1.0000        2561  [    0   1470        120          9 ]
           3      471221    3512.902   6.424e-02   6.858e-02   6.416e-02   0.000e+00   2.309e-02   8.421e-02  1.0000        2573  [    0   1480        120          9 ]
           3      474190    3537.701   6.424e-02   6.858e-02   6.416e-02   0.000e+00   2.294e-02   8.370e-02  1.0000        2590  [    0   1490        120          6 ]
           3      477141    3562.057   6.424e-02   4.717e-02   6.416e-02   0.000e+00   2.284e-02   8.342e-02  1.0000        2615  [    0   1500        120          5 ]
           3      480199    3588.213   6.424e-02   4.717e-02   6.416e-02   0.000e+00   2.265e-02   8.289e-02  1.0000        2630  [    0   1510        120          5 ]
           3      483283    3614.495   6.424e-02   4.717e-02   6.414e-02   0.000e+00   2.237e-02   8.170e-02  1.0000        2658  [    0   1520        120          5 ]
           3      486494    3640.409   6.424e-02   4.717e-02   6.414e-02   0.000e+00   2.215e-02   8.082e-02  1.0000        2654  [    0   1530        120          6 ]
           3      492771    3673.306   6.424e-02   4.717e-02   6.188e-02   0.000e+00   2.196e-02   8.005e-02  1.0000        2752  [    0   1540        120          6 ]
           3      496091    3700.831   6.424e-02   4.717e-02   6.188e-02   0.000e+00   2.185e-02   7.965e-02  1.0000        2772  [    0   1550        120         11 ]
           3      499187    3728.105   6.424e-02   4.717e-02   6.188e-02   0.000e+00   2.178e-02   7.926e-02  1.0000        2779  [    0   1560        120          5 ]
           3      502518    3757.037   6.424e-02   4.717e-02   6.188e-02   0.000e+00   2.162e-02   7.850e-02  1.0000        2787  [    0   1570        120          4 ]
           3      505579    3785.976   6.424e-02   4.717e-02   6.188e-02   0.000e+00   2.149e-02   7.813e-02  1.0000        2836  [    0   1580        120          5 ]
           3      508776    3815.079   6.424e-02   4.717e-02   6.188e-02   0.000e+00   2.142e-02   7.759e-02  1.0000        2876  [    0   1590        120          7 ]
           3      511833    3845.897   6.424e-02   4.717e-02   6.188e-02   0.000e+00   2.136e-02   7.730e-02  1.0000        2881  [    0   1600        120          6 ]
           3      516149    3879.136   6.424e-02   4.717e-02   6.188e-02   0.000e+00   2.123e-02   7.683e-02  1.0000        2813  [    0   1610        120          5 ]
           3      519367    3909.147   6.424e-02   4.717e-02   6.188e-02   0.000e+00   2.110e-02   7.609e-02  1.0000        2862  [    0   1620        120          7 ]
           3      522429    3939.231   6.424e-02   4.717e-02   6.188e-02   0.000e+00   2.091e-02   7.546e-02  1.0000        2868  [    0   1630        120          5 ]
           3      525533    3970.357   6.424e-02   4.717e-02   6.188e-02   0.000e+00   2.082e-02   7.501e-02  1.0000        2871  [    0   1640        120          5 ]
           3      528625    4000.649   6.424e-02   4.717e-02   6.188e-02   0.000e+00   2.073e-02   7.445e-02  1.0000        2868  [    0   1650        120          5 ]
           3      531659    4030.497   6.424e-02   4.717e-02   6.188e-02   0.000e+00   2.066e-02   7.395e-02  1.0000        2843  [    0   1660        120          9 ]
           3      535727    4061.855   6.424e-02   4.717e-02   6.188e-02   0.000e+00   2.059e-02   7.359e-02  1.0000        2845  [    0   1670        120          7 ]
           3      538715    4092.092   6.424e-02   4.717e-02   6.188e-02   0.000e+00   2.053e-02   7.353e-02  1.0000        2878  [    0   1680        120          8 ]
           3      541770    4121.850   6.424e-02   4.717e-02   6.188e-02   0.000e+00   2.046e-02   7.297e-02  1.0000        2889  [    0   1690        120          6 ]
           3      544893    4153.366   6.424e-02   4.717e-02   6.188e-02   0.000e+00   2.036e-02   7.269e-02  1.0000        2889  [    0   1700        120          4 ]
           3      548161    4182.563   6.424e-02   4.717e-02   6.188e-02   0.000e+00   2.032e-02   7.247e-02  1.0000        2932  [    0   1710        120          8 ]
           3      551264    4213.997   6.424e-02   4.717e-02   6.188e-02   0.000e+00   2.025e-02   7.205e-02  1.0000        2936  [    0   1720        120          7 ]
           3      555464    4247.095   6.424e-02   4.717e-02   6.188e-02   0.000e+00   2.012e-02   7.179e-02  1.0000        2933  [    0   1730        120          4 ]
           3      558880    4277.295   6.424e-02   4.717e-02   6.188e-02   0.000e+00   2.008e-02   7.147e-02  1.0000        2970  [    0   1740        120          6 ]
           3      562208    4309.096   6.424e-02   4.717e-02   6.188e-02   0.000e+00   2.003e-02   7.108e-02  1.0000        2991  [    0   1750        120          9 ]
           3      565450    4341.303   6.424e-02   4.717e-02   6.188e-02   0.000e+00   1.992e-02   7.066e-02  1.0000        2994  [    0   1760        120          8 ]
           3      568793    4373.378   6.424e-02   4.717e-02   2.827e-02   0.000e+00   1.983e-02   7.022e-02  1.0000        2986  [    0   1770        120          9 ]
           3      571966    4406.731   6.424e-02   4.717e-02   2.827e-02   0.000e+00   1.976e-02   6.991e-02  1.0000        2947  [    0   1780        120          6 ]
           3      575197    4438.738   6.424e-02   4.717e-02   2.827e-02   0.000e+00   1.968e-02   6.959e-02  1.0000        2958  [    0   1790        120          7 ]
           3      579516    4474.250   6.424e-02   4.717e-02   2.827e-02   0.000e+00   1.967e-02   6.935e-02  1.0000        3001  [    0   1800        120          6 ]
           3      582418    4507.842   6.424e-02   4.717e-02   2.827e-02   0.000e+00   1.966e-02   6.905e-02  1.0000        2999  [    0   1810        120          7 ]
           3      585585    4539.600   6.424e-02   4.717e-02   2.827e-02   0.000e+00   1.966e-02   6.905e-02  1.0000        2981  [    0   1820        120          7 ]
           3      588711    4573.242   6.424e-02   4.717e-02   2.827e-02   0.000e+00   1.965e-02   6.905e-02  1.0000        3004  [    0   1830        120          6 ]
           3      591886    4606.789   6.424e-02   4.717e-02   2.827e-02   0.000e+00   1.961e-02   6.901e-02  1.0000        3016  [    0   1840        120          7 ]
           3      595300    4641.367   6.424e-02   4.717e-02   2.827e-02   0.000e+00   1.959e-02   6.895e-02  1.0000        3021  [    0   1850        120          8 ]
           3      598699    4667.495   6.424e-02   4.717e-02   2.827e-02   0.000e+00   1.953e-02   6.846e-02  1.0000        3025  [    2     30        480          9 ]
           3      599706    4679.642   6.424e-02   4.717e-02   2.827e-02   0.000e+00   1.951e-02   6.830e-02  1.0000        3039  [    0   1860        120          9 ]
           3      603139    4714.007   6.424e-02   4.717e-02   2.827e-02   0.000e+00   1.948e-02   6.812e-02  1.0000        3052  [    0   1870        120          6 ]
           3      606428    4749.651   6.424e-02   4.717e-02   2.827e-02   0.000e+00   1.946e-02   6.792e-02  1.0000        3019  [    0   1880        120          6 ]
           3      609720    4782.128   6.424e-02   4.717e-02   2.827e-02   0.000e+00   1.941e-02   6.757e-02  1.0000        3026  [    0   1890        120          8 ]
           3      612950    4814.033   6.424e-02   4.717e-02   2.827e-02   0.000e+00   1.938e-02   6.736e-02  1.0000        3023  [    0   1900        120          8 ]
           3      616032    4846.446   6.424e-02   4.717e-02   2.827e-02   0.000e+00   1.935e-02   6.712e-02  1.0000        3006  [    0   1910        120          4 ]
           3      619200    4880.384   6.424e-02   4.717e-02   2.827e-02   0.000e+00   1.930e-02   6.675e-02  1.0000        3019  [    0   1920        120          8 ]
           3      623304    4913.810   5.318e-02   4.717e-02   2.827e-02   0.000e+00   1.926e-02   6.647e-02  1.0000        3003  [    0   1930        120         10 ]
           3      626312    4946.413   5.318e-02   4.717e-02   2.827e-02   0.000e+00   1.926e-02   6.646e-02  1.0000        2998  [    0   1940        120          9 ]
           3      629126    4978.303   5.318e-02   4.717e-02   2.827e-02   0.000e+00   1.926e-02   6.646e-02  1.0000        2993  [    0   1950        120         10 ]
           3      632099    5010.114   5.318e-02   4.717e-02   2.827e-02   0.000e+00   1.924e-02   6.642e-02  1.0000        2989  [    0   1960        120          6 ]
           3      635128    5043.310   5.318e-02   4.717e-02   2.827e-02   0.000e+00   1.924e-02   6.642e-02  1.0000        3009  [    0   1970        120          8 ]
           3      638082    5077.110   5.318e-02   4.717e-02   2.827e-02   0.000e+00   1.924e-02   6.639e-02  1.0000        3023  [    0   1980        120          8 ]
           3      642182    5116.181   5.318e-02   4.717e-02   2.827e-02   0.000e+00   1.923e-02   6.623e-02  1.0000        3037  [    0   1990        120          8 ]
           3      645091    5151.137   5.318e-02   4.717e-02   2.827e-02   0.000e+00   1.923e-02   6.619e-02  1.0000        3032  [    0   2000        120          7 ]
           3      648138    5185.257   5.318e-02   4.717e-02   2.827e-02   0.000e+00   1.920e-02   6.610e-02  1.0000        3051  [    0   2010        120          8 ]
           3      651341    5219.880   5.318e-02   4.717e-02   2.827e-02   0.000e+00   1.917e-02   6.592e-02  1.0000        3060  [    0   2020        120          7 ]
           3      654430    5256.431   5.318e-02   4.717e-02   2.827e-02   0.000e+00   1.912e-02   6.570e-02  1.0000        3069  [    0   2030        120          6 ]
           3      657489    5290.176   5.318e-02   4.717e-02   2.827e-02   0.000e+00   1.910e-02   6.553e-02  1.0000        3064  [    0   2040        120          6 ]
           3      663297    5332.852   5.318e-02   3.081e-02   2.827e-02   0.000e+00   2.510e-02   7.478e-02  1.0000        1822  [    0   2050        120          7 ]
           3      666209    5348.983   5.318e-02   3.081e-02   2.827e-02   0.000e+00   2.248e-02   7.089e-02  1.0000        2347  [    0   2060        120          7 ]
           3      668981    5371.922   5.318e-02   3.081e-02   2.827e-02   0.000e+00   2.219e-02   7.077e-02  1.0000        2494  [    0   2070        120          7 ]
           3      671930    5394.794   5.318e-02   3.081e-02   2.827e-02   0.000e+00   2.200e-02   7.077e-02  1.0000        2554  [    0   2080        120         10 ]
           3      675329    5415.390   5.318e-02   3.081e-02   2.827e-02   0.000e+00   2.200e-02   7.077e-02  1.0000        2564  [    0   2090        120          9 ]
           3      678374    5437.880   5.318e-02   3.081e-02   2.827e-02   0.000e+00   2.200e-02   7.077e-02  1.0000        2564  [    0   2100        120         11 ]
           3      681492    5461.677   5.318e-02   3.081e-02   2.827e-02   0.000e+00   2.181e-02   7.077e-02  1.0000        2622  [    0   2110        120          9 ]
           3      685732    5491.029   5.318e-02   3.081e-02   2.827e-02   0.000e+00   2.164e-02   7.075e-02  1.0000        2702  [    0   2120        120          8 ]
           3      688612    5519.278   5.318e-02   3.081e-02   2.827e-02   0.000e+00   2.139e-02   7.068e-02  1.0000        2773  [    0   2130        120          7 ]
           3      691673    5547.865   5.318e-02   3.081e-02   2.827e-02   0.000e+00   2.113e-02   7.065e-02  1.0000        2913  [    0   2140        120         10 ]
           3      694657    5579.541   5.318e-02   3.081e-02   2.827e-02   0.000e+00   2.085e-02   7.056e-02  1.0000        3061  [    0   2150        120          5 ]
           3      697493    5605.709   5.318e-02   3.081e-02   2.827e-02   0.000e+00   2.380e-02   7.438e-02  1.0000        2019  [    0   2160        120          6 ]
           3      700267    5622.010   5.318e-02   3.081e-02   2.827e-02   0.000e+00   2.343e-02   7.437e-02  1.0000        2201  [    0   2170        120          7 ]
           3      704027    5641.390   5.318e-02   3.081e-02   2.827e-02   0.000e+00   2.336e-02   7.437e-02  1.0000        2232  [    0   2180        120          6 ]
           3      706852    5662.411   5.318e-02   3.081e-02   2.827e-02   0.000e+00   2.272e-02   7.433e-02  1.0000        2506  [    0   2190        120          5 ]
           3      709600    5688.017   5.318e-02   3.081e-02   2.827e-02   0.000e+00   2.207e-02   7.423e-02  1.0000        2799  [    0   2200        120          4 ]
           3      712310    5719.570   5.318e-02   3.081e-02   2.827e-02   0.000e+00   2.133e-02   7.385e-02  1.0000        3109  [    0   2210        120          5 ]
           3      714968    5739.308   5.318e-02   3.081e-02   2.827e-02   0.000e+00   2.474e-02   7.662e-02  1.0000        2009  [    0   2220        120          5 ]
           3      717747    5755.927   5.318e-02   3.081e-02   2.827e-02   0.000e+00   2.432e-02   7.661e-02  1.0000        2124  [    0   2230        120          7 ]
           3      720630    5773.114   5.318e-02   3.081e-02   2.827e-02   0.000e+00   2.380e-02   7.652e-02  1.0000        2338  [    0   2240        120          5 ]
           3      724301    5797.985   5.318e-02   3.081e-02   2.827e-02   0.000e+00   2.301e-02   7.649e-02  1.0000        2584  [    0   2250        120          6 ]
           3      726781    5823.561   5.318e-02   3.081e-02   2.827e-02   0.000e+00   2.270e-02   7.642e-02  1.0000        2747  [    0   2260        120          4 ]
           3      729398    5853.926   5.318e-02   3.081e-02   2.827e-02   0.000e+00   2.240e-02   7.641e-02  1.0000        2883  [    0   2270        120          5 ]
           3      731979    5884.271   5.318e-02   3.081e-02   2.827e-02   0.000e+00   2.237e-02   7.641e-02  1.0000        2895  [    0   2280        120          6 ]
           3      734669    5912.942   5.318e-02   3.081e-02   2.827e-02   0.000e+00   2.237e-02   7.641e-02  1.0000        2910  [    0   2290        120          8 ]
           3      737381    5944.441   5.318e-02   3.081e-02   2.827e-02   0.000e+00   2.231e-02   7.641e-02  1.0000        2968  [    0   2300        120          6 ]
           3      741354    5984.008   5.318e-02   3.081e-02   2.827e-02   0.000e+00   2.547e-02   7.869e-02  1.0000        1838  [    0   2310        120          5 ]
           3      743874    5997.394   5.318e-02   3.081e-02   2.827e-02   0.000e+00   2.490e-02   7.840e-02  1.0000        1987  [    0   2320        120          5 ]
           3      746415    6012.783   5.318e-02   3.081e-02   2.827e-02   0.000e+00   2.462e-02   7.839e-02  1.0000        2125  [    0   2330        120          8 ]
           3      749151    6032.082   5.318e-02   3.081e-02   2.827e-02   0.000e+00   2.369e-02   7.810e-02  1.0000        2362  [    0   2340        120          5 ]
           3      751515    6053.368   5.318e-02   3.081e-02   2.827e-02   0.000e+00   2.360e-02   7.804e-02  1.0000        2406  [    0   2350        120          4 ]
           3      753973    6075.893   5.318e-02   3.081e-02   2.827e-02   0.000e+00   2.330e-02   7.793e-02  1.0000        2628  [    0   2360        120          8 ]
           3      757456    6105.523   5.318e-02   3.081e-02   2.827e-02   0.000e+00   2.311e-02   7.793e-02  1.0000        2732  [    0   2370        120          6 ]
           3      760027    6133.937   5.318e-02   3.081e-02   2.827e-02   0.000e+00   2.268e-02   7.778e-02  1.0000        2943  [    0   2380        120          4 ]
           3      762683    6168.728   5.318e-02   3.081e-02   2.827e-02   0.000e+00   2.579e-02   7.980e-02  1.0000        1843  [    0   2390        120          5 ]
           3      765283    6182.298   5.318e-02   3.081e-02   2.827e-02   0.000e+00   2.543e-02   7.976e-02  1.0000        1999  [    0   2400        120          5 ]
           3      767835    6198.116   5.318e-02   3.081e-02   2.827e-02   0.000e+00   2.500e-02   7.967e-02  1.0000        2106  [    0   2410        120          5 ]
           3      770525    6219.297   5.318e-02   3.081e-02   2.827e-02   0.000e+00   2.438e-02   7.961e-02  1.0000        2303  [    0   2420        120          4 ]
           3      773251    6239.873   5.318e-02   3.081e-02   2.827e-02   0.000e+00   2.399e-02   7.957e-02  1.0000        2479  [    0   2430        120          4 ]
           3      776744    6265.982   5.318e-02   3.081e-02   2.827e-02   0.000e+00   2.362e-02   7.956e-02  1.0000        2693  [    0   2440        120          5 ]
           3      779260    6294.530   5.318e-02   3.081e-02   2.827e-02   0.000e+00   2.314e-02   7.954e-02  1.0000        2939  [    0   2450        120          5 ]
           3      781837    6328.158   5.318e-02   3.081e-02   2.827e-02   0.000e+00   2.284e-02   7.941e-02  1.0000        3071  [    0   2460        120          5 ]
           3      784552    6361.007   5.318e-02   3.081e-02   2.827e-02   0.000e+00   2.278e-02   7.940e-02  1.0000        3098  [    0   2470        120          5 ]
           3      787352    6398.429   5.318e-02   3.081e-02   2.827e-02   0.000e+00   2.637e-02   8.097e-02  1.0000        1813  [    0   2480        120          8 ]
           3      790302    6411.979   5.318e-02   3.081e-02   2.827e-02   0.000e+00   2.603e-02   8.097e-02  1.0000        1925  [    0   2490        120          8 ]
           3      793187    6424.532   5.318e-02   3.081e-02   2.827e-02   0.000e+00   2.571e-02   8.095e-02  1.0000        2028  [    2     40        480          8 ]
           3      794011    6431.105   5.318e-02   3.081e-02   2.827e-02   0.000e+00   2.561e-02   8.095e-02  1.0000        2060  [    0   2500        120          5 ]
           3      796730    6447.647   5.318e-02   3.081e-02   2.827e-02   0.000e+00   2.513e-02   8.082e-02  1.0000        2235  [    0   2510        120          6 ]
           3      799536    6467.833   5.318e-02   3.081e-02   2.827e-02   0.000e+00   2.467e-02   8.064e-02  1.0000        2366  [    0   2520        120          5 ]
           3      802258    6489.967   5.318e-02   3.081e-02   2.827e-02   0.000e+00   2.440e-02   8.057e-02  1.0000        2469  [    0   2530        120          8 ]
           3      804874    6512.603   5.318e-02   3.081e-02   2.827e-02   0.000e+00   2.433e-02   8.048e-02  1.0000        2548  [    0   2540        120          5 ]
           3      807335    6538.178   5.318e-02   3.081e-02   2.827e-02   0.000e+00   2.330e-02   7.999e-02  1.0000        2843  [    0   2550        120          5 ]
           3      809830    6570.452   5.318e-02   3.081e-02   2.827e-02   0.000e+00   2.299e-02   7.998e-02  1.0000        3027  [    0   2560        120          5 ]
           3      815433    6597.858   5.318e-02   3.081e-02   2.827e-02   0.000e+00   2.622e-02   8.134e-02  1.0000        1970  [    0   2570        120         10 ]
           3      818376    6612.611   5.318e-02   3.081e-02   2.827e-02   0.000e+00   2.610e-02   8.124e-02  1.0000        1982  [    0   2580        120          8 ]
           3      821334    6627.503   5.318e-02   3.081e-02   2.827e-02   0.000e+00   2.590e-02   8.101e-02  1.0000        1991  [    0   2590        120          5 ]
           3      824293    6644.636   5.318e-02   3.081e-02   2.827e-02   0.000e+00   2.546e-02   8.016e-02  1.0000        2027  [    0   2600        120          6 ]
           3      827101    6658.210   5.318e-02   3.081e-02   2.827e-02   0.000e+00   2.516e-02   7.989e-02  1.0000        2075  [    0   2610        120          5 ]
           3      830178    6674.817   5.318e-02   3.081e-02   2.827e-02   0.000e+00   2.477e-02   7.884e-02  1.0000        2126  [    0   2620        120          5 ]
           3      833982    6693.995   5.318e-02   3.081e-02   2.827e-02   0.000e+00   2.438e-02   7.785e-02  1.0000        2191  [    0   2630        120          5 ]
           3      836743    6712.246   5.318e-02   3.081e-02   2.827e-02   0.000e+00   2.408e-02   7.759e-02  1.0000        2223  [    0   2640        120          5 ]
           3      839689    6729.610   5.318e-02   3.081e-02   2.827e-02   0.000e+00   2.387e-02   7.735e-02  1.0000        2264  [    0   2650        120          8 ]
           3      842797    6748.706   5.318e-02   3.081e-02   2.827e-02   0.000e+00   2.364e-02   7.673e-02  1.0000        2301  [    0   2660        120          9 ]
           3      846009    6767.577   4.934e-02   3.081e-02   2.827e-02   0.000e+00   2.342e-02   7.625e-02  1.0000        2326  [    0   2670        120          6 ]
           3      849018    6787.824   4.934e-02   3.081e-02   2.827e-02   0.000e+00   2.310e-02   7.565e-02  1.0000        2386  [    0   2680        120          5 ]
           3      852998    6811.222   4.934e-02   3.081e-02   2.827e-02   0.000e+00   2.291e-02   7.530e-02  1.0000        2405  [    0   2690        120          9 ]
           3      856035    6833.780   4.934e-02   3.081e-02   2.827e-02   0.000e+00   2.279e-02   7.498e-02  1.0000        2390  [    0   2700        120          9 ]
           3      859391    6854.000   4.934e-02   3.081e-02   2.827e-02   0.000e+00   2.272e-02   7.474e-02  1.0000        2414  [    0   2710        120          5 ]
           3      862448    6875.463   4.934e-02   3.081e-02   2.827e-02   0.000e+00   2.250e-02   7.398e-02  1.0000        2454  [    0   2720        120          6 ]
           3      865691    6896.914   4.934e-02   3.081e-02   2.827e-02   0.000e+00   2.228e-02   7.337e-02  1.0000        2470  [    0   2730        120          7 ]
           3      869023    6919.309   4.934e-02   3.081e-02   2.827e-02   0.000e+00   2.213e-02   7.283e-02  1.0000        2486  [    0   2740        120          5 ]
           3      872032    6943.501   4.934e-02   3.081e-02   2.827e-02   0.000e+00   2.203e-02   7.270e-02  1.0000        2501  [    0   2750        120          6 ]
           3      876006    6968.454   4.934e-02   3.081e-02   2.827e-02   0.000e+00   2.193e-02   7.248e-02  1.0000        2513  [    0   2760        120          7 ]
           3      879121    6993.391   4.934e-02   3.081e-02   2.827e-02   0.000e+00   2.188e-02   7.234e-02  1.0000        2540  [    0   2770        120          8 ]
           3      882180    7017.826   4.570e-02   3.081e-02   2.827e-02   0.000e+00   2.179e-02   7.177e-02  1.0000        2550  [    0   2780        120          6 ]
           3      885360    7043.037   4.570e-02   3.081e-02   2.827e-02   0.000e+00   2.173e-02   7.109e-02  1.0000        2573  [    0   2790        120          7 ]
           3      888635    7066.389   4.570e-02   3.081e-02   2.827e-02   0.000e+00   2.163e-02   7.050e-02  1.0000        2602  [    0   2800        120         12 ]
           3      891860    7092.706   4.570e-02   3.081e-02   2.827e-02   0.000e+00   2.160e-02   7.034e-02  1.0000        2593  [    0   2810        120          7 ]
           3      895734    7121.861   4.570e-02   3.081e-02   2.827e-02   0.000e+00   2.155e-02   7.026e-02  1.0000        2586  [    0   2820        120          4 ]
           3      898519    7146.419   4.570e-02   3.081e-02   2.827e-02   0.000e+00   2.149e-02   7.003e-02  1.0000        2575  [    0   2830        120          5 ]
           3      901436    7171.466   4.570e-02   3.081e-02   2.827e-02   0.000e+00   2.138e-02   6.971e-02  1.0000        2598  [    0   2840        120          8 ]
           3      904478    7196.054   4.570e-02   3.081e-02   2.827e-02   0.000e+00   2.128e-02   6.916e-02  1.0000        2622  [    0   2850        120          7 ]
           3      907182    7220.347   4.570e-02   3.081e-02   2.827e-02   0.000e+00   2.123e-02   6.881e-02  1.0000        2628  [    0   2860        120          5 ]
           3      910140    7244.947   4.570e-02   3.081e-02   2.827e-02   0.000e+00   2.119e-02   6.847e-02  1.0000        2636  [    0   2870        120          7 ]
           3      913092    7269.672   4.570e-02   3.081e-02   2.827e-02   0.000e+00   2.115e-02   6.823e-02  1.0000        2634  [    0   2880        120          6 ]
           3      917159    7296.196   4.570e-02   3.081e-02   2.827e-02   0.000e+00   2.107e-02   6.782e-02  1.0000        2622  [    0   2890        120          7 ]
           3      920228    7320.842   4.570e-02   3.081e-02   2.827e-02   0.000e+00   2.103e-02   6.752e-02  1.0000        2633  [    0   2900        120          5 ]
           3      923453    7346.228   4.570e-02   3.081e-02   2.827e-02   0.000e+00   2.093e-02   6.715e-02  1.0000        2638  [    0   2910        120          7 ]
           3      926548    7370.059   4.570e-02   3.081e-02   2.827e-02   0.000e+00   2.091e-02   6.707e-02  1.0000        2646  [    0   2920        120          8 ]
           3      929775    7391.651   4.570e-02   3.081e-02   2.827e-02   0.000e+00   2.091e-02   6.707e-02  1.0000        2635  [    0   2930        120          6 ]
           3      932898    7416.008   4.570e-02   3.081e-02   2.827e-02   0.000e+00   2.091e-02   6.707e-02  1.0000        2641  [    0   2940        120          9 ]
           3      936115    7443.974   4.570e-02   3.081e-02   2.827e-02   0.000e+00   2.091e-02   6.707e-02  1.0000        2641  [    0   2950        120          8 ]
           3      938901    7467.728   4.570e-02   3.081e-02   2.827e-02   0.000e+00   2.091e-02   6.707e-02  1.0000        2634  [    0   2960        120          6 ]
           3      941620    7494.110   4.570e-02   3.081e-02   2.827e-02   0.000e+00   2.087e-02   6.703e-02  1.0000        2657  [    0   2970        120          9 ]
           3      944604    7522.755   4.570e-02   3.081e-02   2.827e-02   0.000e+00   2.084e-02   6.690e-02  1.0000        2673  [    0   2980        120          5 ]
           3      947427    7547.686   4.570e-02   3.081e-02   2.827e-02   0.000e+00   2.076e-02   6.676e-02  1.0000        2676  [    0   2990        120          5 ]
           3      950438    7574.176   4.570e-02   3.081e-02   2.827e-02   0.000e+00   2.072e-02   6.666e-02  1.0000        2668  [    0   3000        120          6 ]
           3      953924    7603.155   4.570e-02   3.081e-02   2.827e-02   0.000e+00   2.071e-02   6.657e-02  1.0000        2687  [    0   3010        120          8 ]
           3      956734    7629.760   4.570e-02   3.081e-02   2.827e-02   0.000e+00   2.068e-02   6.640e-02  1.0000        2693  [    0   3020        120          8 ]
           3      959605    7656.791   4.570e-02   3.081e-02   2.827e-02   0.000e+00   2.059e-02   6.601e-02  1.0000        2677  [    0   3030        120          6 ]
           3      962656    7682.338   4.570e-02   3.081e-02   2.827e-02   0.000e+00   2.052e-02   6.587e-02  1.0000        2718  [    0   3040        120          6 ]
           3      965904    7709.795   4.570e-02   3.081e-02   2.827e-02   0.000e+00   2.047e-02   6.568e-02  1.0000        2783  [    0   3050        120         10 ]
           3      969298    7737.898   4.570e-02   3.081e-02   2.827e-02   0.000e+00   2.047e-02   6.568e-02  1.0000        2788  [    0   3060        120         11 ]
           3      972618    7764.768   4.570e-02   3.081e-02   2.827e-02   0.000e+00   2.043e-02   6.560e-02  1.0000        2743  [    0   3070        120          7 ]
           3      978309    7801.111   4.570e-02   3.081e-02   2.827e-02   0.000e+00   2.041e-02   6.557e-02  1.0000        2838  [    0   3080        120          8 ]
           3      981449    7829.545   4.570e-02   3.081e-02   2.827e-02   0.000e+00   2.038e-02   6.540e-02  1.0000        2818  [    0   3090        120          7 ]
           3      984515    7859.351   4.570e-02   3.081e-02   2.827e-02   0.000e+00   2.036e-02   6.505e-02  1.0000        2793  [    0   3100        120          7 ]
           3      987527    7887.483   4.570e-02   3.081e-02   2.827e-02   0.000e+00   2.033e-02   6.475e-02  1.0000        2815  [    0   3110        120          7 ]
           3      990589    7916.492   4.570e-02   3.081e-02   2.827e-02   0.000e+00   2.028e-02   6.458e-02  1.0000        2821  [    0   3120        120          5 ]
           3      993640    7943.914   4.570e-02   3.081e-02   2.827e-02   0.000e+00   2.026e-02   6.443e-02  1.0000        2801  [    0   3130        120          8 ]
           3      996502    7966.431   4.570e-02   3.081e-02   2.827e-02   0.000e+00   2.024e-02   6.429e-02  1.0000        2788  [    2     50        480          5 ]
           3      997403    7977.192   4.570e-02   3.081e-02   2.827e-02   0.000e+00   2.023e-02   6.423e-02  1.0000        2804  [    0   3140        120          6 ]
           3     1000335    8005.853   4.570e-02   3.081e-02   2.827e-02   0.000e+00   2.021e-02   6.402e-02  1.0000        2800  [    0   3150        120          6 ]
           3     1003288    8033.529   4.570e-02   3.081e-02   2.827e-02   0.000e+00   2.016e-02   6.367e-02  1.0000        2794  [    0   3160        120          6 ]
           3     1006339    8060.933   4.570e-02   3.081e-02   2.827e-02   0.000e+00   2.014e-02   6.352e-02  1.0000        2801  [    0   3170        120          8 ]
           3     1009476    8089.332   4.570e-02   3.081e-02   2.827e-02   0.000e+00   2.013e-02   6.348e-02  1.0000        2795  [    0   3180        120          7 ]
           3     1012449    8116.062   4.570e-02   3.081e-02   2.827e-02   0.000e+00   2.012e-02   6.346e-02  1.0000        2797  [    0   3190        120          9 ]
           3     1015357    8144.278   4.570e-02   3.081e-02   2.827e-02   0.000e+00   2.010e-02   6.333e-02  1.0000        2814  [    0   3200        120          7 ]
           3     1019194    8177.281   4.570e-02   3.081e-02   2.827e-02   0.000e+00   2.010e-02   6.330e-02  1.0000        2822  [    0   3210        120          7 ]
           3     1022168    8205.278   4.570e-02   3.081e-02   2.827e-02   0.000e+00   2.009e-02   6.318e-02  1.0000        2807  [    0   3220        120          6 ]
           3     1025112    8234.784   4.570e-02   3.081e-02   2.827e-02   0.000e+00   2.006e-02   6.311e-02  1.0000        2816  [    0   3230        120         10 ]
           3     1027918    8261.696   4.570e-02   3.081e-02   2.827e-02   0.000e+00   2.005e-02   6.300e-02  1.0000        2832  [    0   3240        120          6 ]
           3     1030642    8292.138   4.570e-02   3.081e-02   2.827e-02   0.000e+00   2.003e-02   6.284e-02  1.0000        2820  [    0   3250        120          7 ]
           3     1033445    8321.667   4.570e-02   3.081e-02   2.827e-02   0.000e+00   2.001e-02   6.267e-02  1.0000        2834  [    0   3260        120          8 ]
           3     1037300    8358.050   4.570e-02   3.081e-02   2.827e-02   0.000e+00   1.999e-02   6.262e-02  1.0000        2833  [    0   3270        120          7 ]
           3     1040537    8386.940   4.570e-02   3.081e-02   2.827e-02   0.000e+00   1.997e-02   6.253e-02  1.0000        2845  [    0   3280        120          7 ]
           3     1043633    8417.134   4.570e-02   3.081e-02   2.827e-02   0.000e+00   1.995e-02   6.237e-02  1.0000        2840  [    0   3290        120          8 ]
           3     1046534    8445.067   4.570e-02   3.081e-02   2.827e-02   0.000e+00   1.994e-02   6.229e-02  1.0000        2834  [    0   3300        120          6 ]
           3     1049412    8473.350   4.570e-02   3.081e-02   2.827e-02   0.000e+00   1.991e-02   6.223e-02  1.0000        2835  [    0   3310        120         10 ]
           3     1052673    8500.005   4.570e-02   3.081e-02   2.827e-02   0.000e+00   1.990e-02   6.210e-02  1.0000        2828  [    0   3320        120          6 ]
           3     1056651    8530.793   4.570e-02   3.081e-02   2.827e-02   0.000e+00   1.987e-02   6.195e-02  1.0000        2792  [    0   3330        120          8 ]
           3     1059665    8559.832   4.570e-02   3.081e-02   2.827e-02   0.000e+00   1.984e-02   6.174e-02  1.0000        2779  [    0   3340        120          5 ]
           3     1062762    8588.181   4.570e-02   3.081e-02   2.827e-02   0.000e+00   1.983e-02   6.161e-02  1.0000        2809  [    0   3350        120          7 ]
           3     1065923    8618.606   4.570e-02   3.081e-02   2.827e-02   0.000e+00   1.981e-02   6.154e-02  1.0000        2837  [    0   3360        120          5 ]
           3     1069086    8646.115   4.570e-02   3.081e-02   2.827e-02   0.000e+00   1.977e-02   6.144e-02  1.0000        2813  [    0   3370        120          8 ]
           3     1072238    8675.566   4.570e-02   3.081e-02   2.827e-02   0.000e+00   1.975e-02   6.109e-02  1.0000        2872  [    0   3380        120          7 ]
           3     1075488    8707.325   4.570e-02   3.081e-02   2.827e-02   0.000e+00   1.974e-02   6.087e-02  1.0000        2909  [    0   3390        120          8 ]
           3     1079747    8740.874   4.570e-02   3.081e-02   2.827e-02   0.000e+00   1.972e-02   6.082e-02  1.0000        2914  [    0   3400        120          8 ]
           3     1082949    8769.758   4.570e-02   3.081e-02   2.827e-02   0.000e+00   1.969e-02   6.077e-02  1.0000        2899  [    0   3410        120          9 ]
           3     1086203    8799.247   4.570e-02   3.081e-02   2.827e-02   0.000e+00   1.969e-02   6.076e-02  1.0000        2873  [    0   3420        120         10 ]
           3     1089545    8828.041   4.570e-02   3.081e-02   2.827e-02   0.000e+00   1.967e-02   6.065e-02  1.0000        2868  [    0   3430        120         10 ]
           3     1092897    8857.044   4.570e-02   3.081e-02   2.827e-02   0.000e+00   1.966e-02   6.064e-02  1.0000        2879  [    0   3440        120          6 ]
           3     1095828    8888.214   4.570e-02   3.081e-02   2.827e-02   0.000e+00   1.966e-02   6.063e-02  1.0000        2878  [    0   3450        120          5 ]
           3     1099815    8921.970   4.570e-02   3.081e-02   2.827e-02   0.000e+00   1.966e-02   6.056e-02  1.0000        2859  [    0   3460        120          7 ]
           3     1103055    8949.971   4.570e-02   3.081e-02   2.827e-02   0.000e+00   1.965e-02   6.054e-02  1.0000        2859  [    0   3470        120          5 ]
           3     1106277    8979.275   4.570e-02   3.081e-02   2.827e-02   0.000e+00   1.964e-02   6.047e-02  1.0000        2901  [    0   3480        120          6 ]
           3     1109407    9010.518   4.570e-02   3.081e-02   2.827e-02   0.000e+00   1.963e-02   6.043e-02  1.0000        2903  [    0   3490        120          5 ]
           3     1112728    9041.609   4.570e-02   3.081e-02   2.827e-02   0.000e+00   1.959e-02   6.028e-02  1.0000        2852  [    0   3500        120          5 ]
           3     1115984    9071.388   4.570e-02   3.081e-02   2.827e-02   0.000e+00   1.958e-02   6.019e-02  1.0000        2845  [    0   3510        120          5 ]
           3     1119102    9100.754   4.570e-02   3.081e-02   2.827e-02   0.000e+00   1.957e-02   6.005e-02  1.0000        2865  [    0   3520        120          4 ]
           3     1123268    9136.315   4.570e-02   3.081e-02   2.827e-02   0.000e+00   1.957e-02   6.002e-02  1.0000        2910  [    0   3530        120          7 ]
           3     1126264    9167.795   4.570e-02   3.081e-02   2.827e-02   0.000e+00   1.956e-02   6.002e-02  1.0000        2914  [    0   3540        120          7 ]
           3     1129165    9197.164   4.570e-02   3.081e-02   2.827e-02   0.000e+00   1.956e-02   5.997e-02  1.0000        2889  [    0   3550        120          7 ]
           3     1132228    9228.258   4.570e-02   3.081e-02   2.827e-02   0.000e+00   1.955e-02   5.995e-02  1.0000        2887  [    0   3560        120          8 ]
           3     1135164    9259.463   4.570e-02   3.081e-02   2.827e-02   0.000e+00   1.952e-02   5.989e-02  1.0000        2886  [    0   3570        120          8 ]
           3     1138178    9291.795   4.570e-02   3.081e-02   2.827e-02   0.000e+00   1.952e-02   5.987e-02  1.0000        2890  [    0   3580        120          5 ]
           3     1144097    9328.615   4.570e-02   3.081e-02   2.827e-02   0.000e+00   1.948e-02   5.970e-02  1.0000        2978  [    0   3590        120          5 ]
           3     1147269    9360.516   4.570e-02   3.081e-02   2.827e-02   0.000e+00   1.947e-02   5.968e-02  1.0000        2976  [    0   3600        120          9 ]
           3     1150611    9392.338   4.570e-02   3.081e-02   2.827e-02   0.000e+00   1.945e-02   5.950e-02  1.0000        2984  [    0   3610        120          9 ]
           3     1153954    9423.927   3.736e-02   3.081e-02   2.827e-02   0.000e+00   1.945e-02   5.941e-02  1.0000        2922  [    0   3620        120          8 ]
           3     1157361    9454.225   3.736e-02   3.081e-02   2.827e-02   0.000e+00   1.944e-02   5.936e-02  1.0000        2913  [    0   3630        120          6 ]
           3     1160773    9487.358   3.736e-02   3.081e-02   2.827e-02   0.000e+00   1.941e-02   5.927e-02  1.0000        2947  [    0   3640        120          8 ]
           3     1164878    9522.680   3.736e-02   3.081e-02   2.827e-02   0.000e+00   1.941e-02   5.927e-02  1.0000        2959  [    0   3650        120          7 ]
           3     1168069    9555.393   3.736e-02   3.081e-02   2.827e-02   0.000e+00   1.941e-02   5.919e-02  1.0000        2955  [    0   3660        120          9 ]
           3     1171364    9584.086   3.736e-02   3.081e-02   2.827e-02   0.000e+00   1.940e-02   5.912e-02  1.0000        2960  [    0   3670        120          8 ]
           3     1174308    9614.378   3.736e-02   3.081e-02   2.827e-02   0.000e+00   1.939e-02   5.911e-02  1.0000        2958  [    0   3680        120          5 ]
           3     1177445    9646.384   3.736e-02   3.081e-02   2.827e-02   0.000e+00   1.939e-02   5.902e-02  1.0000        2949  [    0   3690        120         10 ]
           3     1180723    9675.023   3.736e-02   3.081e-02   2.827e-02   0.000e+00   1.938e-02   5.895e-02  1.0000        2942  [    0   3700        120          6 ]
           3     1184046    9706.124   3.736e-02   3.081e-02   2.827e-02   0.000e+00   1.938e-02   5.891e-02  1.0000        2955  [    0   3710        120         10 ]
           3     1188383    9741.249   3.736e-02   3.081e-02   2.827e-02   0.000e+00   1.937e-02   5.880e-02  1.0000        2961  [    0   3720        120          9 ]
           3     1191533    9771.159   3.736e-02   3.081e-02   2.827e-02   0.000e+00   1.937e-02   5.879e-02  1.0000        2939  [    0   3730        120          8 ]
           3     1194104    9799.635   3.736e-02   3.081e-02   2.827e-02   0.000e+00   1.935e-02   5.866e-02  1.0000        2926  [    0   3740        120          4 ]
           3     1197084    9830.927   3.736e-02   3.081e-02   2.827e-02   0.000e+00   1.934e-02   5.864e-02  1.0000        2965  [    0   3750        120          5 ]
           3     1200137    9862.628   3.736e-02   3.081e-02   2.827e-02   0.000e+00   1.933e-02   5.862e-02  1.0000        2928  [    0   3760        120          9 ]
           3     1203164    9894.651   3.736e-02   3.081e-02   2.827e-02   0.000e+00   1.932e-02   5.862e-02  1.0000        2926  [    0   3770        120          4 ]
           3     1206305    9920.369   3.736e-02   3.081e-02   2.827e-02   0.000e+00   1.931e-02   5.856e-02  1.0000        2943  [    2     60        480         11 ]
           3     1207231    9934.338   3.736e-02   3.081e-02   2.827e-02   0.000e+00   1.931e-02   5.856e-02  1.0000        2930  [    0   3780        120          5 ]
           3     1210316    9964.099   3.736e-02   3.081e-02   2.827e-02   0.000e+00   1.928e-02   5.845e-02  1.0000        2896  [    0   3790        120          7 ]
           3     1213393    9993.782   3.736e-02   3.081e-02   2.827e-02   0.000e+00   1.929e-02   5.834e-02  1.0000        2927  [    0   3800        120          7 ]
           3     1216457   10024.813   3.736e-02   3.081e-02   2.827e-02   0.000e+00   1.926e-02   5.821e-02  1.0000        2936  [    0   3810        120          4 ]
           3     1219569   10056.322   3.736e-02   3.081e-02   2.827e-02   0.000e+00   1.924e-02   5.799e-02  1.0000        2913  [    0   3820        120          7 ]
           3     1222641   10086.760   3.736e-02   3.081e-02   2.827e-02   0.000e+00   1.924e-02   5.793e-02  1.0000        2917  [    0   3830        120          7 ]
           3     1225150   10115.932   3.736e-02   3.081e-02   2.827e-02   0.000e+00   1.924e-02   5.793e-02  1.0000        2913  [    0   3840        120          6 ]
           3     1228713   10151.407   3.736e-02   3.081e-02   2.827e-02   0.000e+00   1.924e-02   5.793e-02  1.0000        2911  [    0   3850        120          7 ]
           3     1231576   10182.471   3.736e-02   3.081e-02   2.827e-02   0.000e+00   1.924e-02   5.793e-02  1.0000        2921  [    0   3860        120          7 ]
           3     1234283   10213.283   3.736e-02   3.081e-02   2.827e-02   0.000e+00   1.924e-02   5.792e-02  1.0000        2914  [    0   3870        120          5 ]
           3     1237063   10243.844   3.736e-02   3.081e-02   2.827e-02   0.000e+00   1.922e-02   5.786e-02  1.0000        2923  [    0   3880        120          5 ]
           3     1240204   10275.858   3.736e-02   3.081e-02   2.827e-02   0.000e+00   1.922e-02   5.784e-02  1.0000        2921  [    0   3890        120         11 ]
           3     1243399   10307.864   3.736e-02   3.081e-02   2.827e-02   0.000e+00   1.922e-02   5.780e-02  1.0000        2923  [    0   3900        120          8 ]
           3     1247239   10340.095   3.736e-02   3.081e-02   2.827e-02   0.000e+00   1.922e-02   5.780e-02  1.0000        2929  [    0   3910        120          7 ]
           3     1250182   10371.770   3.736e-02   3.081e-02   2.827e-02   0.000e+00   1.921e-02   5.775e-02  1.0000        2938  [    0   3920        120          6 ]
           3     1253172   10401.122   3.736e-02   3.081e-02   2.827e-02   0.000e+00   1.920e-02   5.765e-02  1.0000        2959  [    0   3930        120          7 ]
           3     1256340   10433.241   3.736e-02   3.081e-02   2.827e-02   0.000e+00   1.920e-02   5.761e-02  1.0000        2946  [    0   3940        120          6 ]
           3     1259320   10463.577   3.736e-02   3.081e-02   2.827e-02   0.000e+00   1.917e-02   5.752e-02  1.0000        2907  [    0   3950        120          7 ]
           3     1262334   10494.308   3.736e-02   3.081e-02   2.827e-02   0.000e+00   1.917e-02   5.750e-02  1.0000        2914  [    0   3960        120          6 ]
           3     1266508   10527.461   3.736e-02   3.081e-02   2.827e-02   0.000e+00   1.917e-02   5.739e-02  1.0000        2957  [    0   3970        120          7 ]
           3     1269580   10555.424   3.736e-02   3.081e-02   2.827e-02   0.000e+00   1.917e-02   5.733e-02  1.0000        2945  [    0   3980        120          7 ]
           3     1272722   10587.485   3.736e-02   3.081e-02   2.827e-02   0.000e+00   1.916e-02   5.716e-02  1.0000        2935  [    0   3990        120          8 ]
           3     1275814   10617.151   3.736e-02   3.081e-02   2.827e-02   0.000e+00   1.917e-02   5.714e-02  1.0000        2905  [    0   4000        120          7 ]
           3     1278836   10646.843   3.736e-02   3.081e-02   2.827e-02   0.000e+00   1.916e-02   5.712e-02  1.0000        2918  [    0   4010        120          5 ]
           3     1281997   10677.995   3.736e-02   3.081e-02   2.827e-02   0.000e+00   1.916e-02   5.708e-02  1.0000        2916  [    0   4020        120          5 ]
           3     1284924   10707.951   3.736e-02   3.081e-02   2.827e-02   0.000e+00   1.914e-02   5.698e-02  1.0000        2908  [    0   4030        120          5 ]
           3     1289012   10741.498   3.736e-02   3.081e-02   2.827e-02   0.000e+00   1.914e-02   5.689e-02  1.0000        2915  [    0   4040        120          4 ]
           3     1292214   10773.013   3.736e-02   3.081e-02   2.827e-02   0.000e+00   1.913e-02   5.689e-02  1.0000        2921  [    0   4050        120          6 ]
           3     1295241   10803.417   3.736e-02   3.081e-02   2.827e-02   0.000e+00   1.912e-02   5.681e-02  1.0000        2911  [    0   4060        120          6 ]
           3     1298573   10834.308   3.736e-02   3.081e-02   2.827e-02   0.000e+00   1.911e-02   5.678e-02  1.0000        2898  [    0   4070        120          8 ]
           3     1301784   10864.717   3.736e-02   3.081e-02   2.827e-02   0.000e+00   1.910e-02   5.672e-02  1.0000        2899  [    0   4080        120          9 ]
           3     1304997   10892.908   3.736e-02   3.081e-02   2.827e-02   0.000e+00   1.910e-02   5.670e-02  1.0000        2903  [    0   4090        120          7 ]
           4     1307021   10913.988   3.736e-02   3.081e-02   2.827e-02   0.000e+00   1.910e-02   5.666e-02  1.0000        2911  [    3      8        960          5 ]
