# Generation  Evaluations  Time (s)  Best_obj[0]  Best_obj[1]  Best_obj[2]  Hypervol.   IGD         IGDX        SR    Appr.set  [ Pop.index  Subgen.  Pop.size  Subpops ]
           0         385       6.589   3.239e+00   3.034e+00   3.063e+00   0.000e+00   3.636e+00   5.801e+00  0.0000           3  [    0      1        120          1 ]
           1        2826       6.701   8.318e-01   8.681e-01   6.377e-01   0.000e+00   3.746e-01   1.109e+00  0.0000          92  [    1      1        240          6 ]
           1        3762       6.876   8.318e-01   8.681e-01   5.638e-01   0.000e+00   3.292e-01   9.458e-01  0.0000         131  [    0     10        120          4 ]
           1        6727       7.347   4.994e-01   6.128e-01   3.485e-01   0.000e+00   2.021e-01   4.787e-01  0.0000         298  [    0     20        120          5 ]
           1        9649       8.252   4.769e-01   3.995e-01   2.816e-01   0.000e+00   1.634e-01   4.117e-01  0.0000         422  [    0     30        120          5 ]
           1       12692       9.346   4.769e-01   2.973e-01   2.816e-01   0.000e+00   1.470e-01   3.934e-01  0.0000         468  [    0     40        120          6 ]
           1       16251      11.069   3.219e-01   1.412e-01   2.058e-01   0.000e+00   1.229e-01   3.651e-01  0.0000         554  [    0     50        120          4 ]
           1       19423      13.601   2.410e-01   1.412e-01   2.058e-01   0.000e+00   1.054e-01   3.229e-01  0.0000         711  [    0     60        120          5 ]
           2       23388      15.848   2.360e-01   1.412e-01   2.058e-01   0.000e+00   8.565e-02   2.933e-01  0.0000        1320  [    2      1        480         15 ]
           2       25375      19.445   2.360e-01   1.412e-01   1.904e-01   0.000e+00   8.237e-02   2.737e-01  0.0000        1329  [    1     10        240          8 ]
           2       31287      27.930   2.360e-01   1.412e-01   1.904e-01   0.000e+00   7.384e-02   2.504e-01  0.0000        1402  [    1     20        240          6 ]
           2       36936      38.599   2.360e-01   1.412e-01   1.904e-01   0.000e+00   6.875e-02   2.386e-01  0.0000        1546  [    1     30        240          6 ]
           2       43049      52.184   2.360e-01   1.412e-01   1.895e-01   0.000e+00   5.907e-02   2.119e-01  0.0000        2007  [    1     40        240          6 ]
           2       49906      76.155   2.160e-01   1.412e-01   1.895e-01   0.000e+00   5.409e-02   2.016e-01  0.0000        2531  [    1     50        240          7 ]
           2       55726     102.316   2.160e-01   1.412e-01   1.804e-01   0.000e+00   5.034e-02   1.942e-01  0.0000        2822  [    1     60        240          8 ]
           3       65667     129.435   1.634e-01   1.412e-01   1.350e-01   0.000e+00   4.844e-02   1.901e-01  0.0000        1869  [    3      1        960         16 ]
           3       69520     137.327   1.634e-01   1.412e-01   1.350e-01   0.000e+00   4.391e-02   1.731e-01  0.0000        2228  [    2     10        480         11 ]
           3       80912     164.634   1.634e-01   1.412e-01   1.350e-01   0.000e+00   4.047e-02   1.617e-01  0.0000        2757  [    2     20        480         10 ]
           3       91413     197.357   1.634e-01   1.412e-01   1.350e-01   0.000e+00   3.910e-02   1.581e-01  0.0000        2926  [    2     30        480          8 ]
           3      102075     228.106   1.634e-01   1.412e-01   1.350e-01   0.000e+00   3.959e-02   1.573e-01  0.0000        2040  [    2     40        480          6 ]
           3      115326     252.662   1.306e-01   1.412e-01   1.350e-01   0.000e+00   3.669e-02   1.465e-01  0.0000        2200  [    2     50        480          7 ]
           3      126758     277.829   1.306e-01   1.285e-01   1.226e-01   0.000e+00   3.473e-02   1.409e-01  0.0000        2336  [    2     60        480          6 ]
           4      140736     295.866   1.187e-01   1.285e-01   7.826e-02   0.000e+00   3.120e-02   1.330e-01  0.0000        2674  [    4      1       1920         20 ]
           4      151580     323.714   1.187e-01   8.604e-02   7.826e-02   0.000e+00   2.990e-02   1.277e-01  0.0000        2733  [    2     70        480          8 ]
           4      155833     338.086   1.187e-01   8.604e-02   7.826e-02   0.000e+00   2.963e-02   1.266e-01  0.0000        2742  [    3     10        960          7 ]
           4      162128     360.042   1.187e-01   8.604e-02   7.826e-02   0.000e+00   2.915e-02   1.243e-01  0.0000        2819  [    2     80        480         11 ]
           4      174310     401.070   1.187e-01   8.604e-02   7.826e-02   0.000e+00   2.883e-02   1.226e-01  0.0000        2823  [    2     90        480          7 ]
           4      185634     437.452   1.187e-01   8.604e-02   7.826e-02   0.000e+00   2.844e-02   1.214e-01  0.0000        2824  [    2    100        480          7 ]
           4      196409     474.008   1.156e-01   8.604e-02   7.826e-02   0.000e+00   2.776e-02   1.184e-01  0.0000        2801  [    2    110        480          7 ]
           4      207168     511.008   7.888e-02   8.604e-02   7.826e-02   0.000e+00   2.726e-02   1.165e-01  0.0000        2836  [    2    120        480          7 ]
           4      223347     560.687   7.888e-02   8.284e-02   6.364e-02   0.000e+00   2.630e-02   1.121e-01  0.0000        2913  [    2    130        480         10 ]
           4      234180     598.663   7.888e-02   8.284e-02   6.364e-02   0.000e+00   2.574e-02   1.095e-01  0.5000        2943  [    2    140        480          8 ]
           4      245609     637.558   7.888e-02   8.284e-02   6.364e-02   0.000e+00   2.558e-02   1.090e-01  0.5000        2958  [    2    150        480          9 ]
           4      249786     655.158   7.888e-02   8.284e-02   6.364e-02   0.000e+00   2.554e-02   1.088e-01  0.5000        2981  [    3     20        960          9 ]
           4      255709     679.612   7.888e-02   8.284e-02   6.364e-02   0.000e+00   2.554e-02   1.088e-01  0.5000        2970  [    2    160        480          5 ]
           4      268049     723.077   7.888e-02   8.284e-02   6.364e-02   0.000e+00   2.552e-02   1.087e-01  0.5000        3038  [    2    170        480          9 ]
           4      279561     762.012   7.888e-02   8.284e-02   6.364e-02   0.000e+00   2.550e-02   1.087e-01  0.5000        3052  [    2    180        480          6 ]
           4      289871     803.990   7.888e-02   8.284e-02   6.364e-02   0.000e+00   2.548e-02   1.083e-01  0.5000        3081  [    2    190        480          7 ]
           4      304452     851.284   7.888e-02   8.284e-02   6.364e-02   0.000e+00   2.498e-02   1.049e-01  0.5000        3060  [    2    200        480          6 ]
           4      317437     890.714   7.888e-02   8.284e-02   6.364e-02   0.000e+00   2.866e-02   1.066e-01  0.0000        1945  [    2    210        480         10 ]
           4      328179     910.417   7.888e-02   7.739e-02   6.364e-02   0.000e+00   2.822e-02   1.050e-01  0.0000        2053  [    2    220        480          7 ]
           4      339355     928.633   7.888e-02   7.346e-02   6.055e-02   0.000e+00   2.747e-02   1.039e-01  0.0000        2186  [    2    230        480          8 ]
           4      343877     938.141   7.888e-02   7.346e-02   6.055e-02   0.000e+00   2.727e-02   1.032e-01  0.0000        2231  [    3     30        960          7 ]
           4      350428     952.763   7.888e-02   7.346e-02   6.055e-02   0.000e+00   2.682e-02   1.020e-01  0.0000        2251  [    2    240        480          7 ]
           4      362858     978.536   7.888e-02   7.346e-02   6.055e-02   0.000e+00   2.670e-02   1.017e-01  0.0000        2278  [    2    250        480          8 ]
           4      376617    1007.261   7.888e-02   7.346e-02   6.055e-02   0.000e+00   2.602e-02   9.992e-02  0.5000        2342  [    2    260        480          4 ]
           4      387950    1036.002   7.855e-02   4.273e-02   6.055e-02   0.000e+00   2.518e-02   9.787e-02  0.5000        2371  [    2    270        480          6 ]
           4      399896    1062.883   7.855e-02   4.164e-02   6.055e-02   0.000e+00   2.484e-02   9.656e-02  0.5000        2404  [    2    280        480          7 ]
           4      412169    1093.899   7.855e-02   4.164e-02   6.055e-02   0.000e+00   2.477e-02   9.645e-02  0.5000        2513  [    2    290        480          7 ]
           4      423611    1122.808   7.855e-02   4.164e-02   6.055e-02   0.000e+00   2.468e-02   9.629e-02  0.5000        2576  [    2    300        480         10 ]
           4      435317    1151.995   7.855e-02   4.164e-02   6.055e-02   0.000e+00   2.453e-02   9.586e-02  0.5000        2579  [    2    310        480          8 ]
           4      439738    1165.032   7.855e-02   4.164e-02   6.055e-02   0.000e+00   2.448e-02   9.573e-02  0.5000        2578  [    3     40        960          8 ]
           4      446122    1184.737   7.855e-02   4.164e-02   6.055e-02   0.000e+00   2.420e-02   9.434e-02  0.5000        2531  [    2    320        480          9 ]
           4      462655    1220.942   7.855e-02   4.164e-02   5.503e-02   0.000e+00   2.389e-02   9.360e-02  0.5000        2542  [    2    330        480         12 ]
           4      474004    1252.121   5.125e-02   4.164e-02   5.503e-02   0.000e+00   2.360e-02   9.202e-02  1.0000        2520  [    2    340        480          7 ]
           4      485413    1283.202   5.125e-02   4.164e-02   5.503e-02   0.000e+00   2.337e-02   9.032e-02  1.0000        2542  [    2    350        480          6 ]
           4      496684    1313.474   5.125e-02   4.164e-02   5.503e-02   0.000e+00   2.329e-02   8.972e-02  1.0000        2612  [    2    360        480         11 ]
           4      508848    1347.096   5.125e-02   4.164e-02   5.503e-02   0.000e+00   2.329e-02   8.963e-02  1.0000        2599  [    2    370        480          8 ]
           4      519986    1381.270   5.125e-02   4.164e-02   5.503e-02   0.000e+00   2.318e-02   8.942e-02  1.0000        2635  [    2    380        480          9 ]
           4      534655    1416.270   5.125e-02   4.164e-02   5.503e-02   0.000e+00   2.297e-02   8.826e-02  1.0000        2628  [    2    390        480         10 ]
           4      539052    1431.687   5.125e-02   4.164e-02   5.503e-02   0.000e+00   2.296e-02   8.826e-02  1.0000        2637  [    3     50        960         11 ]
           4      545590    1452.457   5.125e-02   4.164e-02   5.503e-02   0.000e+00   2.289e-02   8.781e-02  1.0000        2590  [    2    400        480          6 ]
           4      558573    1485.480   5.125e-02   4.164e-02   5.503e-02   0.000e+00   2.272e-02   8.724e-02  1.0000        2608  [    2    410        480         12 ]
           4      569535    1516.890   5.125e-02   4.164e-02   5.503e-02   0.000e+00   2.264e-02   8.681e-02  1.0000        2604  [    2    420        480          5 ]
           4      580718    1548.450   5.125e-02   4.164e-02   5.503e-02   0.000e+00   2.250e-02   8.593e-02  1.0000        2682  [    2    430        480          8 ]
           4      591319    1582.245   5.125e-02   4.164e-02   5.503e-02   0.000e+00   2.249e-02   8.593e-02  1.0000        2706  [    2    440        480          6 ]
           4      607412    1624.074   5.125e-02   4.164e-02   5.503e-02   0.000e+00   2.246e-02   8.584e-02  1.0000        2713  [    2    450        480          9 ]
           4      618521    1656.221   5.125e-02   4.164e-02   5.503e-02   0.000e+00   2.243e-02   8.563e-02  1.0000        2654  [    2    460        480          9 ]
           4      630803    1688.731   5.125e-02   4.164e-02   5.503e-02   0.000e+00   2.243e-02   8.563e-02  1.0000        2650  [    2    470        480          6 ]
           4      635924    1702.982   5.125e-02   4.164e-02   5.503e-02   0.000e+00   2.242e-02   8.563e-02  1.0000        2656  [    3     60        960          6 ]
           4      642532    1725.991   5.125e-02   4.164e-02   5.503e-02   0.000e+00   2.240e-02   8.549e-02  1.0000        2671  [    2    480        480          8 ]
           4      656455    1764.459   5.125e-02   4.164e-02   5.503e-02   0.000e+00   2.230e-02   8.488e-02  1.0000        2718  [    2    490        480          7 ]
           4      668232    1798.920   5.125e-02   4.164e-02   5.503e-02   0.000e+00   2.214e-02   8.384e-02  1.0000        2717  [    2    500        480          8 ]
           4      679515    1833.586   5.125e-02   4.164e-02   5.503e-02   0.000e+00   2.209e-02   8.349e-02  1.0000        2685  [    2    510        480          5 ]
           5      681524    1844.215   5.125e-02   4.164e-02   5.503e-02   0.000e+00   2.207e-02   8.346e-02  1.0000        2704  [    4      8       1920         10 ]
