# Generation  Evaluations  Time (s)  Best_obj[0]  Best_obj[1]  Hypervol.   IGD         IGDX        SR    Appr.set  [ Pop.index  Subgen.  Pop.size  Subpops ]
           0         282       5.214   3.960e+00   4.283e+00   0.000e+00   4.494e+00   4.883e+00  0.0000           1  [    0      1         90          1 ]
           1        1995       5.257   1.690e+00   1.671e+00   0.000e+00   1.345e+00   1.782e+00  0.0000           9  [    1      1        180          2 ]
           1        2600       5.299   1.469e+00   1.441e+00   0.000e+00   1.189e+00   1.555e+00  0.0000           6  [    0     10         90          2 ]
           1        4629       5.356   7.574e-01   6.372e-01   0.000e+00   3.620e-01   6.352e-01  0.0000          39  [    0     20         90          3 ]
           1        6675       5.519   4.159e-01   4.106e-01   3.001e-04   1.715e-01   3.872e-01  0.0000          87  [    0     30         90          3 ]
           1        8774       5.852   2.956e-01   2.695e-01   4.746e-03   9.689e-02   2.667e-01  0.0000         153  [    0     40         90          3 ]
           1       11389       6.309   1.957e-01   1.816e-01   9.184e-03   5.528e-02   2.007e-01  0.0000         222  [    0     50         90          3 ]
           1       13492       6.929   1.656e-01   1.816e-01   1.223e-02   4.567e-02   1.736e-01  0.0000         286  [    0     60         90          3 ]
           2       15989       7.631   1.407e-01   1.607e-01   1.535e-02   3.391e-02   1.443e-01  0.0000         547  [    2      1        360          5 ]
           2       18187       9.140   1.330e-01   1.485e-01   1.595e-02   2.875e-02   1.294e-01  0.0000         566  [    0     70         90          3 ]
           2       19097      10.545   1.330e-01   1.351e-01   1.605e-02   2.764e-02   1.255e-01  0.0000         595  [    1     10        180          3 ]
           2       20512      12.660   1.238e-01   1.351e-01   1.543e-02   2.616e-02   1.225e-01  0.0000         637  [    0     80         90          4 ]
           2       22831      15.045   1.118e-01   1.297e-01   1.635e-02   2.370e-02   1.181e-01  0.0000         713  [    0     90         90          3 ]
           2       25061      17.387   1.118e-01   8.445e-02   1.666e-02   2.057e-02   1.105e-01  0.0000         770  [    0    100         90          3 ]
           2       27109      20.382   9.095e-02   8.445e-02   1.669e-02   1.853e-02   1.057e-01  0.0000         843  [    0    110         90          3 ]
           2       29557      24.250   9.095e-02   8.445e-02   1.702e-02   1.790e-02   1.033e-01  0.0000         908  [    0    120         90          4 ]
           2       32751      29.153   9.095e-02   8.445e-02   1.722e-02   1.743e-02   1.004e-01  0.0000         962  [    0    130         90          3 ]
           2       34915      34.221   9.095e-02   7.706e-02   1.748e-02   1.542e-02   9.673e-02  0.0000        1011  [    0    140         90          3 ]
           2       37185      39.201   8.964e-02   7.706e-02   1.764e-02   1.460e-02   9.397e-02  0.0000        1064  [    0    150         90          4 ]
           2       38165      41.859   8.964e-02   7.706e-02   1.769e-02   1.426e-02   9.179e-02  0.0000        1082  [    1     20        180          3 ]
           2       39681      46.530   8.964e-02   7.706e-02   1.793e-02   1.380e-02   8.666e-02  0.0000        1072  [    0    160         90          3 ]
           2       42504      52.878   7.690e-02   7.486e-02   1.797e-02   1.260e-02   8.330e-02  0.0000        1170  [    0    170         90          4 ]
           2       45052      58.394   7.690e-02   7.486e-02   1.793e-02   1.244e-02   8.209e-02  0.0000         753  [    0    180         90          4 ]
           2       47448      61.560   7.690e-02   6.883e-02   1.770e-02   1.181e-02   8.054e-02  0.0000         787  [    0    190         90          4 ]
           2       50410      65.204   7.690e-02   6.883e-02   1.810e-02   1.055e-02   7.720e-02  0.0000         778  [    0    200         90          4 ]
           2       52996      68.942   7.690e-02   6.269e-02   1.805e-02   1.003e-02   7.586e-02  0.0000         795  [    0    210         90          3 ]
           2       55146      72.096   7.690e-02   6.269e-02   1.824e-02   9.418e-03   7.331e-02  0.0000         787  [    0    220         90          3 ]
           2       57455      74.727   5.944e-02   4.759e-02   1.831e-02   8.241e-03   7.158e-02  0.0000         793  [    0    230         90          4 ]
           2       58386      76.763   5.944e-02   4.759e-02   1.833e-02   8.023e-03   7.050e-02  0.0000         798  [    1     30        180          4 ]
           2       59712      79.740   4.764e-02   4.759e-02   1.840e-02   7.568e-03   6.924e-02  0.0000         772  [    0    240         90          3 ]
           2       62358      83.123   4.764e-02   4.759e-02   1.849e-02   7.331e-03   6.692e-02  0.0000         806  [    0    250         90          3 ]
           2       65315      87.551   3.537e-02   4.517e-02   1.858e-02   6.509e-03   6.370e-02  0.0000         841  [    0    260         90          3 ]
           2       67849      91.581   3.537e-02   4.517e-02   1.873e-02   6.164e-03   6.133e-02  0.5000         853  [    0    270         90          3 ]
           2       70336      95.108   3.537e-02   4.517e-02   1.846e-02   5.915e-03   5.994e-02  0.5000         856  [    0    280         90          4 ]
           2       73066      99.797   3.537e-02   4.457e-02   1.880e-02   5.707e-03   5.723e-02  0.5000         879  [    0    290         90          4 ]
           2       75353     104.218   3.537e-02   4.457e-02   1.883e-02   5.587e-03   5.607e-02  0.5000         884  [    0    300         90          4 ]
           2       77907     107.982   3.537e-02   4.454e-02   1.770e-02   5.423e-03   5.601e-02  0.5000         894  [    0    310         90          6 ]
           2       78948     110.522   3.537e-02   4.454e-02   1.837e-02   5.387e-03   5.577e-02  0.5000         889  [    1     40        180          5 ]
           2       80375     114.778   3.537e-02   4.236e-02   1.884e-02   5.224e-03   5.500e-02  0.5000         893  [    0    320         90          4 ]
           2       83852     119.053   3.537e-02   4.236e-02   1.884e-02   5.201e-03   5.493e-02  0.5000         874  [    0    330         90          3 ]
           2       86329     123.360   3.537e-02   4.236e-02   1.883e-02   5.145e-03   5.469e-02  0.5000         867  [    0    340         90          6 ]
           2       89039     127.623   3.537e-02   4.236e-02   1.891e-02   4.998e-03   5.278e-02  0.5000         898  [    0    350         90          4 ]
           2       91773     132.341   3.537e-02   4.236e-02   1.900e-02   4.864e-03   5.117e-02  0.5000         920  [    0    360         90          6 ]
           2       94449     136.203   3.537e-02   3.693e-02   1.901e-02   4.633e-03   4.937e-02  0.5000         888  [    0    370         90          3 ]
           2       96795     140.164   3.537e-02   3.693e-02   1.855e-02   4.474e-03   4.863e-02  0.5000         876  [    0    380         90          3 ]
           2      100110     144.889   3.366e-02   3.693e-02   1.909e-02   4.367e-03   4.809e-02  0.5000         912  [    0    390         90          4 ]
           2      101102     147.719   3.366e-02   3.693e-02   1.909e-02   4.359e-03   4.774e-02  0.5000         913  [    1     50        180          4 ]
           2      102670     150.598   3.366e-02   3.584e-02   1.912e-02   4.325e-03   4.721e-02  0.5000         897  [    0    400         90          4 ]
           2      105346     154.730   3.366e-02   3.584e-02   1.912e-02   4.318e-03   4.696e-02  0.5000         901  [    0    410         90          3 ]
           2      107962     159.107   3.366e-02   3.584e-02   1.895e-02   4.305e-03   4.675e-02  0.5000         951  [    0    420         90          4 ]
           2      110640     165.297   3.366e-02   3.584e-02   1.914e-02   4.240e-03   4.619e-02  0.5000         969  [    0    430         90          5 ]
           2      113193     171.873   3.366e-02   3.428e-02   1.863e-02   4.173e-03   4.562e-02  0.5000         937  [    0    440         90          4 ]
           2      116817     178.061   3.366e-02   3.428e-02   1.918e-02   3.955e-03   4.438e-02  0.5000         926  [    0    450         90          4 ]
           2      119422     183.789   3.366e-02   3.428e-02   1.919e-02   3.847e-03   4.344e-02  0.5000         936  [    0    460         90          5 ]
           2      121795     187.556   3.366e-02   3.428e-02   1.919e-02   3.795e-03   4.276e-02  0.5000         923  [    0    470         90          4 ]
           2      122873     190.130   3.366e-02   3.428e-02   1.919e-02   3.788e-03   4.271e-02  0.5000         934  [    1     60        180          5 ]
           2      124581     193.803   3.366e-02   3.428e-02   1.918e-02   3.727e-03   4.257e-02  0.5000         970  [    0    480         90          5 ]
           2      127903     198.743   3.366e-02   3.428e-02   1.914e-02   3.677e-03   4.242e-02  0.5000         995  [    0    490         90          7 ]
           2      130359     204.927   2.752e-02   3.428e-02   1.909e-02   3.545e-03   4.177e-02  0.5000         969  [    0    500         90          4 ]
           2      132843     210.874   2.752e-02   3.303e-02   1.922e-02   3.512e-03   4.138e-02  0.5000         948  [    0    510         90          5 ]
           3      136895     214.881   2.752e-02   3.016e-02   1.927e-02   3.365e-03   4.108e-02  0.5000         939  [    3      1        720          4 ]
           3      139691     219.314   2.752e-02   3.016e-02   1.927e-02   3.288e-03   4.056e-02  1.0000        1003  [    2     10        360          5 ]
           3      147971     226.000   2.451e-02   3.016e-02   1.928e-02   3.133e-03   3.973e-02  1.0000         994  [    2     20        360          5 ]
           3      156397     232.192   2.264e-02   2.951e-02   1.930e-02   2.970e-03   3.831e-02  1.0000         970  [    2     30        360          5 ]
           3      164817     238.911   2.264e-02   2.951e-02   1.931e-02   2.919e-03   3.750e-02  1.0000        1071  [    2     40        360          4 ]
           3      174820     247.114   2.263e-02   2.890e-02   1.898e-02   2.798e-03   3.622e-02  1.0000        1101  [    2     50        360          6 ]
           3      183404     253.362   2.244e-02   2.770e-02   1.934e-02   2.778e-03   3.571e-02  1.0000        1111  [    2     60        360          6 ]
           4      186165     257.334   2.244e-02   2.657e-02   1.934e-02   2.773e-03   3.553e-02  1.0000        1125  [    3      8        720          6 ]
