# Generation  Evaluations  Time (s)  Best_obj[0]  Best_obj[1]  Best_obj[2]  Hypervol.   IGD         IGDX        SR    Appr.set  [ Pop.index  Subgen.  Pop.size  Subpops ]
           0         388       6.272   4.338e+00   4.523e+00   4.294e+00   0.000e+00   5.607e+00   5.064e+00  0.0000          11  [    0      1        120          2 ]
           1        2564       6.359   9.338e-01   9.564e-01   8.173e-01   0.000e+00   4.075e-01   7.062e-01  0.0000          48  [    1      1        240          7 ]
           1        3415       6.467   5.728e-01   7.746e-01   5.907e-01   0.000e+00   2.768e-01   5.685e-01  0.0000          67  [    0     10        120          5 ]
           1        6116       6.743   4.756e-01   6.751e-01   4.832e-01   0.000e+00   1.726e-01   4.015e-01  0.0000         261  [    0     20        120          4 ]
           1        8816       7.641   4.559e-01   3.777e-01   3.790e-01   0.000e+00   1.390e-01   3.609e-01  0.0000         420  [    0     30        120          4 ]
           1       11567       9.307   4.476e-01   3.395e-01   3.108e-01   0.000e+00   1.253e-01   3.396e-01  0.0000         543  [    0     40        120          3 ]
           1       14864      11.273   3.995e-01   3.230e-01   2.973e-01   0.000e+00   1.139e-01   3.298e-01  0.0000         755  [    0     50        120          5 ]
           1       17763      13.561   3.995e-01   3.230e-01   2.148e-01   0.000e+00   1.120e-01   3.257e-01  0.0000         807  [    0     60        120          7 ]
           2       21866      15.948   3.034e-01   2.840e-01   2.148e-01   0.000e+00   9.570e-02   3.038e-01  0.0000        1561  [    2      1        480         14 ]
           2       23851      20.284   3.034e-01   2.840e-01   2.148e-01   0.000e+00   8.724e-02   2.716e-01  0.0000        1516  [    1     10        240          7 ]
           2       29423      31.107   3.034e-01   2.840e-01   2.148e-01   0.000e+00   8.217e-02   2.589e-01  0.0000        1612  [    1     20        240          5 ]
           2       34968      43.124   2.578e-01   2.287e-01   2.148e-01   0.000e+00   7.141e-02   2.334e-01  0.0000        1749  [    1     30        240          5 ]
           2       40799      56.585   2.578e-01   2.287e-01   1.736e-01   0.000e+00   6.637e-02   2.279e-01  0.0000        1951  [    1     40        240         12 ]
           2       47380      75.156   2.578e-01   1.551e-01   1.707e-01   0.000e+00   5.938e-02   2.123e-01  0.0000        2232  [    1     50        240          7 ]
           2       53174      96.685   2.578e-01   1.551e-01   1.707e-01   0.000e+00   5.735e-02   2.107e-01  0.0000        2336  [    1     60        240          8 ]
           3       62255     118.358   2.534e-01   1.492e-01   1.249e-01   0.000e+00   5.330e-02   2.063e-01  0.0000        1860  [    3      1        960         16 ]
           3       65965     125.703   2.534e-01   1.492e-01   1.249e-01   0.000e+00   4.979e-02   1.906e-01  0.0000        1871  [    2     10        480         13 ]
           3       77288     141.617   2.534e-01   1.492e-01   1.249e-01   0.000e+00   4.614e-02   1.764e-01  0.0000        2157  [    2     20        480          9 ]
           3       88167     165.677   2.534e-01   1.492e-01   1.249e-01   0.000e+00   4.391e-02   1.719e-01  0.0000        2330  [    2     30        480         11 ]
           3       99229     191.645   2.534e-01   1.492e-01   1.249e-01   0.000e+00   4.111e-02   1.611e-01  0.0000        2827  [    2     40        480          4 ]
           3      111775     222.861   1.581e-01   1.492e-01   1.249e-01   0.000e+00   4.020e-02   1.584e-01  0.0000        2088  [    2     50        480          8 ]
           3      122497     248.046   1.581e-01   1.492e-01   1.249e-01   0.000e+00   3.727e-02   1.527e-01  0.0000        2825  [    2     60        480         10 ]
           4      137483     282.808   1.156e-01   1.303e-01   1.207e-01   0.000e+00   3.769e-02   1.509e-01  0.0000        1837  [    4      1       1920         12 ]
           4      148379     303.330   1.156e-01   1.303e-01   1.207e-01   0.000e+00   3.156e-02   1.311e-01  0.0000        2979  [    2     70        480         10 ]
           4      152890     320.254   1.156e-01   1.303e-01   1.207e-01   0.000e+00   3.140e-02   1.307e-01  0.0000        3078  [    3     10        960          5 ]
           4      158955     338.084   1.156e-01   1.303e-01   1.207e-01   0.000e+00   3.448e-02   1.360e-01  0.0000        1925  [    2     80        480          6 ]
           4      171360     359.247   1.156e-01   1.303e-01   1.207e-01   0.000e+00   3.340e-02   1.334e-01  0.0000        2171  [    2     90        480         10 ]
           4      182989     382.779   1.156e-01   1.303e-01   1.207e-01   0.000e+00   3.249e-02   1.315e-01  0.0000        2277  [    2    100        480          5 ]
           4      194015     406.503   9.055e-02   1.303e-01   1.207e-01   0.000e+00   3.190e-02   1.300e-01  0.0000        2459  [    2    110        480         11 ]
           4      205017     433.696   9.055e-02   1.303e-01   1.156e-01   0.000e+00   3.117e-02   1.288e-01  0.0000        2569  [    2    120        480          8 ]
           4      221108     469.023   9.055e-02   1.303e-01   1.156e-01   0.000e+00   2.997e-02   1.241e-01  0.0000        2605  [    2    130        480          6 ]
           4      231520     497.618   9.055e-02   1.303e-01   1.156e-01   0.000e+00   2.984e-02   1.238e-01  0.0000        2621  [    2    140        480          5 ]
           4      243157     526.980   9.055e-02   1.099e-01   1.156e-01   0.000e+00   2.858e-02   1.183e-01  0.0000        2703  [    2    150        480          8 ]
           4      247908     539.354   9.055e-02   1.099e-01   1.156e-01   0.000e+00   2.850e-02   1.180e-01  0.0000        2721  [    3     20        960         10 ]
           4      254380     560.479   9.055e-02   1.099e-01   1.156e-01   0.000e+00   2.827e-02   1.176e-01  0.0000        2745  [    2    160        480          9 ]
           4      267451     597.207   9.055e-02   1.099e-01   1.156e-01   0.000e+00   2.787e-02   1.163e-01  0.0000        2772  [    2    170        480         11 ]
           4      279063     629.351   9.055e-02   1.099e-01   1.156e-01   0.000e+00   2.757e-02   1.155e-01  0.0000        2788  [    2    180        480          9 ]
           4      290926     662.286   9.055e-02   1.099e-01   1.156e-01   0.000e+00   2.727e-02   1.142e-01  0.0000        2767  [    2    190        480          8 ]
           4      306023     703.929   9.055e-02   1.015e-01   1.156e-01   0.000e+00   2.648e-02   1.106e-01  0.0000        2914  [    2    200        480         11 ]
           4      320354     744.067   6.899e-02   6.537e-02   1.156e-01   0.000e+00   2.540e-02   1.060e-01  0.0000        2950  [    2    210        480          7 ]
           4      332621     778.089   6.899e-02   6.537e-02   8.287e-02   0.000e+00   2.458e-02   1.019e-01  0.5000        2956  [    2    220        480          9 ]
           4      344867     816.479   6.525e-02   6.537e-02   8.287e-02   0.000e+00   2.377e-02   9.764e-02  0.5000        3010  [    2    230        480          5 ]
           4      349584     831.653   6.525e-02   6.537e-02   8.287e-02   0.000e+00   2.368e-02   9.741e-02  0.5000        3015  [    3     30        960         10 ]
           4      355807     857.618   6.525e-02   6.537e-02   8.287e-02   0.000e+00   2.362e-02   9.654e-02  0.5000        3024  [    2    240        480          8 ]
           4      369386     900.491   6.525e-02   6.537e-02   8.287e-02   0.000e+00   2.336e-02   9.557e-02  0.5000        3034  [    2    250        480          6 ]
           4      384504     944.870   6.525e-02   6.537e-02   5.978e-02   0.000e+00   2.686e-02   9.954e-02  0.5000        1988  [    2    260        480          8 ]
           4      396267     965.185   6.525e-02   6.537e-02   5.978e-02   0.000e+00   2.558e-02   9.414e-02  1.0000        2108  [    2    270        480          9 ]
           4      407580     986.790   6.525e-02   6.537e-02   5.978e-02   0.000e+00   2.496e-02   9.259e-02  1.0000        2167  [    2    280        480          6 ]
           4      421527    1013.639   6.525e-02   6.537e-02   5.978e-02   0.000e+00   2.439e-02   9.115e-02  1.0000        2268  [    2    290        480          7 ]
           4      433716    1038.017   6.525e-02   6.537e-02   5.978e-02   0.000e+00   2.396e-02   8.960e-02  1.0000        2337  [    2    300        480         11 ]
           4      444845    1060.554   6.525e-02   6.537e-02   5.978e-02   0.000e+00   2.389e-02   8.942e-02  1.0000        2334  [    2    310        480          7 ]
           4      449673    1073.421   6.525e-02   6.537e-02   5.978e-02   0.000e+00   2.389e-02   8.942e-02  1.0000        2358  [    3     40        960         12 ]
           4      456160    1090.182   6.525e-02   6.537e-02   5.978e-02   0.000e+00   2.389e-02   8.942e-02  1.0000        2457  [    2    320        480          6 ]
           4      472725    1123.729   6.525e-02   6.537e-02   5.978e-02   0.000e+00   2.380e-02   8.915e-02  1.0000        2474  [    2    330        480          7 ]
           4      484566    1151.391   6.525e-02   6.537e-02   5.978e-02   0.000e+00   2.374e-02   8.907e-02  1.0000        2516  [    2    340        480          8 ]
           4      496478    1180.343   6.525e-02   6.537e-02   5.978e-02   0.000e+00   2.365e-02   8.866e-02  1.0000        2516  [    2    350        480          5 ]
           4      507697    1209.290   6.525e-02   6.537e-02   5.978e-02   0.000e+00   2.357e-02   8.847e-02  1.0000        2548  [    2    360        480          9 ]
           4      521238    1240.518   6.525e-02   6.537e-02   5.978e-02   0.000e+00   2.353e-02   8.834e-02  1.0000        2554  [    2    370        480          9 ]
           4      533389    1268.643   6.525e-02   6.537e-02   5.978e-02   0.000e+00   2.352e-02   8.831e-02  1.0000        2574  [    2    380        480         14 ]
           4      547669    1302.449   6.525e-02   6.537e-02   5.978e-02   0.000e+00   2.348e-02   8.810e-02  1.0000        2565  [    2    390        480          9 ]
           4      552118    1315.323   6.525e-02   6.537e-02   5.978e-02   0.000e+00   2.348e-02   8.810e-02  1.0000        2562  [    3     50        960         14 ]
           4      558233    1332.976   6.525e-02   6.537e-02   5.978e-02   0.000e+00   2.348e-02   8.810e-02  1.0000        2491  [    2    400        480          9 ]
           4      570037    1364.139   6.525e-02   6.537e-02   5.978e-02   0.000e+00   2.348e-02   8.810e-02  1.0000        2520  [    2    410        480          7 ]
           4      580934    1392.550   6.525e-02   6.537e-02   5.978e-02   0.000e+00   2.340e-02   8.760e-02  1.0000        2550  [    2    420        480          8 ]
           4      591888    1419.708   6.525e-02   6.537e-02   5.978e-02   0.000e+00   2.312e-02   8.690e-02  1.0000        2569  [    2    430        480          8 ]
           4      602892    1447.759   6.525e-02   6.537e-02   5.978e-02   0.000e+00   2.303e-02   8.647e-02  1.0000        2598  [    2    440        480          6 ]
           4      618830    1480.551   6.525e-02   6.537e-02   5.978e-02   0.000e+00   2.295e-02   8.623e-02  1.0000        2646  [    2    450        480          7 ]
           4      629463    1507.660   6.525e-02   6.537e-02   5.978e-02   0.000e+00   2.290e-02   8.609e-02  1.0000        2611  [    2    460        480          8 ]
           4      640554    1537.547   6.525e-02   6.537e-02   5.978e-02   0.000e+00   2.290e-02   8.609e-02  1.0000        2614  [    2    470        480          7 ]
           4      645420    1549.686   6.525e-02   6.537e-02   5.978e-02   0.000e+00   2.289e-02   8.607e-02  1.0000        2629  [    3     60        960         11 ]
           4      651904    1569.598   6.525e-02   6.537e-02   5.978e-02   0.000e+00   2.285e-02   8.589e-02  1.0000        2609  [    2    480        480          5 ]
           4      664521    1601.451   6.525e-02   6.537e-02   5.978e-02   0.000e+00   2.270e-02   8.536e-02  1.0000        2665  [    2    490        480          4 ]
           4      675579    1630.589   6.525e-02   6.537e-02   4.790e-02   0.000e+00   2.250e-02   8.422e-02  1.0000        2690  [    2    500        480          5 ]
           4      686464    1662.280   6.422e-02   6.537e-02   4.790e-02   0.000e+00   2.246e-02   8.396e-02  1.0000        2694  [    2    510        480          9 ]
           5      688453    1671.770   6.422e-02   6.537e-02   4.790e-02   0.000e+00   2.245e-02   8.392e-02  1.0000        2719  [    4      8       1920          7 ]
