# Generation  Evaluations  Time (s)  Best_obj[0]  Best_obj[1]  Best_obj[2]  Hypervol.   IGD         IGDX        SR    Appr.set  [ Pop.index  Subgen.  Pop.size  Subpops ]
           0         391       6.258   4.515e+00   4.140e+00   3.441e+00   0.000e+00   5.154e+00   4.727e+00  0.0000           6  [    0      1        120          1 ]
           1        2669       6.365   6.181e-01   8.309e-01   7.281e-01   0.000e+00   3.398e-01   6.854e-01  0.0000          91  [    1      1        240          5 ]
           1        3483       6.534   4.880e-01   7.996e-01   6.925e-01   0.000e+00   2.635e-01   5.568e-01  0.0000         146  [    0     10        120          4 ]
           1        6218       6.982   3.840e-01   5.374e-01   4.224e-01   0.000e+00   1.573e-01   3.955e-01  0.0000         343  [    0     20        120          4 ]
           1        8844       8.387   3.351e-01   4.872e-01   3.328e-01   0.000e+00   1.280e-01   3.341e-01  0.0000         513  [    0     30        120          4 ]
           1       11521      10.778   3.351e-01   2.962e-01   3.242e-01   0.000e+00   1.135e-01   3.135e-01  0.0000         693  [    0     40        120          4 ]
           1       14644      13.602   3.068e-01   2.962e-01   3.242e-01   0.000e+00   9.981e-02   2.864e-01  0.0000         825  [    0     50        120          4 ]
           1       17368      17.376   3.068e-01   2.597e-01   2.004e-01   0.000e+00   8.731e-02   2.656e-01  0.0000         976  [    0     60        120          4 ]
           2       21494      21.694   2.414e-01   1.924e-01   1.570e-01   0.000e+00   7.063e-02   2.427e-01  0.0000        1905  [    2      1        480          7 ]
           2       24421      34.300   2.414e-01   1.924e-01   1.532e-01   0.000e+00   6.277e-02   2.244e-01  0.0000        2028  [    0     70        120          5 ]
           2       25613      42.527   2.414e-01   1.924e-01   1.532e-01   0.000e+00   6.213e-02   2.220e-01  0.0000        2111  [    1     10        240          5 ]
           2       27384      55.491   2.414e-01   1.924e-01   1.532e-01   0.000e+00   6.102e-02   2.185e-01  0.0000        2186  [    0     80        120          4 ]
           2       30642      77.469   2.414e-01   1.492e-01   1.532e-01   0.000e+00   5.926e-02   2.140e-01  0.0000        2265  [    0     90        120          5 ]
           2       33530      99.719   2.414e-01   1.492e-01   1.532e-01   0.000e+00   5.845e-02   2.131e-01  0.0000        2363  [    0    100        120          5 ]
           2       36510     123.807   2.414e-01   1.492e-01   1.532e-01   0.000e+00   5.600e-02   2.072e-01  0.0000        2444  [    0    110        120          6 ]
           2       39659     148.347   2.414e-01   1.492e-01   1.532e-01   0.000e+00   5.257e-02   2.005e-01  0.0000        2515  [    0    120        120          4 ]
           2       43857     179.714   2.381e-01   1.492e-01   1.532e-01   0.000e+00   5.008e-02   1.929e-01  0.0000        2649  [    0    130        120          5 ]
           2       46787     208.831   1.831e-01   1.492e-01   1.532e-01   0.000e+00   4.870e-02   1.904e-01  0.0000        2719  [    0    140        120          5 ]
           2       49637     239.517   1.831e-01   1.492e-01   1.532e-01   0.000e+00   4.786e-02   1.895e-01  0.0000        2828  [    0    150        120          4 ]
           2       50773     253.875   1.831e-01   1.492e-01   1.532e-01   0.000e+00   4.771e-02   1.894e-01  0.0000        2840  [    1     20        240          4 ]
           2       52485     276.339   1.831e-01   1.492e-01   1.532e-01   0.000e+00   4.711e-02   1.880e-01  0.0000        2893  [    0    160        120          4 ]
           2       55848     315.229   1.804e-01   1.492e-01   1.532e-01   0.000e+00   4.614e-02   1.848e-01  0.0000        2992  [    0    170        120          4 ]
           2       58919     353.567   1.804e-01   1.492e-01   1.532e-01   0.000e+00   4.578e-02   1.840e-01  0.0000        3079  [    0    180        120          6 ]
           2       61951     391.187   1.804e-01   1.492e-01   1.532e-01   0.000e+00   4.514e-02   1.831e-01  0.0000        3118  [    0    190        120          4 ]
           2       65855     413.049   1.804e-01   1.492e-01   1.353e-01   0.000e+00   4.710e-02   1.840e-01  0.0000        1959  [    0    200        120          5 ]
           2       69246     428.778   1.804e-01   1.492e-01   1.353e-01   0.000e+00   4.637e-02   1.814e-01  0.0000        1983  [    0    210        120          4 ]
           2       72649     442.945   1.728e-01   1.492e-01   1.353e-01   0.000e+00   4.576e-02   1.783e-01  0.0000        2018  [    0    220        120          5 ]
           2       75900     459.112   1.728e-01   1.492e-01   1.353e-01   0.000e+00   4.569e-02   1.776e-01  0.0000        2030  [    0    230        120          5 ]
           2       77160     467.357   1.728e-01   1.492e-01   1.353e-01   0.000e+00   4.565e-02   1.776e-01  0.0000        2041  [    1     30        240          7 ]
           2       79049     479.016   1.728e-01   1.492e-01   1.353e-01   0.000e+00   4.543e-02   1.759e-01  0.0000        2063  [    0    240        120          5 ]
           2       82709     496.910   1.503e-01   1.492e-01   1.353e-01   0.000e+00   4.474e-02   1.745e-01  0.0000        2092  [    0    250        120          7 ]
           2       86979     518.079   1.503e-01   1.492e-01   1.353e-01   0.000e+00   4.365e-02   1.706e-01  0.0000        2218  [    0    260        120          5 ]
           2       90215     538.182   1.503e-01   1.492e-01   1.353e-01   0.000e+00   4.309e-02   1.690e-01  0.0000        2250  [    0    270        120          5 ]
           2       93660     558.697   1.503e-01   1.492e-01   1.353e-01   0.000e+00   4.249e-02   1.680e-01  0.0000        2273  [    0    280        120          7 ]
           2       97358     581.848   1.503e-01   1.492e-01   1.353e-01   0.000e+00   4.143e-02   1.651e-01  0.0000        2282  [    0    290        120          5 ]
           2      100448     601.626   1.503e-01   1.492e-01   1.353e-01   0.000e+00   4.061e-02   1.607e-01  0.0000        2328  [    0    300        120          7 ]
           2      103376     623.253   1.503e-01   1.492e-01   1.353e-01   0.000e+00   4.032e-02   1.595e-01  0.0000        2345  [    0    310        120          5 ]
           2      104508     632.258   1.503e-01   1.492e-01   1.353e-01   0.000e+00   4.006e-02   1.574e-01  0.0000        2353  [    1     40        240          4 ]
           2      106364     648.671   1.503e-01   1.492e-01   1.353e-01   0.000e+00   3.940e-02   1.546e-01  0.0000        2380  [    0    320        120          6 ]
           2      111236     676.754   1.503e-01   1.492e-01   1.353e-01   0.000e+00   3.771e-02   1.498e-01  0.0000        2473  [    0    330        120          9 ]
           2      114495     701.188   1.503e-01   1.492e-01   1.353e-01   0.000e+00   3.745e-02   1.489e-01  0.0000        2496  [    0    340        120          6 ]
           2      117664     726.843   1.503e-01   9.556e-02   1.353e-01   0.000e+00   3.733e-02   1.488e-01  0.0000        2497  [    0    350        120          8 ]
           2      120860     750.935   1.503e-01   9.556e-02   1.353e-01   0.000e+00   3.726e-02   1.488e-01  0.0000        2500  [    0    360        120          6 ]
           2      124756     776.618   1.503e-01   9.556e-02   1.353e-01   0.000e+00   3.663e-02   1.473e-01  0.0000        2588  [    0    370        120          6 ]
           2      128196     803.428   1.503e-01   9.556e-02   1.353e-01   0.000e+00   3.585e-02   1.448e-01  0.0000        2645  [    0    380        120          4 ]
           2      132308     832.345   1.177e-01   9.556e-02   1.353e-01   0.000e+00   3.493e-02   1.420e-01  0.0000        2714  [    0    390        120          4 ]
           2      133620     845.394   1.177e-01   9.556e-02   1.353e-01   0.000e+00   3.444e-02   1.390e-01  0.0000        2693  [    1     50        240          4 ]
           2      135735     865.249   1.177e-01   9.556e-02   1.353e-01   0.000e+00   3.401e-02   1.375e-01  0.0000        2699  [    0    400        120          9 ]
           2      139812     895.074   1.177e-01   9.556e-02   1.353e-01   0.000e+00   3.326e-02   1.341e-01  0.0000        2688  [    0    410        120          5 ]
           2      143055     925.651   1.177e-01   9.556e-02   1.353e-01   0.000e+00   3.268e-02   1.323e-01  0.0000        2696  [    0    420        120          6 ]
           2      146326     954.076   1.136e-01   9.556e-02   1.353e-01   0.000e+00   3.232e-02   1.309e-01  0.0000        2727  [    0    430        120          5 ]
           2      149483     982.656   1.136e-01   9.556e-02   1.353e-01   0.000e+00   3.201e-02   1.297e-01  0.0000        2766  [    0    440        120          4 ]
           2      154099    1019.021   1.136e-01   9.556e-02   1.353e-01   0.000e+00   3.168e-02   1.284e-01  0.0000        2847  [    0    450        120          5 ]
           2      157484    1048.778   1.136e-01   9.556e-02   1.353e-01   0.000e+00   3.132e-02   1.263e-01  0.0000        2856  [    0    460        120          4 ]
           2      160996    1082.692   1.136e-01   9.556e-02   1.308e-01   0.000e+00   3.110e-02   1.249e-01  0.0000        2916  [    0    470        120          7 ]
           2      162306    1095.571   1.136e-01   9.556e-02   1.308e-01   0.000e+00   3.108e-02   1.249e-01  0.0000        2918  [    1     60        240          6 ]
           2      164348    1117.635   1.120e-01   9.556e-02   1.163e-01   0.000e+00   3.081e-02   1.241e-01  0.0000        2927  [    0    480        120          6 ]
           2      168317    1155.109   1.120e-01   9.556e-02   8.108e-02   0.000e+00   2.980e-02   1.199e-01  0.0000        2946  [    0    490        120          6 ]
           2      171542    1188.943   1.120e-01   9.556e-02   8.108e-02   0.000e+00   2.965e-02   1.194e-01  0.0000        2945  [    0    500        120          5 ]
           2      174589    1221.271   1.120e-01   9.556e-02   8.108e-02   0.000e+00   2.957e-02   1.193e-01  0.0000        2971  [    0    510        120          7 ]
           3      183294    1240.820   1.094e-01   9.374e-02   8.078e-02   0.000e+00   3.311e-02   1.230e-01  0.0000        1875  [    3      1        960         12 ]
           3      187105    1249.808   6.525e-02   9.374e-02   8.078e-02   0.000e+00   3.190e-02   1.194e-01  0.0000        1939  [    2     10        480          6 ]
           3      198269    1268.091   6.525e-02   9.374e-02   8.078e-02   0.000e+00   3.083e-02   1.162e-01  0.0000        2014  [    2     20        480          7 ]
           3      208831    1287.438   6.525e-02   9.374e-02   8.078e-02   0.000e+00   3.022e-02   1.147e-01  0.0000        2036  [    2     30        480          8 ]
           3      219755    1307.775   6.525e-02   9.374e-02   8.078e-02   0.000e+00   2.963e-02   1.131e-01  0.0000        2156  [    2     40        480         11 ]
           3      232330    1332.505   6.525e-02   9.374e-02   8.078e-02   0.000e+00   2.914e-02   1.119e-01  0.0000        2218  [    2     50        480          6 ]
           3      243899    1357.033   6.525e-02   7.890e-02   8.078e-02   0.000e+00   2.839e-02   1.093e-01  0.0000        2318  [    2     60        480          6 ]
           4      258250    1374.597   6.525e-02   7.606e-02   6.862e-02   0.000e+00   2.754e-02   1.075e-01  0.0000        2442  [    4      1       1920         16 ]
           4      265197    1388.902   6.525e-02   7.606e-02   6.862e-02   0.000e+00   2.718e-02   1.057e-01  0.0000        2463  [    3     10        960          8 ]
           4      287875    1423.658   6.525e-02   7.606e-02   6.862e-02   0.000e+00   2.671e-02   1.031e-01  0.0000        2463  [    3     20        960         11 ]
           4      308862    1458.080   6.525e-02   7.606e-02   6.862e-02   0.000e+00   2.647e-02   1.020e-01  0.0000        2473  [    3     30        960         16 ]
           4      328580    1493.178   6.525e-02   7.606e-02   6.862e-02   0.000e+00   2.624e-02   1.013e-01  0.5000        2377  [    3     40        960          4 ]
           4      353129    1534.014   6.525e-02   7.606e-02   6.862e-02   0.000e+00   2.581e-02   9.995e-02  0.5000        2519  [    3     50        960          7 ]
           4      374256    1572.731   6.525e-02   7.529e-02   6.862e-02   0.000e+00   2.530e-02   9.824e-02  0.5000        2535  [    3     60        960          7 ]
           5      397836    1604.414   6.525e-02   6.348e-02   6.824e-02   0.000e+00   2.483e-02   9.641e-02  0.5000        2545  [    5      1       3840         18 ]
           5      418146    1640.929   6.525e-02   6.348e-02   5.608e-02   0.000e+00   2.443e-02   9.383e-02  1.0000        2499  [    3     70        960          8 ]
           5      426649    1658.905   6.525e-02   6.348e-02   5.608e-02   0.000e+00   2.431e-02   9.334e-02  1.0000        2484  [    4     10       1920          9 ]
           5      439002    1685.299   6.525e-02   6.348e-02   5.608e-02   0.000e+00   2.412e-02   9.213e-02  1.0000        2499  [    3     80        960          8 ]
           5      462900    1729.115   6.525e-02   6.348e-02   5.608e-02   0.000e+00   2.379e-02   9.063e-02  1.0000        2547  [    3     90        960          8 ]
           5      485027    1769.148   6.525e-02   6.348e-02   5.608e-02   0.000e+00   2.374e-02   9.050e-02  1.0000        2575  [    3    100        960          8 ]
           5      505623    1811.598   6.525e-02   6.348e-02   5.608e-02   0.000e+00   2.372e-02   9.050e-02  1.0000        2612  [    3    110        960         11 ]
           5      525640    1854.202   6.525e-02   6.348e-02   5.608e-02   0.000e+00   2.371e-02   9.050e-02  1.0000        2611  [    3    120        960          6 ]
           5      556204    1908.303   6.525e-02   6.348e-02   5.608e-02   0.000e+00   2.353e-02   8.919e-02  1.0000        2657  [    3    130        960          5 ]
           5      577127    1949.867   6.525e-02   6.348e-02   5.608e-02   0.000e+00   2.347e-02   8.904e-02  1.0000        2639  [    3    140        960          8 ]
           5      597358    1990.732   6.525e-02   6.348e-02   5.608e-02   0.000e+00   2.347e-02   8.904e-02  1.0000        2648  [    3    150        960          7 ]
           5      605712    2007.370   6.525e-02   6.348e-02   5.608e-02   0.000e+00   2.347e-02   8.904e-02  1.0000        2618  [    4     20       1920          9 ]
           5      618170    2035.540   6.525e-02   6.348e-02   5.608e-02   0.000e+00   2.346e-02   8.900e-02  1.0000        2720  [    3    160        960          5 ]
           5      642727    2086.145   6.525e-02   6.348e-02   5.608e-02   0.000e+00   2.344e-02   8.893e-02  1.0000        2687  [    3    170        960          7 ]
           5      663482    2129.010   6.525e-02   6.348e-02   5.608e-02   0.000e+00   2.339e-02   8.885e-02  1.0000        2651  [    3    180        960          7 ]
           5      685881    2172.055   6.002e-02   6.348e-02   5.608e-02   0.000e+00   2.318e-02   8.768e-02  1.0000        2634  [    3    190        960         12 ]
           5      713730    2222.956   6.002e-02   6.348e-02   5.608e-02   0.000e+00   2.291e-02   8.687e-02  1.0000        2653  [    3    200        960          8 ]
           5      738926    2271.544   6.002e-02   6.348e-02   5.608e-02   0.000e+00   2.290e-02   8.686e-02  1.0000        2598  [    3    210        960          8 ]
           5      760577    2313.301   6.002e-02   6.348e-02   5.608e-02   0.000e+00   2.280e-02   8.617e-02  1.0000        2597  [    3    220        960         12 ]
           5      783244    2355.769   6.002e-02   6.348e-02   5.608e-02   0.000e+00   2.272e-02   8.538e-02  1.0000        2592  [    3    230        960          8 ]
           5      792240    2374.431   6.002e-02   6.348e-02   5.608e-02   0.000e+00   2.272e-02   8.538e-02  1.0000        2606  [    4     30       1920         14 ]
           5      803400    2401.927   6.002e-02   6.348e-02   5.608e-02   0.000e+00   2.272e-02   8.538e-02  1.0000        2607  [    3    240        960          7 ]
           5      829168    2449.763   6.002e-02   6.348e-02   5.608e-02   0.000e+00   2.266e-02   8.508e-02  1.0000        2663  [    3    250        960          9 ]
           5      858134    2503.234   6.002e-02   6.348e-02   3.007e-02   0.000e+00   2.243e-02   8.344e-02  1.0000        2632  [    3    260        960          8 ]
           5      879295    2546.432   6.002e-02   6.348e-02   3.007e-02   0.000e+00   2.234e-02   8.300e-02  1.0000        2597  [    3    270        960          8 ]
           5      901566    2589.393   6.002e-02   6.348e-02   3.007e-02   0.000e+00   2.202e-02   8.145e-02  1.0000        2675  [    3    280        960          5 ]
           5      928232    2637.277   5.901e-02   6.348e-02   3.007e-02   0.000e+00   2.191e-02   8.078e-02  1.0000        2696  [    3    290        960         11 ]
           5      950067    2682.899   5.901e-02   6.348e-02   3.007e-02   0.000e+00   2.190e-02   8.074e-02  1.0000        2719  [    3    300        960          9 ]
           5      971801    2729.055   5.901e-02   6.348e-02   3.007e-02   0.000e+00   2.190e-02   8.074e-02  1.0000        2748  [    3    310        960          5 ]
           5      980874    2749.437   5.901e-02   6.348e-02   3.007e-02   0.000e+00   2.189e-02   8.073e-02  1.0000        2761  [    4     40       1920         12 ]
           5      994054    2775.834   5.901e-02   6.348e-02   3.007e-02   0.000e+00   2.189e-02   8.070e-02  1.0000        2761  [    3    320        960         13 ]
           5     1027189    2836.156   5.901e-02   5.905e-02   3.007e-02   0.000e+00   2.185e-02   8.048e-02  1.0000        2680  [    3    330        960         13 ]
           5     1048968    2878.569   5.901e-02   5.905e-02   3.007e-02   0.000e+00   2.185e-02   8.048e-02  1.0000        2669  [    3    340        960         12 ]
           5     1070252    2920.250   5.901e-02   5.905e-02   3.007e-02   0.000e+00   2.185e-02   8.048e-02  1.0000        2678  [    3    350        960         13 ]
           5     1091966    2962.278   5.901e-02   5.905e-02   3.007e-02   0.000e+00   2.185e-02   8.048e-02  1.0000        2681  [    3    360        960         10 ]
           5     1116924    3009.762   5.901e-02   5.905e-02   3.007e-02   0.000e+00   2.181e-02   8.023e-02  1.0000        2712  [    3    370        960         11 ]
           5     1138355    3054.440   5.901e-02   5.905e-02   3.007e-02   0.000e+00   2.179e-02   8.007e-02  1.0000        2650  [    3    380        960          9 ]
           5     1164907    3104.910   5.901e-02   5.905e-02   3.007e-02   0.000e+00   2.178e-02   8.003e-02  1.0000        2660  [    3    390        960          7 ]
           5     1173802    3125.419   5.901e-02   5.905e-02   3.007e-02   0.000e+00   2.178e-02   8.003e-02  1.0000        2687  [    4     50       1920          8 ]
           5     1185511    3153.925   5.901e-02   5.905e-02   3.007e-02   0.000e+00   2.178e-02   8.003e-02  1.0000        2668  [    3    400        960          7 ]
           5     1211435    3198.424   5.901e-02   5.905e-02   3.007e-02   0.000e+00   2.177e-02   7.996e-02  1.0000        2680  [    3    410        960          9 ]
           5     1232859    3240.541   5.901e-02   5.905e-02   3.007e-02   0.000e+00   2.177e-02   7.996e-02  1.0000        2674  [    3    420        960         11 ]
           5     1254426    3283.196   5.901e-02   5.905e-02   3.007e-02   0.000e+00   2.176e-02   7.995e-02  1.0000        2679  [    3    430        960         14 ]
           5     1274884    3327.356   5.901e-02   5.905e-02   3.007e-02   0.000e+00   2.169e-02   7.946e-02  1.0000        2695  [    3    440        960          4 ]
           5     1305969    3383.278   5.901e-02   5.905e-02   3.007e-02   0.000e+00   2.161e-02   7.916e-02  1.0000        2731  [    3    450        960         12 ]
           5     1327151    3426.231   5.901e-02   5.905e-02   3.007e-02   0.000e+00   2.161e-02   7.916e-02  1.0000        2703  [    3    460        960         11 ]
           5     1346836    3469.620   5.901e-02   5.905e-02   3.007e-02   0.000e+00   2.161e-02   7.916e-02  1.0000        2739  [    3    470        960         13 ]
           5     1354944    3488.828   5.901e-02   5.905e-02   3.007e-02   0.000e+00   2.161e-02   7.916e-02  1.0000        2714  [    4     60       1920         10 ]
           5     1367231    3518.958   5.901e-02   5.905e-02   3.007e-02   0.000e+00   2.161e-02   7.916e-02  1.0000        2761  [    3    480        960          8 ]
           5     1391404    3568.852   5.901e-02   5.905e-02   3.007e-02   0.000e+00   2.158e-02   7.915e-02  1.0000        2720  [    3    490        960         11 ]
           5     1413127    3612.987   5.901e-02   5.905e-02   3.007e-02   0.000e+00   2.158e-02   7.914e-02  1.0000        2732  [    3    500        960         10 ]
           5     1433812    3659.406   5.901e-02   5.905e-02   3.007e-02   0.000e+00   2.158e-02   7.914e-02  1.0000        2691  [    3    510        960          4 ]
           6     1437354    3672.099   5.901e-02   5.905e-02   3.007e-02   0.000e+00   2.156e-02   7.912e-02  1.0000        2688  [    5      8       3840         12 ]
