# Generation  Evaluations  Time (s)  Best_obj[0]  Best_obj[1]  Best_obj[2]  Hypervol.   IGD         IGDX        SR    Appr.set  [ Pop.index  Subgen.  Pop.size  Subpops ]
           0         404       6.082   4.063e+00   3.711e+00   4.087e+00   0.000e+00   4.959e+00   4.424e+00  0.0000          10  [    0      1        120          2 ]
           1        2569       6.178   8.544e-01   7.771e-01   8.567e-01   0.000e+00   6.128e-01   1.045e+00  0.0000          49  [    1      1        240          6 ]
           1        3354       6.302   6.588e-01   7.771e-01   8.567e-01   0.000e+00   5.582e-01   9.404e-01  0.0000          67  [    0     10        120          4 ]
           1        6004       6.476   5.107e-01   4.654e-01   5.534e-01   0.000e+00   2.064e-01   5.375e-01  0.0000         189  [    0     20        120          4 ]
           1        8646       7.080   4.588e-01   4.609e-01   2.832e-01   0.000e+00   1.456e-01   4.340e-01  0.0000         275  [    0     30        120          4 ]
           1       11366       8.110   4.041e-01   4.609e-01   2.832e-01   0.000e+00   1.296e-01   4.015e-01  0.0000         418  [    0     40        120          5 ]
           1       14599       9.413   3.960e-01   4.254e-01   2.427e-01   0.000e+00   1.210e-01   3.807e-01  0.0000         530  [    0     50        120          4 ]
           1       17732      11.220   3.217e-01   3.002e-01   2.427e-01   0.000e+00   1.145e-01   3.745e-01  0.0000         698  [    0     60        120          4 ]
           2       21657      13.214   2.421e-01   2.478e-01   2.149e-01   0.000e+00   9.360e-02   3.403e-01  0.0000        1316  [    2      1        480          6 ]
           2       24804      19.556   2.421e-01   2.093e-01   2.149e-01   0.000e+00   8.373e-02   2.931e-01  0.0000        1330  [    0     70        120          7 ]
           2       26101      23.504   2.421e-01   2.093e-01   2.149e-01   0.000e+00   8.373e-02   2.931e-01  0.0000        1329  [    1     10        240          7 ]
           2       27995      28.506   2.421e-01   2.093e-01   2.149e-01   0.000e+00   8.218e-02   2.913e-01  0.0000        1343  [    0     80        120          5 ]
           2       31911      36.493   2.252e-01   2.093e-01   2.149e-01   0.000e+00   7.979e-02   2.870e-01  0.0000        1435  [    0     90        120          6 ]
           2       35144      46.113   1.970e-01   2.093e-01   2.149e-01   0.000e+00   7.789e-02   2.765e-01  0.0000        1462  [    0    100        120          7 ]
           2       38337      57.264   1.970e-01   1.821e-01   2.149e-01   0.000e+00   7.529e-02   2.710e-01  0.0000        1521  [    0    110        120          5 ]
           2       41668      68.847   1.970e-01   1.821e-01   2.149e-01   0.000e+00   7.410e-02   2.608e-01  0.0000        1586  [    0    120        120          5 ]
           2       46161      82.953   1.970e-01   1.821e-01   2.149e-01   0.000e+00   6.805e-02   2.442e-01  0.0000        1722  [    0    130        120          6 ]
           2       49703      95.386   1.970e-01   1.821e-01   2.149e-01   0.000e+00   6.737e-02   2.436e-01  0.0000        1752  [    0    140        120          6 ]
           2       53191     108.422   1.970e-01   1.821e-01   2.149e-01   0.000e+00   6.718e-02   2.432e-01  0.0000        1797  [    0    150        120          9 ]
           2       54560     117.314   1.970e-01   1.821e-01   2.149e-01   0.000e+00   6.619e-02   2.416e-01  0.0000        1819  [    1     20        240          8 ]
           2       56671     128.345   1.970e-01   1.821e-01   2.149e-01   0.000e+00   6.478e-02   2.376e-01  0.0000        1886  [    0    160        120          8 ]
           2       60486     145.047   1.894e-01   1.821e-01   2.149e-01   0.000e+00   6.343e-02   2.366e-01  0.0000        1913  [    0    170        120          7 ]
           2       63972     159.598   1.894e-01   1.821e-01   2.149e-01   0.000e+00   6.250e-02   2.310e-01  0.0000        1973  [    0    180        120          8 ]
           2       67418     176.426   1.894e-01   1.821e-01   2.149e-01   0.000e+00   6.204e-02   2.290e-01  0.0000        2019  [    0    190        120          4 ]
           2       71788     194.425   1.894e-01   1.821e-01   2.063e-01   0.000e+00   5.990e-02   2.204e-01  0.0000        2141  [    0    200        120          7 ]
           2       75798     214.035   1.894e-01   1.821e-01   2.063e-01   0.000e+00   5.833e-02   2.160e-01  0.0000        2201  [    0    210        120          8 ]
           2       79120     233.855   1.894e-01   1.821e-01   1.969e-01   0.000e+00   5.750e-02   2.140e-01  0.0000        2232  [    0    220        120          8 ]
           2       82497     254.785   1.894e-01   1.821e-01   1.969e-01   0.000e+00   5.750e-02   2.140e-01  0.0000        2231  [    0    230        120          8 ]
           2       83780     263.715   1.894e-01   1.821e-01   1.969e-01   0.000e+00   5.750e-02   2.140e-01  0.0000        2226  [    1     30        240          6 ]
           2       85689     277.445   1.894e-01   1.821e-01   1.969e-01   0.000e+00   5.746e-02   2.138e-01  0.0000        2241  [    0    240        120          9 ]
           2       89579     300.311   1.894e-01   1.821e-01   1.969e-01   0.000e+00   5.632e-02   2.108e-01  0.0000        2344  [    0    250        120          6 ]
           2       94333     325.162   1.894e-01   1.821e-01   1.969e-01   0.000e+00   5.379e-02   2.045e-01  0.0000        2514  [    0    260        120         13 ]
           2       98117     350.342   1.894e-01   1.821e-01   1.969e-01   0.000e+00   5.379e-02   2.045e-01  0.0000        2506  [    0    270        120         11 ]
           2      102147     374.452   1.894e-01   1.821e-01   1.969e-01   0.000e+00   5.379e-02   2.045e-01  0.0000        2512  [    0    280        120         14 ]
           2      107105     400.831   1.894e-01   1.821e-01   1.969e-01   0.000e+00   5.379e-02   2.045e-01  0.0000        2518  [    0    290        120         15 ]
           2      110727     425.453   1.894e-01   1.821e-01   1.969e-01   0.000e+00   5.369e-02   2.045e-01  0.0000        2537  [    0    300        120          8 ]
           2      114179     448.679   1.894e-01   1.821e-01   1.969e-01   0.000e+00   5.305e-02   2.021e-01  0.0000        2555  [    0    310        120          7 ]
           2      115676     459.733   1.894e-01   1.821e-01   1.969e-01   0.000e+00   5.247e-02   2.009e-01  0.0000        2498  [    1     40        240          8 ]
           2      117654     477.374   1.894e-01   1.821e-01   1.969e-01   0.000e+00   5.221e-02   1.999e-01  0.0000        2567  [    0    320        120          6 ]
           2      122320     507.344   1.717e-01   1.821e-01   1.969e-01   0.000e+00   5.027e-02   1.923e-01  0.0000        2648  [    0    330        120          5 ]
           2      125550     535.569   1.717e-01   1.821e-01   1.539e-01   0.000e+00   5.002e-02   1.921e-01  0.0000        2669  [    0    340        120          7 ]
           2      128733     564.605   1.717e-01   1.821e-01   1.262e-01   0.000e+00   4.894e-02   1.898e-01  0.0000        2750  [    0    350        120          6 ]
           2      132171     593.058   1.717e-01   1.821e-01   1.262e-01   0.000e+00   4.859e-02   1.890e-01  0.0000        2811  [    0    360        120          8 ]
           2      136416     627.491   1.717e-01   1.821e-01   1.262e-01   0.000e+00   4.808e-02   1.882e-01  0.0000        2841  [    0    370        120          7 ]
           2      139924     656.554   1.717e-01   1.821e-01   1.262e-01   0.000e+00   4.761e-02   1.877e-01  0.0000        2862  [    0    380        120          7 ]
           2      144587     691.373   1.717e-01   1.821e-01   1.262e-01   0.000e+00   4.662e-02   1.835e-01  0.0000        2960  [    0    390        120         10 ]
           2      146224     704.941   1.717e-01   1.821e-01   1.262e-01   0.000e+00   4.658e-02   1.832e-01  0.0000        2978  [    1     50        240         10 ]
           2      148463     727.738   1.717e-01   1.821e-01   1.262e-01   0.000e+00   4.619e-02   1.818e-01  0.0000        3008  [    0    400        120         11 ]
           2      152844     763.895   1.717e-01   1.821e-01   1.262e-01   0.000e+00   4.539e-02   1.809e-01  0.0000        3092  [    0    410        120          9 ]
           2      156327     791.080   1.717e-01   1.821e-01   1.262e-01   0.000e+00   4.799e-02   1.839e-01  0.0000        1925  [    0    420        120          5 ]
           2      159492     803.350   1.717e-01   1.821e-01   1.262e-01   0.000e+00   4.749e-02   1.830e-01  0.0000        1942  [    0    430        120          6 ]
           2      162958     818.403   1.695e-01   1.821e-01   1.262e-01   0.000e+00   4.644e-02   1.795e-01  0.0000        1959  [    0    440        120          4 ]
           2      167636     838.556   1.695e-01   1.795e-01   1.262e-01   0.000e+00   4.490e-02   1.741e-01  0.0000        2025  [    0    450        120          7 ]
           2      170790     855.490   1.695e-01   1.710e-01   1.262e-01   0.000e+00   4.331e-02   1.718e-01  0.0000        2066  [    0    460        120          3 ]
           2      173948     872.715   1.695e-01   1.710e-01   1.262e-01   0.000e+00   4.243e-02   1.691e-01  0.0000        2120  [    0    470        120          6 ]
           2      175215     880.009   1.695e-01   1.710e-01   1.262e-01   0.000e+00   4.236e-02   1.687e-01  0.0000        2132  [    1     60        240          7 ]
           2      176954     892.501   1.520e-01   1.710e-01   1.262e-01   0.000e+00   4.218e-02   1.683e-01  0.0000        2152  [    0    480        120          5 ]
           2      180852     913.261   1.520e-01   1.710e-01   1.262e-01   0.000e+00   4.112e-02   1.621e-01  0.0000        2197  [    0    490        120          5 ]
           2      183962     932.344   1.520e-01   1.710e-01   1.262e-01   0.000e+00   3.941e-02   1.543e-01  0.0000        2241  [    0    500        120          4 ]
           2      187305     953.462   1.520e-01   1.381e-01   1.262e-01   0.000e+00   3.841e-02   1.514e-01  0.0000        2292  [    0    510        120         10 ]
           3      194876     963.330   1.248e-01   1.160e-01   1.193e-01   0.000e+00   3.484e-02   1.455e-01  0.0000        2584  [    3      1        960         16 ]
           3      198606     974.445   1.248e-01   1.160e-01   1.193e-01   0.000e+00   3.415e-02   1.429e-01  0.0000        2627  [    2     10        480          6 ]
           3      209506    1006.419   1.089e-01   8.813e-02   1.193e-01   0.000e+00   3.177e-02   1.350e-01  0.0000        2697  [    2     20        480          5 ]
           3      220827    1041.188   1.089e-01   6.689e-02   1.141e-01   0.000e+00   2.928e-02   1.262e-01  0.0000        2874  [    2     30        480         12 ]
           3      232265    1080.964   1.089e-01   6.689e-02   9.867e-02   0.000e+00   2.792e-02   1.190e-01  0.0000        2977  [    2     40        480         10 ]
           3      245584    1118.874   1.089e-01   6.689e-02   9.867e-02   0.000e+00   3.153e-02   1.205e-01  0.0000        2026  [    2     50        480         13 ]
           3      256597    1138.002   1.089e-01   6.689e-02   9.867e-02   0.000e+00   3.043e-02   1.184e-01  0.0000        2121  [    2     60        480         11 ]
           4      270089    1152.347   7.534e-02   6.689e-02   9.291e-02   0.000e+00   2.841e-02   1.138e-01  0.0000        2274  [    4      1       1920         11 ]
           4      281135    1174.831   7.161e-02   6.689e-02   9.291e-02   0.000e+00   2.744e-02   1.094e-01  0.0000        2353  [    2     70        480         13 ]
           4      285437    1186.171   7.161e-02   6.689e-02   9.291e-02   0.000e+00   2.738e-02   1.094e-01  0.0000        2366  [    3     10        960          7 ]
           4      291748    1201.465   7.161e-02   6.689e-02   9.291e-02   0.000e+00   2.718e-02   1.090e-01  0.0000        2406  [    2     80        480          7 ]
           4      305335    1229.280   7.161e-02   6.689e-02   9.291e-02   0.000e+00   2.701e-02   1.082e-01  0.0000        2399  [    2     90        480          9 ]
           4      316473    1254.493   7.161e-02   6.689e-02   9.291e-02   0.000e+00   2.700e-02   1.081e-01  0.0000        2394  [    2    100        480          8 ]
           4      327270    1283.819   7.161e-02   6.689e-02   9.291e-02   0.000e+00   2.696e-02   1.079e-01  0.0000        2514  [    2    110        480          4 ]
           4      339007    1313.569   7.161e-02   6.689e-02   9.291e-02   0.000e+00   2.660e-02   1.071e-01  0.5000        2536  [    2    120        480         13 ]
           4      355436    1347.198   7.161e-02   6.689e-02   9.291e-02   0.000e+00   2.609e-02   1.048e-01  0.5000        2540  [    2    130        480          8 ]
           4      366172    1375.546   7.161e-02   6.689e-02   9.291e-02   0.000e+00   2.605e-02   1.047e-01  0.5000        2543  [    2    140        480         13 ]
           4      378558    1404.096   7.161e-02   6.689e-02   6.775e-02   0.000e+00   2.589e-02   1.038e-01  0.5000        2572  [    2    150        480         11 ]
           4      383111    1415.881   7.161e-02   6.689e-02   6.775e-02   0.000e+00   2.582e-02   1.037e-01  0.5000        2566  [    3     20        960          8 ]
           4      389242    1434.700   7.161e-02   6.689e-02   6.775e-02   0.000e+00   2.581e-02   1.037e-01  0.5000        2546  [    2    160        480          9 ]
           4      401730    1465.790   7.161e-02   6.689e-02   6.775e-02   0.000e+00   2.571e-02   1.035e-01  0.5000        2589  [    2    170        480          7 ]
           4      412518    1494.602   7.161e-02   6.689e-02   6.775e-02   0.000e+00   2.553e-02   1.020e-01  0.5000        2512  [    2    180        480          6 ]
           4      423369    1523.680   7.161e-02   6.689e-02   6.775e-02   0.000e+00   2.539e-02   1.011e-01  0.5000        2559  [    2    190        480          7 ]
           4      437897    1556.656   7.161e-02   6.689e-02   6.775e-02   0.000e+00   2.499e-02   9.955e-02  0.5000        2613  [    2    200        480         12 ]
           4      450848    1588.133   7.161e-02   6.689e-02   6.775e-02   0.000e+00   2.483e-02   9.892e-02  0.5000        2593  [    2    210        480          7 ]
           4      462699    1617.632   7.049e-02   6.689e-02   6.775e-02   0.000e+00   2.446e-02   9.693e-02  0.5000        2615  [    2    220        480          6 ]
           4      474389    1648.760   5.445e-02   6.689e-02   6.775e-02   0.000e+00   2.398e-02   9.487e-02  0.5000        2637  [    2    230        480          4 ]
           4      479223    1662.607   5.445e-02   6.689e-02   6.775e-02   0.000e+00   2.381e-02   9.412e-02  0.5000        2662  [    3     30        960          7 ]
           4      486309    1683.500   5.445e-02   6.689e-02   6.775e-02   0.000e+00   2.352e-02   9.263e-02  1.0000        2734  [    2    240        480          5 ]
           4      499711    1718.312   5.445e-02   5.220e-02   6.775e-02   0.000e+00   2.330e-02   9.089e-02  1.0000        2745  [    2    250        480          7 ]
           4      514826    1757.450   5.445e-02   5.220e-02   6.775e-02   0.000e+00   2.285e-02   8.828e-02  1.0000        2716  [    2    260        480          5 ]
           4      526560    1790.107   5.445e-02   5.220e-02   5.931e-02   0.000e+00   2.266e-02   8.716e-02  1.0000        2714  [    2    270        480          8 ]
           4      538524    1823.941   5.445e-02   5.220e-02   5.931e-02   0.000e+00   2.241e-02   8.488e-02  1.0000        2738  [    2    280        480          6 ]
           4      551168    1858.762   5.445e-02   5.220e-02   5.931e-02   0.000e+00   2.219e-02   8.343e-02  1.0000        2714  [    2    290        480          5 ]
           4      562902    1889.770   4.146e-02   5.220e-02   5.931e-02   0.000e+00   2.202e-02   8.237e-02  1.0000        2736  [    2    300        480         11 ]
           4      573972    1920.446   4.146e-02   5.220e-02   5.931e-02   0.000e+00   2.194e-02   8.159e-02  1.0000        2741  [    2    310        480          9 ]
           4      578302    1935.932   4.146e-02   5.220e-02   5.931e-02   0.000e+00   2.194e-02   8.159e-02  1.0000        2747  [    3     40        960         10 ]
           4      584637    1956.181   4.146e-02   5.220e-02   5.931e-02   0.000e+00   2.192e-02   8.154e-02  1.0000        2741  [    2    320        480          8 ]
           4      600851    1999.803   4.146e-02   5.220e-02   5.931e-02   0.000e+00   2.182e-02   8.113e-02  1.0000        2734  [    2    330        480          4 ]
           4      612751    2034.875   3.810e-02   5.220e-02   5.931e-02   0.000e+00   2.166e-02   8.012e-02  1.0000        2730  [    2    340        480          8 ]
           4      624722    2070.191   3.810e-02   5.220e-02   5.931e-02   0.000e+00   2.146e-02   7.814e-02  1.0000        2733  [    2    350        480          6 ]
           4      636289    2103.006   3.810e-02   5.220e-02   5.931e-02   0.000e+00   2.134e-02   7.727e-02  1.0000        2712  [    2    360        480          9 ]
           4      648945    2140.774   3.810e-02   5.220e-02   5.931e-02   0.000e+00   2.126e-02   7.701e-02  1.0000        2731  [    2    370        480          8 ]
           4      659892    2173.516   3.810e-02   5.220e-02   5.931e-02   0.000e+00   2.121e-02   7.667e-02  1.0000        2701  [    2    380        480          6 ]
           4      675436    2210.696   3.810e-02   5.220e-02   5.931e-02   0.000e+00   2.117e-02   7.629e-02  1.0000        2732  [    2    390        480          7 ]
           4      679987    2223.082   3.810e-02   5.220e-02   5.931e-02   0.000e+00   2.112e-02   7.589e-02  1.0000        2735  [    3     50        960          7 ]
           4      686767    2244.030   3.810e-02   4.884e-02   5.931e-02   0.000e+00   2.108e-02   7.568e-02  1.0000        2803  [    2    400        480          6 ]
           4      700038    2281.713   3.810e-02   4.884e-02   5.931e-02   0.000e+00   2.106e-02   7.540e-02  1.0000        2792  [    2    410        480          9 ]
           4      711754    2316.187   3.810e-02   4.884e-02   5.931e-02   0.000e+00   2.105e-02   7.533e-02  1.0000        2799  [    2    420        480          8 ]
           4      723544    2352.844   3.810e-02   4.884e-02   5.931e-02   0.000e+00   2.099e-02   7.485e-02  1.0000        2755  [    2    430        480          6 ]
           4      735635    2389.619   3.810e-02   4.884e-02   5.931e-02   0.000e+00   2.092e-02   7.441e-02  1.0000        2806  [    2    440        480         11 ]
           4      752737    2434.085   3.810e-02   4.884e-02   5.931e-02   0.000e+00   2.090e-02   7.434e-02  1.0000        2764  [    2    450        480          8 ]
           4      763830    2470.010   3.604e-02   4.884e-02   5.866e-02   0.000e+00   2.085e-02   7.424e-02  1.0000        2732  [    2    460        480          7 ]
           4      775340    2504.758   3.604e-02   4.884e-02   5.361e-02   0.000e+00   2.087e-02   7.407e-02  1.0000        2772  [    2    470        480          5 ]
           4      780154    2521.407   3.604e-02   4.884e-02   5.361e-02   0.000e+00   2.085e-02   7.398e-02  1.0000        2789  [    3     60        960          9 ]
           4      787435    2545.271   3.604e-02   4.884e-02   5.316e-02   0.000e+00   2.084e-02   7.390e-02  1.0000        2773  [    2    480        480         12 ]
           4      800173    2581.985   3.604e-02   4.884e-02   5.316e-02   0.000e+00   2.084e-02   7.390e-02  1.0000        2769  [    2    490        480          7 ]
           4      810874    2614.890   3.604e-02   4.884e-02   5.316e-02   0.000e+00   2.084e-02   7.390e-02  1.0000        2809  [    2    500        480          7 ]
           4      822317    2650.535   3.604e-02   4.884e-02   5.316e-02   0.000e+00   2.081e-02   7.360e-02  1.0000        2781  [    2    510        480          4 ]
           5      824272    2661.263   3.604e-02   4.884e-02   5.316e-02   0.000e+00   2.079e-02   7.353e-02  1.0000        2762  [    4      8       1920          8 ]
