# Generation  Evaluations  Time (s)  Best_obj[0]  Best_obj[1]  Hypervol.   IGD         IGDX        SR    Appr.set  [ Pop.index  Subgen.  Pop.size  Subpops ]
           0         289       4.814   5.027e+00   5.339e+00   0.000e+00   5.975e+00   5.669e+00  0.0000           1  [    0      1         90          1 ]
           1        2049       4.853   1.603e+00   1.948e+00   0.000e+00   1.452e+00   1.746e+00  0.0000           6  [    1      1        180          4 ]
           1        2623       4.883   1.324e+00   1.729e+00   0.000e+00   1.285e+00   1.598e+00  0.0000           6  [    0     10         90          2 ]
           1        4532       4.932   8.884e-01   8.997e-01   0.000e+00   4.863e-01   8.565e-01  0.0000          12  [    0     20         90          2 ]
           1        6453       5.008   5.148e-01   6.086e-01   1.497e-03   2.228e-01   4.245e-01  0.0000          85  [    0     30         90          2 ]
           1        8408       5.300   2.544e-01   2.328e-01   6.095e-03   7.549e-02   2.666e-01  0.0000         153  [    0     40         90          2 ]
           1       10755       5.964   2.015e-01   1.628e-01   1.266e-02   4.741e-02   1.828e-01  0.0000         247  [    0     50         90          2 ]
           1       12838       6.797   1.329e-01   1.350e-01   1.476e-02   2.805e-02   1.387e-01  0.0000         362  [    0     60         90          2 ]
           2       15246       8.636   1.208e-01   9.938e-02   1.612e-02   2.026e-02   1.228e-01  0.0000         637  [    2      1        360          4 ]
           2       17333      11.515   9.589e-02   7.389e-02   1.707e-02   1.544e-02   1.067e-01  0.0000         753  [    0     70         90          2 ]
           2       18241      13.630   9.589e-02   7.389e-02   1.722e-02   1.494e-02   1.034e-01  0.0000         805  [    1     10        180          2 ]
           2       19551      16.638   7.805e-02   7.389e-02   1.746e-02   1.415e-02   9.729e-02  0.0000         873  [    0     80         90          2 ]
           2       22105      21.394   7.546e-02   7.389e-02   1.785e-02   1.243e-02   8.987e-02  0.0000        1005  [    0     90         90          2 ]
           2       24443      27.755   5.423e-02   5.323e-02   1.836e-02   9.951e-03   8.085e-02  0.0000        1138  [    0    100         90          2 ]
           2       26806      34.372   4.662e-02   5.323e-02   1.804e-02   8.774e-03   7.317e-02  0.0000         773  [    0    110         90          2 ]
           2       29217      38.843   4.662e-02   5.323e-02   1.847e-02   7.972e-03   6.911e-02  0.0000         844  [    0    120         90          2 ]
           2       32584      43.626   4.662e-02   5.323e-02   1.862e-02   7.465e-03   6.452e-02  0.0000         909  [    0    130         90          2 ]
           2       35015      48.325   3.852e-02   5.323e-02   1.874e-02   6.836e-03   5.975e-02  0.0000         943  [    0    140         90          2 ]
           2       37580      52.917   3.698e-02   4.108e-02   1.886e-02   5.649e-03   5.489e-02  0.0000         960  [    0    150         90          2 ]
           2       38591      56.380   3.698e-02   3.939e-02   1.888e-02   5.390e-03   5.243e-02  0.5000         967  [    1     20        180          2 ]
           2       40150      59.893   3.698e-02   3.447e-02   1.892e-02   4.926e-03   4.957e-02  0.5000         983  [    0    160         90          2 ]
           2       43121      66.592   3.698e-02   2.306e-02   1.900e-02   4.342e-03   4.664e-02  1.0000        1039  [    0    170         90          2 ]
           2       45790      73.494   3.698e-02   2.306e-02   1.909e-02   4.132e-03   4.524e-02  1.0000        1074  [    0    180         90          2 ]
           2       48521      78.410   2.680e-02   2.306e-02   1.919e-02   3.612e-03   4.255e-02  1.0000        1087  [    0    190         90          2 ]
           2       52086      84.663   2.680e-02   2.306e-02   1.923e-02   3.265e-03   4.026e-02  1.0000        1110  [    0    200         90          2 ]
           2       55412      91.926   2.328e-02   2.306e-02   1.928e-02   3.007e-03   3.786e-02  1.0000        1121  [    0    210         90          2 ]
           2       58472      99.380   2.328e-02   2.306e-02   1.931e-02   2.800e-03   3.603e-02  1.0000        1123  [    0    220         90          2 ]
           2       61494     106.459   2.328e-02   2.306e-02   1.935e-02   2.662e-03   3.482e-02  1.0000        1135  [    0    230         90          2 ]
           2       62711     110.357   2.328e-02   2.306e-02   1.936e-02   2.625e-03   3.458e-02  1.0000        1138  [    1     30        180          2 ]
           2       64612     115.368   2.328e-02   2.306e-02   1.937e-02   2.557e-03   3.392e-02  1.0000        1150  [    0    240         90          2 ]
           2       67980     124.308   2.328e-02   2.003e-02   1.940e-02   2.408e-03   3.284e-02  1.0000        1154  [    0    250         90          2 ]
           2       71785     130.460   2.328e-02   2.003e-02   1.941e-02   2.335e-03   3.224e-02  1.0000        1153  [    0    260         90          2 ]
           2       74987     137.279   2.328e-02   2.003e-02   1.943e-02   2.273e-03   3.138e-02  1.0000        1157  [    0    270         90          2 ]
           2       78138     144.265   2.261e-02   1.599e-02   1.945e-02   2.187e-03   3.084e-02  1.0000        1158  [    0    280         90          2 ]
           2       81714     152.208   2.169e-02   1.599e-02   1.947e-02   2.134e-03   3.013e-02  1.0000        1159  [    0    290         90          2 ]
           2       84975     159.774   2.169e-02   1.599e-02   1.948e-02   2.080e-03   2.966e-02  1.0000        1158  [    0    300         90          2 ]
           2       88330     166.467   2.169e-02   1.599e-02   1.949e-02   2.046e-03   2.925e-02  1.0000        1156  [    0    310         90          2 ]
           2       89632     169.521   2.169e-02   1.599e-02   1.950e-02   2.003e-03   2.912e-02  1.0000        1156  [    1     40        180          2 ]
           2       91660     174.114   2.169e-02   1.540e-02   1.950e-02   1.967e-03   2.876e-02  1.0000        1155  [    0    320         90          2 ]
           2       95970     182.683   2.169e-02   1.540e-02   1.951e-02   1.932e-03   2.827e-02  1.0000        1157  [    0    330         90          2 ]
           2       99217     189.112   2.169e-02   1.540e-02   1.951e-02   1.900e-03   2.800e-02  1.0000        1156  [    0    340         90          2 ]
           2      102490     195.779   2.169e-02   1.540e-02   1.952e-02   1.870e-03   2.762e-02  1.0000        1158  [    0    350         90          2 ]
           2      105715     202.864   2.169e-02   1.540e-02   1.953e-02   1.848e-03   2.733e-02  1.0000        1158  [    0    360         90          2 ]
           2      109396     210.382   2.169e-02   1.540e-02   1.953e-02   1.827e-03   2.707e-02  1.0000        1156  [    0    370         90          2 ]
           2      112694     216.500   1.945e-02   1.540e-02   1.954e-02   1.788e-03   2.690e-02  1.0000        1160  [    0    380         90          2 ]
           2      116564     222.642   1.821e-02   1.540e-02   1.954e-02   1.772e-03   2.678e-02  1.0000        1161  [    0    390         90          2 ]
           2      117785     226.940   1.821e-02   1.540e-02   1.954e-02   1.769e-03   2.675e-02  1.0000        1161  [    1     50        180          2 ]
           2      119904     232.852   1.821e-02   1.540e-02   1.955e-02   1.756e-03   2.665e-02  1.0000        1161  [    0    400         90          2 ]
           2      123515     239.865   1.821e-02   1.540e-02   1.955e-02   1.739e-03   2.645e-02  1.0000        1161  [    0    410         90          2 ]
           2      126865     247.785   1.821e-02   1.540e-02   1.955e-02   1.725e-03   2.634e-02  1.0000        1159  [    0    420         90          2 ]
           2      130175     255.624   1.821e-02   1.534e-02   1.956e-02   1.710e-03   2.621e-02  1.0000        1160  [    0    430         90          2 ]
           2      133421     264.035   1.821e-02   1.534e-02   1.956e-02   1.700e-03   2.610e-02  1.0000        1161  [    0    440         90          2 ]
           2      137725     273.045   1.821e-02   1.479e-02   1.956e-02   1.680e-03   2.602e-02  1.0000        1161  [    0    450         90          2 ]
           2      140888     279.790   1.821e-02   1.479e-02   1.956e-02   1.671e-03   2.584e-02  1.0000        1161  [    0    460         90          2 ]
           2      144266     287.270   1.821e-02   1.479e-02   1.956e-02   1.665e-03   2.570e-02  1.0000        1161  [    0    470         90          2 ]
           2      145524     291.299   1.821e-02   1.479e-02   1.956e-02   1.662e-03   2.569e-02  1.0000        1165  [    1     60        180          3 ]
           2      147484     297.224   1.821e-02   1.479e-02   1.956e-02   1.656e-03   2.558e-02  1.0000        1161  [    0    480         90          2 ]
           2      150935     306.202   1.821e-02   1.479e-02   1.957e-02   1.649e-03   2.547e-02  1.0000        1161  [    0    490         90          2 ]
           2      154251     314.230   1.821e-02   1.479e-02   1.957e-02   1.641e-03   2.536e-02  1.0000        1162  [    0    500         90          2 ]
           2      157534     322.055   1.821e-02   1.479e-02   1.957e-02   1.633e-03   2.521e-02  1.0000        1162  [    0    510         90          2 ]
           3      158052     326.121   1.821e-02   1.479e-02   1.957e-02   1.633e-03   2.521e-02  1.0000        1162  [    2      8        360          2 ]
