# Generation  Evaluations  Time (s)  Best_obj[0]  Best_obj[1]  Hypervol.   IGD         IGDX        SR    Appr.set  [ Pop.index  Subgen.  Pop.size  Subpops ]
           0         280       4.051   4.989e+00   5.351e+00   0.000e+00   5.959e+00   5.714e+00  0.0000           1  [    0      1         90          1 ]
           1        1929       4.095   1.474e+00   1.345e+00   0.000e+00   1.070e+00   2.646e+00  0.0000           4  [    1      1        180          1 ]
           1        2505       4.125   1.169e+00   1.345e+00   0.000e+00   8.754e-01   2.533e+00  0.0000           7  [    0     10         90          1 ]
           1        4453       4.204   7.112e-01   7.155e-01   0.000e+00   3.789e-01   2.263e+00  0.0000          61  [    0     20         90          1 ]
           1        6536       4.377   3.937e-01   4.929e-01   1.763e-03   1.779e-01   2.153e+00  0.0000         106  [    0     30         90          1 ]
           1        8672       4.773   2.401e-01   2.356e-01   5.655e-03   8.611e-02   2.090e+00  0.0000         157  [    0     40         90          1 ]
           1       11130       5.420   1.742e-01   1.729e-01   1.091e-02   5.243e-02   2.054e+00  0.0000         193  [    0     50         90          1 ]
           1       13348       6.277   1.354e-01   1.331e-01   1.414e-02   3.555e-02   2.042e+00  0.0000         282  [    0     60         90          1 ]
           2       15731       7.516   1.126e-01   1.224e-01   1.559e-02   2.946e-02   2.040e+00  0.0000         464  [    2      1        360          1 ]
           2       17841       9.337   1.125e-01   1.124e-01   1.654e-02   2.342e-02   2.031e+00  0.0000         496  [    0     70         90          1 ]
           2       18752      10.890   1.062e-01   1.124e-01   1.679e-02   2.201e-02   2.030e+00  0.0000         535  [    1     10        180          1 ]
           2       20206      13.017   1.045e-01   1.014e-01   1.748e-02   1.857e-02   2.024e+00  0.0000         617  [    0     80         90          1 ]
           2       23046      17.219   8.428e-02   8.589e-02   1.808e-02   1.455e-02   2.023e+00  0.0000         810  [    0     90         90          1 ]
           2       25541      23.122   5.713e-02   7.680e-02   1.837e-02   1.148e-02   2.020e+00  0.0000         898  [    0    100         90          1 ]
           2       28030      30.505   5.690e-02   6.984e-02   1.855e-02   1.033e-02   2.013e+00  0.0000         991  [    0    110         90          1 ]
           2       30595      37.438   4.540e-02   6.567e-02   1.868e-02   8.124e-03   2.009e+00  0.0000        1079  [    0    120         90          1 ]
           2       34215      46.881   4.492e-02   5.855e-02   1.890e-02   7.223e-03   2.007e+00  0.0000        1213  [    0    130         90          1 ]
           2       36980      54.675   3.841e-02   4.692e-02   1.896e-02   5.706e-03   2.006e+00  0.5000         773  [    0    140         90          1 ]
           2       39769      59.560   3.841e-02   4.009e-02   1.912e-02   4.947e-03   2.006e+00  0.5000         840  [    0    150         90          1 ]
           2       40899      62.862   3.777e-02   4.009e-02   1.916e-02   4.694e-03   2.007e+00  0.5000         860  [    1     20        180          1 ]
           2       42699      67.862   3.777e-02   3.159e-02   1.925e-02   3.922e-03   2.006e+00  0.5000         883  [    0    160         90          1 ]
           2       45945      74.628   2.936e-02   3.159e-02   1.933e-02   3.363e-03   2.008e+00  0.5000         953  [    0    170         90          1 ]
           2       48869      81.517   2.936e-02   3.159e-02   1.937e-02   3.100e-03   2.006e+00  0.5000         989  [    0    180         90          1 ]
           2       51775      89.625   2.298e-02   2.933e-02   1.940e-02   2.829e-03   2.006e+00  0.5000        1014  [    0    190         90          1 ]
           2       55342      98.560   2.298e-02   2.906e-02   1.943e-02   2.679e-03   2.007e+00  0.5000        1016  [    0    200         90          1 ]
           2       58599     106.696   2.298e-02   2.906e-02   1.945e-02   2.595e-03   2.007e+00  0.5000        1023  [    0    210         90          1 ]
           2       61619     114.302   2.298e-02   2.854e-02   1.948e-02   2.474e-03   2.007e+00  0.5000        1029  [    0    220         90          1 ]
           2       64590     122.380   2.298e-02   2.816e-02   1.950e-02   2.360e-03   2.007e+00  0.5000        1038  [    0    230         90          1 ]
           2       65691     125.994   2.298e-02   2.816e-02   1.950e-02   2.302e-03   2.007e+00  0.5000        1037  [    1     30        180          1 ]
           2       67522     132.334   2.127e-02   2.774e-02   1.951e-02   2.235e-03   2.007e+00  0.5000        1040  [    0    240         90          1 ]
           2       70851     143.060   1.976e-02   2.774e-02   1.953e-02   2.169e-03   2.007e+00  0.5000        1044  [    0    250         90          1 ]
           2       74437     152.904   1.916e-02   2.774e-02   1.954e-02   2.083e-03   2.007e+00  0.5000        1044  [    0    260         90          1 ]
           2       77379     159.564   1.818e-02   2.774e-02   1.955e-02   2.019e-03   2.007e+00  0.5000        1045  [    0    270         90          1 ]
           2       80318     167.266   1.818e-02   2.510e-02   1.956e-02   1.956e-03   2.008e+00  0.5000        1050  [    0    280         90          1 ]
           2       83619     176.107   1.803e-02   2.510e-02   1.957e-02   1.912e-03   2.008e+00  0.5000        1059  [    0    290         90          1 ]
           2       86614     184.560   1.803e-02   2.510e-02   1.957e-02   1.880e-03   2.009e+00  0.5000        1062  [    0    300         90          1 ]
           2       89590     193.932   1.803e-02   2.489e-02   1.958e-02   1.822e-03   2.008e+00  0.5000        1063  [    0    310         90          1 ]
           2       90789     198.408   1.803e-02   2.481e-02   1.958e-02   1.810e-03   2.008e+00  0.5000        1064  [    1     40        180          1 ]
           2       92631     204.645   1.803e-02   2.481e-02   1.958e-02   1.784e-03   2.008e+00  0.5000        1063  [    0    320         90          1 ]
           2       96657     214.175   1.692e-02   2.481e-02   1.958e-02   1.735e-03   2.008e+00  0.5000        1060  [    0    330         90          1 ]
           2       99668     223.698   1.692e-02   2.453e-02   1.959e-02   1.707e-03   2.008e+00  0.5000        1061  [    0    340         90          1 ]
           2      102688     231.840   1.692e-02   2.344e-02   1.959e-02   1.677e-03   2.008e+00  0.5000        1062  [    0    350         90          1 ]
           2      105686     239.775   1.692e-02   2.286e-02   1.960e-02   1.655e-03   2.008e+00  0.5000        1065  [    0    360         90          1 ]
           2      109129     248.938   1.534e-02   2.286e-02   1.961e-02   1.626e-03   2.008e+00  0.5000        1064  [    0    370         90          1 ]
           2      112051     257.906   1.534e-02   2.286e-02   1.961e-02   1.592e-03   2.008e+00  0.5000        1065  [    0    380         90          1 ]
           2      115705     268.753   1.534e-02   2.064e-02   1.962e-02   1.563e-03   2.009e+00  0.5000        1065  [    0    390         90          1 ]
           2      116881     274.105   1.534e-02   2.062e-02   1.962e-02   1.539e-03   2.008e+00  0.5000        1063  [    1     50        180          1 ]
           2      118717     281.166   1.534e-02   2.062e-02   1.962e-02   1.525e-03   2.008e+00  0.5000        1063  [    0    400         90          1 ]
           2      122232     290.881   1.523e-02   2.062e-02   1.963e-02   1.499e-03   2.008e+00  0.5000        1062  [    0    410         90          1 ]
           2      125314     300.350   1.523e-02   2.054e-02   1.964e-02   1.485e-03   2.008e+00  0.5000        1063  [    0    420         90          1 ]
           2      128398     308.903   1.381e-02   2.044e-02   1.964e-02   1.461e-03   2.008e+00  0.5000        1066  [    0    430         90          1 ]
           2      131351     317.010   1.381e-02   2.044e-02   1.964e-02   1.444e-03   2.008e+00  0.5000        1066  [    0    440         90          1 ]
           2      135361     327.834   1.379e-02   2.044e-02   1.965e-02   1.425e-03   2.008e+00  0.5000        1065  [    0    450         90          1 ]
           2      138432     336.357   1.328e-02   2.007e-02   1.965e-02   1.380e-03   2.008e+00  0.5000        1061  [    0    460         90          1 ]
           2      141620     344.573   1.328e-02   2.007e-02   1.966e-02   1.358e-03   2.008e+00  0.5000        1061  [    0    470         90          1 ]
           2      142896     348.588   1.328e-02   2.007e-02   1.966e-02   1.352e-03   2.008e+00  0.5000        1061  [    1     60        180          1 ]
           2      144755     354.869   1.328e-02   1.866e-02   1.966e-02   1.337e-03   2.008e+00  0.5000        1061  [    0    480         90          1 ]
           2      148072     364.438   1.295e-02   1.866e-02   1.967e-02   1.313e-03   2.008e+00  0.5000        1063  [    0    490         90          1 ]
           2      151105     372.393   1.295e-02   1.837e-02   1.967e-02   1.301e-03   2.008e+00  0.5000        1063  [    0    500         90          1 ]
           2      154206     382.114   1.295e-02   1.664e-02   1.967e-02   1.280e-03   2.008e+00  0.5000        1062  [    0    510         90          1 ]
           3      158506     388.310   1.295e-02   1.618e-02   1.967e-02   1.271e-03   2.007e+00  0.5000        1064  [    3      1        720          1 ]
           3      163226     398.125   1.295e-02   1.608e-02   1.967e-02   1.251e-03   2.007e+00  0.5000        1065  [    0    520         90          1 ]
           3      166031     406.290   1.207e-02   1.608e-02   1.968e-02   1.238e-03   2.007e+00  0.5000        1066  [    0    530         90          1 ]
           3      168935     414.078   1.207e-02   1.608e-02   1.968e-02   1.221e-03   2.007e+00  0.5000        1066  [    0    540         90          1 ]
           3      171680     422.556   1.207e-02   1.608e-02   1.968e-02   1.206e-03   2.007e+00  0.5000        1066  [    0    550         90          1 ]
           3      174424     431.452   1.205e-02   1.608e-02   1.968e-02   1.199e-03   2.007e+00  0.5000        1066  [    0    560         90          1 ]
           3      177139     440.156   1.205e-02   1.608e-02   1.968e-02   1.191e-03   2.007e+00  0.5000        1066  [    0    570         90          1 ]
           3      180006     447.024   1.142e-02   1.509e-02   1.968e-02   1.177e-03   2.007e+00  0.5000        1067  [    2     10        360          1 ]
           3      180823     450.692   1.142e-02   1.509e-02   1.968e-02   1.174e-03   2.007e+00  0.5000        1067  [    0    580         90          1 ]
           3      183621     458.850   1.142e-02   1.509e-02   1.969e-02   1.167e-03   2.007e+00  0.5000        1067  [    0    590         90          1 ]
           3      186506     467.243   1.119e-02   1.509e-02   1.969e-02   1.158e-03   2.007e+00  0.5000        1067  [    0    600         90          1 ]
           3      189493     474.915   1.119e-02   1.501e-02   1.969e-02   1.142e-03   2.007e+00  0.5000        1067  [    0    610         90          1 ]
           3      192314     483.524   1.119e-02   1.448e-02   1.969e-02   1.135e-03   2.007e+00  0.5000        1068  [    0    620         90          1 ]
           3      195185     491.303   1.119e-02   1.448e-02   1.969e-02   1.125e-03   2.007e+00  0.5000        1069  [    0    630         90          1 ]
           3      198219     500.118   1.119e-02   1.448e-02   1.970e-02   1.118e-03   2.007e+00  0.5000        1070  [    0    640         90          1 ]
           3      201971     509.763   1.119e-02   1.448e-02   1.970e-02   1.112e-03   2.007e+00  0.5000        1070  [    0    650         90          1 ]
           3      204921     518.209   1.096e-02   1.448e-02   1.970e-02   1.105e-03   2.006e+00  0.5000        1070  [    0    660         90          1 ]
           3      207954     526.295   1.096e-02   1.417e-02   1.970e-02   1.092e-03   2.007e+00  0.5000        1069  [    0    670         90          1 ]
           3      210844     534.728   1.096e-02   1.389e-02   1.970e-02   1.085e-03   2.007e+00  0.5000        1070  [    0    680         90          1 ]
           3      213935     542.804   1.096e-02   1.389e-02   1.970e-02   1.079e-03   2.007e+00  0.5000        1070  [    0    690         90          1 ]
           3      216825     550.856   1.096e-02   1.389e-02   1.971e-02   1.075e-03   2.007e+00  0.5000        1070  [    0    700         90          1 ]
           3      220445     560.254   1.096e-02   1.389e-02   1.971e-02   1.068e-03   2.006e+00  0.5000        1070  [    0    710         90          1 ]
           3      223372     568.309   1.096e-02   1.389e-02   1.971e-02   1.065e-03   2.006e+00  0.5000        1070  [    0    720         90          1 ]
           3      226310     576.528   1.096e-02   1.389e-02   1.971e-02   1.060e-03   2.006e+00  0.5000        1069  [    0    730         90          1 ]
           3      229307     584.281   1.081e-02   1.384e-02   1.971e-02   1.056e-03   2.006e+00  0.5000        1070  [    0    740         90          1 ]
           3      232288     592.242   1.078e-02   1.332e-02   1.971e-02   1.053e-03   2.006e+00  0.5000        1069  [    0    750         90          1 ]
           3      235518     600.164   1.061e-02   1.332e-02   1.971e-02   1.045e-03   2.006e+00  0.5000        1068  [    0    760         90          1 ]
           3      239229     608.892   1.061e-02   1.319e-02   1.971e-02   1.042e-03   2.006e+00  0.5000        1068  [    0    770         90          1 ]
           3      242387     617.361   1.061e-02   1.319e-02   1.971e-02   1.037e-03   2.006e+00  0.5000        1068  [    0    780         90          1 ]
           3      245599     626.984   1.042e-02   1.283e-02   1.971e-02   1.029e-03   2.006e+00  0.5000        1068  [    0    790         90          1 ]
           3      248542     636.286   1.042e-02   1.283e-02   1.971e-02   1.026e-03   2.006e+00  0.5000        1068  [    0    800         90          1 ]
           3      251620     644.026   1.042e-02   1.283e-02   1.971e-02   1.021e-03   2.006e+00  0.5000        1069  [    0    810         90          1 ]
           3      254739     650.254   1.042e-02   1.283e-02   1.971e-02   1.014e-03   2.006e+00  0.5000        1069  [    0    820         90          1 ]
           3      257780     659.002   1.042e-02   1.283e-02   1.972e-02   1.010e-03   2.006e+00  0.5000        1069  [    0    830         90          1 ]
           3      261762     668.830   1.042e-02   1.283e-02   1.972e-02   1.006e-03   2.006e+00  0.5000        1069  [    0    840         90          1 ]
           3      264933     677.342   1.031e-02   1.283e-02   1.972e-02   1.003e-03   2.006e+00  0.5000        1069  [    0    850         90          1 ]
           3      267935     686.076   1.031e-02   1.283e-02   1.972e-02   9.986e-04   2.006e+00  0.5000        1069  [    0    860         90          1 ]
           3      270919     694.717   1.031e-02   1.283e-02   1.972e-02   9.965e-04   2.006e+00  0.5000        1069  [    0    870         90          1 ]
           3      273862     702.477   1.031e-02   1.283e-02   1.972e-02   9.920e-04   2.006e+00  0.5000        1069  [    0    880         90          1 ]
           3      276884     712.395   1.031e-02   1.283e-02   1.972e-02   9.899e-04   2.006e+00  0.5000        1069  [    0    890         90          1 ]
           3      280796     719.519   1.031e-02   1.283e-02   1.972e-02   9.883e-04   2.006e+00  0.5000        1069  [    0    900         90          1 ]
           3      284047     726.870   1.031e-02   1.283e-02   1.972e-02   9.864e-04   2.006e+00  0.5000        1069  [    0    910         90          1 ]
           3      287118     735.221   1.031e-02   1.283e-02   1.973e-02   9.838e-04   2.006e+00  0.5000        1069  [    0    920         90          1 ]
           3      290189     743.902   1.009e-02   1.276e-02   1.973e-02   9.820e-04   2.006e+00  0.5000        1070  [    0    930         90          1 ]
           3      293236     751.787   1.009e-02   1.224e-02   1.973e-02   9.779e-04   2.006e+00  0.5000        1069  [    0    940         90          1 ]
           3      296571     759.495   1.009e-02   1.224e-02   1.973e-02   9.753e-04   2.006e+00  0.5000        1069  [    0    950         90          1 ]
           3      299818     768.052   1.009e-02   1.224e-02   1.973e-02   9.732e-04   2.006e+00  0.5000        1069  [    0    960         90          1 ]
           3      303813     777.126   1.009e-02   1.224e-02   1.973e-02   9.718e-04   2.006e+00  0.5000        1069  [    0    970         90          1 ]
           3      306908     785.466   1.009e-02   1.224e-02   1.973e-02   9.702e-04   2.006e+00  0.5000        1069  [    0    980         90          1 ]
           3      310159     794.029   9.821e-03   1.224e-02   1.974e-02   9.679e-04   2.006e+00  0.5000        1069  [    0    990         90          1 ]
           3      313350     802.065   9.704e-03   1.224e-02   1.974e-02   9.655e-04   2.006e+00  0.5000        1069  [    0   1000         90          1 ]
           3      316501     808.793   9.704e-03   1.224e-02   1.974e-02   9.648e-04   2.006e+00  0.5000        1069  [    0   1010         90          1 ]
           3      319606     817.356   9.704e-03   1.224e-02   1.974e-02   9.635e-04   2.006e+00  0.5000        1069  [    0   1020         90          1 ]
           3      325088     827.839   9.704e-03   1.224e-02   1.974e-02   9.611e-04   2.006e+00  0.5000        1069  [    0   1030         90          1 ]
           3      328289     836.273   9.704e-03   1.224e-02   1.974e-02   9.594e-04   2.006e+00  0.5000        1069  [    0   1040         90          1 ]
           3      331319     844.431   9.704e-03   1.224e-02   1.974e-02   9.573e-04   2.006e+00  0.5000        1069  [    0   1050         90          1 ]
           3      334448     853.104   9.704e-03   1.224e-02   1.974e-02   9.560e-04   2.006e+00  0.5000        1069  [    0   1060         90          1 ]
           3      337561     859.886   9.704e-03   1.224e-02   1.974e-02   9.551e-04   2.006e+00  0.5000        1069  [    0   1070         90          1 ]
           3      340888     866.768   9.704e-03   1.224e-02   1.974e-02   9.538e-04   2.006e+00  0.5000        1069  [    0   1080         90          1 ]
           3      344983     875.714   9.704e-03   1.224e-02   1.974e-02   9.521e-04   2.006e+00  0.5000        1069  [    0   1090         90          1 ]
           3      348177     883.777   9.704e-03   1.224e-02   1.974e-02   9.514e-04   2.006e+00  0.5000        1069  [    0   1100         90          1 ]
           3      351231     892.893   9.704e-03   1.224e-02   1.974e-02   9.508e-04   2.006e+00  0.5000        1069  [    0   1110         90          1 ]
           3      354709     900.455   9.704e-03   1.224e-02   1.974e-02   9.497e-04   2.006e+00  0.5000        1069  [    0   1120         90          1 ]
           3      358034     908.772   9.704e-03   1.224e-02   1.974e-02   9.487e-04   2.006e+00  0.5000        1069  [    0   1130         90          1 ]
           3      361264     916.914   9.704e-03   1.224e-02   1.974e-02   9.472e-04   2.006e+00  0.5000        1069  [    0   1140         90          1 ]
           3      364626     923.792   9.704e-03   1.224e-02   1.974e-02   9.465e-04   2.006e+00  0.5000        1069  [    0   1150         90          1 ]
           3      368667     932.513   9.704e-03   1.224e-02   1.975e-02   9.453e-04   2.006e+00  0.5000        1069  [    0   1160         90          1 ]
           3      371937     940.734   9.704e-03   1.224e-02   1.975e-02   9.445e-04   2.006e+00  0.5000        1069  [    0   1170         90          1 ]
           3      375198     949.448   9.704e-03   1.224e-02   1.975e-02   9.437e-04   2.006e+00  0.5000        1069  [    0   1180         90          1 ]
           3      378714     956.189   9.704e-03   1.224e-02   1.975e-02   9.416e-04   2.006e+00  0.5000        1069  [    0   1190         90          1 ]
           3      382010     964.634   9.704e-03   1.224e-02   1.975e-02   9.406e-04   2.006e+00  0.5000        1069  [    0   1200         90          1 ]
           3      385460     972.976   9.704e-03   1.224e-02   1.975e-02   9.402e-04   2.006e+00  0.5000        1069  [    0   1210         90          1 ]
           3      388932     979.771   9.704e-03   1.224e-02   1.975e-02   9.397e-04   2.006e+00  0.5000        1069  [    2     20        360          1 ]
           3      389986     983.904   9.704e-03   1.224e-02   1.975e-02   9.396e-04   2.006e+00  0.5000        1069  [    0   1220         90          1 ]
           3      393475     991.212   9.704e-03   1.224e-02   1.975e-02   9.391e-04   2.006e+00  0.5000        1069  [    0   1230         90          1 ]
           3      396826     998.724   9.704e-03   1.224e-02   1.975e-02   9.387e-04   2.006e+00  0.5000        1069  [    0   1240         90          1 ]
           3      400124    1005.780   9.704e-03   1.224e-02   1.975e-02   9.384e-04   2.006e+00  0.5000        1069  [    0   1250         90          1 ]
           3      403457    1012.005   9.704e-03   1.224e-02   1.975e-02   9.381e-04   2.006e+00  0.5000        1069  [    0   1260         90          1 ]
           3      406781    1019.262   9.704e-03   1.224e-02   1.975e-02   9.378e-04   2.006e+00  0.5000        1069  [    0   1270         90          1 ]
           3      410213    1026.987   9.704e-03   1.224e-02   1.975e-02   9.370e-04   2.006e+00  0.5000        1069  [    0   1280         90          1 ]
           3      414540    1036.247   9.704e-03   1.222e-02   1.975e-02   9.363e-04   2.006e+00  0.5000        1069  [    0   1290         90          1 ]
           3      417816    1045.106   9.704e-03   1.222e-02   1.975e-02   9.354e-04   2.006e+00  0.5000        1069  [    0   1300         90          1 ]
           3      421287    1053.088   9.704e-03   1.222e-02   1.975e-02   9.350e-04   2.006e+00  0.5000        1069  [    0   1310         90          1 ]
           3      424682    1061.779   9.704e-03   1.222e-02   1.975e-02   9.345e-04   2.006e+00  0.5000        1069  [    0   1320         90          1 ]
           3      428096    1070.364   9.698e-03   1.222e-02   1.975e-02   9.347e-04   2.006e+00  0.5000        1069  [    0   1330         90          1 ]
           3      431986    1078.871   9.698e-03   1.222e-02   1.975e-02   9.346e-04   2.006e+00  0.5000        1069  [    0   1340         90          1 ]
           3      435964    1087.592   9.698e-03   1.168e-02   1.975e-02   9.320e-04   2.005e+00  0.5000        1068  [    0   1350         90          1 ]
           3      439551    1096.575   9.698e-03   1.168e-02   1.975e-02   9.317e-04   2.005e+00  0.5000        1068  [    0   1360         90          1 ]
           3      442982    1104.469   9.597e-03   1.161e-02   1.975e-02   9.286e-04   2.005e+00  0.5000        1069  [    0   1370         90          1 ]
           3      446251    1111.422   9.597e-03   1.161e-02   1.975e-02   9.280e-04   2.005e+00  0.5000        1069  [    0   1380         90          1 ]
           3      449752    1119.711   9.597e-03   1.155e-02   1.975e-02   9.271e-04   2.005e+00  0.5000        1069  [    0   1390         90          1 ]
           3      453345    1126.980   9.597e-03   1.143e-02   1.975e-02   9.266e-04   2.005e+00  0.5000        1069  [    0   1400         90          1 ]
           3      457502    1135.193   9.597e-03   1.143e-02   1.975e-02   9.262e-04   2.005e+00  0.5000        1069  [    0   1410         90          1 ]
           3      460919    1143.974   9.597e-03   1.143e-02   1.975e-02   9.255e-04   2.005e+00  0.5000        1069  [    0   1420         90          1 ]
           3      464423    1152.442   9.582e-03   1.143e-02   1.975e-02   9.254e-04   2.005e+00  0.5000        1069  [    0   1430         90          1 ]
           3      467581    1160.934   9.582e-03   1.143e-02   1.975e-02   9.247e-04   2.005e+00  0.5000        1069  [    0   1440         90          1 ]
           3      471002    1169.214   9.582e-03   1.143e-02   1.975e-02   9.244e-04   2.005e+00  0.5000        1069  [    0   1450         90          1 ]
           3      474400    1176.867   9.582e-03   1.143e-02   1.975e-02   9.242e-04   2.005e+00  0.5000        1069  [    0   1460         90          1 ]
           3      477677    1184.855   9.582e-03   1.134e-02   1.975e-02   9.234e-04   2.005e+00  0.5000        1068  [    0   1470         90          1 ]
           3      481820    1193.007   9.582e-03   1.134e-02   1.975e-02   9.228e-04   2.005e+00  0.5000        1068  [    0   1480         90          1 ]
           3      485417    1200.774   9.582e-03   1.134e-02   1.975e-02   9.222e-04   2.005e+00  0.5000        1068  [    0   1490         90          1 ]
           3      488796    1210.076   9.582e-03   1.134e-02   1.976e-02   9.220e-04   2.005e+00  0.5000        1068  [    0   1500         90          1 ]
           3      492318    1218.275   9.582e-03   1.134e-02   1.976e-02   9.208e-04   2.005e+00  0.5000        1068  [    0   1510         90          1 ]
           3      495865    1226.531   9.582e-03   1.134e-02   1.976e-02   9.204e-04   2.005e+00  0.5000        1068  [    0   1520         90          1 ]
           3      499362    1235.366   9.582e-03   1.134e-02   1.976e-02   9.204e-04   2.005e+00  0.5000        1068  [    0   1530         90          1 ]
           3      505026    1245.362   9.582e-03   1.134e-02   1.976e-02   9.195e-04   2.005e+00  0.5000        1068  [    0   1540         90          1 ]
           3      508423    1254.175   9.582e-03   1.134e-02   1.976e-02   9.182e-04   2.006e+00  0.5000        1068  [    0   1550         90          1 ]
           3      511921    1262.275   9.516e-03   1.134e-02   1.976e-02   9.175e-04   2.006e+00  0.5000        1068  [    0   1560         90          1 ]
           3      515382    1269.933   9.516e-03   1.134e-02   1.976e-02   9.170e-04   2.006e+00  0.5000        1068  [    0   1570         90          1 ]
           3      519054    1278.316   9.516e-03   1.134e-02   1.976e-02   9.164e-04   2.006e+00  0.5000        1068  [    0   1580         90          1 ]
           3      522672    1287.232   9.516e-03   1.134e-02   1.976e-02   9.155e-04   2.006e+00  0.5000        1068  [    0   1590         90          1 ]
           3      526181    1295.465   9.516e-03   1.134e-02   1.976e-02   9.149e-04   2.006e+00  0.5000        1068  [    0   1600         90          1 ]
           3      530434    1303.512   9.516e-03   1.134e-02   1.976e-02   9.146e-04   2.006e+00  0.5000        1068  [    0   1610         90          1 ]
           3      533851    1311.856   9.214e-03   1.134e-02   1.976e-02   9.139e-04   2.006e+00  0.5000        1068  [    0   1620         90          1 ]
           3      537433    1320.536   9.214e-03   1.134e-02   1.976e-02   9.137e-04   2.006e+00  0.5000        1068  [    0   1630         90          1 ]
           3      541062    1328.975   9.214e-03   1.134e-02   1.976e-02   9.131e-04   2.006e+00  0.5000        1068  [    0   1640         90          1 ]
           3      544852    1338.289   9.214e-03   1.134e-02   1.976e-02   9.130e-04   2.006e+00  0.5000        1068  [    0   1650         90          1 ]
           3      548605    1346.587   9.214e-03   1.134e-02   1.976e-02   9.125e-04   2.006e+00  0.5000        1068  [    0   1660         90          1 ]
           3      552768    1355.082   9.214e-03   1.134e-02   1.976e-02   9.121e-04   2.006e+00  0.5000        1068  [    0   1670         90          1 ]
           3      556383    1363.711   9.214e-03   1.134e-02   1.976e-02   9.118e-04   2.006e+00  0.5000        1068  [    0   1680         90          1 ]
           3      559714    1372.495   9.214e-03   1.134e-02   1.976e-02   9.111e-04   2.006e+00  0.5000        1068  [    0   1690         90          1 ]
           3      563707    1381.280   9.141e-03   1.104e-02   1.976e-02   9.067e-04   2.006e+00  0.5000        1069  [    0   1700         90          1 ]
           3      567303    1388.600   9.141e-03   1.076e-02   1.976e-02   9.062e-04   2.006e+00  0.5000        1070  [    0   1710         90          1 ]
           3      570946    1397.299   9.141e-03   1.076e-02   1.976e-02   9.054e-04   2.006e+00  0.5000        1070  [    0   1720         90          1 ]
           3      575215    1407.428   9.141e-03   1.076e-02   1.976e-02   9.051e-04   2.006e+00  0.5000        1070  [    0   1730         90          1 ]
           3      578675    1415.178   9.141e-03   1.076e-02   1.976e-02   9.049e-04   2.006e+00  0.5000        1070  [    0   1740         90          1 ]
           3      582327    1423.173   9.141e-03   1.076e-02   1.976e-02   9.048e-04   2.006e+00  0.5000        1070  [    0   1750         90          1 ]
           3      585821    1431.804   9.141e-03   1.076e-02   1.976e-02   9.043e-04   2.006e+00  0.5000        1070  [    0   1760         90          1 ]
           3      589387    1439.972   9.141e-03   1.076e-02   1.976e-02   9.040e-04   2.006e+00  0.5000        1070  [    0   1770         90          1 ]
           3      592834    1447.543   9.141e-03   1.076e-02   1.976e-02   9.036e-04   2.006e+00  0.5000        1070  [    0   1780         90          1 ]
           3      596284    1456.294   9.141e-03   1.076e-02   1.976e-02   9.030e-04   2.006e+00  0.5000        1070  [    0   1790         90          1 ]
           3      600600    1464.477   9.141e-03   1.076e-02   1.976e-02   9.025e-04   2.006e+00  0.5000        1070  [    0   1800         90          1 ]
           3      603986    1472.083   9.141e-03   1.076e-02   1.976e-02   9.023e-04   2.006e+00  0.5000        1070  [    0   1810         90          1 ]
           3      607564    1478.975   9.141e-03   1.046e-02   1.976e-02   9.006e-04   2.006e+00  0.5000        1070  [    0   1820         90          1 ]
           3      611105    1486.221   9.141e-03   1.046e-02   1.976e-02   9.005e-04   2.006e+00  0.5000        1070  [    0   1830         90          1 ]
           3      614754    1495.072   9.141e-03   1.046e-02   1.976e-02   8.998e-04   2.006e+00  0.5000        1070  [    0   1840         90          1 ]
           3      617933    1503.750   9.141e-03   1.046e-02   1.976e-02   8.992e-04   2.006e+00  0.5000        1070  [    0   1850         90          1 ]
           3      621371    1510.993   9.141e-03   1.046e-02   1.976e-02   8.990e-04   2.006e+00  0.5000        1070  [    2     30        360          1 ]
           3      622478    1514.919   9.141e-03   1.046e-02   1.976e-02   8.990e-04   2.006e+00  0.5000        1070  [    0   1860         90          1 ]
           3      626282    1524.076   9.141e-03   1.046e-02   1.976e-02   8.985e-04   2.006e+00  0.5000        1070  [    0   1870         90          1 ]
           3      630151    1533.211   9.141e-03   1.046e-02   1.976e-02   8.973e-04   2.006e+00  0.5000        1070  [    0   1880         90          1 ]
           3      633391    1540.579   9.141e-03   1.046e-02   1.976e-02   8.971e-04   2.006e+00  0.5000        1070  [    0   1890         90          1 ]
           3      636784    1549.056   9.141e-03   1.046e-02   1.976e-02   8.963e-04   2.006e+00  0.5000        1070  [    0   1900         90          1 ]
           3      640098    1556.929   9.141e-03   1.046e-02   1.976e-02   8.959e-04   2.006e+00  0.5000        1070  [    0   1910         90          1 ]
           3      643879    1565.611   9.089e-03   1.046e-02   1.976e-02   8.948e-04   2.006e+00  0.5000        1070  [    0   1920         90          1 ]
           3      648095    1574.587   9.089e-03   1.046e-02   1.976e-02   8.945e-04   2.006e+00  0.5000        1070  [    0   1930         90          1 ]
           3      651668    1583.515   9.089e-03   1.046e-02   1.976e-02   8.935e-04   2.006e+00  0.5000        1070  [    0   1940         90          1 ]
           3      655373    1591.733   9.089e-03   1.046e-02   1.976e-02   8.930e-04   2.006e+00  0.5000        1070  [    0   1950         90          1 ]
           3      659160    1600.719   9.089e-03   1.046e-02   1.976e-02   8.928e-04   2.006e+00  0.5000        1070  [    0   1960         90          1 ]
           3      662690    1608.285   9.089e-03   1.030e-02   1.976e-02   8.918e-04   2.006e+00  0.5000        1070  [    0   1970         90          1 ]
           3      666148    1617.788   9.089e-03   1.030e-02   1.976e-02   8.913e-04   2.006e+00  0.5000        1070  [    0   1980         90          1 ]
           3      670611    1627.775   9.089e-03   1.030e-02   1.976e-02   8.911e-04   2.006e+00  0.5000        1070  [    0   1990         90          1 ]
           3      673860    1634.685   9.089e-03   1.030e-02   1.976e-02   8.907e-04   2.006e+00  0.5000        1070  [    0   2000         90          1 ]
           3      677518    1642.609   9.089e-03   1.030e-02   1.976e-02   8.906e-04   2.006e+00  0.5000        1070  [    0   2010         90          1 ]
           3      681239    1650.556   9.089e-03   1.030e-02   1.976e-02   8.904e-04   2.006e+00  0.5000        1070  [    0   2020         90          1 ]
           3      684672    1659.097   9.089e-03   1.030e-02   1.976e-02   8.901e-04   2.006e+00  0.5000        1070  [    0   2030         90          1 ]
           3      688427    1667.944   9.089e-03   1.030e-02   1.976e-02   8.895e-04   2.006e+00  0.5000        1070  [    0   2040         90          1 ]
           3      694298    1679.063   8.966e-03   1.030e-02   1.976e-02   8.872e-04   2.006e+00  0.5000        1070  [    0   2050         90          1 ]
           3      698139    1687.024   8.966e-03   1.030e-02   1.976e-02   8.870e-04   2.006e+00  0.5000        1070  [    0   2060         90          1 ]
           3      701935    1695.653   8.966e-03   1.030e-02   1.976e-02   8.864e-04   2.006e+00  0.5000        1070  [    0   2070         90          1 ]
           3      705512    1704.392   8.966e-03   1.030e-02   1.976e-02   8.864e-04   2.006e+00  0.5000        1070  [    0   2080         90          1 ]
           3      708896    1712.853   8.966e-03   1.030e-02   1.976e-02   8.862e-04   2.006e+00  0.5000        1070  [    0   2090         90          1 ]
           3      712565    1721.957   8.966e-03   1.030e-02   1.976e-02   8.862e-04   2.006e+00  0.5000        1070  [    0   2100         90          1 ]
           3      716330    1729.189   8.966e-03   1.030e-02   1.976e-02   8.860e-04   2.006e+00  0.5000        1070  [    0   2110         90          1 ]
           3      720611    1738.534   8.966e-03   1.030e-02   1.976e-02   8.858e-04   2.006e+00  0.5000        1070  [    0   2120         90          1 ]
           3      723925    1746.753   8.966e-03   1.030e-02   1.976e-02   8.857e-04   2.006e+00  0.5000        1070  [    0   2130         90          1 ]
           3      727607    1755.842   8.966e-03   1.030e-02   1.976e-02   8.856e-04   2.006e+00  0.5000        1070  [    0   2140         90          1 ]
           3      731164    1763.988   8.966e-03   1.030e-02   1.976e-02   8.854e-04   2.006e+00  0.5000        1070  [    0   2150         90          1 ]
           3      734724    1772.706   8.966e-03   1.030e-02   1.976e-02   8.851e-04   2.006e+00  0.5000        1070  [    0   2160         90          1 ]
           3      738176    1781.011   8.966e-03   1.030e-02   1.976e-02   8.848e-04   2.006e+00  0.5000        1070  [    0   2170         90          1 ]
           3      742557    1789.792   8.966e-03   1.030e-02   1.976e-02   8.846e-04   2.006e+00  0.5000        1070  [    0   2180         90          1 ]
           3      746368    1799.367   8.966e-03   1.030e-02   1.976e-02   8.846e-04   2.006e+00  0.5000        1070  [    0   2190         90          1 ]
           3      749740    1807.503   8.966e-03   1.030e-02   1.976e-02   8.844e-04   2.006e+00  0.5000        1070  [    0   2200         90          1 ]
           3      753362    1815.343   8.966e-03   1.030e-02   1.976e-02   8.843e-04   2.006e+00  0.5000        1070  [    0   2210         90          1 ]
           3      756773    1822.898   8.966e-03   1.030e-02   1.976e-02   8.842e-04   2.006e+00  0.5000        1070  [    0   2220         90          1 ]
           3      760279    1832.965   8.966e-03   1.028e-02   1.976e-02   8.844e-04   2.006e+00  0.5000        1070  [    0   2230         90          1 ]
           3      763904    1841.022   8.966e-03   1.028e-02   1.976e-02   8.839e-04   2.005e+00  0.5000        1070  [    0   2240         90          1 ]
           3      768371    1850.407   8.946e-03   1.028e-02   1.976e-02   8.850e-04   2.005e+00  0.5000        1070  [    0   2250         90          1 ]
           3      771873    1858.482   8.946e-03   1.018e-02   1.976e-02   8.846e-04   2.005e+00  0.5000        1070  [    0   2260         90          1 ]
           3      775576    1865.994   8.946e-03   1.018e-02   1.976e-02   8.840e-04   2.005e+00  0.5000        1070  [    0   2270         90          1 ]
           3      779267    1874.730   8.946e-03   1.018e-02   1.976e-02   8.838e-04   2.005e+00  0.5000        1070  [    0   2280         90          1 ]
           3      782916    1883.187   8.946e-03   1.018e-02   1.976e-02   8.837e-04   2.005e+00  0.5000        1070  [    0   2290         90          1 ]
           3      786584    1890.341   8.946e-03   1.018e-02   1.976e-02   8.836e-04   2.005e+00  0.5000        1070  [    0   2300         90          1 ]
           3      790973    1899.641   8.946e-03   1.018e-02   1.976e-02   8.836e-04   2.005e+00  0.5000        1070  [    0   2310         90          1 ]
           3      794463    1907.984   8.946e-03   1.018e-02   1.976e-02   8.833e-04   2.005e+00  0.5000        1070  [    0   2320         90          1 ]
           3      798059    1915.415   8.946e-03   1.018e-02   1.976e-02   8.832e-04   2.005e+00  0.5000        1070  [    0   2330         90          1 ]
           3      801748    1922.790   8.946e-03   1.018e-02   1.976e-02   8.832e-04   2.005e+00  0.5000        1070  [    0   2340         90          1 ]
           3      805244    1931.323   8.946e-03   1.018e-02   1.976e-02   8.827e-04   2.006e+00  0.5000        1070  [    0   2350         90          1 ]
           3      808925    1938.584   8.946e-03   1.018e-02   1.976e-02   8.821e-04   2.006e+00  0.5000        1070  [    0   2360         90          1 ]
           3      813386    1947.532   8.946e-03   1.018e-02   1.976e-02   8.814e-04   2.005e+00  0.5000        1070  [    0   2370         90          1 ]
           3      817172    1955.463   8.946e-03   1.018e-02   1.976e-02   8.811e-04   2.005e+00  0.5000        1070  [    0   2380         90          1 ]
           3      820988    1963.930   8.946e-03   1.018e-02   1.976e-02   8.809e-04   2.005e+00  0.5000        1070  [    0   2390         90          1 ]
           3      824664    1972.743   8.946e-03   1.018e-02   1.976e-02   8.798e-04   2.005e+00  0.5000        1070  [    0   2400         90          1 ]
           3      828415    1980.743   8.946e-03   1.009e-02   1.976e-02   8.802e-04   2.005e+00  0.5000        1070  [    0   2410         90          1 ]
           3      831945    1988.639   8.946e-03   1.009e-02   1.976e-02   8.802e-04   2.005e+00  0.5000        1070  [    0   2420         90          1 ]
           3      835259    1996.864   8.946e-03   1.009e-02   1.976e-02   8.798e-04   2.005e+00  0.5000        1070  [    0   2430         90          1 ]
           3      839562    2005.913   8.946e-03   1.009e-02   1.976e-02   8.796e-04   2.005e+00  0.5000        1070  [    0   2440         90          1 ]
           3      843033    2013.907   8.946e-03   1.009e-02   1.976e-02   8.793e-04   2.005e+00  0.5000        1070  [    0   2450         90          1 ]
           3      846475    2022.438   8.946e-03   1.009e-02   1.976e-02   8.790e-04   2.005e+00  0.5000        1070  [    0   2460         90          1 ]
           3      849803    2030.168   8.946e-03   1.009e-02   1.976e-02   8.788e-04   2.005e+00  0.5000        1070  [    0   2470         90          1 ]
           3      853413    2038.888   8.946e-03   1.009e-02   1.976e-02   8.782e-04   2.005e+00  0.5000        1070  [    0   2480         90          1 ]
           3      857164    2046.600   8.946e-03   1.009e-02   1.976e-02   8.774e-04   2.005e+00  0.5000        1070  [    0   2490         90          1 ]
           3      860545    2053.642   8.946e-03   1.009e-02   1.976e-02   8.769e-04   2.005e+00  0.5000        1070  [    2     40        360          1 ]
           3      861664    2057.163   8.946e-03   1.009e-02   1.976e-02   8.768e-04   2.005e+00  0.5000        1070  [    0   2500         90          1 ]
           3      865093    2065.118   8.946e-03   1.009e-02   1.976e-02   8.767e-04   2.005e+00  0.5000        1070  [    0   2510         90          1 ]
           3      868842    2073.270   8.946e-03   1.009e-02   1.976e-02   8.765e-04   2.005e+00  0.5000        1070  [    0   2520         90          1 ]
           3      872423    2080.737   8.946e-03   1.009e-02   1.976e-02   8.763e-04   2.005e+00  0.5000        1070  [    0   2530         90          1 ]
           3      876071    2088.862   8.946e-03   1.009e-02   1.976e-02   8.759e-04   2.005e+00  0.5000        1070  [    0   2540         90          1 ]
           3      879922    2096.146   8.946e-03   9.975e-03   1.976e-02   8.739e-04   2.005e+00  0.5000        1070  [    0   2550         90          1 ]
           3      883268    2104.567   8.946e-03   9.975e-03   1.976e-02   8.738e-04   2.005e+00  0.5000        1070  [    0   2560         90          1 ]
           3      889316    2115.102   8.946e-03   9.975e-03   1.976e-02   8.736e-04   2.005e+00  0.5000        1070  [    0   2570         90          1 ]
           3      892572    2122.505   8.946e-03   9.975e-03   1.976e-02   8.734e-04   2.005e+00  0.5000        1070  [    0   2580         90          1 ]
           3      896146    2130.496   8.946e-03   9.975e-03   1.976e-02   8.731e-04   2.005e+00  0.5000        1070  [    0   2590         90          1 ]
           3      899683    2138.497   8.946e-03   9.975e-03   1.976e-02   8.729e-04   2.005e+00  0.5000        1070  [    0   2600         90          1 ]
           3      903584    2145.036   8.946e-03   9.975e-03   1.976e-02   8.725e-04   2.005e+00  0.5000        1069  [    0   2610         90          1 ]
           3      907063    2152.083   8.946e-03   9.975e-03   1.976e-02   8.723e-04   2.005e+00  0.5000        1069  [    0   2620         90          1 ]
           3      911286    2159.231   8.946e-03   9.975e-03   1.976e-02   8.723e-04   2.005e+00  0.5000        1069  [    0   2630         90          1 ]
           3      914811    2166.102   8.946e-03   9.975e-03   1.976e-02   8.722e-04   2.005e+00  0.5000        1069  [    0   2640         90          1 ]
           3      918439    2172.834   8.946e-03   9.975e-03   1.976e-02   8.721e-04   2.005e+00  0.5000        1069  [    0   2650         90          1 ]
           3      921779    2180.090   8.946e-03   9.975e-03   1.976e-02   8.718e-04   2.005e+00  0.5000        1069  [    0   2660         90          1 ]
           3      925567    2187.691   8.946e-03   9.975e-03   1.976e-02   8.718e-04   2.005e+00  0.5000        1069  [    0   2670         90          1 ]
           3      929260    2195.358   8.946e-03   9.975e-03   1.976e-02   8.717e-04   2.005e+00  0.5000        1069  [    0   2680         90          1 ]
           3      933681    2203.315   8.946e-03   9.975e-03   1.976e-02   8.716e-04   2.005e+00  0.5000        1069  [    0   2690         90          1 ]
           3      937387    2210.661   8.946e-03   9.975e-03   1.976e-02   8.713e-04   2.005e+00  0.5000        1069  [    0   2700         90          1 ]
           3      940842    2217.897   8.946e-03   9.975e-03   1.976e-02   8.708e-04   2.005e+00  0.5000        1070  [    0   2710         90          1 ]
           3      944361    2225.545   8.946e-03   9.975e-03   1.976e-02   8.708e-04   2.005e+00  0.5000        1070  [    0   2720         90          1 ]
           3      948155    2233.415   8.946e-03   9.975e-03   1.976e-02   8.706e-04   2.005e+00  0.5000        1070  [    0   2730         90          1 ]
           3      951583    2240.740   8.946e-03   9.901e-03   1.976e-02   8.712e-04   2.005e+00  0.5000        1070  [    0   2740         90          1 ]
           3      955286    2247.372   8.946e-03   9.901e-03   1.976e-02   8.710e-04   2.005e+00  0.5000        1070  [    0   2750         90          1 ]
           3      959757    2255.434   8.767e-03   9.901e-03   1.976e-02   8.692e-04   2.005e+00  0.5000        1070  [    0   2760         90          1 ]
           3      963441    2262.166   8.767e-03   9.894e-03   1.976e-02   8.681e-04   2.005e+00  0.5000        1070  [    0   2770         90          1 ]
           3      967099    2270.289   8.767e-03   9.894e-03   1.976e-02   8.678e-04   2.005e+00  0.5000        1070  [    0   2780         90          1 ]
           3      970628    2277.781   8.767e-03   9.894e-03   1.976e-02   8.677e-04   2.005e+00  0.5000        1070  [    0   2790         90          1 ]
           3      974221    2285.455   8.767e-03   9.894e-03   1.976e-02   8.676e-04   2.005e+00  0.5000        1070  [    0   2800         90          1 ]
           3      977869    2292.072   8.767e-03   9.890e-03   1.976e-02   8.677e-04   2.005e+00  0.5000        1070  [    0   2810         90          1 ]
           3      982203    2299.759   8.767e-03   9.881e-03   1.976e-02   8.664e-04   2.005e+00  0.5000        1069  [    0   2820         90          1 ]
           3      985415    2306.988   8.767e-03   9.516e-03   1.976e-02   8.643e-04   2.005e+00  0.5000        1070  [    0   2830         90          1 ]
           3      989233    2314.320   8.767e-03   9.516e-03   1.976e-02   8.641e-04   2.005e+00  0.5000        1070  [    0   2840         90          1 ]
           3      992687    2321.633   8.767e-03   9.516e-03   1.976e-02   8.637e-04   2.005e+00  0.5000        1070  [    0   2850         90          1 ]
           3      996244    2328.922   8.767e-03   9.516e-03   1.976e-02   8.633e-04   2.005e+00  0.5000        1070  [    0   2860         90          1 ]
           3      999824    2337.451   8.767e-03   9.516e-03   1.976e-02   8.628e-04   2.005e+00  0.5000        1070  [    0   2870         90          1 ]
           3     1003111    2347.187   8.767e-03   9.516e-03   1.976e-02   8.620e-04   2.005e+00  0.5000        1070  [    0   2880         90          1 ]
           3     1007305    2354.889   8.767e-03   9.516e-03   1.976e-02   8.617e-04   2.005e+00  0.5000        1070  [    0   2890         90          1 ]
           3     1011372    2361.551   8.767e-03   9.516e-03   1.976e-02   8.615e-04   2.005e+00  0.5000        1070  [    0   2900         90          1 ]
           3     1014766    2368.796   8.767e-03   9.516e-03   1.976e-02   8.613e-04   2.005e+00  0.5000        1070  [    0   2910         90          1 ]
           3     1018356    2375.767   8.767e-03   9.516e-03   1.976e-02   8.612e-04   2.005e+00  0.5000        1070  [    0   2920         90          1 ]
           3     1021984    2384.187   8.767e-03   9.516e-03   1.976e-02   8.608e-04   2.005e+00  0.5000        1070  [    0   2930         90          1 ]
           3     1025976    2391.766   8.767e-03   9.516e-03   1.976e-02   8.605e-04   2.005e+00  0.5000        1070  [    0   2940         90          1 ]
           3     1030453    2400.406   8.767e-03   9.516e-03   1.976e-02   8.604e-04   2.005e+00  0.5000        1070  [    0   2950         90          1 ]
           3     1033922    2407.993   8.767e-03   8.920e-03   1.976e-02   8.592e-04   2.005e+00  0.5000        1070  [    0   2960         90          1 ]
           3     1037685    2415.320   8.767e-03   8.920e-03   1.976e-02   8.591e-04   2.005e+00  0.5000        1070  [    0   2970         90          1 ]
           3     1041531    2422.675   8.767e-03   8.920e-03   1.976e-02   8.591e-04   2.005e+00  0.5000        1070  [    0   2980         90          1 ]
           3     1045187    2430.103   8.767e-03   8.920e-03   1.976e-02   8.587e-04   2.005e+00  0.5000        1070  [    0   2990         90          1 ]
           3     1049263    2437.587   8.767e-03   8.920e-03   1.976e-02   8.585e-04   2.005e+00  0.5000        1070  [    0   3000         90          1 ]
           3     1053713    2445.720   8.767e-03   8.920e-03   1.976e-02   8.584e-04   2.005e+00  0.5000        1070  [    0   3010         90          1 ]
           3     1057531    2452.250   8.767e-03   8.920e-03   1.976e-02   8.571e-04   2.005e+00  0.5000        1070  [    0   3020         90          1 ]
           3     1060929    2462.769   8.767e-03   8.920e-03   1.976e-02   8.568e-04   2.005e+00  0.5000        1070  [    0   3030         90          1 ]
           3     1064700    2470.425   8.767e-03   8.917e-03   1.976e-02   8.570e-04   2.005e+00  0.5000        1070  [    0   3040         90          1 ]
           3     1068484    2477.980   8.767e-03   8.917e-03   1.976e-02   8.569e-04   2.005e+00  0.5000        1070  [    0   3050         90          1 ]
           3     1072184    2485.445   8.767e-03   8.917e-03   1.976e-02   8.569e-04   2.005e+00  0.5000        1070  [    0   3060         90          1 ]
           3     1075840    2493.316   8.767e-03   8.917e-03   1.976e-02   8.568e-04   2.005e+00  0.5000        1070  [    0   3070         90          1 ]
           3     1081498    2503.272   8.767e-03   8.917e-03   1.977e-02   8.561e-04   2.005e+00  0.5000        1070  [    0   3080         90          1 ]
           3     1085248    2511.302   8.767e-03   8.917e-03   1.977e-02   8.560e-04   2.005e+00  0.5000        1070  [    0   3090         90          1 ]
           3     1088965    2518.700   8.767e-03   8.917e-03   1.977e-02   8.559e-04   2.005e+00  0.5000        1070  [    0   3100         90          1 ]
           3     1092342    2525.691   8.767e-03   8.917e-03   1.977e-02   8.554e-04   2.005e+00  0.5000        1070  [    0   3110         90          1 ]
           3     1096346    2532.966   8.767e-03   8.917e-03   1.977e-02   8.544e-04   2.005e+00  0.5000        1070  [    0   3120         90          1 ]
           3     1099725    2540.113   8.767e-03   8.917e-03   1.977e-02   8.542e-04   2.005e+00  0.5000        1070  [    0   3130         90          1 ]
           3     1103269    2546.305   8.767e-03   8.917e-03   1.977e-02   8.541e-04   2.005e+00  0.5000        1070  [    2     50        360          1 ]
           3     1104174    2549.768   8.767e-03   8.917e-03   1.977e-02   8.540e-04   2.005e+00  0.5000        1070  [    0   3140         90          1 ]
           3     1107947    2556.732   8.767e-03   8.917e-03   1.977e-02   8.528e-04   2.005e+00  0.5000        1070  [    0   3150         90          1 ]
           3     1111920    2564.606   8.767e-03   8.917e-03   1.977e-02   8.524e-04   2.005e+00  0.5000        1070  [    0   3160         90          1 ]
           3     1115827    2572.551   8.656e-03   8.917e-03   1.977e-02   8.517e-04   2.005e+00  0.5000        1070  [    0   3170         90          1 ]
           3     1119844    2579.811   8.656e-03   8.917e-03   1.977e-02   8.515e-04   2.005e+00  0.5000        1070  [    0   3180         90          1 ]
           3     1123483    2588.236   8.656e-03   8.917e-03   1.977e-02   8.514e-04   2.005e+00  0.5000        1070  [    0   3190         90          1 ]
           3     1127221    2595.214   8.656e-03   8.917e-03   1.977e-02   8.512e-04   2.005e+00  0.5000        1070  [    0   3200         90          1 ]
           3     1131508    2602.849   8.656e-03   8.917e-03   1.977e-02   8.512e-04   2.005e+00  0.5000        1070  [    0   3210         90          1 ]
           3     1135202    2610.385   8.656e-03   8.917e-03   1.977e-02   8.508e-04   2.005e+00  0.5000        1070  [    0   3220         90          1 ]
           3     1138986    2617.935   8.656e-03   8.917e-03   1.977e-02   8.508e-04   2.005e+00  0.5000        1070  [    0   3230         90          1 ]
           3     1142582    2625.769   8.656e-03   8.917e-03   1.977e-02   8.507e-04   2.005e+00  0.5000        1070  [    0   3240         90          1 ]
           3     1146208    2633.642   8.602e-03   8.917e-03   1.977e-02   8.510e-04   2.005e+00  0.5000        1070  [    0   3250         90          1 ]
           3     1150003    2641.061   8.602e-03   8.917e-03   1.977e-02   8.510e-04   2.005e+00  0.5000        1070  [    0   3260         90          1 ]
           3     1154689    2648.906   8.602e-03   8.917e-03   1.977e-02   8.508e-04   2.005e+00  0.5000        1070  [    0   3270         90          1 ]
           3     1158144    2655.887   8.602e-03   8.917e-03   1.977e-02   8.506e-04   2.005e+00  0.5000        1070  [    0   3280         90          1 ]
           3     1162212    2663.365   8.602e-03   8.917e-03   1.977e-02   8.504e-04   2.005e+00  0.5000        1070  [    0   3290         90          1 ]
           3     1165995    2671.002   8.602e-03   8.917e-03   1.977e-02   8.503e-04   2.005e+00  0.5000        1070  [    0   3300         90          1 ]
           3     1169808    2678.362   8.602e-03   8.917e-03   1.977e-02   8.498e-04   2.005e+00  0.5000        1070  [    0   3310         90          1 ]
           3     1173266    2685.152   8.602e-03   8.917e-03   1.977e-02   8.497e-04   2.005e+00  0.5000        1070  [    0   3320         90          1 ]
           3     1177707    2693.668   8.602e-03   8.917e-03   1.977e-02   8.496e-04   2.005e+00  0.5000        1070  [    0   3330         90          1 ]
           3     1181315    2700.331   8.602e-03   8.917e-03   1.977e-02   8.495e-04   2.005e+00  0.5000        1070  [    0   3340         90          1 ]
           3     1184961    2707.152   8.602e-03   8.917e-03   1.977e-02   8.494e-04   2.005e+00  0.5000        1070  [    0   3350         90          1 ]
           3     1188833    2714.107   8.602e-03   8.815e-03   1.977e-02   8.492e-04   2.005e+00  0.5000        1070  [    0   3360         90          1 ]
           3     1192541    2721.675   8.602e-03   8.815e-03   1.977e-02   8.491e-04   2.005e+00  0.5000        1070  [    0   3370         90          1 ]
           3     1196307    2728.428   8.602e-03   8.815e-03   1.977e-02   8.489e-04   2.005e+00  0.5000        1070  [    0   3380         90          1 ]
           3     1199933    2735.792   8.550e-03   8.808e-03   1.977e-02   8.485e-04   2.005e+00  0.5000        1070  [    0   3390         90          1 ]
           3     1204362    2744.426   8.550e-03   8.808e-03   1.977e-02   8.484e-04   2.005e+00  0.5000        1070  [    0   3400         90          1 ]
           3     1208313    2751.880   8.550e-03   8.808e-03   1.977e-02   8.480e-04   2.005e+00  0.5000        1070  [    0   3410         90          1 ]
           3     1212039    2759.261   8.550e-03   8.808e-03   1.977e-02   8.469e-04   2.005e+00  0.5000        1070  [    0   3420         90          1 ]
           3     1215696    2767.011   8.550e-03   8.808e-03   1.977e-02   8.468e-04   2.005e+00  0.5000        1070  [    0   3430         90          1 ]
           3     1219443    2774.330   8.312e-03   8.808e-03   1.977e-02   8.463e-04   2.005e+00  0.5000        1070  [    0   3440         90          1 ]
           3     1223149    2781.502   8.312e-03   8.808e-03   1.977e-02   8.461e-04   2.005e+00  0.5000        1070  [    0   3450         90          1 ]
           3     1227578    2789.920   8.312e-03   8.808e-03   1.977e-02   8.458e-04   2.005e+00  0.5000        1070  [    0   3460         90          1 ]
           3     1231245    2796.688   8.312e-03   8.808e-03   1.977e-02   8.456e-04   2.005e+00  0.5000        1070  [    0   3470         90          1 ]
           3     1235324    2803.592   8.312e-03   8.808e-03   1.977e-02   8.451e-04   2.005e+00  0.5000        1070  [    0   3480         90          1 ]
           3     1239056    2810.298   8.312e-03   8.808e-03   1.977e-02   8.450e-04   2.005e+00  0.5000        1070  [    0   3490         90          1 ]
           3     1243288    2817.194   8.312e-03   8.808e-03   1.977e-02   8.450e-04   2.005e+00  0.5000        1070  [    0   3500         90          1 ]
           3     1246685    2824.555   8.312e-03   8.808e-03   1.977e-02   8.450e-04   2.005e+00  0.5000        1070  [    0   3510         90          1 ]
           3     1250795    2832.313   8.312e-03   8.808e-03   1.977e-02   8.449e-04   2.005e+00  0.5000        1070  [    0   3520         90          1 ]
           3     1255614    2840.082   8.312e-03   8.808e-03   1.977e-02   8.448e-04   2.005e+00  0.5000        1070  [    0   3530         90          1 ]
           3     1259350    2847.345   8.260e-03   8.808e-03   1.977e-02   8.437e-04   2.005e+00  0.5000        1070  [    0   3540         90          1 ]
           3     1262909    2854.617   8.260e-03   8.808e-03   1.977e-02   8.436e-04   2.005e+00  0.5000        1070  [    0   3550         90          1 ]
           3     1266485    2862.276   8.260e-03   8.808e-03   1.977e-02   8.435e-04   2.005e+00  0.5000        1070  [    0   3560         90          1 ]
           3     1270150    2868.962   8.260e-03   8.808e-03   1.977e-02   8.434e-04   2.005e+00  0.5000        1070  [    0   3570         90          1 ]
           3     1274330    2876.129   8.252e-03   8.763e-03   1.977e-02   8.431e-04   2.005e+00  0.5000        1070  [    0   3580         90          1 ]
           3     1280958    2885.561   8.252e-03   8.763e-03   1.977e-02   8.430e-04   2.005e+00  0.5000        1070  [    0   3590         90          1 ]
           3     1284512    2892.707   8.252e-03   8.763e-03   1.977e-02   8.428e-04   2.005e+00  0.5000        1070  [    0   3600         90          1 ]
           3     1288483    2899.901   8.252e-03   8.639e-03   1.977e-02   8.417e-04   2.005e+00  0.5000        1070  [    0   3610         90          1 ]
           3     1292296    2907.878   8.252e-03   8.639e-03   1.977e-02   8.415e-04   2.005e+00  0.5000        1070  [    0   3620         90          1 ]
           3     1296118    2915.507   8.252e-03   8.639e-03   1.977e-02   8.413e-04   2.005e+00  0.5000        1070  [    0   3630         90          1 ]
           3     1299734    2922.215   8.252e-03   8.639e-03   1.977e-02   8.413e-04   2.005e+00  0.5000        1070  [    0   3640         90          1 ]
           3     1304222    2929.791   8.252e-03   8.639e-03   1.977e-02   8.411e-04   2.005e+00  0.5000        1070  [    0   3650         90          1 ]
           3     1307960    2937.288   8.104e-03   8.639e-03   1.977e-02   8.405e-04   2.005e+00  0.5000        1070  [    0   3660         90          1 ]
           3     1311947    2944.321   8.104e-03   8.639e-03   1.977e-02   8.404e-04   2.005e+00  0.5000        1070  [    0   3670         90          1 ]
           3     1315649    2952.032   8.104e-03   8.639e-03   1.977e-02   8.404e-04   2.005e+00  0.5000        1070  [    0   3680         90          1 ]
           3     1319534    2959.439   8.104e-03   8.639e-03   1.977e-02   8.403e-04   2.005e+00  0.5000        1070  [    0   3690         90          1 ]
           3     1323380    2967.174   8.104e-03   8.639e-03   1.977e-02   8.400e-04   2.005e+00  0.5000        1070  [    0   3700         90          1 ]
           3     1327172    2973.751   8.104e-03   8.639e-03   1.977e-02   8.393e-04   2.005e+00  0.5000        1070  [    0   3710         90          1 ]
           3     1331735    2981.525   8.104e-03   8.639e-03   1.977e-02   8.390e-04   2.005e+00  0.5000        1070  [    0   3720         90          1 ]
           3     1335361    2989.065   8.104e-03   8.639e-03   1.977e-02   8.390e-04   2.005e+00  0.5000        1070  [    0   3730         90          1 ]
           3     1338861    2996.755   8.104e-03   8.639e-03   1.977e-02   8.389e-04   2.005e+00  0.5000        1070  [    0   3740         90          1 ]
           3     1342488    3003.215   8.104e-03   8.639e-03   1.977e-02   8.386e-04   2.005e+00  0.5000        1070  [    0   3750         90          1 ]
           3     1345961    3011.263   8.104e-03   8.639e-03   1.977e-02   8.382e-04   2.005e+00  0.5000        1070  [    0   3760         90          1 ]
           3     1349751    3018.551   8.104e-03   8.639e-03   1.977e-02   8.381e-04   2.005e+00  0.5000        1070  [    0   3770         90          1 ]
           3     1353177    3024.743   8.104e-03   8.639e-03   1.977e-02   8.380e-04   2.005e+00  0.5000        1070  [    2     60        360          1 ]
           3     1354319    3028.065   8.104e-03   8.639e-03   1.977e-02   8.380e-04   2.005e+00  0.5000        1070  [    0   3780         90          1 ]
           3     1357748    3036.024   8.104e-03   8.639e-03   1.977e-02   8.379e-04   2.005e+00  0.5000        1070  [    0   3790         90          1 ]
           3     1361577    3042.980   8.104e-03   8.639e-03   1.977e-02   8.378e-04   2.005e+00  0.5000        1070  [    0   3800         90          1 ]
           3     1365173    3050.014   8.104e-03   8.639e-03   1.977e-02   8.376e-04   2.005e+00  0.5000        1070  [    0   3810         90          1 ]
           3     1369255    3056.967   8.104e-03   8.576e-03   1.977e-02   8.377e-04   2.005e+00  0.5000        1070  [    0   3820         90          1 ]
           3     1372981    3063.522   8.104e-03   8.576e-03   1.977e-02   8.374e-04   2.005e+00  0.5000        1070  [    0   3830         90          1 ]
           3     1376605    3070.175   8.104e-03   8.576e-03   1.977e-02   8.371e-04   2.005e+00  0.5000        1070  [    0   3840         90          1 ]
           3     1381329    3078.192   8.104e-03   8.576e-03   1.977e-02   8.370e-04   2.005e+00  0.5000        1070  [    0   3850         90          1 ]
           3     1385223    3085.194   8.104e-03   8.576e-03   1.977e-02   8.369e-04   2.005e+00  0.5000        1070  [    0   3860         90          1 ]
           3     1388895    3092.577   8.104e-03   8.576e-03   1.977e-02   8.368e-04   2.005e+00  0.5000        1070  [    0   3870         90          1 ]
           3     1392704    3099.264   8.104e-03   8.576e-03   1.977e-02   8.368e-04   2.005e+00  0.5000        1070  [    0   3880         90          1 ]
           3     1396607    3105.792   8.104e-03   8.576e-03   1.977e-02   8.368e-04   2.005e+00  0.5000        1070  [    0   3890         90          1 ]
           3     1400127    3112.740   8.104e-03   8.560e-03   1.977e-02   8.359e-04   2.005e+00  0.5000        1070  [    0   3900         90          1 ]
           3     1404848    3120.459   8.104e-03   8.560e-03   1.977e-02   8.358e-04   2.005e+00  0.5000        1070  [    0   3910         90          1 ]
           3     1408855    3127.206   8.104e-03   8.560e-03   1.977e-02   8.358e-04   2.005e+00  0.5000        1070  [    0   3920         90          1 ]
           3     1412218    3134.421   8.104e-03   8.560e-03   1.977e-02   8.358e-04   2.005e+00  0.5000        1070  [    0   3930         90          1 ]
           3     1415969    3141.424   8.104e-03   8.560e-03   1.977e-02   8.356e-04   2.005e+00  0.5000        1070  [    0   3940         90          1 ]
           3     1419975    3148.504   8.104e-03   8.560e-03   1.977e-02   8.355e-04   2.005e+00  0.5000        1070  [    0   3950         90          1 ]
           3     1423887    3155.463   8.104e-03   8.560e-03   1.977e-02   8.355e-04   2.005e+00  0.5000        1070  [    0   3960         90          1 ]
           3     1428473    3163.652   8.104e-03   8.490e-03   1.977e-02   8.360e-04   2.005e+00  0.5000        1070  [    0   3970         90          1 ]
           3     1432200    3170.706   8.104e-03   8.490e-03   1.977e-02   8.359e-04   2.005e+00  0.5000        1070  [    0   3980         90          1 ]
           3     1436041    3177.887   8.104e-03   8.490e-03   1.977e-02   8.359e-04   2.005e+00  0.5000        1070  [    0   3990         90          1 ]
           3     1439867    3184.816   8.104e-03   8.490e-03   1.977e-02   8.358e-04   2.005e+00  0.5000        1070  [    0   4000         90          1 ]
           3     1443778    3191.720   8.104e-03   8.490e-03   1.977e-02   8.357e-04   2.005e+00  0.5000        1070  [    0   4010         90          1 ]
           3     1447451    3199.688   8.104e-03   8.490e-03   1.977e-02   8.355e-04   2.005e+00  0.5000        1070  [    0   4020         90          1 ]
           3     1451467    3205.898   8.104e-03   8.490e-03   1.977e-02   8.355e-04   2.005e+00  0.5000        1070  [    0   4030         90          1 ]
           3     1456168    3214.605   8.058e-03   8.490e-03   1.977e-02   8.365e-04   2.005e+00  0.5000        1070  [    0   4040         90          1 ]
           3     1459902    3221.752   8.058e-03   8.490e-03   1.977e-02   8.365e-04   2.005e+00  0.5000        1070  [    0   4050         90          1 ]
           3     1463861    3228.980   8.058e-03   8.490e-03   1.977e-02   8.362e-04   2.005e+00  0.5000        1070  [    0   4060         90          1 ]
           3     1467979    3235.824   8.058e-03   8.490e-03   1.977e-02   8.359e-04   2.005e+00  0.5000        1070  [    0   4070         90          1 ]
           3     1471789    3242.856   8.058e-03   8.490e-03   1.977e-02   8.354e-04   2.005e+00  0.5000        1070  [    0   4080         90          1 ]
           3     1475601    3249.507   8.058e-03   8.490e-03   1.977e-02   8.353e-04   2.005e+00  0.5000        1070  [    0   4090         90          1 ]
           4     1483855    3258.015   8.058e-03   8.490e-03   1.977e-02   8.351e-04   2.005e+00  0.5000        1070  [    4      1       1440          1 ]
           4     1489667    3265.134   8.058e-03   8.490e-03   1.977e-02   8.349e-04   2.005e+00  0.5000        1070  [    3     10        720          1 ]
           4     1510386    3283.073   8.046e-03   8.490e-03   1.977e-02   8.332e-04   2.005e+00  0.5000        1070  [    3     20        720          1 ]
           4     1531434    3301.414   7.986e-03   8.406e-03   1.977e-02   8.329e-04   2.005e+00  0.5000        1070  [    3     30        720          1 ]
           4     1552581    3318.807   7.986e-03   8.406e-03   1.977e-02   8.322e-04   2.005e+00  0.5000        1070  [    3     40        720          1 ]
           4     1577140    3338.659   7.959e-03   8.222e-03   1.977e-02   8.300e-04   2.005e+00  0.5000        1070  [    3     50        720          1 ]
           4     1598816    3357.577   7.959e-03   8.201e-03   1.977e-02   8.294e-04   2.005e+00  0.5000        1070  [    3     60        720          1 ]
           5     1616298    3375.253   7.959e-03   8.151e-03   1.977e-02   8.292e-04   2.005e+00  0.5000        1070  [    5      1       2880          1 ]
           5     1626657    3390.011   7.959e-03   8.019e-03   1.977e-02   8.290e-04   2.005e+00  0.5000        1070  [    4     10       1440          1 ]
           5     1660057    3424.157   7.959e-03   8.019e-03   1.977e-02   8.283e-04   2.005e+00  0.5000        1070  [    4     20       1440          1 ]
           5     1694618    3458.938   7.959e-03   8.019e-03   1.977e-02   8.275e-04   2.005e+00  0.5000        1070  [    4     30       1440          1 ]
           5     1729450    3494.383   7.959e-03   8.019e-03   1.977e-02   8.266e-04   2.005e+00  0.5000        1070  [    4     40       1440          1 ]
           5     1769774    3536.698   7.959e-03   8.019e-03   1.977e-02   8.258e-04   2.005e+00  0.5000        1070  [    4     50       1440          1 ]
           5     1805335    3572.119   7.082e-03   7.182e-03   1.977e-02   8.219e-04   2.005e+00  0.5000        1071  [    4     60       1440          1 ]
           6     1837340    3624.634   6.366e-03   7.051e-03   1.977e-02   8.146e-04   2.005e+00  0.5000        1071  [    6      1       5760          1 ]
           6     1870600    3675.198   6.321e-03   6.968e-03   1.977e-02   8.118e-04   2.005e+00  0.5000        1071  [    4     70       1440          1 ]
           6     1885672    3691.713   6.274e-03   6.968e-03   1.977e-02   8.102e-04   2.005e+00  0.5000        1072  [    5     10       2880          1 ]
           6     1908059    3713.301   5.872e-03   6.968e-03   1.977e-02   8.010e-04   2.005e+00  0.5000        1072  [    4     80       1440          1 ]
           6     1951558    3755.982   5.421e-03   5.661e-03   1.977e-02   7.930e-04   2.005e+00  0.5000        1072  [    4     90       1440          1 ]
           6     1989856    3791.609   5.421e-03   5.536e-03   1.977e-02   7.899e-04   2.005e+00  0.5000        1072  [    4    100       1440          1 ]
           6     2027772    3827.239   5.421e-03   5.536e-03   1.977e-02   7.867e-04   2.005e+00  0.5000        1072  [    4    110       1440          1 ]
           6     2066091    3862.162   5.106e-03   5.536e-03   1.977e-02   7.832e-04   2.005e+00  0.5000        1072  [    4    120       1440          1 ]
           6     2118635    3921.224   5.106e-03   5.536e-03   1.977e-02   7.816e-04   8.989e-01  0.5000        1077  [    4    130       1440          2 ]
           6     2150569    3947.243   5.106e-03   5.536e-03   1.882e-02   7.807e-04   1.265e-01  0.5000        1165  [    4    140       1440          2 ]
           6     2182942    3969.724   4.936e-03   5.536e-03   1.896e-02   1.976e-03   4.364e-02  0.5000         742  [    4    150       1440          2 ]
           6     2196057    3976.886   4.936e-03   5.536e-03   1.919e-02   1.778e-03   3.933e-02  0.5000         847  [    5     20       2880          2 ]
           6     2215343    3986.414   4.676e-03   5.536e-03   1.930e-02   1.710e-03   2.978e-02  1.0000         873  [    4    160       1440          2 ]
           6     2253768    4006.814   4.676e-03   5.536e-03   1.959e-02   1.389e-03   1.807e-02  1.0000         918  [    4    170       1440          2 ]
           6     2287864    4024.442   4.676e-03   5.536e-03   1.965e-02   1.243e-03   1.303e-02  1.0000         930  [    4    180       1440          2 ]
           6     2322723    4042.039   4.676e-03   5.536e-03   1.966e-02   1.185e-03   1.128e-02  1.0000         933  [    4    190       1440          2 ]
           6     2367213    4069.630   4.676e-03   5.536e-03   1.967e-02   1.163e-03   1.028e-02  1.0000         933  [    4    200       1440          2 ]
           6     2408152    4091.039   4.676e-03   5.536e-03   1.967e-02   1.151e-03   9.771e-03  1.0000         934  [    4    210       1440          2 ]
           6     2443893    4108.425   4.676e-03   5.536e-03   1.968e-02   1.142e-03   9.459e-03  1.0000         934  [    4    220       1440          2 ]
           6     2480109    4126.552   4.676e-03   5.536e-03   1.968e-02   1.135e-03   9.247e-03  1.0000         934  [    4    230       1440          2 ]
           6     2494844    4134.993   4.676e-03   5.374e-03   1.968e-02   1.136e-03   9.168e-03  1.0000         934  [    5     30       2880          2 ]
           6     2516585    4146.203   4.676e-03   5.221e-03   1.968e-02   1.132e-03   9.006e-03  1.0000         934  [    4    240       1440          2 ]
           6     2558132    4167.333   4.676e-03   5.033e-03   1.968e-02   1.131e-03   8.809e-03  1.0000         934  [    4    250       1440          2 ]
           6     2603579    4194.046   4.050e-03   4.717e-03   1.968e-02   1.130e-03   8.648e-03  1.0000         934  [    4    260       1440          2 ]
           6     2640179    4212.486   3.880e-03   4.530e-03   1.968e-02   1.127e-03   8.485e-03  1.0000         934  [    4    270       1440          2 ]
           6     2677175    4230.306   3.880e-03   4.530e-03   1.968e-02   1.125e-03   8.373e-03  1.0000         934  [    4    280       1440          2 ]
           6     2719466    4251.551   3.832e-03   4.530e-03   1.968e-02   1.124e-03   8.278e-03  1.0000         934  [    4    290       1440          2 ]
           6     2756281    4268.654   3.775e-03   3.920e-03   1.968e-02   1.124e-03   8.207e-03  1.0000         934  [    4    300       1440          2 ]
           6     2793163    4286.462   3.775e-03   3.820e-03   1.968e-02   1.123e-03   8.105e-03  1.0000         934  [    4    310       1440          2 ]
           6     2807937    4294.762   3.552e-03   3.820e-03   1.968e-02   1.123e-03   8.086e-03  1.0000         934  [    5     40       2880          2 ]
           6     2830565    4305.272   3.552e-03   3.820e-03   1.968e-02   1.123e-03   8.047e-03  1.0000         934  [    4    320       1440          2 ]
           6     2881651    4335.277   3.552e-03   3.385e-03   1.968e-02   1.120e-03   7.963e-03  1.0000         934  [    4    330       1440          2 ]
           6     2918477    4353.352   3.552e-03   3.385e-03   1.968e-02   1.120e-03   7.908e-03  1.0000         934  [    4    340       1440          2 ]
           6     2955016    4371.975   3.223e-03   3.385e-03   1.968e-02   1.118e-03   7.843e-03  1.0000         934  [    4    350       1440          2 ]
           6     2991939    4389.493   3.181e-03   3.385e-03   1.968e-02   1.117e-03   7.772e-03  1.0000         934  [    4    360       1440          2 ]
           6     3034144    4410.233   3.181e-03   3.385e-03   1.968e-02   1.117e-03   7.702e-03  1.0000         934  [    4    370       1440          2 ]
           6     3070673    4428.023   3.130e-03   3.385e-03   1.968e-02   1.115e-03   7.654e-03  1.0000         934  [    4    380       1440          2 ]
           6     3116160    4454.973   2.975e-03   3.381e-03   1.968e-02   1.117e-03   7.600e-03  1.0000         934  [    4    390       1440          2 ]
           6     3130880    4463.705   2.975e-03   3.381e-03   1.968e-02   1.117e-03   7.577e-03  1.0000         934  [    5     50       2880          2 ]
           6     3153042    4474.134   2.975e-03   3.381e-03   1.968e-02   1.117e-03   7.536e-03  1.0000         934  [    4    400       1440          2 ]
           6     3194767    4494.294   2.975e-03   3.381e-03   1.968e-02   1.116e-03   7.464e-03  1.0000         934  [    4    410       1440          2 ]
           6     3231589    4512.690   2.903e-03   3.381e-03   1.968e-02   1.113e-03   7.410e-03  1.0000         934  [    4    420       1440          2 ]
           6     3267897    4530.078   2.903e-03   3.381e-03   1.968e-02   1.113e-03   7.356e-03  1.0000         934  [    4    430       1440          2 ]
           6     3304179    4547.395   2.903e-03   3.381e-03   1.968e-02   1.113e-03   7.320e-03  1.0000         934  [    4    440       1440          2 ]
           6     3355561    4577.472   2.779e-03   3.381e-03   1.968e-02   1.114e-03   7.281e-03  1.0000         934  [    4    450       1440          2 ]
           6     3392295    4595.138   2.779e-03   3.381e-03   1.968e-02   1.113e-03   7.241e-03  1.0000         934  [    4    460       1440          2 ]
           6     3428941    4612.775   2.779e-03   3.381e-03   1.968e-02   1.113e-03   7.195e-03  1.0000         934  [    4    470       1440          2 ]
           6     3443474    4620.765   2.779e-03   3.381e-03   1.968e-02   1.113e-03   7.173e-03  1.0000         934  [    5     60       2880          2 ]
           6     3465339    4631.275   2.779e-03   3.381e-03   1.968e-02   1.113e-03   7.158e-03  1.0000         934  [    4    480       1440          2 ]
           6     3507210    4652.165   2.779e-03   3.381e-03   1.968e-02   1.113e-03   7.112e-03  1.0000         934  [    4    490       1440          2 ]
           6     3543927    4669.815   2.768e-03   3.381e-03   1.968e-02   1.112e-03   7.071e-03  1.0000         934  [    4    500       1440          2 ]
           6     3580449    4687.882   2.768e-03   3.381e-03   1.968e-02   1.112e-03   7.039e-03  1.0000         934  [    4    510       1440          2 ]
           7     3587055    4692.569   2.768e-03   3.381e-03   1.968e-02   1.112e-03   7.037e-03  1.0000         934  [    6      8       5760          2 ]
