# Generation  Evaluations  Time (s)  Best_obj[0]  Best_obj[1]  Hypervol.   IGD         IGDX        SR    Appr.set  [ Pop.index  Subgen.  Pop.size  Subpops ]
           0         118       2.381   1.139e-02   2.735e-01   6.401e-02   1.399e-01   1.922e-01  0.0000          23  [    0      1         30          9 ]
           0         235       2.450   0.000e+00   2.287e-01   1.862e-01   1.369e-01   1.371e-01  0.0000          29  [    0      2         30          9 ]
           0         358       2.475   0.000e+00   2.287e-01   2.510e-01   1.269e-01   1.228e-01  0.0000          39  [    0      3         30         13 ]
           0         502       2.517   0.000e+00   2.287e-01   2.797e-01   1.241e-01   1.169e-01  0.0000          51  [    0      4         30         18 ]
           0         663       2.551   0.000e+00   2.287e-01   2.800e-01   9.386e-02   9.149e-02  0.0000          60  [    0      5         30         24 ]
           0         848       2.613   0.000e+00   2.287e-01   2.472e-01   7.900e-02   8.211e-02  0.0000          67  [    0      6         30         27 ]
           0        1037       2.680   0.000e+00   2.287e-01   2.610e-01   7.838e-02   6.488e-02  0.5000          74  [    0      7         30         33 ]
           0        1252       2.734   0.000e+00   1.100e-01   2.122e-01   6.838e-02   6.038e-02  0.5000          88  [    0      8         30         37 ]
           1        1712       2.815   0.000e+00   1.100e-01   2.403e-01   5.335e-02   4.732e-02  0.5000         168  [    1      1         60         64 ]
           1        2083       2.958   0.000e+00   1.100e-01   2.224e-01   5.329e-02   4.815e-02  0.5000         177  [    0      9         30         64 ]
           1        2531       3.078   0.000e+00   5.960e-04   1.411e-01   4.487e-02   3.929e-02  1.0000         198  [    1      2         60         66 ]
           1        2921       3.222   0.000e+00   5.960e-04   1.713e-01   2.444e-02   3.416e-02  1.0000         214  [    0     10         30         70 ]
           1        3314       3.362   0.000e+00   5.960e-04   2.498e-01   2.444e-02   3.472e-02  1.0000         235  [    0     11         30         71 ]
           1        3734       3.546   0.000e+00   5.960e-04   1.478e-01   2.444e-02   3.472e-02  1.0000         248  [    0     12         30         73 ]
           1        4167       3.746   0.000e+00   5.960e-04   1.561e-01   2.385e-02   3.446e-02  1.0000         259  [    0     13         30         76 ]
           1        4607       3.931   0.000e+00   5.960e-04   1.705e-01   2.341e-02   3.394e-02  1.0000         277  [    0     14         30         78 ]
           1        5053       4.161   0.000e+00   5.960e-04   1.807e-01   2.341e-02   3.394e-02  1.0000         279  [    0     15         30         77 ]
           1        5495       4.349   0.000e+00   5.960e-04   1.671e-01   2.341e-02   3.379e-02  1.0000         286  [    0     16         30         78 ]
           1        5940       4.546   0.000e+00   5.960e-04   1.658e-01   2.341e-02   3.245e-02  1.0000         297  [    0     17         30         79 ]
           1        6465       4.784   0.000e+00   0.000e+00   1.528e-01   2.341e-02   3.245e-02  1.0000         329  [    1      3         60         79 ]
           1        6910       5.088   0.000e+00   0.000e+00   1.535e-01   2.341e-02   3.100e-02  1.0000         338  [    0     18         30         78 ]
           1        7350       5.319   0.000e+00   0.000e+00   2.636e-01   2.341e-02   3.100e-02  1.0000         350  [    0     19         30         81 ]
           1        7818       5.602   0.000e+00   0.000e+00   1.912e-01   2.085e-02   2.525e-02  1.0000         352  [    0     20         30         81 ]
           1        8284       5.998   0.000e+00   0.000e+00   1.987e-01   2.056e-02   2.465e-02  1.0000         359  [    0     21         30         82 ]
           1        8743       6.243   0.000e+00   0.000e+00   1.937e-01   2.056e-02   2.463e-02  1.0000         366  [    0     22         30         83 ]
           1        9215       6.492   0.000e+00   0.000e+00   1.808e-01   2.056e-02   2.469e-02  1.0000         366  [    0     23         30         81 ]
           1        9679       6.748   0.000e+00   0.000e+00   1.728e-01   2.051e-02   2.464e-02  1.0000         375  [    0     24         30         80 ]
           1       10144       7.020   0.000e+00   0.000e+00   1.903e-01   2.051e-02   2.429e-02  1.0000         387  [    0     25         30         80 ]
           1       10668       7.287   0.000e+00   0.000e+00   1.974e-01   2.051e-02   2.355e-02  1.0000         407  [    1      4         60         83 ]
           1       11151       7.574   0.000e+00   0.000e+00   2.192e-01   2.026e-02   2.322e-02  1.0000         409  [    0     26         30         82 ]
           1       11652       7.896   0.000e+00   0.000e+00   2.124e-01   2.026e-02   2.322e-02  1.0000         418  [    0     27         30         85 ]
           1       12139       8.183   0.000e+00   0.000e+00   2.162e-01   1.864e-02   2.299e-02  1.0000         429  [    0     28         30         86 ]
           1       12628       8.480   0.000e+00   0.000e+00   2.150e-01   1.864e-02   2.299e-02  1.0000         448  [    0     29         30         86 ]
           1       13138       8.815   0.000e+00   0.000e+00   2.071e-01   1.864e-02   2.299e-02  1.0000         459  [    0     30         30         86 ]
           1       13645       9.131   0.000e+00   0.000e+00   2.067e-01   1.864e-02   2.299e-02  1.0000         470  [    0     31         30         86 ]
           1       14163       9.465   0.000e+00   0.000e+00   2.069e-01   1.864e-02   2.299e-02  1.0000         485  [    0     32         30         86 ]
           1       14673      10.148   0.000e+00   0.000e+00   1.997e-01   1.799e-02   2.237e-02  1.0000         488  [    0     33         30         87 ]
           1       15272      10.672   0.000e+00   0.000e+00   1.945e-01   1.799e-02   2.330e-02  1.0000         508  [    1      5         60         91 ]
           1       15811      11.290   0.000e+00   0.000e+00   1.952e-01   1.799e-02   2.353e-02  1.0000         515  [    0     34         30         93 ]
           1       16358      11.926   0.000e+00   0.000e+00   1.955e-01   1.682e-02   2.302e-02  1.0000         530  [    0     35         30         95 ]
           1       16909      12.705   0.000e+00   0.000e+00   1.936e-01   1.679e-02   2.281e-02  1.0000         540  [    0     36         30         92 ]
           1       17442      13.423   0.000e+00   0.000e+00   3.018e-01   1.679e-02   2.176e-02  1.0000         544  [    0     37         30         92 ]
           1       17984      14.318   0.000e+00   0.000e+00   3.028e-01   1.678e-02   2.174e-02  1.0000         558  [    0     38         30         92 ]
           1       18538      14.918   0.000e+00   0.000e+00   1.938e-01   1.678e-02   1.985e-02  1.0000         563  [    0     39         30         93 ]
           1       19083      15.716   0.000e+00   0.000e+00   3.033e-01   1.678e-02   1.944e-02  1.0000         574  [    0     40         30         94 ]
           1       19641      16.428   0.000e+00   0.000e+00   1.890e-01   1.678e-02   1.944e-02  1.0000         584  [    0     41         30         94 ]
           1       20260      17.106   0.000e+00   0.000e+00   1.854e-01   1.678e-02   1.944e-02  1.0000         590  [    1      6         60         92 ]
           1       20821      17.756   0.000e+00   0.000e+00   1.820e-01   1.678e-02   1.944e-02  1.0000         593  [    0     42         30         93 ]
           1       21386      18.465   0.000e+00   0.000e+00   1.822e-01   1.678e-02   1.944e-02  1.0000         598  [    0     43         30         95 ]
           1       21946      19.012   0.000e+00   0.000e+00   1.732e-01   1.678e-02   1.944e-02  1.0000         607  [    0     44         30         96 ]
           1       22504      19.795   0.000e+00   0.000e+00   1.713e-01   1.678e-02   1.944e-02  1.0000         616  [    0     45         30         96 ]
           1       23076      20.636   0.000e+00   0.000e+00   2.811e-01   1.678e-02   1.909e-02  1.0000         621  [    0     46         30         98 ]
           1       23651      21.712   0.000e+00   0.000e+00   1.602e-01   1.668e-02   1.910e-02  1.0000         627  [    0     47         30         98 ]
           1       24232      22.616   0.000e+00   0.000e+00   1.596e-01   1.668e-02   1.910e-02  1.0000         637  [    0     48         30         98 ]
           1       24815      23.341   0.000e+00   0.000e+00   1.603e-01   1.668e-02   1.910e-02  1.0000         640  [    0     49         30         96 ]
           1       25440      24.314   0.000e+00   0.000e+00   1.578e-01   1.668e-02   1.900e-02  1.0000         659  [    1      7         60         97 ]
           1       26024      25.028   0.000e+00   0.000e+00   1.540e-01   1.675e-02   1.894e-02  1.0000         667  [    0     50         30         96 ]
           1       26608      26.166   0.000e+00   0.000e+00   2.663e-01   1.675e-02   1.890e-02  1.0000         669  [    0     51         30         98 ]
           1       27199      27.258   0.000e+00   0.000e+00   1.537e-01   1.675e-02   1.890e-02  1.0000         673  [    0     52         30         98 ]
           1       27766      28.316   0.000e+00   0.000e+00   1.553e-01   1.675e-02   1.890e-02  1.0000         680  [    0     53         30         99 ]
           1       28358      29.289   0.000e+00   0.000e+00   1.554e-01   1.614e-02   1.839e-02  1.0000         694  [    0     54         30        100 ]
           1       28952      30.320   0.000e+00   0.000e+00   1.619e-01   1.614e-02   1.868e-02  1.0000         698  [    0     55         30         99 ]
           1       29558      31.370   0.000e+00   0.000e+00   2.665e-01   1.614e-02   1.846e-02  1.0000         709  [    0     56         30        101 ]
           1       30154      32.380   0.000e+00   0.000e+00   2.668e-01   1.607e-02   1.844e-02  1.0000         719  [    0     57         30        102 ]
           1       30819      33.571   0.000e+00   0.000e+00   1.595e-01   1.497e-02   1.685e-02  1.0000         729  [    1      8         60        100 ]
           1       31417      34.528   0.000e+00   0.000e+00   1.610e-01   1.497e-02   1.685e-02  1.0000         729  [    0     58         30        100 ]
           1       32019      35.669   0.000e+00   0.000e+00   1.578e-01   1.497e-02   1.685e-02  1.0000         735  [    0     59         30        101 ]
           1       32609      36.830   0.000e+00   0.000e+00   1.591e-01   1.497e-02   1.685e-02  1.0000         740  [    0     60         30        101 ]
           1       33215      38.141   0.000e+00   0.000e+00   1.577e-01   1.497e-02   1.685e-02  1.0000         746  [    0     61         30        101 ]
           1       33806      39.530   0.000e+00   0.000e+00   1.527e-01   1.497e-02   1.685e-02  1.0000         756  [    0     62         30        102 ]
           1       34407      40.852   0.000e+00   0.000e+00   1.516e-01   1.497e-02   1.685e-02  1.0000         756  [    0     63         30        103 ]
           1       35006      42.106   0.000e+00   0.000e+00   1.503e-01   1.497e-02   1.685e-02  1.0000         763  [    0     64         30        103 ]
           2       36732      43.350   0.000e+00   0.000e+00   1.398e-01   1.455e-02   1.573e-02  1.0000         747  [    2      1        120        118 ]
           2       37444      44.625   0.000e+00   0.000e+00   1.452e-01   1.455e-02   1.572e-02  1.0000         704  [    1      9         60        103 ]
           2       38216      45.856   0.000e+00   0.000e+00   1.472e-01   1.455e-02   1.540e-02  1.0000         741  [    2      2        120         98 ]
           2       38829      47.146   0.000e+00   0.000e+00   1.515e-01   1.455e-02   1.540e-02  1.0000         761  [    1     10         60         99 ]
           2       39455      48.474   0.000e+00   0.000e+00   2.595e-01   1.455e-02   1.540e-02  1.0000         769  [    1     11         60         99 ]
           2       40097      49.714   0.000e+00   0.000e+00   1.578e-01   1.455e-02   1.543e-02  1.0000         778  [    1     12         60        102 ]
           2       40755      51.185   0.000e+00   0.000e+00   2.698e-01   1.455e-02   1.533e-02  1.0000         795  [    1     13         60        101 ]
           2       41390      52.609   0.000e+00   0.000e+00   2.557e-01   1.390e-02   1.625e-02  1.0000         795  [    1     14         60        100 ]
           2       42039      53.948   0.000e+00   0.000e+00   1.745e-01   1.311e-02   1.569e-02  1.0000         808  [    1     15         60        101 ]
           2       42688      55.331   0.000e+00   0.000e+00   1.737e-01   1.311e-02   1.538e-02  1.0000         814  [    1     16         60        104 ]
           2       43337      56.797   0.000e+00   0.000e+00   1.753e-01   1.293e-02   1.512e-02  1.0000         816  [    1     17         60        103 ]
           2       44100      58.017   0.000e+00   0.000e+00   1.680e-01   1.293e-02   1.517e-02  1.0000         818  [    2      3        120        103 ]
           2       44762      59.116   0.000e+00   0.000e+00   1.682e-01   1.284e-02   1.506e-02  1.0000         829  [    1     18         60        103 ]
           2       45420      60.476   0.000e+00   0.000e+00   1.767e-01   1.276e-02   1.474e-02  1.0000         843  [    1     19         60        103 ]
           2       46088      61.941   0.000e+00   0.000e+00   2.896e-01   1.241e-02   1.471e-02  1.0000         856  [    1     20         60        100 ]
           2       46740      63.398   0.000e+00   0.000e+00   1.783e-01   1.241e-02   1.473e-02  1.0000         870  [    1     21         60        100 ]
           2       47390      65.010   0.000e+00   0.000e+00   2.770e-01   1.241e-02   1.469e-02  1.0000         874  [    1     22         60         99 ]
           2       48028      66.668   0.000e+00   0.000e+00   1.886e-01   1.241e-02   1.470e-02  1.0000         878  [    1     23         60         96 ]
           2       48651      68.278   0.000e+00   0.000e+00   1.872e-01   1.241e-02   1.459e-02  1.0000         889  [    1     24         60         95 ]
           2       49258      69.732   0.000e+00   0.000e+00   1.887e-01   1.118e-02   1.433e-02  1.0000         900  [    1     25         60         95 ]
           2       49976      71.484   0.000e+00   0.000e+00   2.814e-01   1.113e-02   1.410e-02  1.0000         918  [    2      4        120         94 ]
           2       50595      73.082   0.000e+00   0.000e+00   1.859e-01   1.113e-02   1.410e-02  1.0000         934  [    1     26         60         96 ]
           2       51237      74.309   0.000e+00   0.000e+00   3.037e-01   1.113e-02   1.404e-02  1.0000         941  [    1     27         60         94 ]
           2       51833      75.965   0.000e+00   0.000e+00   1.946e-01   1.113e-02   1.404e-02  1.0000         938  [    1     28         60         93 ]
           2       52431      77.757   0.000e+00   0.000e+00   2.908e-01   1.113e-02   1.404e-02  1.0000         948  [    1     29         60         95 ]
           2       53042      79.576   0.000e+00   0.000e+00   1.981e-01   1.113e-02   1.362e-02  1.0000         961  [    1     30         60         94 ]
           2       53639      81.253   0.000e+00   0.000e+00   1.998e-01   1.113e-02   1.379e-02  1.0000         966  [    1     31         60         94 ]
           2       54237      82.881   0.000e+00   0.000e+00   2.017e-01   1.113e-02   1.405e-02  1.0000         968  [    1     32         60         93 ]
           2       54838      84.625   0.000e+00   0.000e+00   3.043e-01   1.113e-02   1.405e-02  1.0000         981  [    1     33         60         93 ]
           2       55591      86.296   0.000e+00   0.000e+00   2.000e-01   1.113e-02   1.405e-02  1.0000        1002  [    2      5        120         93 ]
           2       56207      88.038   0.000e+00   0.000e+00   2.021e-01   1.113e-02   1.405e-02  1.0000        1006  [    1     34         60         91 ]
           2       56806      89.551   0.000e+00   0.000e+00   2.043e-01   1.113e-02   1.405e-02  1.0000         997  [    1     35         60         92 ]
           2       57418      91.310   0.000e+00   0.000e+00   2.042e-01   1.113e-02   1.405e-02  1.0000        1000  [    1     36         60         93 ]
           2       58034      93.039   0.000e+00   0.000e+00   2.043e-01   1.113e-02   1.405e-02  1.0000         999  [    1     37         60         94 ]
           2       58647      94.578   0.000e+00   0.000e+00   2.036e-01   1.113e-02   1.351e-02  1.0000        1006  [    1     38         60         95 ]
           2       59262      95.944   0.000e+00   0.000e+00   2.073e-01   1.113e-02   1.328e-02  1.0000        1008  [    1     39         60         94 ]
           2       59880      98.041   0.000e+00   0.000e+00   2.030e-01   1.113e-02   1.328e-02  1.0000        1014  [    1     40         60         94 ]
           2       60493      99.990   0.000e+00   0.000e+00   3.129e-01   1.095e-02   1.318e-02  1.0000        1020  [    1     41         60         94 ]
           2       61241     101.479   0.000e+00   0.000e+00   1.966e-01   1.095e-02   1.337e-02  1.0000        1032  [    2      6        120         94 ]
           2       61867     103.095   0.000e+00   0.000e+00   1.989e-01   1.095e-02   1.328e-02  1.0000        1035  [    1     42         60         93 ]
           2       62490     104.903   0.000e+00   0.000e+00   1.977e-01   1.095e-02   1.328e-02  1.0000        1040  [    1     43         60         93 ]
           2       63122     106.839   0.000e+00   0.000e+00   3.047e-01   1.095e-02   1.328e-02  1.0000        1051  [    1     44         60         92 ]
           2       63739     108.579   0.000e+00   0.000e+00   1.947e-01   1.095e-02   1.328e-02  1.0000        1059  [    1     45         60         92 ]
           2       64349     110.283   0.000e+00   0.000e+00   1.923e-01   1.076e-02   1.313e-02  1.0000        1060  [    1     46         60         91 ]
           2       64955     112.113   0.000e+00   0.000e+00   1.921e-01   1.076e-02   1.306e-02  1.0000        1081  [    1     47         60         92 ]
           2       65571     114.273   0.000e+00   0.000e+00   3.021e-01   1.064e-02   1.258e-02  1.0000        1089  [    1     48         60         92 ]
           2       66182     116.153   0.000e+00   0.000e+00   1.925e-01   1.064e-02   1.258e-02  1.0000        1098  [    1     49         60         90 ]
           2       66903     117.956   0.000e+00   0.000e+00   2.986e-01   1.064e-02   1.258e-02  1.0000        1108  [    2      7        120         93 ]
           2       67515     120.068   0.000e+00   0.000e+00   2.979e-01   1.058e-02   1.238e-02  1.0000        1117  [    1     50         60         92 ]
           2       68128     122.108   0.000e+00   0.000e+00   1.862e-01   1.058e-02   1.230e-02  1.0000        1125  [    1     51         60         89 ]
           2       68730     123.986   0.000e+00   0.000e+00   1.902e-01   1.058e-02   1.160e-02  1.0000        1122  [    1     52         60         86 ]
           2       69306     126.219   0.000e+00   0.000e+00   2.999e-01   1.033e-02   1.090e-02  1.0000        1127  [    1     53         60         85 ]
           2       69899     128.220   0.000e+00   0.000e+00   1.973e-01   1.017e-02   1.079e-02  1.0000        1133  [    1     54         60         85 ]
           2       70499     130.334   0.000e+00   0.000e+00   1.954e-01   1.017e-02   1.075e-02  1.0000        1139  [    1     55         60         85 ]
           2       71069     132.342   0.000e+00   0.000e+00   3.050e-01   1.017e-02   1.069e-02  1.0000        1150  [    1     56         60         85 ]
           2       71644     133.980   0.000e+00   0.000e+00   2.882e-01   1.017e-02   1.069e-02  1.0000        1165  [    1     57         60         86 ]
           2       72336     135.820   0.000e+00   0.000e+00   1.929e-01   1.017e-02   1.068e-02  1.0000        1185  [    2      8        120         88 ]
           2       72952     137.928   0.000e+00   0.000e+00   2.861e-01   1.017e-02   1.068e-02  1.0000        1196  [    1     58         60         88 ]
           2       73545     139.903   0.000e+00   0.000e+00   2.417e-01   1.017e-02   1.068e-02  1.0000        1201  [    1     59         60         88 ]
           2       74140     142.305   0.000e+00   0.000e+00   1.988e-01   1.005e-02   1.057e-02  1.0000        1211  [    1     60         60         87 ]
           2       74719     144.284   0.000e+00   0.000e+00   2.442e-01   1.005e-02   1.057e-02  1.0000        1212  [    1     61         60         87 ]
           2       75288     146.184   0.000e+00   0.000e+00   3.133e-01   1.005e-02   1.057e-02  1.0000        1213  [    1     62         60         85 ]
           2       75872     148.270   0.000e+00   0.000e+00   3.128e-01   1.005e-02   1.057e-02  1.0000        1223  [    1     63         60         85 ]
           2       76448     150.339   0.000e+00   0.000e+00   3.130e-01   1.001e-02   1.034e-02  1.0000        1231  [    1     64         60         85 ]
           3       79021     152.394   0.000e+00   0.000e+00   1.779e-01   1.056e-02   1.450e-02  1.0000         738  [    3      1        240         93 ]
           3       79775     153.658   0.000e+00   0.000e+00   2.008e-01   1.099e-02   1.471e-02  1.0000         690  [    2      9        120         90 ]
           3       80725     154.743   0.000e+00   0.000e+00   3.071e-01   9.538e-03   1.424e-02  1.0000         760  [    3      2        240         86 ]
           3       81427     155.946   0.000e+00   0.000e+00   1.951e-01   9.538e-03   1.424e-02  1.0000         773  [    2     10        120         87 ]
           3       82125     157.306   0.000e+00   0.000e+00   1.931e-01   9.308e-03   1.376e-02  1.0000         786  [    2     11        120         89 ]
           3       82840     158.554   0.000e+00   0.000e+00   1.931e-01   9.308e-03   1.387e-02  1.0000         810  [    2     12        120         90 ]
           3       83566     159.971   0.000e+00   0.000e+00   1.917e-01   9.308e-03   1.370e-02  1.0000         840  [    2     13        120         89 ]
           3       84272     161.453   0.000e+00   0.000e+00   1.918e-01   9.308e-03   1.370e-02  1.0000         845  [    2     14        120         89 ]
           3       84980     163.038   0.000e+00   0.000e+00   2.361e-01   9.308e-03   1.339e-02  1.0000         869  [    2     15        120         88 ]
           3       85678     164.595   0.000e+00   0.000e+00   2.772e-01   9.185e-03   1.333e-02  1.0000         887  [    2     16        120         86 ]
           3       86383     166.253   0.000e+00   0.000e+00   2.749e-01   9.185e-03   1.333e-02  1.0000         909  [    2     17        120         86 ]
           3       87336     167.525   0.000e+00   0.000e+00   2.911e-01   9.185e-03   1.333e-02  1.0000         967  [    3      3        240         86 ]
           3       88036     169.129   0.000e+00   0.000e+00   2.250e-01   9.185e-03   1.333e-02  1.0000         974  [    2     18        120         85 ]
           3       88733     170.801   0.000e+00   0.000e+00   2.273e-01   9.059e-03   1.313e-02  1.0000         983  [    2     19        120         86 ]
           3       89432     172.394   0.000e+00   0.000e+00   1.785e-01   9.059e-03   1.311e-02  1.0000         998  [    2     20        120         86 ]
           3       90135     173.980   0.000e+00   0.000e+00   2.912e-01   8.858e-03   1.258e-02  1.0000         995  [    2     21        120         86 ]
           3       90865     175.644   0.000e+00   0.000e+00   1.927e-01   8.858e-03   1.260e-02  1.0000        1005  [    2     22        120         85 ]
           3       91562     177.488   0.000e+00   0.000e+00   2.855e-01   8.858e-03   1.271e-02  1.0000        1026  [    2     23        120         87 ]
           3       92248     179.176   0.000e+00   0.000e+00   1.915e-01   8.858e-03   1.271e-02  1.0000        1042  [    2     24        120         87 ]
           3       92963     181.114   0.000e+00   0.000e+00   1.914e-01   8.858e-03   1.226e-02  1.0000        1049  [    2     25        120         87 ]
           3       93900     183.254   0.000e+00   0.000e+00   1.882e-01   8.858e-03   1.243e-02  1.0000        1079  [    3      4        240         85 ]
           3       94570     185.192   0.000e+00   0.000e+00   1.897e-01   8.547e-03   1.220e-02  1.0000        1095  [    2     26        120         84 ]
           3       95255     187.255   0.000e+00   0.000e+00   2.984e-01   8.547e-03   1.202e-02  1.0000        1106  [    2     27        120         85 ]
           3       95937     189.477   0.000e+00   0.000e+00   3.026e-01   8.479e-03   1.197e-02  1.0000        1105  [    2     28        120         84 ]
           3       96630     191.595   0.000e+00   0.000e+00   1.945e-01   8.479e-03   1.197e-02  1.0000        1118  [    2     29        120         83 ]
           3       97320     193.780   0.000e+00   0.000e+00   2.464e-01   8.317e-03   1.197e-02  1.0000        1133  [    2     30        120         81 ]
           3       98006     195.887   0.000e+00   0.000e+00   2.974e-01   8.225e-03   1.171e-02  1.0000        1152  [    2     31        120         82 ]
           3       98687     198.049   0.000e+00   0.000e+00   2.541e-01   7.843e-03   1.136e-02  1.0000        1174  [    2     32        120         83 ]
           3       99375     200.165   0.000e+00   0.000e+00   3.004e-01   7.843e-03   1.127e-02  1.0000        1185  [    2     33        120         81 ]
           4      100294     202.593   0.000e+00   0.000e+00   3.150e-01   7.843e-03   1.126e-02  1.0000        1191  [    3      5        240         76 ]
