# Generation  Evaluations  Time (s)  Best_obj[0]  Best_obj[1]  Hypervol.   IGD         IGDX        SR    Appr.set  [ Pop.index  Subgen.  Pop.size  Subpops ]
           0         111       2.234   1.780e-02   3.007e-01   3.229e-01   3.725e-01   1.461e-01  0.0000          25  [    0      1         30         11 ]
           0         226       2.276   0.000e+00   3.007e-01   3.649e-01   1.939e-01   1.616e-01  0.0000          31  [    0      2         30         13 ]
           0         357       2.316   0.000e+00   3.007e-01   2.117e-01   1.355e-01   1.265e-01  0.0000          34  [    0      3         30         19 ]
           0         507       2.350   0.000e+00   3.007e-01   1.952e-01   1.269e-01   1.193e-01  0.0000          45  [    0      4         30         19 ]
           0         669       2.416   0.000e+00   0.000e+00   1.928e-01   1.076e-01   1.158e-01  0.0000          52  [    0      5         30         21 ]
           0         823       2.493   0.000e+00   0.000e+00   2.568e-01   1.075e-01   1.022e-01  0.0000          63  [    0      6         30         23 ]
           0         985       2.588   0.000e+00   0.000e+00   1.220e-01   1.075e-01   9.059e-02  0.0000          76  [    0      7         30         27 ]
           0        1177       2.700   0.000e+00   0.000e+00   2.270e-01   1.075e-01   9.059e-02  0.0000          85  [    0      8         30         32 ]
           1        1626       2.824   0.000e+00   0.000e+00   1.374e-01   9.997e-02   7.238e-02  0.0000         163  [    1      1         60         57 ]
           1        1967       3.008   0.000e+00   0.000e+00   1.231e-01   9.092e-02   6.887e-02  0.0000         176  [    0      9         30         63 ]
           1        2406       3.152   0.000e+00   0.000e+00   1.145e-01   9.092e-02   6.257e-02  0.0000         209  [    1      2         60         68 ]
           1        2806       3.329   0.000e+00   0.000e+00   1.114e-01   9.092e-02   6.089e-02  0.0000         218  [    0     10         30         71 ]
           1        3212       3.534   0.000e+00   0.000e+00   2.389e-01   8.607e-02   5.932e-02  0.0000         231  [    0     11         30         72 ]
           1        3630       3.731   0.000e+00   0.000e+00   2.432e-01   8.605e-02   5.932e-02  0.0000         237  [    0     12         30         72 ]
           1        4040       3.929   0.000e+00   0.000e+00   1.313e-01   8.131e-02   5.687e-02  0.0000         242  [    0     13         30         71 ]
           1        4461       4.267   0.000e+00   0.000e+00   1.675e-01   8.129e-02   5.314e-02  0.5000         253  [    0     14         30         72 ]
           1        4880       4.516   0.000e+00   0.000e+00   1.290e-01   8.078e-02   5.295e-02  0.5000         266  [    0     15         30         72 ]
           1        5313       4.771   0.000e+00   0.000e+00   1.378e-01   8.007e-02   5.207e-02  0.5000         272  [    0     16         30         73 ]
           1        5748       5.030   0.000e+00   0.000e+00   1.016e-01   8.007e-02   5.031e-02  0.5000         286  [    0     17         30         74 ]
           1        6258       5.322   0.000e+00   0.000e+00   2.111e-01   7.971e-02   5.020e-02  0.5000         307  [    1      3         60         78 ]
           1        6713       5.532   0.000e+00   0.000e+00   2.124e-01   7.971e-02   5.001e-02  0.5000         317  [    0     18         30         81 ]
           1        7168       5.826   0.000e+00   0.000e+00   1.519e-01   6.711e-02   4.723e-02  0.5000         331  [    0     19         30         84 ]
           1        7653       6.086   0.000e+00   0.000e+00   1.411e-01   5.634e-02   3.978e-02  1.0000         336  [    0     20         30         82 ]
           1        8118       6.316   0.000e+00   0.000e+00   1.706e-01   5.319e-02   4.041e-02  1.0000         341  [    0     21         30         82 ]
           1        8596       6.582   0.000e+00   0.000e+00   1.640e-01   5.319e-02   4.601e-02  0.5000         341  [    0     22         30         84 ]
           1        9078       6.859   0.000e+00   0.000e+00   1.737e-01   4.968e-02   4.686e-02  0.5000         343  [    0     23         30         83 ]
           1        9534       7.101   0.000e+00   0.000e+00   1.738e-01   4.967e-02   4.582e-02  0.5000         355  [    0     24         30         83 ]
           1        9998       7.415   0.000e+00   0.000e+00   1.700e-01   4.967e-02   4.534e-02  0.5000         364  [    0     25         30         86 ]
           1       10544       7.717   0.000e+00   0.000e+00   1.880e-01   4.967e-02   4.563e-02  0.5000         385  [    1      4         60         87 ]
           1       11039       8.012   0.000e+00   0.000e+00   1.637e-01   4.931e-02   4.246e-02  0.5000         390  [    0     26         30         88 ]
           1       11546       8.403   0.000e+00   0.000e+00   2.240e-01   4.931e-02   4.246e-02  0.5000         395  [    0     27         30         89 ]
           1       12060       8.736   0.000e+00   0.000e+00   1.586e-01   4.931e-02   4.368e-02  0.5000         402  [    0     28         30         89 ]
           1       12573       9.144   0.000e+00   0.000e+00   1.688e-01   4.749e-02   4.449e-02  0.5000         405  [    0     29         30         87 ]
           1       13071       9.490   0.000e+00   0.000e+00   1.700e-01   4.749e-02   4.214e-02  0.5000         415  [    0     30         30         89 ]
           1       13592       9.914   0.000e+00   0.000e+00   2.417e-01   4.735e-02   4.214e-02  0.5000         426  [    0     31         30         89 ]
           1       14118      10.285   0.000e+00   0.000e+00   2.345e-01   4.735e-02   4.252e-02  0.5000         437  [    0     32         30         89 ]
           1       14640      10.739   0.000e+00   0.000e+00   2.445e-01   4.580e-02   4.356e-02  0.5000         446  [    0     33         30         87 ]
           1       15211      11.116   0.000e+00   0.000e+00   2.841e-01   4.580e-02   4.333e-02  0.5000         457  [    1      5         60         85 ]
           1       15726      11.596   0.000e+00   0.000e+00   2.748e-01   4.580e-02   4.336e-02  0.5000         464  [    0     34         30         85 ]
           1       16233      12.039   0.000e+00   0.000e+00   2.101e-01   4.580e-02   4.336e-02  0.5000         470  [    0     35         30         84 ]
           1       16741      12.406   0.000e+00   0.000e+00   2.132e-01   4.580e-02   4.249e-02  0.5000         478  [    0     36         30         84 ]
           1       17266      12.828   0.000e+00   0.000e+00   1.517e-01   4.580e-02   3.887e-02  1.0000         481  [    0     37         30         85 ]
           1       17767      13.301   0.000e+00   0.000e+00   1.533e-01   4.580e-02   3.883e-02  1.0000         489  [    0     38         30         85 ]
           1       18286      13.777   0.000e+00   0.000e+00   2.586e-01   4.580e-02   3.395e-02  1.0000         486  [    0     39         30         84 ]
           1       18806      14.261   0.000e+00   0.000e+00   2.584e-01   4.580e-02   3.296e-02  1.0000         499  [    0     40         30         86 ]
           1       19321      14.648   0.000e+00   0.000e+00   1.639e-01   4.066e-02   3.266e-02  1.0000         509  [    0     41         30         85 ]
           1       19909      15.045   0.000e+00   0.000e+00   1.617e-01   4.066e-02   3.299e-02  1.0000         531  [    1      6         60         86 ]
           1       20425      15.554   0.000e+00   0.000e+00   1.619e-01   4.066e-02   3.318e-02  1.0000         542  [    0     42         30         85 ]
           1       20941      16.023   0.000e+00   0.000e+00   1.613e-01   4.066e-02   3.315e-02  1.0000         550  [    0     43         30         86 ]
           1       21458      16.438   0.000e+00   0.000e+00   2.697e-01   4.066e-02   3.313e-02  1.0000         561  [    0     44         30         86 ]
           1       21976      16.866   0.000e+00   0.000e+00   1.622e-01   4.045e-02   3.220e-02  1.0000         568  [    0     45         30         87 ]
           1       22505      17.294   0.000e+00   0.000e+00   1.592e-01   4.045e-02   3.082e-02  1.0000         573  [    0     46         30         88 ]
           1       23037      17.824   0.000e+00   0.000e+00   1.589e-01   4.045e-02   3.074e-02  1.0000         574  [    0     47         30         88 ]
           1       23555      18.388   0.000e+00   0.000e+00   1.510e-01   4.045e-02   3.074e-02  1.0000         588  [    0     48         30         88 ]
           1       24082      18.938   0.000e+00   0.000e+00   1.580e-01   4.045e-02   3.077e-02  1.0000         593  [    0     49         30         87 ]
           1       24666      19.385   0.000e+00   0.000e+00   1.657e-01   4.045e-02   3.032e-02  1.0000         608  [    1      7         60         86 ]
           1       25196      20.017   0.000e+00   0.000e+00   1.687e-01   3.901e-02   2.967e-02  1.0000         610  [    0     50         30         86 ]
           1       25721      20.458   0.000e+00   0.000e+00   1.706e-01   3.871e-02   2.775e-02  1.0000         620  [    0     51         30         84 ]
           1       26232      21.066   0.000e+00   0.000e+00   1.707e-01   3.871e-02   2.760e-02  1.0000         628  [    0     52         30         85 ]
           1       26750      21.728   0.000e+00   0.000e+00   1.707e-01   3.871e-02   2.760e-02  1.0000         632  [    0     53         30         85 ]
           1       27278      22.219   0.000e+00   0.000e+00   1.850e-01   3.345e-02   2.632e-02  1.0000         635  [    0     54         30         84 ]
           1       27784      22.666   0.000e+00   0.000e+00   1.807e-01   2.870e-02   2.654e-02  1.0000         631  [    0     55         30         82 ]
           1       28306      23.112   0.000e+00   0.000e+00   2.907e-01   2.870e-02   2.654e-02  1.0000         633  [    0     56         30         82 ]
           1       28835      23.650   0.000e+00   0.000e+00   2.891e-01   2.870e-02   2.619e-02  1.0000         641  [    0     57         30         82 ]
           1       29403      24.146   0.000e+00   0.000e+00   1.717e-01   2.870e-02   2.556e-02  1.0000         654  [    1      8         60         84 ]
           1       29921      24.708   0.000e+00   0.000e+00   2.778e-01   2.870e-02   2.556e-02  1.0000         658  [    0     58         30         84 ]
           1       30433      25.241   0.000e+00   0.000e+00   1.680e-01   2.870e-02   2.556e-02  1.0000         664  [    0     59         30         84 ]
           1       30969      25.966   0.000e+00   0.000e+00   1.690e-01   2.870e-02   2.548e-02  1.0000         669  [    0     60         30         82 ]
           1       31481      26.666   0.000e+00   0.000e+00   1.682e-01   2.870e-02   2.536e-02  1.0000         676  [    0     61         30         83 ]
           1       32007      27.280   0.000e+00   0.000e+00   1.646e-01   2.754e-02   2.530e-02  1.0000         682  [    0     62         30         82 ]
           1       32512      27.995   0.000e+00   0.000e+00   1.644e-01   2.245e-02   2.393e-02  1.0000         686  [    0     63         30         81 ]
           1       33016      28.550   0.000e+00   0.000e+00   2.715e-01   2.245e-02   2.393e-02  1.0000         687  [    0     64         30         81 ]
           2       34568      29.115   0.000e+00   0.000e+00   1.652e-01   1.459e-02   1.871e-02  1.0000        1213  [    2      1        120         99 ]
           2       35171      30.109   0.000e+00   0.000e+00   1.679e-01   1.459e-02   1.871e-02  1.0000        1210  [    0     65         30         95 ]
           2       35835      31.083   0.000e+00   0.000e+00   1.689e-01   1.459e-02   1.871e-02  1.0000        1221  [    1      9         60         97 ]
           2       36623      32.053   0.000e+00   0.000e+00   2.792e-01   1.459e-02   1.871e-02  1.0000        1243  [    2      2        120         98 ]
           2       37240      33.041   0.000e+00   0.000e+00   1.692e-01   1.459e-02   1.871e-02  1.0000        1238  [    0     66         30         98 ]
           2       37831      34.097   0.000e+00   0.000e+00   2.778e-01   1.459e-02   1.871e-02  1.0000        1233  [    0     67         30         98 ]
           2       38439      35.123   0.000e+00   0.000e+00   1.700e-01   1.459e-02   1.871e-02  1.0000        1239  [    0     68         30         97 ]
           2       39039      36.517   0.000e+00   0.000e+00   1.674e-01   1.459e-02   1.871e-02  1.0000        1244  [    0     69         30         97 ]
           2       39660      37.784   0.000e+00   0.000e+00   1.803e-01   1.866e-02   2.010e-02  1.0000         755  [    0     70         30         97 ]
           2       40210      38.487   0.000e+00   0.000e+00   1.911e-01   1.866e-02   2.009e-02  1.0000         743  [    0     71         30         97 ]
           2       40760      39.383   0.000e+00   0.000e+00   1.995e-01   1.866e-02   2.009e-02  1.0000         743  [    0     72         30         97 ]
           2       41344      40.020   0.000e+00   0.000e+00   3.034e-01   1.863e-02   2.009e-02  1.0000         748  [    0     73         30         98 ]
           2       41973      40.764   0.000e+00   0.000e+00   1.911e-01   1.863e-02   2.009e-02  1.0000         754  [    1     10         60         99 ]
           2       42542      41.570   0.000e+00   0.000e+00   2.955e-01   1.863e-02   2.009e-02  1.0000         757  [    0     74         30         99 ]
           2       43092      42.146   0.000e+00   0.000e+00   1.867e-01   1.863e-02   2.009e-02  1.0000         756  [    0     75         30         97 ]
           2       43649      42.716   0.000e+00   0.000e+00   1.865e-01   1.863e-02   2.009e-02  1.0000         760  [    0     76         30         97 ]
           2       44214      43.311   0.000e+00   0.000e+00   1.865e-01   1.863e-02   2.009e-02  1.0000         759  [    0     77         30         96 ]
           2       44770      43.938   0.000e+00   0.000e+00   1.864e-01   1.863e-02   2.009e-02  1.0000         757  [    0     78         30         96 ]
           2       45326      44.491   0.000e+00   0.000e+00   1.805e-01   1.863e-02   2.009e-02  1.0000         765  [    0     79         30         96 ]
           2       45889      45.051   0.000e+00   0.000e+00   1.825e-01   1.863e-02   2.009e-02  1.0000         766  [    0     80         30         96 ]
           2       46446      45.631   0.000e+00   0.000e+00   1.826e-01   1.863e-02   1.981e-02  1.0000         766  [    0     81         30         96 ]
           2       47064      46.242   0.000e+00   0.000e+00   1.924e-01   1.863e-02   1.981e-02  1.0000         777  [    1     11         60         94 ]
           2       47626      46.863   0.000e+00   0.000e+00   1.926e-01   1.863e-02   1.883e-02  1.0000         776  [    0     82         30         94 ]
           2       48200      47.445   0.000e+00   0.000e+00   1.919e-01   1.863e-02   1.948e-02  1.0000         782  [    0     83         30         93 ]
           2       48734      48.122   0.000e+00   0.000e+00   3.025e-01   1.863e-02   1.954e-02  1.0000         792  [    0     84         30         92 ]
           2       49276      48.739   0.000e+00   0.000e+00   1.897e-01   1.863e-02   1.953e-02  1.0000         800  [    0     85         30         92 ]
           2       49812      49.401   0.000e+00   0.000e+00   3.012e-01   1.863e-02   1.953e-02  1.0000         803  [    0     86         30         92 ]
           2       50375      50.063   0.000e+00   0.000e+00   1.928e-01   1.863e-02   1.953e-02  1.0000         805  [    0     87         30         91 ]
           2       50913      50.731   0.000e+00   0.000e+00   1.950e-01   1.863e-02   1.957e-02  1.0000         806  [    0     88         30         91 ]
           2       51455      51.480   0.000e+00   0.000e+00   1.888e-01   1.863e-02   1.957e-02  1.0000         806  [    0     89         30         91 ]
           2       52066      52.291   0.000e+00   0.000e+00   1.929e-01   1.834e-02   1.882e-02  1.0000         810  [    1     12         60         91 ]
           2       52606      53.118   0.000e+00   0.000e+00   1.867e-01   1.834e-02   1.882e-02  1.0000         812  [    0     90         30         91 ]
           2       53157      53.949   0.000e+00   0.000e+00   1.874e-01   1.834e-02   1.882e-02  1.0000         813  [    0     91         30         92 ]
           2       53707      54.724   0.000e+00   0.000e+00   1.877e-01   1.834e-02   1.882e-02  1.0000         820  [    0     92         30         92 ]
           2       54248      55.386   0.000e+00   0.000e+00   1.912e-01   1.834e-02   1.882e-02  1.0000         822  [    0     93         30         90 ]
           2       54781      56.129   0.000e+00   0.000e+00   3.012e-01   1.834e-02   1.882e-02  1.0000         822  [    0     94         30         90 ]
           2       55299      56.802   0.000e+00   0.000e+00   1.896e-01   1.834e-02   1.858e-02  1.0000         828  [    0     95         30         90 ]
           2       55831      57.495   0.000e+00   0.000e+00   1.863e-01   1.834e-02   1.858e-02  1.0000         831  [    0     96         30         90 ]
           2       56375      58.245   0.000e+00   0.000e+00   2.949e-01   1.773e-02   1.851e-02  1.0000         833  [    0     97         30         90 ]
           2       56969      59.314   0.000e+00   0.000e+00   2.911e-01   1.772e-02   1.816e-02  1.0000         842  [    1     13         60         92 ]
           2       57522      60.259   0.000e+00   0.000e+00   1.891e-01   1.771e-02   1.766e-02  1.0000         845  [    0     98         30         92 ]
           2       58041      61.075   0.000e+00   0.000e+00   1.891e-01   1.771e-02   1.754e-02  1.0000         851  [    0     99         30         92 ]
           2       58607      61.975   0.000e+00   0.000e+00   2.354e-01   1.771e-02   1.754e-02  1.0000         862  [    0    100         30         93 ]
           2       59133      62.752   0.000e+00   0.000e+00   1.882e-01   1.771e-02   1.754e-02  1.0000         863  [    0    101         30         92 ]
           2       59683      63.423   0.000e+00   0.000e+00   1.883e-01   1.771e-02   1.752e-02  1.0000         867  [    0    102         30         93 ]
           2       60259      64.143   0.000e+00   0.000e+00   2.818e-01   1.608e-02   1.683e-02  1.0000         875  [    0    103         30         93 ]
           2       60802      64.785   0.000e+00   0.000e+00   2.349e-01   1.608e-02   1.682e-02  1.0000         875  [    0    104         30         93 ]
           2       61345      65.515   0.000e+00   0.000e+00   2.847e-01   1.608e-02   1.669e-02  1.0000         872  [    0    105         30         91 ]
           2       61952      66.651   0.000e+00   0.000e+00   1.990e-01   1.608e-02   1.682e-02  1.0000         878  [    1     14         60         91 ]
           2       62495      67.920   0.000e+00   0.000e+00   1.980e-01   1.608e-02   1.541e-02  1.0000         881  [    0    106         30         90 ]
           2       63022      69.077   0.000e+00   0.000e+00   1.967e-01   1.608e-02   1.541e-02  1.0000         887  [    0    107         30         90 ]
           2       63553      69.949   0.000e+00   0.000e+00   3.056e-01   1.608e-02   1.539e-02  1.0000         893  [    0    108         30         90 ]
           2       64078      70.730   0.000e+00   0.000e+00   3.136e-01   1.539e-02   1.450e-02  1.0000         893  [    0    109         30         89 ]
           2       64609      71.399   0.000e+00   0.000e+00   2.484e-01   1.539e-02   1.431e-02  1.0000         904  [    0    110         30         90 ]
           2       65136      72.219   0.000e+00   0.000e+00   2.027e-01   1.539e-02   1.431e-02  1.0000         910  [    0    111         30         90 ]
           2       65668      73.118   0.000e+00   0.000e+00   2.032e-01   1.539e-02   1.431e-02  1.0000         911  [    0    112         30         90 ]
           2       66194      74.028   0.000e+00   0.000e+00   2.963e-01   1.539e-02   1.421e-02  1.0000         917  [    0    113         30         91 ]
           2       66788      74.808   0.000e+00   0.000e+00   2.034e-01   1.539e-02   1.421e-02  1.0000         920  [    1     15         60         90 ]
           2       67325      75.581   0.000e+00   0.000e+00   2.526e-01   1.539e-02   1.421e-02  1.0000         923  [    0    114         30         90 ]
           2       67861      76.270   0.000e+00   0.000e+00   3.235e-01   1.539e-02   1.421e-02  1.0000         916  [    0    115         30         89 ]
           2       68394      77.133   0.000e+00   0.000e+00   2.146e-01   1.539e-02   1.435e-02  1.0000         920  [    0    116         30         88 ]
           2       68913      78.033   0.000e+00   0.000e+00   2.151e-01   1.539e-02   1.475e-02  1.0000         909  [    0    117         30         85 ]
           2       69412      78.802   0.000e+00   0.000e+00   2.144e-01   1.539e-02   1.475e-02  1.0000         912  [    0    118         30         86 ]
           2       69918      79.585   0.000e+00   0.000e+00   3.276e-01   1.450e-02   1.316e-02  1.0000         921  [    0    119         30         87 ]
           2       70429      80.682   0.000e+00   0.000e+00   3.276e-01   1.450e-02   1.316e-02  1.0000         921  [    0    120         30         87 ]
           2       70939      81.402   0.000e+00   0.000e+00   2.173e-01   1.451e-02   1.320e-02  1.0000         923  [    0    121         30         87 ]
           2       71519      82.125   0.000e+00   0.000e+00   2.158e-01   1.451e-02   1.416e-02  1.0000         925  [    1     16         60         88 ]
           2       72068      82.801   0.000e+00   0.000e+00   2.610e-01   1.451e-02   1.416e-02  1.0000         927  [    0    122         30         87 ]
           2       72576      83.563   0.000e+00   0.000e+00   2.150e-01   1.451e-02   1.416e-02  1.0000         931  [    0    123         30         86 ]
           2       73071      84.315   0.000e+00   0.000e+00   2.157e-01   1.451e-02   1.416e-02  1.0000         932  [    0    124         30         85 ]
           2       73573      85.035   0.000e+00   0.000e+00   2.157e-01   1.451e-02   1.416e-02  1.0000         933  [    0    125         30         85 ]
           2       74074      85.757   0.000e+00   0.000e+00   2.134e-01   1.447e-02   1.416e-02  1.0000         939  [    0    126         30         84 ]
           2       74607      86.555   0.000e+00   0.000e+00   2.127e-01   1.447e-02   1.416e-02  1.0000         947  [    0    127         30         85 ]
           2       75147      87.457   0.000e+00   0.000e+00   2.127e-01   1.447e-02   1.416e-02  1.0000         945  [    0    128         30         85 ]
           2       75653      88.425   0.000e+00   0.000e+00   2.127e-01   1.447e-02   1.416e-02  1.0000         953  [    0    129         30         85 ]
           2       76232      89.817   0.000e+00   0.000e+00   2.124e-01   1.447e-02   1.416e-02  1.0000         961  [    1     17         60         86 ]
           2       76931      90.799   0.000e+00   0.000e+00   3.177e-01   1.447e-02   1.416e-02  1.0000         980  [    2      3        120         86 ]
           2       77443      91.807   0.000e+00   0.000e+00   3.035e-01   1.447e-02   1.416e-02  1.0000         980  [    0    130         30         84 ]
           2       77957      92.564   0.000e+00   0.000e+00   2.121e-01   1.447e-02   1.407e-02  1.0000         982  [    0    131         30         84 ]
           2       78457      93.728   0.000e+00   0.000e+00   2.121e-01   1.447e-02   1.407e-02  1.0000         984  [    0    132         30         84 ]
           2       78944      94.778   0.000e+00   0.000e+00   3.060e-01   1.447e-02   1.407e-02  1.0000         980  [    0    133         30         83 ]
           2       79445      95.819   0.000e+00   0.000e+00   2.568e-01   1.447e-02   1.407e-02  1.0000         982  [    0    134         30         82 ]
           2       79948      96.621   0.000e+00   0.000e+00   3.048e-01   1.443e-02   1.402e-02  1.0000         987  [    0    135         30         82 ]
           2       80450      97.559   0.000e+00   0.000e+00   2.106e-01   1.443e-02   1.402e-02  1.0000         994  [    0    136         30         83 ]
           2       80954      98.502   0.000e+00   0.000e+00   2.106e-01   1.443e-02   1.403e-02  1.0000        1002  [    0    137         30         83 ]
           2       81505      99.385   0.000e+00   0.000e+00   2.089e-01   1.443e-02   1.403e-02  1.0000        1018  [    1     18         60         83 ]
           2       81998     100.307   0.000e+00   0.000e+00   2.059e-01   1.428e-02   1.401e-02  1.0000        1020  [    0    138         30         83 ]
           2       82497     101.478   0.000e+00   0.000e+00   2.056e-01   1.428e-02   1.401e-02  1.0000        1026  [    0    139         30         84 ]
           2       83000     102.704   0.000e+00   0.000e+00   2.056e-01   1.428e-02   1.401e-02  1.0000        1027  [    0    140         30         84 ]
           2       83501     103.897   0.000e+00   0.000e+00   2.995e-01   1.428e-02   1.401e-02  1.0000        1030  [    0    141         30         84 ]
           2       84024     105.115   0.000e+00   0.000e+00   2.074e-01   1.428e-02   1.401e-02  1.0000        1038  [    0    142         30         84 ]
           2       84541     106.186   0.000e+00   0.000e+00   3.178e-01   1.419e-02   1.394e-02  1.0000        1041  [    0    143         30         83 ]
           2       85052     107.357   0.000e+00   0.000e+00   2.078e-01   1.419e-02   1.394e-02  1.0000        1050  [    0    144         30         83 ]
           2       85549     108.568   0.000e+00   0.000e+00   2.078e-01   1.419e-02   1.394e-02  1.0000        1050  [    0    145         30         83 ]
           2       86104     109.485   0.000e+00   0.000e+00   2.526e-01   1.419e-02   1.364e-02  1.0000        1059  [    1     19         60         84 ]
           2       86616     110.354   0.000e+00   0.000e+00   2.524e-01   1.419e-02   1.364e-02  1.0000        1058  [    0    146         30         84 ]
           2       87125     111.480   0.000e+00   0.000e+00   2.485e-01   1.419e-02   1.364e-02  1.0000        1066  [    0    147         30         85 ]
           2       87642     112.425   0.000e+00   0.000e+00   2.001e-01   1.419e-02   1.364e-02  1.0000        1073  [    0    148         30         86 ]
           2       88145     113.253   0.000e+00   0.000e+00   1.938e-01   1.419e-02   1.364e-02  1.0000        1073  [    0    149         30         86 ]
           2       88656     114.069   0.000e+00   0.000e+00   1.934e-01   1.419e-02   1.359e-02  1.0000        1082  [    0    150         30         85 ]
           2       89181     114.948   0.000e+00   0.000e+00   1.934e-01   1.419e-02   1.318e-02  1.0000        1084  [    0    151         30         86 ]
           2       89699     115.882   0.000e+00   0.000e+00   2.866e-01   1.419e-02   1.318e-02  1.0000        1087  [    0    152         30         86 ]
           2       90221     116.839   0.000e+00   0.000e+00   1.928e-01   1.419e-02   1.318e-02  1.0000        1087  [    0    153         30         86 ]
           2       90818     117.668   0.000e+00   0.000e+00   2.360e-01   1.419e-02   1.314e-02  1.0000        1101  [    1     20         60         86 ]
           2       91335     118.543   0.000e+00   0.000e+00   2.873e-01   1.390e-02   1.180e-02  1.0000        1100  [    0    154         30         86 ]
           2       91862     119.392   0.000e+00   0.000e+00   2.395e-01   1.390e-02   1.197e-02  1.0000        1100  [    0    155         30         86 ]
           2       92387     120.418   0.000e+00   0.000e+00   1.932e-01   1.390e-02   1.211e-02  1.0000        1100  [    0    156         30         85 ]
           2       92902     121.699   0.000e+00   0.000e+00   1.929e-01   1.390e-02   1.211e-02  1.0000        1103  [    0    157         30         85 ]
           2       93423     122.592   0.000e+00   0.000e+00   2.386e-01   1.390e-02   1.211e-02  1.0000        1107  [    0    158         30         85 ]
           2       93929     123.612   0.000e+00   0.000e+00   2.861e-01   1.390e-02   1.211e-02  1.0000        1110  [    0    159         30         85 ]
           2       94452     124.548   0.000e+00   0.000e+00   1.949e-01   1.375e-02   1.234e-02  1.0000        1112  [    0    160         30         85 ]
           2       94954     125.504   0.000e+00   0.000e+00   1.953e-01   1.375e-02   1.234e-02  1.0000        1109  [    0    161         30         85 ]
           2       95519     126.404   0.000e+00   0.000e+00   1.976e-01   1.147e-02   1.241e-02  1.0000        1109  [    1     21         60         85 ]
           2       96035     127.530   0.000e+00   0.000e+00   1.970e-01   1.147e-02   1.189e-02  1.0000        1113  [    0    162         30         86 ]
           2       96555     128.406   0.000e+00   0.000e+00   3.072e-01   1.147e-02   1.189e-02  1.0000        1117  [    0    163         30         86 ]
           2       97061     129.285   0.000e+00   0.000e+00   2.433e-01   1.147e-02   1.189e-02  1.0000        1119  [    0    164         30         86 ]
           2       97582     130.267   0.000e+00   0.000e+00   1.970e-01   1.147e-02   1.183e-02  1.0000        1124  [    0    165         30         86 ]
           2       98107     131.137   0.000e+00   0.000e+00   1.970e-01   1.147e-02   1.183e-02  1.0000        1124  [    0    166         30         86 ]
           2       98618     132.078   0.000e+00   0.000e+00   1.970e-01   1.147e-02   1.183e-02  1.0000        1124  [    0    167         30         86 ]
           2       99131     132.999   0.000e+00   0.000e+00   1.970e-01   1.147e-02   1.183e-02  1.0000        1127  [    0    168         30         85 ]
           2       99654     133.912   0.000e+00   0.000e+00   1.974e-01   1.147e-02   1.114e-02  1.0000        1127  [    0    169         30         86 ]
           3      100235     135.003   0.000e+00   0.000e+00   1.970e-01   1.147e-02   1.114e-02  1.0000        1123  [    2      3        120         86 ]
