# Generation  Evaluations  Time (s)  Best_obj[0]  Best_obj[1]  Best_obj[2]  Hypervol.   IGD         IGDX        SR    Appr.set  [ Pop.index  Subgen.  Pop.size  Subpops ]
           0         214       6.708   1.366e+00   7.517e-01   1.798e+00   0.000e+00   9.573e-01   1.219e+00  0.0000          14  [    0      1         80          4 ]
           0         367       6.752   7.995e-01   7.517e-01   9.130e-01   0.000e+00   4.395e-01   6.618e-01  0.0000          31  [    0      2         80          5 ]
           0         526       6.807   5.060e-01   7.517e-01   5.532e-01   0.000e+00   3.426e-01   5.841e-01  0.0000          48  [    0      3         80          5 ]
           0         673       6.890   5.060e-01   7.517e-01   5.532e-01   0.000e+00   3.269e-01   5.674e-01  0.0000          47  [    0      4         80          4 ]
           0         832       6.971   5.060e-01   3.878e-01   5.105e-01   0.000e+00   2.715e-01   4.926e-01  0.0000          56  [    0      5         80          4 ]
           0         990       7.069   3.966e-01   3.878e-01   5.105e-01   0.000e+00   2.527e-01   4.678e-01  0.0000          80  [    0      6         80          4 ]
           0        1152       7.204   3.966e-01   2.584e-01   5.105e-01   0.000e+00   1.807e-01   3.867e-01  0.0000          97  [    0      7         80          4 ]
           0        1313       7.368   2.598e-01   2.584e-01   5.105e-01   0.000e+00   1.700e-01   3.681e-01  0.0000         114  [    0      8         80          4 ]
           1        1965       7.567   2.598e-01   2.584e-01   4.899e-01   0.000e+00   1.399e-01   3.320e-01  0.0000         229  [    1      1        160          7 ]
           1        2139       7.808   2.319e-01   2.584e-01   4.899e-01   0.000e+00   1.268e-01   3.273e-01  0.0000         258  [    0      9         80          6 ]
           1        2507       8.263   2.319e-01   2.584e-01   4.899e-01   0.000e+00   1.091e-01   2.850e-01  0.0000         323  [    1      2        160          8 ]
           1        2715       8.750   2.319e-01   2.584e-01   3.550e-01   0.000e+00   9.818e-02   2.623e-01  0.0000         339  [    0     10         80          6 ]
           1        2913       9.289   2.319e-01   2.584e-01   3.550e-01   0.000e+00   9.768e-02   2.516e-01  0.0000         350  [    0     11         80          5 ]
           1        3131       9.741   2.319e-01   2.584e-01   3.550e-01   0.000e+00   9.035e-02   2.477e-01  0.0000         383  [    0     12         80          7 ]
           1        3333      10.255   2.319e-01   2.584e-01   3.550e-01   0.000e+00   8.855e-02   2.400e-01  0.0000         405  [    0     13         80          7 ]
           1        3537      10.969   2.319e-01   2.584e-01   3.550e-01   0.000e+00   8.750e-02   2.381e-01  0.0000         425  [    0     14         80          6 ]
           1        3742      11.505   2.319e-01   2.036e-01   3.434e-01   0.000e+00   8.472e-02   2.367e-01  0.0000         441  [    0     15         80          6 ]
           1        3936      12.181   2.319e-01   2.036e-01   3.434e-01   0.000e+00   8.436e-02   2.343e-01  0.0000         452  [    0     16         80          6 ]
           1        4122      12.746   2.319e-01   2.036e-01   3.434e-01   0.000e+00   8.359e-02   2.341e-01  0.0000         468  [    0     17         80          6 ]
           1        4498      13.363   2.319e-01   2.036e-01   3.434e-01   0.000e+00   7.907e-02   2.215e-01  0.0000         549  [    1      3        160          7 ]
           1        4696      14.392   2.319e-01   2.036e-01   3.434e-01   0.000e+00   7.796e-02   2.208e-01  0.0000         552  [    0     18         80          7 ]
           1        4919      15.427   2.319e-01   2.036e-01   3.434e-01   0.000e+00   7.714e-02   2.203e-01  0.0000         574  [    0     19         80          7 ]
           1        5110      16.451   2.319e-01   2.036e-01   3.434e-01   0.000e+00   7.710e-02   2.198e-01  0.0000         589  [    0     20         80          7 ]
           1        5314      17.288   2.319e-01   2.036e-01   3.434e-01   0.000e+00   7.537e-02   2.150e-01  0.0000         605  [    0     21         80          8 ]
           1        5509      18.241   2.319e-01   2.036e-01   3.434e-01   0.000e+00   7.522e-02   2.149e-01  0.0000         601  [    0     22         80          6 ]
           1        5702      19.245   2.319e-01   2.036e-01   2.809e-01   0.000e+00   7.400e-02   2.126e-01  0.0000         607  [    0     23         80          6 ]
           1        5898      20.133   2.319e-01   2.036e-01   2.809e-01   0.000e+00   7.364e-02   2.109e-01  0.0000         609  [    0     24         80          6 ]
           1        6097      20.964   2.319e-01   2.036e-01   2.809e-01   0.000e+00   7.364e-02   2.103e-01  0.0000         616  [    0     25         80          7 ]
           1        6453      22.097   2.319e-01   2.036e-01   2.809e-01   0.000e+00   7.116e-02   2.023e-01  0.0000         653  [    1      4        160          9 ]
           1        6649      23.290   2.319e-01   2.036e-01   2.809e-01   0.000e+00   7.068e-02   2.009e-01  0.0000         655  [    0     26         80          5 ]
           1        6827      24.404   2.319e-01   2.036e-01   2.809e-01   0.000e+00   7.068e-02   2.005e-01  0.0000         661  [    0     27         80          4 ]
           1        6991      25.505   2.319e-01   2.036e-01   2.809e-01   0.000e+00   6.930e-02   1.970e-01  0.0000         674  [    0     28         80          4 ]
           1        7183      26.532   2.319e-01   2.036e-01   2.467e-01   0.000e+00   6.815e-02   1.934e-01  0.0000         694  [    0     29         80          5 ]
           1        7425      27.708   2.319e-01   2.036e-01   2.467e-01   0.000e+00   6.728e-02   1.913e-01  0.0000         729  [    0     30         80         10 ]
           1        7664      28.802   2.319e-01   2.036e-01   2.467e-01   0.000e+00   6.612e-02   1.869e-01  0.0000         749  [    0     31         80          8 ]
           1        7875      30.065   2.319e-01   2.036e-01   2.467e-01   0.000e+00   6.568e-02   1.852e-01  0.0000         760  [    0     32         80          8 ]
           1        8111      31.488   2.319e-01   2.036e-01   2.467e-01   0.000e+00   6.432e-02   1.842e-01  0.0000         778  [    0     33         80          8 ]
           1        8467      32.683   2.319e-01   2.036e-01   2.467e-01   0.000e+00   6.282e-02   1.818e-01  0.0000         819  [    1      5        160          9 ]
           1        8685      34.090   2.319e-01   2.036e-01   2.467e-01   0.000e+00   6.238e-02   1.810e-01  0.0000         831  [    0     34         80          8 ]
           1        8886      35.308   2.319e-01   2.036e-01   2.467e-01   0.000e+00   6.238e-02   1.810e-01  0.0000         832  [    0     35         80          7 ]
           1        9110      36.468   2.319e-01   2.036e-01   2.467e-01   0.000e+00   6.228e-02   1.809e-01  0.0000         842  [    0     36         80          8 ]
           1        9329      37.611   2.319e-01   2.036e-01   2.467e-01   0.000e+00   6.228e-02   1.809e-01  0.0000         839  [    0     37         80          7 ]
           1        9553      39.192   2.319e-01   2.036e-01   2.467e-01   0.000e+00   6.228e-02   1.809e-01  0.0000         845  [    0     38         80          9 ]
           1        9781      40.863   2.319e-01   2.036e-01   2.467e-01   0.000e+00   6.192e-02   1.809e-01  0.0000         852  [    0     39         80          7 ]
           1        9992      42.191   2.319e-01   2.036e-01   2.467e-01   0.000e+00   6.191e-02   1.809e-01  0.0000         858  [    0     40         80          8 ]
           1       10220      43.566   2.319e-01   2.036e-01   2.467e-01   0.000e+00   6.182e-02   1.808e-01  0.0000         859  [    0     41         80          6 ]
           1       10606      44.951   2.319e-01   2.036e-01   2.467e-01   0.000e+00   5.986e-02   1.772e-01  0.0000         905  [    1      6        160          9 ]
           1       10834      46.670   2.319e-01   2.036e-01   2.467e-01   0.000e+00   5.959e-02   1.770e-01  0.0000         912  [    0     42         80          8 ]
           1       11072      48.177   2.319e-01   2.036e-01   2.467e-01   0.000e+00   5.950e-02   1.770e-01  0.0000         927  [    0     43         80         11 ]
           1       11335      49.927   2.319e-01   2.036e-01   2.467e-01   0.000e+00   5.928e-02   1.770e-01  0.0000         946  [    0     44         80         15 ]
           1       11599      51.458   2.319e-01   2.036e-01   2.467e-01   0.000e+00   5.925e-02   1.770e-01  0.0000         950  [    0     45         80         13 ]
           1       11873      53.141   2.319e-01   2.036e-01   2.467e-01   0.000e+00   5.923e-02   1.770e-01  0.0000         960  [    0     46         80         16 ]
           1       12144      54.590   2.319e-01   2.036e-01   2.467e-01   0.000e+00   5.923e-02   1.769e-01  0.0000         962  [    0     47         80         12 ]
           1       12373      56.213   2.319e-01   2.036e-01   2.467e-01   0.000e+00   5.920e-02   1.769e-01  0.0000         967  [    0     48         80         10 ]
           1       12625      57.489   2.319e-01   2.036e-01   2.467e-01   0.000e+00   5.920e-02   1.769e-01  0.0000         969  [    0     49         80         11 ]
           1       13035      58.875   2.319e-01   2.036e-01   2.467e-01   0.000e+00   5.775e-02   1.740e-01  0.0000        1014  [    1      7        160          8 ]
           1       13260      60.691   2.319e-01   2.036e-01   2.467e-01   0.000e+00   5.775e-02   1.740e-01  0.0000         986  [    0     50         80          9 ]
           1       13495      62.494   2.319e-01   2.036e-01   2.467e-01   0.000e+00   5.775e-02   1.740e-01  0.0000         985  [    0     51         80          6 ]
           1       13722      64.383   2.319e-01   2.036e-01   2.467e-01   0.000e+00   5.775e-02   1.740e-01  0.0000         991  [    0     52         80          9 ]
           1       13942      66.050   2.319e-01   2.036e-01   2.467e-01   0.000e+00   5.775e-02   1.740e-01  0.0000         991  [    0     53         80          9 ]
           1       14170      67.692   2.319e-01   2.036e-01   2.467e-01   0.000e+00   5.775e-02   1.740e-01  0.0000         996  [    0     54         80          9 ]
           1       14403      69.440   2.319e-01   2.036e-01   2.467e-01   0.000e+00   5.775e-02   1.740e-01  0.0000         991  [    0     55         80          8 ]
           1       14611      70.916   2.319e-01   2.036e-01   2.467e-01   0.000e+00   5.775e-02   1.740e-01  0.0000         980  [    0     56         80          6 ]
           1       14813      72.361   2.319e-01   2.036e-01   2.467e-01   0.000e+00   5.775e-02   1.740e-01  0.0000         970  [    0     57         80          5 ]
           1       15180      73.835   2.319e-01   2.036e-01   2.467e-01   0.000e+00   5.612e-02   1.681e-01  0.0000        1011  [    1      8        160          8 ]
           1       15384      75.175   2.319e-01   2.036e-01   2.467e-01   0.000e+00   5.612e-02   1.681e-01  0.0000        1010  [    0     58         80          6 ]
           1       15577      77.210   2.319e-01   2.036e-01   2.467e-01   0.000e+00   5.612e-02   1.681e-01  0.0000        1010  [    0     59         80          5 ]
           1       15757      79.028   2.319e-01   2.036e-01   2.467e-01   0.000e+00   5.612e-02   1.681e-01  0.0000        1013  [    0     60         80          5 ]
           1       15955      80.924   2.319e-01   2.036e-01   2.467e-01   0.000e+00   5.612e-02   1.681e-01  0.0000        1015  [    0     61         80          5 ]
           1       16169      82.694   2.319e-01   2.036e-01   2.467e-01   0.000e+00   5.605e-02   1.677e-01  0.0000        1028  [    0     62         80          5 ]
           1       16376      84.370   2.319e-01   2.036e-01   2.467e-01   0.000e+00   5.594e-02   1.674e-01  0.0000        1025  [    0     63         80          5 ]
           1       16565      85.944   2.319e-01   2.036e-01   2.467e-01   0.000e+00   5.533e-02   1.672e-01  0.0000        1016  [    0     64         80          4 ]
           2       19216      87.851   2.319e-01   2.036e-01   2.334e-01   0.000e+00   4.524e-02   1.585e-01  0.0000        2106  [    2      1        320         10 ]
           2       19601      92.173   2.319e-01   2.036e-01   2.334e-01   0.000e+00   4.446e-02   1.556e-01  0.0000        2101  [    1      9        160          7 ]
           2       20315      96.170   2.319e-01   2.036e-01   2.334e-01   0.000e+00   4.283e-02   1.494e-01  0.0000        2192  [    2      2        320          6 ]
           2       20697     100.722   2.319e-01   2.036e-01   2.334e-01   0.000e+00   4.245e-02   1.488e-01  0.0000        2244  [    1     10        160          6 ]
           2       21120     105.159   2.319e-01   2.036e-01   2.334e-01   0.000e+00   4.231e-02   1.483e-01  0.0000        2293  [    1     11        160          7 ]
           2       21514     109.929   2.319e-01   1.658e-01   2.334e-01   0.000e+00   4.134e-02   1.459e-01  0.0000        2328  [    1     12        160          7 ]
           2       21892     115.427   2.319e-01   1.658e-01   2.334e-01   0.000e+00   4.076e-02   1.435e-01  0.0000        2369  [    1     13        160          5 ]
           2       22276     120.221   2.319e-01   1.658e-01   2.334e-01   0.000e+00   4.034e-02   1.397e-01  0.0000        2400  [    1     14        160          8 ]
           2       22695     125.149   3.424e-02   1.658e-01   2.334e-01   0.000e+00   3.962e-02   1.392e-01  0.0000        2441  [    1     15        160         10 ]
           2       23099     130.614   3.424e-02   1.658e-01   2.334e-01   0.000e+00   3.920e-02   1.387e-01  0.0000        2448  [    1     16        160          7 ]
           2       23464     135.645   3.424e-02   1.658e-01   2.334e-01   0.000e+00   3.880e-02   1.364e-01  0.0000        2482  [    1     17        160          7 ]
           2       24175     140.487   3.424e-02   1.658e-01   2.334e-01   0.000e+00   3.785e-02   1.328e-01  0.0000        2547  [    2      3        320          6 ]
           2       24585     146.095   3.424e-02   1.658e-01   2.334e-01   0.000e+00   3.761e-02   1.313e-01  0.0000        2576  [    1     18        160          8 ]
           2       24960     151.091   3.424e-02   1.658e-01   2.334e-01   0.000e+00   3.728e-02   1.302e-01  0.0000        2608  [    1     19        160          5 ]
           2       25360     155.950   3.424e-02   9.741e-02   2.103e-01   0.000e+00   3.694e-02   1.295e-01  0.0000        2646  [    1     20        160          7 ]
           2       25737     161.784   3.424e-02   9.741e-02   2.103e-01   0.000e+00   3.684e-02   1.294e-01  0.0000        2666  [    1     21        160          6 ]
           2       26113     167.152   3.424e-02   9.741e-02   2.103e-01   0.000e+00   3.673e-02   1.292e-01  0.0000        2704  [    1     22        160          7 ]
           2       26467     172.630   3.424e-02   9.741e-02   1.549e-01   0.000e+00   3.584e-02   1.279e-01  0.0000        2710  [    1     23        160          6 ]
           2       26839     178.566   3.424e-02   9.741e-02   1.549e-01   0.000e+00   3.572e-02   1.268e-01  0.0000        2728  [    1     24        160          4 ]
           2       27201     183.970   3.424e-02   9.741e-02   1.549e-01   0.000e+00   3.562e-02   1.267e-01  0.0000        2760  [    1     25        160          7 ]
           2       27849     191.004   3.424e-02   9.741e-02   1.549e-01   0.000e+00   3.513e-02   1.254e-01  0.0000        2841  [    2      4        320          5 ]
           2       28224     197.275   3.424e-02   9.741e-02   1.549e-01   0.000e+00   3.482e-02   1.247e-01  0.0000        2869  [    1     26        160          7 ]
           2       28627     203.940   3.424e-02   9.741e-02   1.549e-01   0.000e+00   3.447e-02   1.235e-01  0.0000        2904  [    1     27        160         10 ]
           2       29035     209.998   3.424e-02   9.741e-02   1.549e-01   0.000e+00   3.410e-02   1.229e-01  0.0000        2891  [    1     28        160          6 ]
           2       29467     215.989   3.424e-02   9.741e-02   1.549e-01   0.000e+00   3.361e-02   1.206e-01  0.0000        2932  [    1     29        160          8 ]
           2       29860     222.233   3.424e-02   9.741e-02   1.549e-01   0.000e+00   3.321e-02   1.198e-01  0.0000        2960  [    1     30        160          6 ]
           2       30253     228.054   3.424e-02   9.741e-02   1.549e-01   0.000e+00   3.273e-02   1.190e-01  0.0000        2989  [    1     31        160          6 ]
           2       30685     234.116   3.424e-02   9.741e-02   1.549e-01   0.000e+00   3.246e-02   1.177e-01  0.0000        3024  [    1     32        160          9 ]
           2       31125     240.537   3.424e-02   9.741e-02   1.549e-01   0.000e+00   3.237e-02   1.175e-01  0.0000        3056  [    1     33        160         11 ]
           2       31822     247.864   3.424e-02   9.741e-02   1.549e-01   0.000e+00   3.200e-02   1.167e-01  0.0000        3125  [    2      5        320          9 ]
           2       32195     256.943   3.424e-02   9.741e-02   1.549e-01   0.000e+00   3.515e-02   1.225e-01  0.0000        1859  [    1     34        160         10 ]
           2       32608     260.756   3.424e-02   9.741e-02   1.549e-01   0.000e+00   3.511e-02   1.224e-01  0.0000        1858  [    1     35        160         10 ]
           2       33001     264.595   3.424e-02   9.741e-02   1.549e-01   0.000e+00   3.505e-02   1.221e-01  0.0000        1871  [    1     36        160         12 ]
           2       33410     268.799   3.424e-02   9.741e-02   1.549e-01   0.000e+00   3.502e-02   1.221e-01  0.0000        1886  [    1     37        160         13 ]
           2       33817     273.088   3.424e-02   9.741e-02   1.549e-01   0.000e+00   3.494e-02   1.219e-01  0.0000        1890  [    1     38        160         11 ]
           2       34212     277.050   3.424e-02   9.741e-02   1.549e-01   0.000e+00   3.492e-02   1.219e-01  0.0000        1893  [    1     39        160         10 ]
           2       34584     280.802   3.424e-02   9.741e-02   1.549e-01   0.000e+00   3.484e-02   1.216e-01  0.0000        1906  [    1     40        160         10 ]
           2       34988     284.454   3.424e-02   9.741e-02   1.549e-01   0.000e+00   3.484e-02   1.216e-01  0.0000        1915  [    1     41        160         12 ]
           2       35662     288.447   3.424e-02   9.741e-02   1.549e-01   0.000e+00   3.474e-02   1.215e-01  0.0000        1971  [    2      6        320          9 ]
           2       36049     293.007   3.424e-02   9.741e-02   1.549e-01   0.000e+00   3.470e-02   1.215e-01  0.0000        1976  [    1     42        160         10 ]
           2       36442     297.790   3.424e-02   9.741e-02   1.549e-01   0.000e+00   3.470e-02   1.215e-01  0.0000        1989  [    1     43        160          9 ]
           2       36849     302.349   3.424e-02   9.741e-02   1.549e-01   0.000e+00   3.469e-02   1.214e-01  0.0000        1997  [    1     44        160          9 ]
           2       37262     307.021   3.424e-02   9.741e-02   1.549e-01   0.000e+00   3.462e-02   1.214e-01  0.0000        2013  [    1     45        160         10 ]
           2       37687     311.554   3.424e-02   9.741e-02   1.549e-01   0.000e+00   3.455e-02   1.207e-01  0.0000        2014  [    1     46        160         10 ]
           2       38086     316.454   3.424e-02   9.741e-02   1.549e-01   0.000e+00   3.450e-02   1.205e-01  0.0000        2015  [    1     47        160          9 ]
           2       38478     321.208   3.424e-02   9.741e-02   1.549e-01   0.000e+00   3.443e-02   1.202e-01  0.0000        2018  [    1     48        160         10 ]
           2       38868     326.090   3.424e-02   9.741e-02   1.549e-01   0.000e+00   3.438e-02   1.202e-01  0.0000        2033  [    1     49        160          8 ]
           2       39564     330.535   3.424e-02   9.741e-02   1.549e-01   0.000e+00   3.427e-02   1.200e-01  0.0000        2092  [    2      7        320         13 ]
           2       40008     335.818   3.424e-02   9.741e-02   1.549e-01   0.000e+00   3.402e-02   1.186e-01  0.0000        2104  [    1     50        160         10 ]
           2       40418     340.651   3.424e-02   9.741e-02   1.549e-01   0.000e+00   3.384e-02   1.181e-01  0.0000        2128  [    1     51        160          8 ]
           2       40813     345.521   3.424e-02   9.741e-02   1.549e-01   0.000e+00   3.372e-02   1.178e-01  0.0000        2153  [    1     52        160         10 ]
           2       41242     350.939   3.424e-02   9.741e-02   1.549e-01   0.000e+00   3.364e-02   1.176e-01  0.0000        2185  [    1     53        160         11 ]
           2       41657     356.329   3.424e-02   9.741e-02   1.549e-01   0.000e+00   3.348e-02   1.173e-01  0.0000        2196  [    1     54        160         11 ]
           2       42103     361.274   3.424e-02   9.741e-02   1.549e-01   0.000e+00   3.344e-02   1.171e-01  0.0000        2211  [    1     55        160         12 ]
           2       42558     366.342   3.424e-02   9.741e-02   1.549e-01   0.000e+00   3.337e-02   1.170e-01  0.0000        2224  [    1     56        160         11 ]
           2       43020     371.747   3.424e-02   9.741e-02   1.549e-01   0.000e+00   3.326e-02   1.168e-01  0.0000        2238  [    1     57        160         13 ]
           2       43714     377.521   3.424e-02   9.741e-02   1.549e-01   0.000e+00   3.314e-02   1.166e-01  0.0000        2282  [    2      8        320         11 ]
           2       44179     383.130   3.424e-02   9.741e-02   1.549e-01   0.000e+00   3.312e-02   1.166e-01  0.0000        2297  [    1     58        160         13 ]
           2       44648     388.866   3.424e-02   9.741e-02   1.549e-01   0.000e+00   3.297e-02   1.159e-01  0.0000        2305  [    1     59        160         14 ]
           2       45132     394.566   3.424e-02   9.741e-02   1.549e-01   0.000e+00   3.296e-02   1.159e-01  0.0000        2304  [    1     60        160         10 ]
           2       45568     399.797   3.424e-02   9.741e-02   1.549e-01   0.000e+00   3.296e-02   1.159e-01  0.0000        2306  [    1     61        160         10 ]
           2       46003     404.670   3.424e-02   9.741e-02   1.549e-01   0.000e+00   3.296e-02   1.159e-01  0.0000        2303  [    1     62        160         10 ]
           2       46458     410.290   3.424e-02   9.741e-02   1.549e-01   0.000e+00   3.296e-02   1.159e-01  0.0000        2311  [    1     63        160         11 ]
           2       46906     415.765   3.424e-02   9.741e-02   1.549e-01   0.000e+00   3.296e-02   1.159e-01  0.0000        2310  [    1     64        160         11 ]
           3       52539     431.191   3.370e-02   6.641e-02   1.350e-01   0.000e+00   3.315e-02   1.176e-01  0.0000        1918  [    3      1        640         10 ]
           3       53226     435.420   3.370e-02   6.641e-02   1.350e-01   0.000e+00   3.311e-02   1.175e-01  0.0000        1932  [    2      9        320          7 ]
           3       54638     440.523   3.370e-02   6.641e-02   1.350e-01   0.000e+00   3.206e-02   1.140e-01  0.0000        1990  [    3      2        640          8 ]
           3       55319     445.173   3.370e-02   6.641e-02   1.350e-01   0.000e+00   3.199e-02   1.140e-01  0.0000        2012  [    2     10        320          7 ]
           3       55983     449.865   3.370e-02   6.641e-02   1.350e-01   0.000e+00   3.187e-02   1.137e-01  0.0000        2004  [    2     11        320          4 ]
           3       56643     454.838   3.370e-02   6.641e-02   1.350e-01   0.000e+00   3.179e-02   1.134e-01  0.0000        2022  [    2     12        320          5 ]
           3       57345     459.984   3.370e-02   6.641e-02   1.350e-01   0.000e+00   3.173e-02   1.133e-01  0.0000        2056  [    2     13        320         10 ]
           3       58005     464.424   3.370e-02   6.641e-02   1.350e-01   0.000e+00   3.167e-02   1.132e-01  0.0000        2065  [    2     14        320         10 ]
           3       58716     469.198   3.370e-02   6.641e-02   1.350e-01   0.000e+00   3.159e-02   1.126e-01  0.0000        2079  [    2     15        320         10 ]
           3       59442     473.690   3.370e-02   6.641e-02   1.350e-01   0.000e+00   3.156e-02   1.125e-01  0.0000        2087  [    2     16        320          9 ]
           3       60149     478.259   3.370e-02   6.641e-02   1.350e-01   0.000e+00   3.150e-02   1.125e-01  0.0000        2087  [    2     17        320          8 ]
           3       61463     483.674   3.370e-02   6.641e-02   1.350e-01   0.000e+00   3.068e-02   1.104e-01  0.0000        2126  [    3      3        640          5 ]
           3       62173     487.448   3.370e-02   6.641e-02   1.350e-01   0.000e+00   3.056e-02   1.102e-01  0.0000        2118  [    2     18        320          6 ]
           3       62878     491.821   3.370e-02   6.641e-02   1.350e-01   0.000e+00   3.047e-02   1.096e-01  0.0000        2054  [    2     19        320          5 ]
           3       63624     495.995   3.370e-02   6.641e-02   1.350e-01   0.000e+00   3.034e-02   1.091e-01  0.0000        2070  [    2     20        320          8 ]
           3       64369     501.139   3.370e-02   6.641e-02   1.350e-01   0.000e+00   3.024e-02   1.085e-01  0.0000        2090  [    2     21        320         10 ]
           3       65101     506.001   3.370e-02   6.641e-02   1.350e-01   0.000e+00   3.016e-02   1.083e-01  0.0000        2094  [    2     22        320          8 ]
           3       65831     510.573   3.370e-02   6.641e-02   1.350e-01   0.000e+00   3.004e-02   1.078e-01  0.0000        2106  [    2     23        320         11 ]
           3       66554     515.008   3.370e-02   6.641e-02   1.350e-01   0.000e+00   2.989e-02   1.077e-01  0.0000        2107  [    2     24        320          9 ]
           3       67256     519.070   3.370e-02   6.641e-02   1.350e-01   0.000e+00   2.984e-02   1.075e-01  0.0000        2122  [    2     25        320          7 ]
           3       68636     524.423   3.370e-02   6.641e-02   1.222e-01   0.000e+00   2.916e-02   1.042e-01  0.0000        2168  [    3      4        640          7 ]
           3       69302     529.575   3.370e-02   6.641e-02   1.222e-01   0.000e+00   2.915e-02   1.042e-01  0.0000        2160  [    2     26        320          5 ]
           3       70026     534.698   3.370e-02   6.641e-02   1.048e-01   0.000e+00   2.912e-02   1.039e-01  0.0000        2178  [    2     27        320          9 ]
           3       70713     539.453   3.370e-02   6.641e-02   1.048e-01   0.000e+00   2.901e-02   1.038e-01  0.0000        2186  [    2     28        320          6 ]
           3       71351     543.819   3.370e-02   6.641e-02   1.048e-01   0.000e+00   2.901e-02   1.038e-01  0.0000        2181  [    2     29        320          6 ]
           3       72002     548.250   3.370e-02   6.641e-02   1.048e-01   0.000e+00   2.901e-02   1.038e-01  0.0000        2180  [    2     30        320          6 ]
           3       72678     553.448   3.370e-02   6.641e-02   1.048e-01   0.000e+00   2.901e-02   1.038e-01  0.0000        2200  [    2     31        320          9 ]
           3       73356     557.775   3.370e-02   6.641e-02   1.048e-01   0.000e+00   2.900e-02   1.038e-01  0.0000        2199  [    2     32        320          6 ]
           3       73999     563.148   3.370e-02   6.641e-02   1.048e-01   0.000e+00   2.900e-02   1.038e-01  0.0000        2210  [    2     33        320          6 ]
           3       75289     567.761   3.370e-02   6.641e-02   1.048e-01   0.000e+00   2.839e-02   1.023e-01  0.0000        2226  [    3      5        640          6 ]
           3       75937     572.175   3.370e-02   6.641e-02   1.048e-01   0.000e+00   2.839e-02   1.023e-01  0.0000        2236  [    2     34        320          6 ]
           3       76620     576.835   3.370e-02   6.641e-02   1.048e-01   0.000e+00   2.836e-02   1.021e-01  0.0000        2253  [    2     35        320          7 ]
           3       77317     581.756   3.370e-02   6.641e-02   1.048e-01   0.000e+00   2.834e-02   1.021e-01  0.0000        2275  [    2     36        320         10 ]
           3       78039     586.932   3.370e-02   6.641e-02   1.048e-01   0.000e+00   2.834e-02   1.020e-01  0.0000        2286  [    2     37        320          8 ]
           3       78758     592.460   3.370e-02   6.641e-02   1.048e-01   0.000e+00   2.827e-02   1.020e-01  0.0000        2287  [    2     38        320          9 ]
           3       79498     598.050   3.370e-02   6.641e-02   1.048e-01   0.000e+00   2.824e-02   1.014e-01  0.5000        2299  [    2     39        320          8 ]
           3       80260     602.558   3.370e-02   6.641e-02   1.048e-01   0.000e+00   2.813e-02   1.011e-01  0.5000        2312  [    2     40        320          9 ]
           3       80989     607.264   3.370e-02   6.641e-02   1.048e-01   0.000e+00   2.804e-02   1.009e-01  0.5000        2323  [    2     41        320          8 ]
           3       82341     612.071   3.370e-02   6.641e-02   9.431e-02   0.000e+00   2.768e-02   9.910e-02  0.5000        2348  [    3      6        640         10 ]
           3       83112     617.572   3.370e-02   6.641e-02   9.431e-02   0.000e+00   2.763e-02   9.859e-02  0.5000        2360  [    2     42        320         13 ]
           3       83922     622.613   3.370e-02   6.641e-02   9.431e-02   0.000e+00   2.761e-02   9.840e-02  1.0000        2354  [    2     43        320         12 ]
           3       84716     627.609   3.370e-02   6.641e-02   9.431e-02   0.000e+00   2.758e-02   9.839e-02  1.0000        2360  [    2     44        320         13 ]
           3       85512     633.214   3.370e-02   6.641e-02   9.431e-02   0.000e+00   2.756e-02   9.839e-02  1.0000        2348  [    2     45        320         15 ]
           3       86303     638.553   3.370e-02   6.641e-02   9.431e-02   0.000e+00   2.756e-02   9.839e-02  1.0000        2331  [    2     46        320         11 ]
           3       87089     643.706   3.370e-02   6.641e-02   9.431e-02   0.000e+00   2.756e-02   9.838e-02  1.0000        2330  [    2     47        320         11 ]
           3       87850     648.566   3.370e-02   6.641e-02   9.431e-02   0.000e+00   2.756e-02   9.838e-02  1.0000        2331  [    2     48        320         10 ]
           3       88635     652.983   3.370e-02   6.641e-02   9.431e-02   0.000e+00   2.756e-02   9.838e-02  1.0000        2335  [    2     49        320          8 ]
           3       89872     658.025   3.370e-02   6.641e-02   9.431e-02   0.000e+00   2.746e-02   9.794e-02  1.0000        2342  [    3      7        640          7 ]
           3       90639     663.606   3.370e-02   6.641e-02   9.431e-02   0.000e+00   2.746e-02   9.794e-02  1.0000        2349  [    2     50        320         10 ]
           3       91358     668.466   3.370e-02   6.641e-02   9.431e-02   0.000e+00   2.745e-02   9.794e-02  1.0000        2342  [    2     51        320          8 ]
           3       92080     673.319   3.370e-02   6.641e-02   9.431e-02   0.000e+00   2.745e-02   9.794e-02  1.0000        2348  [    2     52        320          7 ]
           3       92800     678.257   3.370e-02   6.641e-02   9.431e-02   0.000e+00   2.745e-02   9.794e-02  1.0000        2349  [    2     53        320          8 ]
           3       93539     683.618   3.370e-02   6.641e-02   9.431e-02   0.000e+00   2.742e-02   9.794e-02  1.0000        2353  [    2     54        320          8 ]
           3       94291     688.937   3.370e-02   6.641e-02   9.431e-02   0.000e+00   2.741e-02   9.794e-02  1.0000        2355  [    2     55        320          9 ]
           3       95046     693.584   3.370e-02   6.641e-02   9.431e-02   0.000e+00   2.736e-02   9.785e-02  1.0000        2356  [    2     56        320          8 ]
           3       95820     698.991   3.370e-02   6.641e-02   9.431e-02   0.000e+00   2.735e-02   9.785e-02  1.0000        2371  [    2     57        320         11 ]
           3       97095     705.050   3.370e-02   6.641e-02   9.431e-02   0.000e+00   2.722e-02   9.716e-02  1.0000        2385  [    3      8        640          7 ]
           3       97811     710.518   3.370e-02   6.641e-02   9.431e-02   0.000e+00   2.721e-02   9.694e-02  1.0000        2382  [    2     58        320          6 ]
           3       98536     716.913   3.370e-02   6.641e-02   9.431e-02   0.000e+00   2.721e-02   9.694e-02  1.0000        2383  [    2     59        320          6 ]
           3       99277     723.388   3.370e-02   6.641e-02   9.431e-02   0.000e+00   2.717e-02   9.630e-02  1.0000        2386  [    2     60        320          8 ]
           3      100060     729.412   3.370e-02   6.641e-02   6.933e-02   0.000e+00   2.718e-02   9.614e-02  1.0000        2394  [    2     61        320          9 ]
           3      100824     734.783   3.370e-02   6.641e-02   6.933e-02   0.000e+00   2.714e-02   9.596e-02  1.0000        2396  [    2     62        320          8 ]
           3      101563     739.921   3.370e-02   6.641e-02   6.933e-02   0.000e+00   2.710e-02   9.569e-02  1.0000        2390  [    2     63        320          7 ]
           3      102331     745.139   3.370e-02   6.641e-02   6.933e-02   0.000e+00   2.702e-02   9.537e-02  1.0000        2373  [    2     64        320          6 ]
           4      109971     753.048   1.892e-02   4.763e-02   6.933e-02   0.000e+00   2.643e-02   9.465e-02  1.0000        2540  [    4      1       1280         16 ]
           4      111287     759.878   1.892e-02   4.763e-02   6.933e-02   0.000e+00   2.634e-02   9.452e-02  1.0000        2541  [    3      9        640          8 ]
           4      113742     767.341   1.892e-02   4.763e-02   6.933e-02   0.000e+00   2.598e-02   9.245e-02  1.0000        2568  [    4      2       1280         12 ]
           4      115098     774.183   1.892e-02   4.763e-02   6.933e-02   0.000e+00   2.589e-02   9.238e-02  1.0000        2596  [    3     10        640         10 ]
           4      116334     781.010   1.892e-02   4.763e-02   6.933e-02   0.000e+00   2.586e-02   9.238e-02  1.0000        2598  [    3     11        640          6 ]
           4      117616     787.528   1.892e-02   4.763e-02   6.933e-02   0.000e+00   2.581e-02   9.230e-02  1.0000        2606  [    3     12        640          8 ]
           4      118873     793.702   1.892e-02   4.763e-02   6.933e-02   0.000e+00   2.577e-02   9.226e-02  1.0000        2622  [    3     13        640          8 ]
           4      120147     800.374   1.892e-02   4.763e-02   6.933e-02   0.000e+00   2.576e-02   9.226e-02  1.0000        2628  [    3     14        640          8 ]
           4      121422     807.301   1.892e-02   4.763e-02   6.933e-02   0.000e+00   2.575e-02   9.226e-02  1.0000        2642  [    3     15        640          9 ]
           4      122688     814.167   1.892e-02   4.763e-02   6.933e-02   0.000e+00   2.573e-02   9.226e-02  1.0000        2649  [    3     16        640         11 ]
           4      123967     820.919   1.892e-02   4.763e-02   6.933e-02   0.000e+00   2.573e-02   9.226e-02  1.0000        2649  [    3     17        640          7 ]
           4      126399     828.488   1.892e-02   4.763e-02   6.933e-02   0.000e+00   2.544e-02   9.106e-02  1.0000        2684  [    4      3       1280          8 ]
           4      127716     835.372   1.892e-02   4.763e-02   6.933e-02   0.000e+00   2.543e-02   9.098e-02  1.0000        2685  [    3     18        640         10 ]
           4      129015     843.083   1.892e-02   4.763e-02   6.933e-02   0.000e+00   2.541e-02   9.090e-02  1.0000        2689  [    3     19        640          9 ]
           4      130293     850.690   1.892e-02   4.763e-02   6.933e-02   0.000e+00   2.540e-02   9.080e-02  1.0000        2690  [    3     20        640          8 ]
           4      131638     857.288   1.892e-02   4.763e-02   6.933e-02   0.000e+00   2.537e-02   9.037e-02  1.0000        2698  [    3     21        640          9 ]
           4      133014     864.195   1.892e-02   4.763e-02   6.933e-02   0.000e+00   2.533e-02   9.033e-02  1.0000        2706  [    3     22        640         10 ]
           4      134435     871.566   1.892e-02   4.763e-02   6.933e-02   0.000e+00   2.530e-02   9.011e-02  1.0000        2704  [    3     23        640          8 ]
           4      135784     878.382   1.892e-02   4.763e-02   6.933e-02   0.000e+00   2.526e-02   9.006e-02  1.0000        2701  [    3     24        640          6 ]
           4      137137     884.822   1.892e-02   4.763e-02   6.933e-02   0.000e+00   2.526e-02   9.003e-02  1.0000        2704  [    3     25        640          8 ]
           4      139602     892.563   1.892e-02   4.763e-02   6.933e-02   0.000e+00   2.510e-02   8.956e-02  1.0000        2734  [    4      4       1280         11 ]
           4      140981     899.733   1.892e-02   4.763e-02   6.933e-02   0.000e+00   2.510e-02   8.956e-02  1.0000        2740  [    3     26        640         12 ]
           4      142462     906.503   1.892e-02   4.763e-02   6.933e-02   0.000e+00   2.507e-02   8.945e-02  1.0000        2751  [    3     27        640         12 ]
           4      143958     913.517   1.892e-02   4.763e-02   6.933e-02   0.000e+00   2.506e-02   8.945e-02  1.0000        2749  [    3     28        640         14 ]
           4      145455     920.913   1.892e-02   4.763e-02   6.933e-02   0.000e+00   2.506e-02   8.945e-02  1.0000        2750  [    3     29        640         14 ]
           4      146992     928.221   1.892e-02   4.763e-02   6.933e-02   0.000e+00   2.506e-02   8.945e-02  1.0000        2751  [    3     30        640         14 ]
           4      148551     935.312   1.892e-02   4.763e-02   6.933e-02   0.000e+00   2.506e-02   8.944e-02  1.0000        2745  [    3     31        640         13 ]
           4      150073     942.975   1.892e-02   4.763e-02   6.933e-02   0.000e+00   2.506e-02   8.944e-02  1.0000        2745  [    3     32        640         12 ]
           4      151561     949.667   1.892e-02   4.763e-02   6.933e-02   0.000e+00   2.506e-02   8.944e-02  1.0000        2747  [    3     33        640         14 ]
           4      153973     958.087   1.892e-02   4.763e-02   6.933e-02   0.000e+00   2.497e-02   8.896e-02  1.0000        2752  [    4      5       1280          9 ]
           4      155460     964.605   1.892e-02   4.763e-02   6.933e-02   0.000e+00   2.497e-02   8.896e-02  1.0000        2759  [    3     34        640         10 ]
           4      156967     971.880   1.892e-02   4.763e-02   6.933e-02   0.000e+00   2.497e-02   8.896e-02  1.0000        2761  [    3     35        640         12 ]
           4      158494     978.772   1.892e-02   4.763e-02   6.933e-02   0.000e+00   2.497e-02   8.896e-02  1.0000        2760  [    3     36        640         12 ]
           4      159991     985.990   1.892e-02   4.763e-02   6.933e-02   0.000e+00   2.497e-02   8.896e-02  1.0000        2760  [    3     37        640         13 ]
           4      161494     992.267   1.892e-02   4.763e-02   6.933e-02   0.000e+00   2.497e-02   8.896e-02  1.0000        2758  [    3     38        640         13 ]
           4      163053     999.592   1.892e-02   4.763e-02   6.933e-02   0.000e+00   2.497e-02   8.896e-02  1.0000        2762  [    3     39        640         14 ]
           4      164570    1007.653   1.892e-02   4.763e-02   6.933e-02   0.000e+00   2.497e-02   8.896e-02  1.0000        2765  [    3     40        640         12 ]
           4      166030    1016.055   1.892e-02   4.763e-02   6.933e-02   0.000e+00   2.497e-02   8.896e-02  1.0000        2768  [    3     41        640         13 ]
           4      168407    1024.612   1.892e-02   4.763e-02   6.933e-02   0.000e+00   2.491e-02   8.817e-02  1.0000        2764  [    4      6       1280          6 ]
           4      169842    1031.788   1.892e-02   4.763e-02   6.933e-02   0.000e+00   2.491e-02   8.817e-02  1.0000        2769  [    3     42        640          8 ]
           4      171235    1038.807   1.892e-02   4.763e-02   6.933e-02   0.000e+00   2.491e-02   8.817e-02  1.0000        2772  [    3     43        640          9 ]
           4      172674    1045.878   1.892e-02   4.763e-02   6.933e-02   0.000e+00   2.491e-02   8.817e-02  1.0000        2774  [    3     44        640          9 ]
           4      174108    1053.441   1.892e-02   4.763e-02   6.933e-02   0.000e+00   2.491e-02   8.817e-02  1.0000        2773  [    3     45        640          8 ]
           4      175469    1060.969   1.892e-02   4.763e-02   6.933e-02   0.000e+00   2.491e-02   8.817e-02  1.0000        2777  [    3     46        640          9 ]
           4      176865    1067.387   1.892e-02   4.763e-02   6.933e-02   0.000e+00   2.491e-02   8.817e-02  1.0000        2769  [    3     47        640          9 ]
           4      178287    1074.102   1.892e-02   4.763e-02   6.933e-02   0.000e+00   2.491e-02   8.817e-02  1.0000        2771  [    3     48        640          8 ]
           4      179693    1081.806   1.892e-02   4.763e-02   6.933e-02   0.000e+00   2.491e-02   8.817e-02  1.0000        2772  [    3     49        640          9 ]
           4      182069    1090.124   1.892e-02   4.763e-02   6.933e-02   0.000e+00   2.479e-02   8.762e-02  1.0000        2786  [    4      7       1280         10 ]
           4      183451    1097.122   1.892e-02   4.763e-02   6.933e-02   0.000e+00   2.479e-02   8.762e-02  1.0000        2792  [    3     50        640          8 ]
           4      184912    1104.935   1.892e-02   4.763e-02   6.933e-02   0.000e+00   2.479e-02   8.762e-02  1.0000        2805  [    3     51        640         13 ]
           4      186331    1113.086   1.892e-02   4.763e-02   6.933e-02   0.000e+00   2.479e-02   8.762e-02  1.0000        2789  [    3     52        640          9 ]
           4      187755    1120.070   1.892e-02   4.763e-02   6.933e-02   0.000e+00   2.479e-02   8.762e-02  1.0000        2777  [    3     53        640          9 ]
           4      189150    1127.382   1.892e-02   4.763e-02   6.933e-02   0.000e+00   2.479e-02   8.762e-02  1.0000        2781  [    3     54        640          9 ]
           4      190544    1134.287   1.892e-02   4.763e-02   6.933e-02   0.000e+00   2.479e-02   8.762e-02  1.0000        2775  [    3     55        640          7 ]
           4      191883    1140.674   1.892e-02   4.763e-02   6.933e-02   0.000e+00   2.478e-02   8.752e-02  1.0000        2779  [    3     56        640          7 ]
           4      193200    1148.509   1.892e-02   4.763e-02   6.933e-02   0.000e+00   2.478e-02   8.752e-02  1.0000        2783  [    3     57        640          7 ]
           4      195479    1156.694   1.892e-02   4.763e-02   5.659e-02   0.000e+00   2.467e-02   8.733e-02  1.0000        2778  [    4      8       1280          4 ]
           4      196831    1163.250   1.892e-02   4.763e-02   5.659e-02   0.000e+00   2.467e-02   8.732e-02  1.0000        2792  [    3     58        640          9 ]
           4      198162    1170.415   1.892e-02   4.763e-02   5.659e-02   0.000e+00   2.467e-02   8.732e-02  1.0000        2797  [    3     59        640         10 ]
           4      199488    1177.312   1.892e-02   4.763e-02   5.659e-02   0.000e+00   2.467e-02   8.732e-02  1.0000        2791  [    3     60        640          6 ]
           4      200799    1184.148   1.892e-02   4.763e-02   5.659e-02   0.000e+00   2.467e-02   8.732e-02  1.0000        2793  [    3     61        640          7 ]
           4      202097    1191.205   1.892e-02   4.763e-02   5.659e-02   0.000e+00   2.467e-02   8.732e-02  1.0000        2805  [    3     62        640          9 ]
           4      203356    1199.254   1.892e-02   4.763e-02   5.659e-02   0.000e+00   2.467e-02   8.732e-02  1.0000        2806  [    3     63        640         11 ]
           4      204630    1205.890   1.892e-02   4.763e-02   5.659e-02   0.000e+00   2.467e-02   8.732e-02  1.0000        2797  [    3     64        640          9 ]
           5      216392    1219.836   1.892e-02   4.657e-02   5.659e-02   0.000e+00   2.453e-02   8.709e-02  1.0000        2866  [    5      1       2560         15 ]
           5      218825    1228.407   1.892e-02   4.657e-02   5.659e-02   0.000e+00   2.451e-02   8.707e-02  1.0000        2877  [    4      9       1280          8 ]
           5      223597    1241.203   1.892e-02   3.414e-02   5.659e-02   0.000e+00   2.411e-02   8.556e-02  1.0000        2902  [    5      2       2560          8 ]
           5      225908    1250.163   1.892e-02   3.414e-02   5.659e-02   0.000e+00   2.411e-02   8.538e-02  1.0000        2897  [    4     10       1280          4 ]
           5      228384    1259.520   1.892e-02   3.414e-02   5.659e-02   0.000e+00   2.408e-02   8.526e-02  1.0000        2915  [    4     11       1280          9 ]
           5      230768    1268.537   1.892e-02   3.414e-02   5.659e-02   0.000e+00   2.407e-02   8.526e-02  1.0000        2901  [    4     12       1280          9 ]
           5      233136    1277.704   1.892e-02   3.414e-02   5.659e-02   0.000e+00   2.405e-02   8.510e-02  1.0000        2916  [    4     13       1280          7 ]
           5      235517    1286.793   1.892e-02   3.414e-02   5.659e-02   0.000e+00   2.402e-02   8.475e-02  1.0000        2914  [    4     14       1280          9 ]
           5      237990    1294.940   1.892e-02   3.414e-02   5.659e-02   0.000e+00   2.401e-02   8.442e-02  1.0000        2916  [    4     15       1280         10 ]
           5      240497    1304.584   1.892e-02   3.414e-02   5.659e-02   0.000e+00   2.393e-02   8.421e-02  1.0000        2925  [    4     16       1280          9 ]
           5      242989    1314.133   1.892e-02   3.414e-02   5.659e-02   0.000e+00   2.388e-02   8.413e-02  1.0000        2922  [    4     17       1280          7 ]
           5      247686    1324.841   1.892e-02   3.414e-02   5.659e-02   0.000e+00   2.373e-02   8.356e-02  1.0000        2954  [    5      3       2560          8 ]
           5      250254    1334.436   1.892e-02   3.414e-02   5.659e-02   0.000e+00   2.370e-02   8.333e-02  1.0000        2948  [    4     18       1280          7 ]
           5      252915    1343.563   1.892e-02   3.414e-02   4.594e-02   0.000e+00   2.365e-02   8.323e-02  1.0000        2961  [    4     19       1280         11 ]
           5      255581    1352.094   1.892e-02   3.414e-02   4.594e-02   0.000e+00   2.358e-02   8.281e-02  1.0000        2967  [    4     20       1280         16 ]
           5      258285    1361.239   1.892e-02   3.414e-02   4.594e-02   0.000e+00   2.354e-02   8.273e-02  1.0000        2978  [    4     21       1280         17 ]
           5      260949    1370.415   1.892e-02   3.414e-02   4.594e-02   0.000e+00   2.354e-02   8.273e-02  1.0000        2968  [    4     22       1280         14 ]
           5      263635    1379.432   1.892e-02   3.414e-02   4.594e-02   0.000e+00   2.354e-02   8.273e-02  1.0000        2977  [    4     23       1280         16 ]
           5      266384    1387.858   1.892e-02   3.414e-02   4.594e-02   0.000e+00   2.354e-02   8.273e-02  1.0000        2978  [    4     24       1280         15 ]
           5      269122    1396.392   1.892e-02   3.414e-02   4.594e-02   0.000e+00   2.354e-02   8.273e-02  1.0000        2973  [    4     25       1280         15 ]
           5      273587    1407.395   1.892e-02   3.414e-02   4.594e-02   0.000e+00   2.354e-02   8.273e-02  1.0000        2969  [    5      4       2560          9 ]
           5      276237    1416.211   1.892e-02   3.414e-02   4.594e-02   0.000e+00   2.354e-02   8.273e-02  1.0000        2972  [    4     26       1280          9 ]
           5      278857    1424.928   1.892e-02   3.414e-02   4.594e-02   0.000e+00   2.354e-02   8.273e-02  1.0000        2981  [    4     27       1280         10 ]
           5      281422    1433.876   1.892e-02   3.414e-02   4.594e-02   0.000e+00   2.354e-02   8.273e-02  1.0000        2971  [    4     28       1280          9 ]
           5      284092    1442.219   1.892e-02   3.414e-02   4.594e-02   0.000e+00   2.354e-02   8.273e-02  1.0000        2979  [    4     29       1280         10 ]
           5      286770    1451.202   1.892e-02   3.414e-02   4.594e-02   0.000e+00   2.352e-02   8.273e-02  1.0000        2981  [    4     30       1280         11 ]
           5      289433    1460.606   1.892e-02   3.414e-02   4.594e-02   0.000e+00   2.352e-02   8.273e-02  1.0000        2979  [    4     31       1280          9 ]
           5      292048    1469.424   1.892e-02   3.414e-02   4.594e-02   0.000e+00   2.352e-02   8.271e-02  1.0000        2978  [    4     32       1280         10 ]
           5      294728    1479.298   1.892e-02   3.414e-02   4.594e-02   0.000e+00   2.352e-02   8.271e-02  1.0000        2978  [    4     33       1280         12 ]
           5      299193    1490.862   1.892e-02   3.414e-02   4.594e-02   0.000e+00   2.352e-02   8.271e-02  1.0000        2987  [    5      5       2560          7 ]
           5      301875    1500.482   1.892e-02   3.414e-02   4.594e-02   0.000e+00   2.352e-02   8.271e-02  1.0000        2988  [    4     34       1280         10 ]
           5      304325    1510.227   1.892e-02   3.414e-02   4.594e-02   0.000e+00   2.352e-02   8.271e-02  1.0000        2979  [    4     35       1280         10 ]
           5      306786    1519.230   1.892e-02   3.414e-02   4.594e-02   0.000e+00   2.352e-02   8.271e-02  1.0000        2991  [    4     36       1280         12 ]
           5      309163    1528.715   1.892e-02   3.414e-02   4.594e-02   0.000e+00   2.352e-02   8.271e-02  1.0000        2988  [    4     37       1280         12 ]
           5      311582    1538.648   1.892e-02   3.414e-02   4.594e-02   0.000e+00   2.352e-02   8.271e-02  1.0000        2984  [    4     38       1280         13 ]
           5      313944    1548.913   1.892e-02   3.414e-02   4.594e-02   0.000e+00   2.352e-02   8.271e-02  1.0000        2986  [    4     39       1280         10 ]
           5      316164    1558.704   1.892e-02   3.414e-02   4.594e-02   0.000e+00   2.352e-02   8.271e-02  1.0000        2974  [    4     40       1280         10 ]
           5      318464    1568.710   1.892e-02   3.414e-02   4.594e-02   0.000e+00   2.352e-02   8.271e-02  1.0000        2981  [    4     41       1280         12 ]
           5      323061    1580.730   1.892e-02   3.414e-02   4.594e-02   0.000e+00   2.352e-02   8.271e-02  1.0000        2986  [    5      6       2560          4 ]
           5      325287    1589.966   1.892e-02   3.414e-02   4.594e-02   0.000e+00   2.352e-02   8.271e-02  1.0000        2980  [    4     42       1280          6 ]
           5      327603    1600.166   1.892e-02   3.414e-02   4.594e-02   0.000e+00   2.352e-02   8.271e-02  1.0000        2986  [    4     43       1280          9 ]
           5      329923    1609.732   1.892e-02   3.414e-02   4.594e-02   0.000e+00   2.352e-02   8.271e-02  1.0000        2992  [    4     44       1280          8 ]
           5      332268    1619.712   1.892e-02   3.414e-02   4.594e-02   0.000e+00   2.351e-02   8.271e-02  1.0000        2999  [    4     45       1280          8 ]
           5      334726    1630.726   1.892e-02   3.414e-02   4.594e-02   0.000e+00   2.351e-02   8.269e-02  1.0000        3007  [    4     46       1280         11 ]
           5      337123    1640.491   1.892e-02   3.414e-02   4.594e-02   0.000e+00   2.351e-02   8.268e-02  1.0000        3009  [    4     47       1280         11 ]
           5      339693    1649.797   1.892e-02   3.414e-02   4.594e-02   0.000e+00   2.351e-02   8.259e-02  1.0000        3022  [    4     48       1280         13 ]
           5      342242    1659.015   1.892e-02   3.414e-02   4.594e-02   0.000e+00   2.351e-02   8.259e-02  1.0000        3030  [    4     49       1280         12 ]
           5      347053    1670.895   1.892e-02   3.414e-02   4.594e-02   0.000e+00   2.351e-02   8.257e-02  1.0000        3038  [    5      7       2560         10 ]
           5      349555    1681.786   1.892e-02   3.414e-02   4.594e-02   0.000e+00   2.349e-02   8.256e-02  1.0000        3039  [    4     50       1280          9 ]
           5      352036    1691.097   1.892e-02   3.414e-02   4.594e-02   0.000e+00   2.349e-02   8.256e-02  1.0000        3053  [    4     51       1280         12 ]
           5      354508    1701.431   1.892e-02   3.414e-02   4.594e-02   0.000e+00   2.349e-02   8.241e-02  1.0000        3055  [    4     52       1280         10 ]
           5      356988    1711.402   1.892e-02   3.414e-02   4.594e-02   0.000e+00   2.348e-02   8.241e-02  1.0000        3053  [    4     53       1280         13 ]
           5      359634    1722.173   1.892e-02   3.414e-02   4.594e-02   0.000e+00   2.348e-02   8.241e-02  1.0000        3051  [    4     54       1280         11 ]
           5      362181    1732.097   1.892e-02   3.414e-02   4.594e-02   0.000e+00   2.348e-02   8.237e-02  1.0000        3058  [    4     55       1280         14 ]
           5      364861    1742.378   1.892e-02   3.414e-02   4.594e-02   0.000e+00   2.348e-02   8.237e-02  1.0000        3046  [    4     56       1280         10 ]
           5      367414    1752.048   1.892e-02   3.414e-02   4.594e-02   0.000e+00   2.348e-02   8.237e-02  1.0000        3051  [    4     57       1280          8 ]
           5      372054    1764.428   1.892e-02   3.414e-02   4.594e-02   0.000e+00   2.345e-02   8.228e-02  1.0000        3036  [    5      8       2560          5 ]
           5      374564    1773.132   1.892e-02   3.414e-02   4.594e-02   0.000e+00   2.345e-02   8.228e-02  1.0000        3038  [    4     58       1280          9 ]
           5      377051    1783.293   1.892e-02   3.414e-02   4.594e-02   0.000e+00   2.345e-02   8.228e-02  1.0000        3038  [    4     59       1280          8 ]
           5      379538    1792.973   1.892e-02   3.414e-02   4.594e-02   0.000e+00   2.345e-02   8.228e-02  1.0000        3033  [    4     60       1280          8 ]
           5      382144    1802.326   1.892e-02   3.414e-02   4.594e-02   0.000e+00   2.345e-02   8.228e-02  1.0000        3037  [    4     61       1280         12 ]
           5      384787    1811.265   1.892e-02   3.414e-02   4.594e-02   0.000e+00   2.345e-02   8.228e-02  1.0000        3030  [    4     62       1280         13 ]
           5      387478    1820.915   1.892e-02   3.414e-02   4.594e-02   0.000e+00   2.345e-02   8.228e-02  1.0000        3032  [    4     63       1280         12 ]
           5      390229    1830.357   1.892e-02   3.414e-02   4.594e-02   0.000e+00   2.345e-02   8.228e-02  1.0000        3026  [    4     64       1280         11 ]
           6      409175    1859.616   1.892e-02   3.414e-02   4.594e-02   0.000e+00   2.333e-02   8.210e-02  1.0000        3062  [    6      1       5120         14 ]
           6      413863    1872.633   1.892e-02   3.414e-02   4.594e-02   0.000e+00   2.329e-02   8.210e-02  1.0000        3066  [    5      9       2560         10 ]
           6      422567    1894.318   1.892e-02   3.414e-02   4.594e-02   0.000e+00   2.313e-02   8.145e-02  1.0000        3068  [    6      2       5120         11 ]
           6      427154    1907.362   1.892e-02   3.414e-02   4.594e-02   0.000e+00   2.313e-02   8.143e-02  1.0000        3072  [    5     10       2560          6 ]
           6      431936    1920.759   1.892e-02   3.414e-02   4.594e-02   0.000e+00   2.309e-02   8.130e-02  1.0000        3090  [    5     11       2560         14 ]
           6      436534    1933.960   1.892e-02   3.414e-02   4.594e-02   0.000e+00   2.307e-02   8.128e-02  1.0000        3095  [    5     12       2560         10 ]
           6      441247    1946.995   1.892e-02   3.414e-02   4.594e-02   0.000e+00   2.304e-02   8.128e-02  1.0000        3103  [    5     13       2560         10 ]
           6      445912    1959.971   1.892e-02   3.414e-02   4.594e-02   0.000e+00   2.302e-02   8.128e-02  1.0000        3096  [    5     14       2560          8 ]
           6      450468    1974.391   1.892e-02   3.414e-02   4.594e-02   0.000e+00   2.299e-02   8.123e-02  1.0000        3096  [    5     15       2560          9 ]
           6      455204    1986.558   1.892e-02   3.414e-02   4.594e-02   0.000e+00   2.296e-02   8.108e-02  1.0000        3099  [    5     16       2560          7 ]
           6      459996    2000.058   1.892e-02   3.414e-02   4.594e-02   0.000e+00   2.292e-02   8.080e-02  1.0000        3108  [    5     17       2560         10 ]
           6      468535    2020.595   1.892e-02   3.414e-02   4.594e-02   0.000e+00   2.286e-02   8.061e-02  1.0000        3113  [    6      3       5120          5 ]
           6      473522    2037.403   1.892e-02   3.414e-02   4.594e-02   0.000e+00   2.850e-02   9.022e-02  1.0000        1840  [    5     18       2560          9 ]
           6      478162    2045.392   1.892e-02   3.414e-02   4.594e-02   0.000e+00   2.844e-02   9.014e-02  1.0000        1847  [    5     19       2560          9 ]
           6      482749    2052.699   1.892e-02   3.414e-02   4.594e-02   0.000e+00   2.809e-02   8.997e-02  1.0000        1944  [    5     20       2560         12 ]
           6      487490    2060.716   1.892e-02   3.414e-02   4.594e-02   0.000e+00   2.778e-02   8.972e-02  1.0000        2013  [    5     21       2560          9 ]
           6      492119    2069.503   1.892e-02   3.414e-02   4.594e-02   0.000e+00   2.772e-02   8.967e-02  1.0000        2063  [    5     22       2560         11 ]
           6      496794    2077.702   1.892e-02   3.414e-02   4.594e-02   0.000e+00   2.756e-02   8.956e-02  1.0000        2085  [    5     23       2560         13 ]
           6      501626    2086.252   1.892e-02   3.414e-02   4.594e-02   0.000e+00   2.753e-02   8.954e-02  1.0000        2105  [    5     24       2560         14 ]
           6      506597    2095.310   1.892e-02   3.414e-02   4.594e-02   0.000e+00   2.740e-02   8.949e-02  1.0000        2156  [    5     25       2560         13 ]
           6      515675    2114.877   1.892e-02   3.414e-02   4.594e-02   0.000e+00   2.749e-02   8.901e-02  1.0000        1884  [    6      4       5120          5 ]
           6      520617    2122.909   1.892e-02   3.414e-02   4.594e-02   0.000e+00   2.744e-02   8.901e-02  1.0000        1893  [    5     26       2560          7 ]
           6      525381    2130.754   1.892e-02   3.414e-02   4.594e-02   0.000e+00   2.736e-02   8.893e-02  1.0000        1910  [    5     27       2560          7 ]
           6      530087    2139.052   1.892e-02   3.414e-02   4.594e-02   0.000e+00   2.731e-02   8.879e-02  1.0000        1943  [    5     28       2560         10 ]
           6      534785    2146.946   1.892e-02   3.414e-02   4.594e-02   0.000e+00   2.726e-02   8.879e-02  1.0000        1959  [    5     29       2560          9 ]
           6      539691    2155.355   1.892e-02   3.414e-02   4.594e-02   0.000e+00   2.723e-02   8.876e-02  1.0000        1986  [    5     30       2560          8 ]
           6      544395    2164.004   1.892e-02   3.414e-02   4.594e-02   0.000e+00   2.719e-02   8.862e-02  1.0000        2013  [    5     31       2560         10 ]
           6      549278    2172.446   1.892e-02   3.414e-02   4.594e-02   0.000e+00   2.712e-02   8.862e-02  1.0000        2036  [    5     32       2560         11 ]
           6      553960    2181.083   1.892e-02   3.414e-02   4.594e-02   0.000e+00   2.711e-02   8.862e-02  1.0000        2034  [    5     33       2560         10 ]
           6      562987    2196.065   1.892e-02   3.414e-02   4.594e-02   0.000e+00   2.644e-02   8.760e-02  1.0000        2217  [    6      5       5120          5 ]
           6      567737    2204.887   1.892e-02   3.414e-02   4.594e-02   0.000e+00   2.644e-02   8.760e-02  1.0000        2218  [    5     34       2560          7 ]
           6      572455    2213.526   1.892e-02   3.414e-02   4.594e-02   0.000e+00   2.644e-02   8.760e-02  1.0000        2235  [    5     35       2560          7 ]
           6      577224    2222.457   1.892e-02   3.414e-02   4.594e-02   0.000e+00   2.644e-02   8.760e-02  1.0000        2239  [    5     36       2560          9 ]
           6      582071    2231.589   1.892e-02   3.414e-02   4.594e-02   0.000e+00   2.644e-02   8.760e-02  1.0000        2242  [    5     37       2560          8 ]
           6      586966    2241.236   1.892e-02   3.414e-02   4.594e-02   0.000e+00   2.644e-02   8.760e-02  1.0000        2243  [    5     38       2560          9 ]
           6      591998    2250.627   1.892e-02   3.414e-02   4.594e-02   0.000e+00   2.637e-02   8.760e-02  1.0000        2250  [    5     39       2560         10 ]
           6      596977    2259.762   1.892e-02   3.414e-02   4.594e-02   0.000e+00   2.637e-02   8.760e-02  1.0000        2251  [    5     40       2560         11 ]
           6      601820    2269.170   1.892e-02   3.414e-02   4.594e-02   0.000e+00   2.637e-02   8.760e-02  1.0000        2249  [    5     41       2560          9 ]
           6      610911    2284.696   1.892e-02   3.414e-02   4.594e-02   0.000e+00   2.564e-02   8.624e-02  1.0000        2362  [    6      6       5120          7 ]
           6      615763    2294.812   1.892e-02   3.414e-02   4.594e-02   0.000e+00   2.564e-02   8.624e-02  1.0000        2360  [    5     42       2560         10 ]
           6      620768    2303.559   1.892e-02   3.414e-02   4.594e-02   0.000e+00   2.564e-02   8.624e-02  1.0000        2366  [    5     43       2560         11 ]
           6      625725    2313.607   1.892e-02   3.414e-02   4.594e-02   0.000e+00   2.564e-02   8.624e-02  1.0000        2357  [    5     44       2560         11 ]
           6      630668    2322.739   1.892e-02   3.414e-02   4.594e-02   0.000e+00   2.564e-02   8.624e-02  1.0000        2354  [    5     45       2560         11 ]
           6      635532    2331.888   1.892e-02   3.414e-02   4.594e-02   0.000e+00   2.562e-02   8.624e-02  1.0000        2359  [    5     46       2560         12 ]
           6      640415    2340.842   1.892e-02   3.414e-02   4.594e-02   0.000e+00   2.562e-02   8.624e-02  1.0000        2353  [    5     47       2560         11 ]
           6      645307    2350.310   1.892e-02   3.414e-02   4.594e-02   0.000e+00   2.562e-02   8.624e-02  1.0000        2358  [    5     48       2560          9 ]
           6      650176    2360.291   1.892e-02   3.414e-02   4.594e-02   0.000e+00   2.562e-02   8.624e-02  1.0000        2359  [    5     49       2560          9 ]
           6      659211    2377.255   1.892e-02   3.414e-02   4.594e-02   0.000e+00   2.541e-02   8.551e-02  1.0000        2420  [    6      7       5120          6 ]
           6      664094    2388.129   1.892e-02   3.414e-02   4.594e-02   0.000e+00   2.541e-02   8.551e-02  1.0000        2424  [    5     50       2560          8 ]
           6      668991    2398.876   1.892e-02   3.414e-02   4.594e-02   0.000e+00   2.541e-02   8.551e-02  1.0000        2438  [    5     51       2560         11 ]
           6      674023    2408.785   1.892e-02   3.414e-02   4.594e-02   0.000e+00   2.541e-02   8.551e-02  1.0000        2432  [    5     52       2560          9 ]
           6      679040    2418.886   1.892e-02   3.414e-02   4.594e-02   0.000e+00   2.540e-02   8.551e-02  1.0000        2449  [    5     53       2560         14 ]
           6      684164    2428.663   1.892e-02   3.414e-02   4.594e-02   0.000e+00   2.539e-02   8.549e-02  1.0000        2435  [    5     54       2560         11 ]
           6      689273    2438.963   1.892e-02   3.414e-02   4.594e-02   0.000e+00   2.539e-02   8.549e-02  1.0000        2453  [    5     55       2560         11 ]
           6      694280    2449.639   1.892e-02   3.414e-02   4.594e-02   0.000e+00   2.539e-02   8.549e-02  1.0000        2437  [    5     56       2560          8 ]
           6      699220    2459.592   1.892e-02   3.414e-02   4.594e-02   0.000e+00   2.539e-02   8.549e-02  1.0000        2447  [    5     57       2560         11 ]
           6      708278    2477.442   1.892e-02   2.891e-02   4.594e-02   0.000e+00   2.505e-02   8.486e-02  1.0000        2478  [    6      8       5120          8 ]
           6      713253    2487.352   1.892e-02   2.891e-02   4.594e-02   0.000e+00   2.504e-02   8.483e-02  1.0000        2489  [    5     58       2560         10 ]
           6      718255    2498.606   1.892e-02   2.891e-02   4.594e-02   0.000e+00   2.504e-02   8.483e-02  1.0000        2492  [    5     59       2560          9 ]
           6      723293    2509.384   1.892e-02   2.891e-02   4.594e-02   0.000e+00   2.504e-02   8.483e-02  1.0000        2497  [    5     60       2560         10 ]
           6      728193    2520.571   1.892e-02   2.891e-02   4.594e-02   0.000e+00   2.504e-02   8.483e-02  1.0000        2489  [    5     61       2560         10 ]
           6      733134    2531.268   1.892e-02   2.891e-02   4.594e-02   0.000e+00   2.503e-02   8.483e-02  1.0000        2493  [    5     62       2560         10 ]
           6      737969    2541.536   1.892e-02   2.891e-02   4.594e-02   0.000e+00   2.502e-02   8.482e-02  1.0000        2498  [    5     63       2560          9 ]
           6      742897    2551.030   1.892e-02   2.891e-02   4.594e-02   0.000e+00   2.501e-02   8.469e-02  1.0000        2500  [    5     64       2560          9 ]
           7      773873    2621.377   1.892e-02   2.891e-02   4.594e-02   0.000e+00   2.417e-02   8.325e-02  1.0000        2700  [    7      1      10240         12 ]
           7      783201    2640.769   1.892e-02   2.891e-02   4.594e-02   0.000e+00   2.389e-02   8.212e-02  1.0000        2736  [    6      9       5120          7 ]
           7      800360    2689.253   1.892e-02   2.891e-02   4.594e-02   0.000e+00   2.357e-02   8.083e-02  1.0000        2774  [    7      2      10240          8 ]
           7      809434    2709.671   1.892e-02   2.891e-02   4.594e-02   0.000e+00   2.345e-02   8.027e-02  1.0000        2795  [    6     10       5120         11 ]
           7      818449    2730.391   1.892e-02   2.891e-02   4.594e-02   0.000e+00   2.333e-02   8.012e-02  1.0000        2826  [    6     11       5120          9 ]
           7      827304    2750.586   1.892e-02   2.891e-02   4.594e-02   0.000e+00   2.327e-02   7.966e-02  1.0000        2843  [    6     12       5120          7 ]
           7      836247    2771.242   1.892e-02   2.891e-02   4.594e-02   0.000e+00   2.317e-02   7.939e-02  1.0000        2849  [    6     13       5120          7 ]
           7      845147    2791.635   1.892e-02   2.891e-02   4.594e-02   0.000e+00   2.308e-02   7.908e-02  1.0000        2876  [    6     14       5120          7 ]
           7      854244    2812.834   1.892e-02   2.891e-02   4.594e-02   0.000e+00   2.289e-02   7.836e-02  1.0000        2909  [    6     15       5120          6 ]
           7      863727    2834.365   1.892e-02   2.891e-02   4.594e-02   0.000e+00   2.270e-02   7.778e-02  1.0000        2946  [    6     16       5120          6 ]
           7      873210    2855.530   1.892e-02   2.891e-02   4.594e-02   0.000e+00   2.246e-02   7.683e-02  1.0000        2983  [    6     17       5120          9 ]
           7      890086    2903.880   1.892e-02   2.891e-02   4.594e-02   0.000e+00   2.239e-02   7.611e-02  1.0000        2992  [    7      3      10240          8 ]
           7      899687    2929.968   1.892e-02   2.891e-02   4.594e-02   0.000e+00   2.221e-02   7.495e-02  1.0000        3022  [    6     18       5120          7 ]
           7      909202    2955.217   1.892e-02   2.891e-02   4.029e-02   0.000e+00   2.194e-02   7.347e-02  1.0000        3041  [    6     19       5120          8 ]
           7      918761    2981.257   1.892e-02   2.891e-02   4.029e-02   0.000e+00   2.171e-02   7.216e-02  1.0000        3079  [    6     20       5120          9 ]
           7      928457    3006.389   1.892e-02   2.891e-02   4.029e-02   0.000e+00   2.161e-02   7.192e-02  1.0000        3098  [    6     21       5120         12 ]
           7      938282    3031.334   1.892e-02   2.891e-02   4.029e-02   0.000e+00   2.150e-02   7.100e-02  1.0000        3106  [    6     22       5120         10 ]
           7      948020    3054.881   1.892e-02   2.891e-02   4.029e-02   0.000e+00   2.149e-02   7.090e-02  1.0000        3102  [    6     23       5120         12 ]
           7      957663    3080.246   1.892e-02   2.891e-02   4.029e-02   0.000e+00   2.146e-02   7.079e-02  1.0000        3117  [    6     24       5120         13 ]
           7      967159    3105.343   1.892e-02   2.891e-02   4.029e-02   0.000e+00   2.145e-02   7.079e-02  1.0000        3113  [    6     25       5120         12 ]
           7      984270    3155.941   1.892e-02   2.891e-02   4.029e-02   0.000e+00   2.141e-02   7.068e-02  1.0000        3125  [    7      4      10240          7 ]
           7      994142    3185.155   1.892e-02   2.891e-02   4.029e-02   0.000e+00   2.739e-02   8.037e-02  1.0000        1783  [    6     26       5120         11 ]
           8     1003707    3201.737   1.892e-02   2.891e-02   4.029e-02   0.000e+00   2.733e-02   8.017e-02  1.0000        1827  [    7      4      10240          7 ]
