# Generation  Evaluations  Time (s)  Best_obj[0]  Best_obj[1]  Hypervol.   IGD         IGDX        SR    Appr.set  [ Pop.index  Subgen.  Pop.size  Subpops ]
           0         116       3.350   3.162e-02   2.922e-02   5.033e-01   5.642e-02   2.454e-01  0.0000          25  [    0      1         30         11 ]
           0         231       3.421   3.162e-02   2.922e-02   6.032e-01   4.070e-02   1.891e-01  0.0000          51  [    0      2         30         15 ]
           0         355       3.503   3.162e-02   2.922e-02   6.568e-01   3.796e-02   1.718e-01  0.0000          62  [    0      3         30         16 ]
           0         494       3.600   3.084e-02   2.922e-02   6.244e-01   2.878e-02   1.497e-01  0.0000          76  [    0      4         30         17 ]
           0         658       3.716   3.084e-02   3.323e-03   5.998e-01   2.553e-02   1.224e-01  0.0000         100  [    0      5         30         19 ]
           0         842       3.874   3.084e-02   3.323e-03   6.689e-01   1.997e-02   1.025e-01  0.0000         109  [    0      6         30         22 ]
           0        1031       4.053   3.084e-02   3.323e-03   6.294e-01   1.764e-02   9.420e-02  0.0000         133  [    0      7         30         24 ]
           0        1239       4.264   7.838e-03   3.323e-03   5.511e-01   1.650e-02   8.809e-02  0.0000         147  [    0      8         30         25 ]
           1        1749       4.484   2.013e-03   1.874e-03   5.087e-01   1.041e-02   6.909e-02  0.0000         284  [    1      1         60         38 ]
           1        2040       4.952   2.013e-03   1.874e-03   5.134e-01   8.758e-03   6.529e-02  0.0000         305  [    0      9         30         40 ]
           1        2417       5.456   2.013e-03   1.874e-03   6.658e-01   7.069e-03   6.154e-02  0.0000         332  [    1      2         60         38 ]
           1        2709       5.828   2.013e-03   1.874e-03   6.099e-01   6.418e-03   5.711e-02  0.0000         353  [    0     10         30         37 ]
           1        2995       6.369   2.013e-03   1.874e-03   5.661e-01   6.145e-03   5.573e-02  0.0000         382  [    0     11         30         39 ]
           1        3281       6.946   2.013e-03   1.874e-03   6.103e-01   5.975e-03   5.188e-02  0.0000         396  [    0     12         30         39 ]
           1        3580       7.585   2.013e-03   1.874e-03   5.852e-01   5.521e-03   4.990e-02  0.5000         417  [    0     13         30         39 ]
           1        3912       8.275   2.013e-03   1.874e-03   5.666e-01   5.137e-03   4.615e-02  1.0000         435  [    0     14         30         38 ]
           1        4212       8.972   2.013e-03   1.874e-03   6.142e-01   4.876e-03   4.384e-02  1.0000         451  [    0     15         30         36 ]
           1        4504       9.674   2.013e-03   4.250e-04   6.532e-01   4.802e-03   4.358e-02  1.0000         464  [    0     16         30         38 ]
           1        4802      10.476   2.941e-04   4.250e-04   5.695e-01   4.774e-03   4.387e-02  1.0000         481  [    0     17         30         37 ]
           1        5168      11.281   2.941e-04   4.250e-04   6.509e-01   4.480e-03   4.218e-02  1.0000         508  [    1      3         60         41 ]
           1        5488      12.118   2.941e-04   4.250e-04   5.702e-01   4.470e-03   4.140e-02  1.0000         518  [    0     18         30         44 ]
           1        5810      13.037   2.941e-04   4.250e-04   5.553e-01   4.418e-03   4.104e-02  1.0000         533  [    0     19         30         44 ]
           1        6144      13.987   2.941e-04   4.250e-04   6.409e-01   4.357e-03   4.072e-02  1.0000         535  [    0     20         30         42 ]
           1        6479      14.905   2.941e-04   4.250e-04   6.226e-01   4.299e-03   3.978e-02  1.0000         551  [    0     21         30         41 ]
           1        6794      15.911   2.941e-04   4.250e-04   6.372e-01   4.299e-03   3.909e-02  1.0000         563  [    0     22         30         42 ]
           1        7107      16.820   2.941e-04   4.250e-04   6.385e-01   4.299e-03   3.954e-02  1.0000         571  [    0     23         30         42 ]
           1        7418      17.567   2.941e-04   4.250e-04   6.416e-01   4.253e-03   3.824e-02  1.0000         586  [    0     24         30         43 ]
           1        7722      18.416   2.941e-04   4.250e-04   5.537e-01   4.216e-03   3.814e-02  1.0000         598  [    0     25         30         43 ]
           1        8127      19.385   2.941e-04   4.250e-04   5.654e-01   3.993e-03   3.627e-02  1.0000         623  [    1      4         60         43 ]
           1        8447      20.295   2.941e-04   4.250e-04   5.638e-01   3.959e-03   3.548e-02  1.0000         632  [    0     26         30         41 ]
           1        8773      21.353   2.941e-04   4.250e-04   5.604e-01   3.560e-03   3.381e-02  1.0000         658  [    0     27         30         41 ]
           1        9097      22.377   2.941e-04   4.250e-04   5.618e-01   3.534e-03   3.324e-02  1.0000         670  [    0     28         30         45 ]
           1        9427      23.536   2.941e-04   4.250e-04   6.083e-01   3.424e-03   3.217e-02  1.0000         685  [    0     29         30         45 ]
           1        9767      24.740   2.941e-04   4.250e-04   6.419e-01   3.352e-03   3.052e-02  1.0000         697  [    0     30         30         45 ]
           1       10096      25.558   2.941e-04   4.250e-04   5.672e-01   3.261e-03   3.038e-02  1.0000         703  [    0     31         30         46 ]
           1       10430      26.745   2.941e-04   4.250e-04   6.429e-01   3.226e-03   2.897e-02  1.0000         713  [    0     32         30         47 ]
           1       10759      27.626   2.941e-04   4.250e-04   5.664e-01   3.153e-03   2.872e-02  1.0000         710  [    0     33         30         45 ]
           1       11162      28.837   2.941e-04   4.250e-04   5.591e-01   3.042e-03   2.798e-02  1.0000         727  [    1      5         60         45 ]
           1       11503      29.985   2.941e-04   4.250e-04   5.425e-01   2.995e-03   2.790e-02  1.0000         732  [    0     34         30         45 ]
           1       11839      30.950   2.941e-04   4.250e-04   6.161e-01   2.995e-03   2.740e-02  1.0000         751  [    0     35         30         45 ]
           1       12172      32.153   2.941e-04   4.250e-04   6.274e-01   2.994e-03   2.790e-02  1.0000         751  [    0     36         30         42 ]
           1       12496      33.530   2.941e-04   4.250e-04   6.547e-01   2.982e-03   2.754e-02  1.0000         757  [    0     37         30         41 ]
           1       12840      34.776   2.941e-04   4.250e-04   6.490e-01   2.943e-03   2.725e-02  1.0000         761  [    0     38         30         43 ]
           1       13160      36.179   2.941e-04   4.250e-04   6.354e-01   2.943e-03   2.713e-02  1.0000         762  [    0     39         30         41 ]
           1       13467      37.448   2.941e-04   4.250e-04   6.307e-01   2.937e-03   2.712e-02  1.0000         772  [    0     40         30         42 ]
           1       13785      38.890   2.941e-04   4.250e-04   6.299e-01   2.934e-03   2.695e-02  1.0000         783  [    0     41         30         42 ]
           1       14193      40.378   2.941e-04   4.250e-04   6.395e-01   2.833e-03   2.647e-02  1.0000         792  [    1      6         60         41 ]
           1       14508      41.609   2.941e-04   4.250e-04   6.393e-01   2.827e-03   2.600e-02  1.0000         802  [    0     42         30         41 ]
           1       14837      42.862   2.941e-04   4.250e-04   6.397e-01   2.811e-03   2.600e-02  1.0000         812  [    0     43         30         41 ]
           1       15164      44.258   2.941e-04   4.250e-04   5.335e-01   2.706e-03   2.571e-02  1.0000         820  [    0     44         30         42 ]
           1       15509      45.701   2.633e-04   4.250e-04   5.644e-01   2.670e-03   2.566e-02  1.0000         833  [    0     45         30         42 ]
           1       15847      47.094   2.633e-04   4.250e-04   6.433e-01   2.647e-03   2.558e-02  1.0000         839  [    0     46         30         42 ]
           1       16186      48.645   2.633e-04   4.250e-04   6.018e-01   2.632e-03   2.475e-02  1.0000         848  [    0     47         30         42 ]
           1       16516      49.979   2.633e-04   4.250e-04   6.363e-01   2.585e-03   2.451e-02  1.0000         861  [    0     48         30         44 ]
           1       16872      51.188   2.633e-04   4.250e-04   5.332e-01   2.568e-03   2.372e-02  1.0000         869  [    0     49         30         45 ]
           1       17303      52.851   2.633e-04   4.250e-04   6.180e-01   2.549e-03   2.356e-02  1.0000         874  [    1      7         60         44 ]
           1       17669      54.123   2.633e-04   4.250e-04   6.403e-01   2.549e-03   2.335e-02  1.0000         880  [    0     50         30         45 ]
           1       18025      55.676   2.633e-04   4.250e-04   5.286e-01   2.500e-03   2.333e-02  1.0000         890  [    0     51         30         46 ]
           1       18390      57.026   4.787e-05   4.250e-04   6.354e-01   2.500e-03   2.320e-02  1.0000         896  [    0     52         30         46 ]
           1       18771      58.239   4.787e-05   4.250e-04   6.389e-01   2.495e-03   2.324e-02  1.0000         898  [    0     53         30         48 ]
           1       19151      59.934   4.787e-05   4.250e-04   6.441e-01   2.495e-03   2.311e-02  1.0000         913  [    0     54         30         48 ]
           1       19522      61.631   4.787e-05   1.583e-05   6.425e-01   2.486e-03   2.303e-02  1.0000         923  [    0     55         30         48 ]
           1       19899      63.183   4.787e-05   1.583e-05   6.166e-01   2.468e-03   2.301e-02  1.0000         934  [    0     56         30         47 ]
           1       20281      64.956   4.787e-05   1.583e-05   6.048e-01   2.464e-03   2.278e-02  1.0000         937  [    0     57         30         46 ]
           1       20729      66.491   4.787e-05   1.583e-05   6.096e-01   2.435e-03   2.219e-02  1.0000         958  [    1      8         60         47 ]
           1       21113      68.135   4.787e-05   1.583e-05   6.563e-01   2.430e-03   2.192e-02  1.0000         960  [    0     58         30         46 ]
           1       21502      70.001   4.787e-05   1.583e-05   6.579e-01   2.428e-03   2.193e-02  1.0000         956  [    0     59         30         47 ]
           1       21881      71.413   4.787e-05   1.583e-05   6.284e-01   2.426e-03   2.208e-02  1.0000         941  [    0     60         30         46 ]
           1       22256      73.194   4.787e-05   1.583e-05   5.523e-01   2.420e-03   2.148e-02  1.0000         963  [    0     61         30         48 ]
           1       22639      74.711   4.787e-05   1.583e-05   6.561e-01   2.411e-03   2.145e-02  1.0000         976  [    0     62         30         47 ]
           1       23020      76.194   4.787e-05   1.583e-05   5.511e-01   2.338e-03   2.146e-02  1.0000         957  [    0     63         30         45 ]
           1       23393      77.411   4.787e-05   1.583e-05   5.507e-01   2.303e-03   2.141e-02  1.0000         966  [    0     64         30         45 ]
           2       25357      79.116   4.787e-05   1.583e-05   4.710e-01   4.337e-03   3.988e-02  1.0000         743  [    2      1        120         55 ]
           2       25877      80.523   4.787e-05   1.583e-05   6.071e-01   4.150e-03   4.278e-02  1.0000         448  [    0     65         30         32 ]
           2       26258      81.280   4.787e-05   1.583e-05   6.406e-01   3.823e-03   4.035e-02  1.0000         478  [    1      9         60         31 ]
           2       26782      82.011   1.468e-06   1.583e-05   6.164e-01   3.468e-03   3.775e-02  1.0000         531  [    2      2        120         39 ]
           2       27126      82.950   1.468e-06   1.583e-05   6.599e-01   3.270e-03   3.645e-02  1.0000         518  [    0     66         30         35 ]
           2       27426      83.849   1.468e-06   1.583e-05   6.563e-01   3.231e-03   3.558e-02  1.0000         539  [    0     67         30         35 ]
           2       27730      84.754   1.468e-06   1.583e-05   6.174e-01   3.218e-03   3.500e-02  1.0000         563  [    0     68         30         35 ]
           2       28024      85.668   1.468e-06   1.583e-05   6.547e-01   3.175e-03   3.452e-02  1.0000         572  [    0     69         30         33 ]
           2       28298      86.464   1.468e-06   1.583e-05   6.554e-01   3.125e-03   3.410e-02  1.0000         579  [    0     70         30         33 ]
           2       28599      87.444   1.468e-06   1.583e-05   6.571e-01   2.946e-03   3.333e-02  1.0000         591  [    0     71         30         32 ]
           2       28878      88.599   1.468e-06   1.583e-05   6.410e-01   2.904e-03   3.302e-02  1.0000         594  [    0     72         30         33 ]
           2       29161      89.644   1.468e-06   1.583e-05   6.555e-01   2.902e-03   3.282e-02  1.0000         605  [    0     73         30         32 ]
           2       29502      90.566   1.468e-06   1.583e-05   6.477e-01   2.784e-03   3.233e-02  1.0000         625  [    1     10         60         33 ]
           2       29791      91.651   1.468e-06   1.583e-05   6.399e-01   2.720e-03   3.137e-02  1.0000         615  [    0     74         30         33 ]
           2       30080      92.714   1.468e-06   1.583e-05   5.903e-01   2.720e-03   3.132e-02  1.0000         620  [    0     75         30         33 ]
           2       30375      93.787   1.468e-06   1.583e-05   5.933e-01   2.699e-03   3.125e-02  1.0000         621  [    0     76         30         32 ]
           2       30655      94.681   1.468e-06   1.583e-05   5.962e-01   2.654e-03   3.103e-02  1.0000         628  [    0     77         30         33 ]
           2       30938      95.758   1.468e-06   1.583e-05   6.110e-01   2.654e-03   3.101e-02  1.0000         633  [    0     78         30         33 ]
           2       31224      96.878   1.468e-06   1.583e-05   6.117e-01   2.616e-03   3.064e-02  1.0000         617  [    0     79         30         32 ]
           2       31516      98.006   1.468e-06   1.583e-05   6.135e-01   2.597e-03   3.041e-02  1.0000         608  [    0     80         30         33 ]
           2       31802      99.107   1.468e-06   1.583e-05   6.276e-01   2.563e-03   3.042e-02  1.0000         614  [    0     81         30         33 ]
           2       32169     100.192   1.468e-06   1.583e-05   7.238e-01   2.469e-03   3.004e-02  1.0000         626  [    1     11         60         30 ]
           2       32450     101.144   1.468e-06   1.583e-05   7.258e-01   2.415e-03   2.943e-02  1.0000         626  [    0     82         30         28 ]
           2       32715     102.232   1.468e-06   1.583e-05   6.809e-01   2.372e-03   2.931e-02  1.0000         638  [    0     83         30         28 ]
           2       32979     103.376   1.468e-06   1.583e-05   7.303e-01   2.370e-03   2.940e-02  1.0000         642  [    0     84         30         27 ]
           2       33239     104.343   1.468e-06   1.583e-05   7.289e-01   2.360e-03   2.921e-02  1.0000         641  [    0     85         30         27 ]
           2       33509     105.558   1.468e-06   8.236e-06   7.329e-01   2.287e-03   2.845e-02  1.0000         646  [    0     86         30         26 ]
           2       33756     106.530   1.468e-06   8.236e-06   7.328e-01   2.233e-03   2.834e-02  1.0000         656  [    0     87         30         26 ]
           2       34016     107.651   1.468e-06   8.236e-06   7.168e-01   2.172e-03   2.769e-02  1.0000         668  [    0     88         30         25 ]
           2       34266     108.866   1.468e-06   8.236e-06   7.382e-01   2.082e-03   2.696e-02  1.0000         673  [    0     89         30         26 ]
           2       34597     110.007   1.468e-06   8.236e-06   7.363e-01   2.004e-03   2.588e-02  1.0000         661  [    1     12         60         25 ]
           2       34833     111.249   1.468e-06   8.236e-06   7.749e-01   2.000e-03   2.593e-02  1.0000         646  [    0     90         30         24 ]
           2       35071     112.360   1.468e-06   8.236e-06   7.803e-01   2.000e-03   2.587e-02  1.0000         651  [    0     91         30         23 ]
           2       35308     113.599   1.468e-06   8.236e-06   7.586e-01   1.999e-03   2.555e-02  1.0000         658  [    0     92         30         25 ]
           2       35545     114.765   1.468e-06   8.236e-06   7.051e-01   1.976e-03   2.526e-02  1.0000         668  [    0     93         30         26 ]
           2       35811     116.013   1.468e-06   8.236e-06   7.643e-01   1.966e-03   2.487e-02  1.0000         670  [    0     94         30         26 ]
           2       36065     117.240   1.468e-06   8.236e-06   7.642e-01   1.966e-03   2.487e-02  1.0000         669  [    0     95         30         24 ]
           2       36297     118.413   1.468e-06   8.236e-06   6.548e-01   1.963e-03   2.459e-02  1.0000         663  [    0     96         30         23 ]
           2       36539     119.552   1.468e-06   8.236e-06   6.525e-01   1.930e-03   2.438e-02  1.0000         678  [    0     97         30         23 ]
           2       36849     120.735   1.468e-06   8.236e-06   7.532e-01   1.896e-03   2.420e-02  1.0000         688  [    1     13         60         22 ]
           2       37082     121.836   1.468e-06   8.236e-06   7.532e-01   1.877e-03   2.412e-02  1.0000         696  [    0     98         30         22 ]
           2       37315     122.912   1.468e-06   8.236e-06   6.896e-01   1.877e-03   2.412e-02  1.0000         700  [    0     99         30         22 ]
           2       37552     124.162   1.468e-06   8.236e-06   6.681e-01   1.877e-03   2.412e-02  1.0000         703  [    0    100         30         23 ]
           2       37787     125.319   1.468e-06   8.236e-06   7.488e-01   1.840e-03   2.406e-02  1.0000         702  [    0    101         30         23 ]
           2       38024     126.291   1.468e-06   8.236e-06   7.520e-01   1.769e-03   2.373e-02  1.0000         703  [    0    102         30         22 ]
           2       38254     127.448   1.468e-06   8.236e-06   6.922e-01   1.759e-03   2.364e-02  1.0000         717  [    0    103         30         24 ]
           2       38502     128.716   1.468e-06   8.236e-06   6.959e-01   1.758e-03   2.361e-02  1.0000         714  [    0    104         30         24 ]
           2       38746     129.987   1.468e-06   8.236e-06   7.673e-01   1.754e-03   2.364e-02  1.0000         696  [    0    105         30         21 ]
           2       39057     130.837   1.468e-06   8.236e-06   7.502e-01   1.719e-03   2.336e-02  1.0000         703  [    1     14         60         22 ]
           2       39304     132.033   1.468e-06   8.236e-06   7.687e-01   1.678e-03   2.298e-02  1.0000         715  [    0    106         30         23 ]
           2       39544     133.311   1.468e-06   8.236e-06   7.471e-01   1.665e-03   2.296e-02  1.0000         726  [    0    107         30         24 ]
           2       39787     134.673   1.468e-06   8.236e-06   7.717e-01   1.658e-03   2.295e-02  1.0000         725  [    0    108         30         24 ]
           2       40026     135.799   1.468e-06   8.236e-06   7.563e-01   1.654e-03   2.312e-02  1.0000         725  [    0    109         30         23 ]
           2       40269     136.956   1.468e-06   8.236e-06   6.646e-01   1.645e-03   2.299e-02  1.0000         725  [    0    110         30         25 ]
           2       40500     138.339   1.468e-06   8.236e-06   7.754e-01   1.641e-03   2.297e-02  1.0000         726  [    0    111         30         25 ]
           2       40750     139.360   1.468e-06   8.236e-06   6.665e-01   1.638e-03   2.290e-02  1.0000         731  [    0    112         30         25 ]
           2       41009     140.564   1.468e-06   8.236e-06   7.707e-01   1.635e-03   2.281e-02  1.0000         739  [    0    113         30         25 ]
           2       41355     141.920   1.468e-06   8.236e-06   7.701e-01   1.630e-03   2.244e-02  1.0000         757  [    1     15         60         24 ]
           2       41608     143.234   1.468e-06   8.236e-06   7.065e-01   1.630e-03   2.231e-02  1.0000         743  [    0    114         30         23 ]
           2       41850     144.390   1.468e-06   8.236e-06   7.888e-01   1.624e-03   2.220e-02  1.0000         750  [    0    115         30         22 ]
           2       42094     145.409   1.468e-06   8.236e-06   7.825e-01   1.614e-03   2.163e-02  1.0000         767  [    0    116         30         21 ]
           2       42331     146.824   1.468e-06   8.236e-06   7.822e-01   1.613e-03   2.161e-02  1.0000         770  [    0    117         30         22 ]
           2       42584     148.221   1.468e-06   8.236e-06   7.638e-01   1.601e-03   2.150e-02  1.0000         776  [    0    118         30         23 ]
           2       42821     149.549   1.468e-06   8.236e-06   7.631e-01   1.601e-03   2.149e-02  1.0000         781  [    0    119         30         23 ]
           2       43063     151.070   1.468e-06   8.236e-06   6.908e-01   1.601e-03   2.145e-02  1.0000         793  [    0    120         30         23 ]
           2       43302     152.525   1.468e-06   8.236e-06   7.228e-01   1.601e-03   2.145e-02  1.0000         793  [    0    121         30         22 ]
           2       43596     153.802   1.468e-06   8.236e-06   7.491e-01   1.600e-03   2.139e-02  1.0000         808  [    1     16         60         21 ]
           2       43831     155.125   1.468e-06   8.236e-06   7.687e-01   1.581e-03   2.120e-02  1.0000         816  [    0    122         30         20 ]
           2       44081     156.714   1.468e-06   8.236e-06   7.387e-01   1.551e-03   2.112e-02  1.0000         737  [    0    123         30         17 ]
           2       44296     158.072   1.468e-06   8.236e-06   7.949e-01   1.534e-03   2.094e-02  1.0000         742  [    0    124         30         15 ]
           2       44507     159.166   1.468e-06   8.236e-06   7.923e-01   1.529e-03   2.094e-02  1.0000         749  [    0    125         30         17 ]
           2       44726     160.561   1.468e-06   8.236e-06   7.831e-01   1.529e-03   2.094e-02  1.0000         732  [    0    126         30         16 ]
           2       44938     161.912   1.468e-06   8.236e-06   8.138e-01   1.528e-03   2.093e-02  1.0000         734  [    0    127         30         18 ]
           2       45140     163.299   1.468e-06   8.236e-06   7.049e-01   1.527e-03   2.092e-02  1.0000         738  [    0    128         30         17 ]
           2       45338     164.587   1.468e-06   8.236e-06   8.183e-01   1.526e-03   2.082e-02  1.0000         733  [    0    129         30         16 ]
           2       45614     165.549   1.468e-06   8.236e-06   8.245e-01   1.466e-03   2.040e-02  1.0000         745  [    1     17         60         16 ]
           2       46020     166.928   1.468e-06   8.236e-06   8.180e-01   1.427e-03   2.009e-02  1.0000         772  [    2      3        120         19 ]
           2       46230     168.365   1.468e-06   8.236e-06   8.165e-01   1.427e-03   2.009e-02  1.0000         777  [    0    130         30         19 ]
           2       46434     169.561   1.468e-06   8.236e-06   7.072e-01   1.427e-03   2.010e-02  1.0000         782  [    0    131         30         17 ]
           2       46647     170.836   1.468e-06   8.236e-06   7.711e-01   1.425e-03   2.011e-02  1.0000         785  [    0    132         30         17 ]
           2       46855     171.862   1.468e-06   8.236e-06   7.734e-01   1.422e-03   2.009e-02  1.0000         784  [    0    133         30         18 ]
           2       47060     173.183   1.468e-06   8.236e-06   8.117e-01   1.419e-03   2.006e-02  1.0000         785  [    0    134         30         18 ]
           2       47254     174.591   1.468e-06   8.236e-06   8.116e-01   1.419e-03   2.006e-02  1.0000         789  [    0    135         30         18 ]
           2       47455     176.066   1.468e-06   8.236e-06   7.082e-01   1.419e-03   2.006e-02  1.0000         792  [    0    136         30         18 ]
           2       47657     177.535   1.468e-06   8.236e-06   8.106e-01   1.414e-03   2.005e-02  1.0000         797  [    0    137         30         18 ]
           2       47925     179.040   1.468e-06   8.236e-06   8.106e-01   1.412e-03   1.999e-02  1.0000         801  [    1     18         60         17 ]
           2       48134     180.596   1.468e-06   8.236e-06   7.994e-01   1.412e-03   1.996e-02  1.0000         808  [    0    138         30         18 ]
           2       48347     181.839   1.468e-06   8.236e-06   8.094e-01   1.412e-03   1.996e-02  1.0000         808  [    0    139         30         17 ]
           2       48550     183.313   1.468e-06   8.236e-06   7.971e-01   1.412e-03   1.996e-02  1.0000         815  [    0    140         30         17 ]
           2       48766     184.804   1.468e-06   8.236e-06   7.971e-01   1.409e-03   1.994e-02  1.0000         818  [    0    141         30         17 ]
           2       48961     186.267   1.468e-06   8.236e-06   7.971e-01   1.406e-03   1.993e-02  1.0000         815  [    0    142         30         16 ]
           2       49152     187.832   1.468e-06   8.236e-06   6.846e-01   1.385e-03   1.977e-02  1.0000         821  [    0    143         30         16 ]
           2       49352     189.170   1.468e-06   8.236e-06   7.986e-01   1.384e-03   1.977e-02  1.0000         814  [    0    144         30         15 ]
           2       49545     190.385   1.468e-06   8.236e-06   6.882e-01   1.382e-03   1.975e-02  1.0000         822  [    0    145         30         15 ]
           2       49808     192.027   1.468e-06   8.236e-06   7.927e-01   1.356e-03   1.976e-02  1.0000         834  [    1     19         60         16 ]
           2       50000     193.369   1.468e-06   8.236e-06   8.119e-01   1.334e-03   1.955e-02  1.0000         796  [    0    146         30         16 ]
           2       50180     194.863   1.468e-06   8.236e-06   7.559e-01   1.333e-03   1.954e-02  1.0000         799  [    0    147         30         17 ]
           2       50367     196.421   1.468e-06   8.236e-06   6.942e-01   1.332e-03   1.949e-02  1.0000         802  [    0    148         30         17 ]
           2       50563     197.898   1.468e-06   8.236e-06   7.810e-01   1.331e-03   1.943e-02  1.0000         810  [    0    149         30         18 ]
           2       50770     199.441   1.468e-06   8.236e-06   7.948e-01   1.331e-03   1.943e-02  1.0000         816  [    0    150         30         18 ]
           2       50986     200.866   1.468e-06   8.236e-06   7.125e-01   1.326e-03   1.930e-02  1.0000         819  [    0    151         30         18 ]
           2       51183     202.353   1.468e-06   8.236e-06   7.911e-01   1.325e-03   1.930e-02  1.0000         825  [    0    152         30         18 ]
           2       51400     203.957   1.468e-06   8.236e-06   6.795e-01   1.317e-03   1.918e-02  1.0000         834  [    0    153         30         18 ]
           2       51674     205.286   1.468e-06   8.236e-06   6.775e-01   1.312e-03   1.902e-02  1.0000         831  [    1     20         60         18 ]
           2       51873     206.744   1.468e-06   8.236e-06   6.799e-01   1.312e-03   1.901e-02  1.0000         826  [    0    154         30         16 ]
           2       52064     208.173   1.468e-06   8.236e-06   7.882e-01   1.310e-03   1.901e-02  1.0000         833  [    0    155         30         16 ]
           2       52268     209.519   1.468e-06   8.236e-06   7.906e-01   1.310e-03   1.901e-02  1.0000         831  [    0    156         30         15 ]
           2       52456     210.540   1.468e-06   8.236e-06   7.909e-01   1.310e-03   1.901e-02  1.0000         826  [    0    157         30         16 ]
           2       52650     211.960   1.468e-06   8.236e-06   6.801e-01   1.310e-03   1.901e-02  1.0000         826  [    0    158         30         17 ]
           2       52848     213.032   1.468e-06   8.236e-06   7.317e-01   1.307e-03   1.904e-02  1.0000         817  [    0    159         30         13 ]
           2       53026     214.090   1.468e-06   8.236e-06   7.122e-01   1.299e-03   1.901e-02  1.0000         824  [    0    160         30         16 ]
           2       53209     215.234   1.468e-06   8.236e-06   7.457e-01   1.299e-03   1.901e-02  1.0000         828  [    0    161         30         16 ]
           2       53466     216.600   1.468e-06   8.236e-06   6.854e-01   1.295e-03   1.890e-02  1.0000         840  [    1     21         60         17 ]
           2       53663     217.962   1.468e-06   8.236e-06   7.973e-01   1.292e-03   1.888e-02  1.0000         830  [    0    162         30         16 ]
           2       53852     219.353   1.468e-06   8.236e-06   7.958e-01   1.292e-03   1.888e-02  1.0000         829  [    0    163         30         16 ]
           2       54049     220.479   1.468e-06   8.236e-06   7.995e-01   1.292e-03   1.889e-02  1.0000         830  [    0    164         30         15 ]
           2       54238     221.614   1.468e-06   8.236e-06   7.706e-01   1.291e-03   1.894e-02  1.0000         832  [    0    165         30         15 ]
           2       54431     222.936   1.468e-06   8.236e-06   7.752e-01   1.284e-03   1.888e-02  1.0000         827  [    0    166         30         15 ]
           2       54606     224.079   1.468e-06   8.236e-06   8.164e-01   1.288e-03   1.887e-02  1.0000         833  [    0    167         30         15 ]
           2       54792     225.014   1.468e-06   8.236e-06   8.174e-01   1.288e-03   1.886e-02  1.0000         830  [    0    168         30         13 ]
           2       54981     226.461   1.468e-06   8.236e-06   8.173e-01   1.287e-03   1.884e-02  1.0000         836  [    0    169         30         12 ]
           2       55262     227.845   1.468e-06   8.236e-06   8.170e-01   1.287e-03   1.876e-02  1.0000         840  [    1     22         60         14 ]
           2       55451     228.671   1.468e-06   8.236e-06   8.100e-01   1.287e-03   1.876e-02  1.0000         844  [    0    170         30         14 ]
           2       55636     230.056   1.468e-06   8.236e-06   7.391e-01   1.287e-03   1.876e-02  1.0000         845  [    0    171         30         14 ]
           2       55830     231.503   1.468e-06   8.236e-06   7.801e-01   1.285e-03   1.855e-02  1.0000         850  [    0    172         30         14 ]
           2       56013     233.077   1.468e-06   8.236e-06   8.051e-01   1.267e-03   1.835e-02  1.0000         859  [    0    173         30         12 ]
           2       56200     234.655   1.468e-06   8.236e-06   7.826e-01   1.245e-03   1.803e-02  1.0000         864  [    0    174         30         13 ]
           2       56402     236.244   1.468e-06   8.236e-06   7.783e-01   1.245e-03   1.803e-02  1.0000         867  [    0    175         30         15 ]
           2       56602     237.648   1.468e-06   8.236e-06   7.814e-01   1.237e-03   1.799e-02  1.0000         871  [    0    176         30         15 ]
           2       56801     238.976   1.468e-06   8.236e-06   7.863e-01   1.237e-03   1.799e-02  1.0000         870  [    0    177         30         14 ]
           2       57065     239.929   1.468e-06   8.236e-06   7.013e-01   1.237e-03   1.798e-02  1.0000         870  [    1     23         60         13 ]
           2       57238     241.391   1.468e-06   8.236e-06   7.874e-01   1.237e-03   1.798e-02  1.0000         871  [    0    178         30         14 ]
           2       57432     243.060   1.468e-06   8.236e-06   7.860e-01   1.226e-03   1.789e-02  1.0000         881  [    0    179         30         15 ]
           2       57628     244.686   1.468e-06   8.236e-06   6.975e-01   1.224e-03   1.788e-02  1.0000         885  [    0    180         30         16 ]
           2       57820     246.384   1.468e-06   8.236e-06   6.975e-01   1.224e-03   1.788e-02  1.0000         886  [    0    181         30         16 ]
           2       58022     248.149   1.468e-06   8.236e-06   7.782e-01   1.219e-03   1.785e-02  1.0000         894  [    0    182         30         16 ]
           2       58210     249.559   1.468e-06   8.236e-06   7.782e-01   1.219e-03   1.780e-02  1.0000         895  [    0    183         30         16 ]
           2       58416     251.114   1.468e-06   8.236e-06   8.017e-01   1.218e-03   1.778e-02  1.0000         901  [    0    184         30         15 ]
           2       58622     252.336   1.468e-06   8.236e-06   6.915e-01   1.208e-03   1.757e-02  1.0000         907  [    0    185         30         16 ]
           2       58901     253.735   1.468e-06   8.236e-06   7.981e-01   1.196e-03   1.731e-02  1.0000         928  [    1     24         60         16 ]
           2       59115     255.283   1.468e-06   8.236e-06   6.902e-01   1.194e-03   1.728e-02  1.0000         932  [    0    186         30         19 ]
           2       59318     257.041   1.468e-06   8.236e-06   6.982e-01   1.194e-03   1.728e-02  1.0000         927  [    0    187         30         17 ]
           2       59541     258.896   1.468e-06   8.236e-06   7.728e-01   1.194e-03   1.728e-02  1.0000         929  [    0    188         30         18 ]
           2       59737     260.429   1.468e-06   8.236e-06   7.718e-01   1.194e-03   1.728e-02  1.0000         930  [    0    189         30         15 ]
           2       59938     262.168   1.468e-06   8.236e-06   8.080e-01   1.191e-03   1.727e-02  1.0000         934  [    0    190         30         16 ]
           2       60151     263.793   1.468e-06   8.236e-06   7.086e-01   1.190e-03   1.725e-02  1.0000         923  [    0    191         30         17 ]
           2       60351     265.491   1.468e-06   8.236e-06   6.985e-01   1.190e-03   1.725e-02  1.0000         923  [    0    192         30         17 ]
           2       60550     267.231   1.468e-06   8.236e-06   8.084e-01   1.185e-03   1.720e-02  1.0000         930  [    0    193         30         16 ]
           2       60826     269.034   1.468e-06   8.236e-06   8.257e-01   1.183e-03   1.719e-02  1.0000         917  [    1     25         60         13 ]
           2       61227     270.817   1.468e-06   8.236e-06   6.992e-01   1.141e-03   1.628e-02  1.0000         955  [    2      4        120         14 ]
           2       61417     272.267   1.468e-06   8.236e-06   6.975e-01   1.141e-03   1.627e-02  1.0000         961  [    0    194         30         15 ]
           2       61627     273.992   1.468e-06   8.236e-06   7.014e-01   1.141e-03   1.627e-02  1.0000         959  [    0    195         30         15 ]
           2       61840     275.528   1.468e-06   8.236e-06   8.096e-01   1.141e-03   1.608e-02  1.0000         967  [    0    196         30         17 ]
           2       62041     276.955   1.468e-06   8.236e-06   6.964e-01   1.141e-03   1.608e-02  1.0000         970  [    0    197         30         17 ]
           2       62256     278.788   1.468e-06   8.236e-06   8.033e-01   1.140e-03   1.607e-02  1.0000         974  [    0    198         30         17 ]
           2       62483     280.537   1.468e-06   8.236e-06   8.034e-01   1.139e-03   1.605e-02  1.0000         980  [    0    199         30         17 ]
           2       62698     282.273   1.468e-06   8.236e-06   7.503e-01   1.139e-03   1.605e-02  1.0000         975  [    0    200         30         16 ]
           2       62908     284.024   1.468e-06   8.236e-06   7.506e-01   1.138e-03   1.599e-02  1.0000         979  [    0    201         30         17 ]
           2       63203     285.882   1.468e-06   8.236e-06   8.084e-01   1.127e-03   1.602e-02  1.0000         983  [    1     26         60         16 ]
           2       63407     287.666   1.468e-06   8.236e-06   8.070e-01   1.123e-03   1.601e-02  1.0000         990  [    0    202         30         17 ]
           2       63625     289.647   1.468e-06   8.236e-06   7.469e-01   1.123e-03   1.601e-02  1.0000         983  [    0    203         30         16 ]
           2       63827     291.434   1.468e-06   8.236e-06   8.099e-01   1.111e-03   1.598e-02  1.0000         986  [    0    204         30         15 ]
           2       64033     293.368   1.468e-06   8.236e-06   8.038e-01   1.111e-03   1.598e-02  1.0000         987  [    0    205         30         13 ]
           2       64231     295.124   1.468e-06   8.236e-06   8.038e-01   1.111e-03   1.584e-02  1.0000         988  [    0    206         30         14 ]
           2       64433     296.910   1.468e-06   8.236e-06   7.474e-01   1.108e-03   1.583e-02  1.0000        1003  [    0    207         30         15 ]
           2       64632     298.791   1.468e-06   8.236e-06   6.926e-01   1.106e-03   1.582e-02  1.0000        1008  [    0    208         30         15 ]
           2       64842     300.370   1.468e-06   8.236e-06   8.077e-01   1.105e-03   1.581e-02  1.0000        1002  [    0    209         30         13 ]
           2       65088     302.266   1.468e-06   8.236e-06   6.969e-01   1.105e-03   1.581e-02  1.0000        1007  [    1     27         60         15 ]
           2       65284     304.222   1.468e-06   8.236e-06   7.517e-01   1.103e-03   1.581e-02  1.0000        1008  [    0    210         30         15 ]
           2       65486     305.911   1.468e-06   8.236e-06   7.519e-01   1.103e-03   1.581e-02  1.0000        1010  [    0    211         30         16 ]
           2       65695     307.716   1.468e-06   8.236e-06   8.019e-01   1.103e-03   1.581e-02  1.0000        1015  [    0    212         30         16 ]
           2       65894     309.444   1.468e-06   8.236e-06   8.020e-01   1.097e-03   1.574e-02  1.0000        1019  [    0    213         30         16 ]
           2       66097     311.407   1.468e-06   8.236e-06   8.005e-01   1.096e-03   1.570e-02  1.0000        1030  [    0    214         30         17 ]
           2       66301     313.313   1.468e-06   8.236e-06   7.967e-01   1.096e-03   1.570e-02  1.0000        1038  [    0    215         30         17 ]
           2       66515     315.090   1.468e-06   8.236e-06   7.732e-01   1.096e-03   1.570e-02  1.0000        1041  [    0    216         30         17 ]
           2       66719     316.996   1.468e-06   8.236e-06   7.970e-01   1.095e-03   1.562e-02  1.0000        1049  [    0    217         30         17 ]
           2       67021     318.965   1.468e-06   8.236e-06   7.736e-01   1.094e-03   1.561e-02  1.0000        1053  [    1     28         60         17 ]
           2       67236     320.762   1.468e-06   8.236e-06   7.745e-01   1.093e-03   1.561e-02  1.0000        1052  [    0    218         30         17 ]
           2       67473     322.747   1.468e-06   8.236e-06   7.981e-01   1.092e-03   1.560e-02  1.0000        1056  [    0    219         30         18 ]
           2       67699     324.771   1.468e-06   8.236e-06   7.748e-01   1.081e-03   1.555e-02  1.0000        1059  [    0    220         30         18 ]
           2       67925     326.165   1.468e-06   8.236e-06   8.005e-01   1.081e-03   1.555e-02  1.0000        1064  [    0    221         30         19 ]
           2       68160     327.588   1.468e-06   8.236e-06   8.031e-01   1.072e-03   1.548e-02  1.0000        1067  [    0    222         30         20 ]
           2       68384     329.167   1.468e-06   8.236e-06   8.075e-01   1.070e-03   1.550e-02  1.0000        1065  [    0    223         30         17 ]
           2       68613     331.116   1.468e-06   8.236e-06   7.562e-01   1.070e-03   1.550e-02  1.0000        1066  [    0    224         30         19 ]
           2       68844     333.020   1.468e-06   8.236e-06   8.076e-01   1.070e-03   1.550e-02  1.0000        1067  [    0    225         30         19 ]
           2       69153     335.057   1.468e-06   8.236e-06   7.810e-01   1.068e-03   1.546e-02  1.0000        1082  [    1     29         60         18 ]
           2       69386     337.225   1.468e-06   8.236e-06   8.019e-01   1.052e-03   1.523e-02  1.0000        1091  [    0    226         30         18 ]
           2       69595     339.356   1.468e-06   8.236e-06   6.899e-01   1.052e-03   1.522e-02  1.0000        1093  [    0    227         30         18 ]
           2       69814     341.324   1.468e-06   8.236e-06   8.003e-01   1.052e-03   1.522e-02  1.0000        1088  [    0    228         30         18 ]
           2       70043     343.006   1.468e-06   8.236e-06   8.003e-01   1.051e-03   1.522e-02  1.0000        1089  [    0    229         30         19 ]
           2       70257     344.557   1.468e-06   8.236e-06   8.014e-01   1.047e-03   1.521e-02  1.0000        1089  [    0    230         30         18 ]
           2       70483     346.463   1.468e-06   8.236e-06   7.016e-01   1.047e-03   1.521e-02  1.0000        1097  [    0    231         30         19 ]
           2       70704     348.621   1.468e-06   8.236e-06   8.023e-01   1.047e-03   1.521e-02  1.0000        1097  [    0    232         30         18 ]
           2       70933     350.702   1.468e-06   8.236e-06   7.492e-01   1.047e-03   1.521e-02  1.0000        1090  [    0    233         30         15 ]
           2       71203     352.520   1.468e-06   8.236e-06   6.913e-01   1.047e-03   1.519e-02  1.0000        1101  [    1     30         60         18 ]
           2       71424     354.486   1.468e-06   8.236e-06   8.026e-01   1.047e-03   1.523e-02  1.0000        1099  [    0    234         30         16 ]
           2       71622     356.679   1.468e-06   8.236e-06   7.474e-01   1.044e-03   1.521e-02  1.0000        1113  [    0    235         30         16 ]
           2       71820     358.805   1.468e-06   8.236e-06   7.899e-01   1.043e-03   1.519e-02  1.0000        1116  [    0    236         30         16 ]
           2       72016     360.900   1.468e-06   8.236e-06   7.657e-01   1.042e-03   1.519e-02  1.0000        1109  [    0    237         30         16 ]
           2       72212     363.002   1.468e-06   8.236e-06   8.146e-01   1.039e-03   1.509e-02  1.0000        1077  [    0    238         30         14 ]
           2       72404     364.963   1.468e-06   8.236e-06   7.516e-01   1.036e-03   1.509e-02  1.0000        1080  [    0    239         30         13 ]
           2       72606     366.819   1.468e-06   8.236e-06   6.992e-01   1.029e-03   1.508e-02  1.0000        1087  [    0    240         30         14 ]
           2       72796     368.947   1.468e-06   8.236e-06   6.996e-01   1.029e-03   1.508e-02  1.0000        1090  [    0    241         30         13 ]
           2       73042     371.046   1.468e-06   8.236e-06   7.721e-01   1.028e-03   1.507e-02  1.0000        1092  [    1     31         60         13 ]
           2       73232     373.095   1.468e-06   8.236e-06   8.130e-01   1.028e-03   1.507e-02  1.0000        1094  [    0    242         30         15 ]
           2       73417     375.032   1.468e-06   8.236e-06   8.089e-01   1.028e-03   1.507e-02  1.0000        1101  [    0    243         30         16 ]
           2       73620     377.096   1.468e-06   8.236e-06   7.601e-01   1.025e-03   1.508e-02  1.0000        1098  [    0    244         30         15 ]
           2       73810     379.033   1.468e-06   8.236e-06   7.005e-01   1.014e-03   1.442e-02  1.0000        1116  [    0    245         30         17 ]
           2       74006     381.137   1.468e-06   8.236e-06   7.393e-01   1.014e-03   1.442e-02  1.0000        1124  [    0    246         30         17 ]
           2       74200     383.254   1.468e-06   8.236e-06   8.061e-01   1.014e-03   1.442e-02  1.0000        1124  [    0    247         30         17 ]
           2       74393     385.305   1.468e-06   8.236e-06   8.037e-01   1.013e-03   1.442e-02  1.0000        1132  [    0    248         30         15 ]
           2       74583     387.490   1.468e-06   8.236e-06   7.901e-01   1.010e-03   1.442e-02  1.0000        1135  [    0    249         30         15 ]
           2       74844     389.632   1.468e-06   8.236e-06   8.214e-01   1.008e-03   1.440e-02  1.0000        1108  [    1     32         60         12 ]
           2       75037     391.773   1.468e-06   8.236e-06   8.205e-01   1.008e-03   1.440e-02  1.0000        1111  [    0    250         30         14 ]
           2       75224     393.986   5.260e-07   8.236e-06   7.094e-01   1.006e-03   1.434e-02  1.0000        1119  [    0    251         30         15 ]
           2       75411     396.108   5.260e-07   8.236e-06   7.728e-01   1.006e-03   1.434e-02  1.0000        1125  [    0    252         30         14 ]
           2       75590     398.255   5.260e-07   8.236e-06   8.198e-01   9.840e-04   1.407e-02  1.0000        1139  [    0    253         30         13 ]
           2       75766     400.447   5.260e-07   8.236e-06   8.195e-01   9.836e-04   1.407e-02  1.0000        1146  [    0    254         30         12 ]
           2       75952     402.746   5.260e-07   8.236e-06   7.948e-01   9.836e-04   1.407e-02  1.0000        1143  [    0    255         30         11 ]
           2       76138     404.993   5.260e-07   8.236e-06   8.155e-01   9.814e-04   1.403e-02  1.0000        1154  [    0    256         30         13 ]
           2       76316     407.056   5.260e-07   8.236e-06   8.140e-01   9.814e-04   1.403e-02  1.0000        1161  [    0    257         30         13 ]
           2       76574     409.194   5.260e-07   8.236e-06   8.087e-01   9.772e-04   1.401e-02  1.0000        1171  [    1     33         60         14 ]
           2       76987     411.042   5.260e-07   8.236e-06   7.189e-01   9.752e-04   1.395e-02  1.0000        1146  [    2      5        120         15 ]
           2       77173     412.289   5.260e-07   8.236e-06   7.070e-01   9.708e-04   1.390e-02  1.0000        1141  [    0    258         30         13 ]
           2       77354     413.827   5.260e-07   8.236e-06   7.751e-01   9.676e-04   1.385e-02  1.0000        1143  [    0    259         30         11 ]
           2       77538     415.228   5.260e-07   8.236e-06   8.201e-01   9.676e-04   1.385e-02  1.0000        1143  [    0    260         30         11 ]
           2       77708     417.437   5.260e-07   8.236e-06   8.196e-01   9.676e-04   1.385e-02  1.0000        1145  [    0    261         30         11 ]
           2       77866     419.687   5.260e-07   8.236e-06   8.190e-01   9.676e-04   1.384e-02  1.0000        1145  [    0    262         30         10 ]
           2       78014     421.636   5.260e-07   8.236e-06   7.738e-01   9.675e-04   1.384e-02  1.0000        1147  [    0    263         30         10 ]
           2       78170     423.771   5.260e-07   8.236e-06   8.124e-01   9.675e-04   1.384e-02  1.0000        1151  [    0    264         30         11 ]
           2       78335     425.832   5.260e-07   8.236e-06   8.083e-01   9.675e-04   1.384e-02  1.0000        1157  [    0    265         30         12 ]
           2       78597     427.543   5.260e-07   8.236e-06   7.745e-01   9.652e-04   1.380e-02  1.0000        1179  [    1     34         60         13 ]
           2       78774     429.302   5.260e-07   8.236e-06   7.959e-01   9.636e-04   1.374e-02  1.0000        1190  [    0    266         30         13 ]
           2       78944     431.459   5.260e-07   8.236e-06   7.907e-01   9.545e-04   1.370e-02  1.0000        1203  [    0    267         30         13 ]
           2       79118     433.746   5.260e-07   8.236e-06   6.935e-01   9.545e-04   1.370e-02  1.0000        1189  [    0    268         30         12 ]
           2       79292     435.972   5.260e-07   8.236e-06   7.783e-01   9.516e-04   1.370e-02  1.0000        1200  [    0    269         30         13 ]
           2       79462     438.176   5.260e-07   8.236e-06   8.026e-01   9.502e-04   1.368e-02  1.0000        1197  [    0    270         30         13 ]
           2       79649     440.350   5.260e-07   8.236e-06   8.018e-01   9.501e-04   1.365e-02  1.0000        1187  [    0    271         30         12 ]
           2       79822     442.628   5.260e-07   8.236e-06   8.089e-01   9.487e-04   1.368e-02  1.0000        1186  [    0    272         30         11 ]
           2       79969     444.402   5.260e-07   8.236e-06   8.094e-01   9.487e-04   1.368e-02  1.0000        1189  [    0    273         30         11 ]
           2       80221     446.526   5.260e-07   8.236e-06   7.978e-01   9.348e-04   1.362e-02  1.0000        1201  [    1     35         60         12 ]
           2       80384     448.718   5.260e-07   8.236e-06   7.984e-01   9.319e-04   1.361e-02  1.0000        1208  [    0    274         30         13 ]
           2       80559     451.051   5.260e-07   8.236e-06   6.989e-01   9.319e-04   1.361e-02  1.0000        1210  [    0    275         30         15 ]
           2       80745     453.379   5.260e-07   8.236e-06   8.091e-01   9.319e-04   1.361e-02  1.0000        1208  [    0    276         30         12 ]
           2       80911     455.571   5.260e-07   8.236e-06   7.879e-01   9.319e-04   1.361e-02  1.0000        1211  [    0    277         30         13 ]
           2       81096     457.889   5.260e-07   8.236e-06   8.099e-01   9.319e-04   1.361e-02  1.0000        1211  [    0    278         30         13 ]
           2       81259     459.995   5.260e-07   8.236e-06   8.099e-01   9.319e-04   1.361e-02  1.0000        1212  [    0    279         30         13 ]
           2       81422     462.294   5.260e-07   8.236e-06   8.105e-01   9.311e-04   1.361e-02  1.0000        1217  [    0    280         30         13 ]
           2       81613     464.346   5.260e-07   8.236e-06   7.876e-01   9.295e-04   1.356e-02  1.0000        1222  [    0    281         30         12 ]
           2       81861     466.740   5.260e-07   8.236e-06   8.291e-01   9.293e-04   1.355e-02  1.0000        1194  [    1     36         60         11 ]
           2       82025     468.987   5.260e-07   8.236e-06   8.114e-01   9.278e-04   1.353e-02  1.0000        1204  [    0    282         30         11 ]
           2       82205     471.383   5.260e-07   8.236e-06   8.324e-01   9.278e-04   1.353e-02  1.0000        1202  [    0    283         30         10 ]
           2       82393     473.768   5.260e-07   8.236e-06   7.146e-01   9.278e-04   1.345e-02  1.0000        1212  [    0    284         30         11 ]
           2       82559     475.958   5.260e-07   8.236e-06   7.624e-01   9.278e-04   1.353e-02  1.0000        1208  [    0    285         30         10 ]
           2       82728     478.281   5.260e-07   8.236e-06   7.586e-01   9.275e-04   1.353e-02  1.0000        1216  [    0    286         30         12 ]
           2       82903     480.433   5.260e-07   8.236e-06   7.140e-01   9.250e-04   1.346e-02  1.0000        1224  [    0    287         30         11 ]
           2       83084     482.728   5.260e-07   8.236e-06   7.141e-01   9.245e-04   1.346e-02  1.0000        1222  [    0    288         30         10 ]
           2       83252     484.659   5.260e-07   8.236e-06   8.228e-01   9.244e-04   1.346e-02  1.0000        1230  [    0    289         30         11 ]
           2       83520     486.994   5.260e-07   8.236e-06   7.146e-01   9.235e-04   1.321e-02  1.0000        1241  [    1     37         60         12 ]
           2       83697     489.404   5.260e-07   8.236e-06   7.536e-01   9.229e-04   1.328e-02  1.0000        1247  [    0    290         30         13 ]
           2       83881     491.661   5.260e-07   8.236e-06   8.067e-01   1.165e-03   1.639e-02  1.0000         754  [    0    291         30         14 ]
           2       84055     492.953   5.260e-07   8.236e-06   7.628e-01   1.166e-03   1.640e-02  1.0000         756  [    0    292         30         15 ]
           2       84225     494.212   5.260e-07   8.236e-06   7.299e-01   1.159e-03   1.636e-02  1.0000         760  [    0    293         30         14 ]
           2       84378     495.624   5.260e-07   8.236e-06   7.801e-01   1.159e-03   1.636e-02  1.0000         762  [    0    294         30         14 ]
           2       84533     496.910   5.260e-07   8.236e-06   7.295e-01   1.159e-03   1.636e-02  1.0000         763  [    0    295         30         14 ]
           2       84688     498.299   5.260e-07   8.236e-06   7.964e-01   1.159e-03   1.636e-02  1.0000         765  [    0    296         30         14 ]
           2       84849     499.688   5.260e-07   8.236e-06   7.299e-01   1.158e-03   1.635e-02  1.0000         767  [    0    297         30         14 ]
           2       85084     501.108   5.260e-07   8.236e-06   7.173e-01   1.148e-03   1.610e-02  1.0000         774  [    1     38         60         13 ]
           2       85242     502.542   5.260e-07   8.236e-06   7.881e-01   1.148e-03   1.610e-02  1.0000         768  [    0    298         30         12 ]
           2       85394     503.882   5.260e-07   8.236e-06   6.914e-01   1.148e-03   1.610e-02  1.0000         774  [    0    299         30         13 ]
           2       85552     505.121   5.260e-07   8.236e-06   6.931e-01   1.148e-03   1.610e-02  1.0000         773  [    0    300         30         14 ]
           2       85712     506.435   5.260e-07   8.236e-06   7.625e-01   1.148e-03   1.610e-02  1.0000         772  [    0    301         30         13 ]
           2       85866     507.602   5.260e-07   8.236e-06   8.126e-01   1.148e-03   1.610e-02  1.0000         755  [    0    302         30         13 ]
           2       86024     508.936   5.260e-07   8.236e-06   7.110e-01   1.146e-03   1.605e-02  1.0000         740  [    0    303         30         12 ]
           2       86172     510.243   5.260e-07   8.236e-06   8.196e-01   1.146e-03   1.605e-02  1.0000         741  [    0    304         30         13 ]
           2       86314     511.426   5.260e-07   8.236e-06   7.096e-01   1.145e-03   1.605e-02  1.0000         743  [    0    305         30         13 ]
           2       86550     512.763   5.260e-07   8.236e-06   7.538e-01   1.143e-03   1.612e-02  1.0000         748  [    1     39         60         18 ]
           2       86722     514.178   5.260e-07   8.236e-06   8.178e-01   1.142e-03   1.612e-02  1.0000         749  [    0    306         30         17 ]
           2       86894     515.424   5.260e-07   8.236e-06   8.139e-01   1.140e-03   1.608e-02  1.0000         754  [    0    307         30         17 ]
           2       87074     516.645   5.260e-07   8.236e-06   7.933e-01   1.140e-03   1.608e-02  1.0000         755  [    0    308         30         18 ]
           2       87252     518.076   5.260e-07   8.236e-06   7.592e-01   1.134e-03   1.607e-02  1.0000         768  [    0    309         30         17 ]
           2       87436     519.211   5.260e-07   8.236e-06   7.005e-01   1.134e-03   1.607e-02  1.0000         771  [    0    310         30         18 ]
           2       87616     520.628   5.260e-07   8.236e-06   6.978e-01   1.134e-03   1.607e-02  1.0000         776  [    0    311         30         18 ]
           2       87789     521.699   5.260e-07   8.236e-06   8.074e-01   1.126e-03   1.604e-02  1.0000         787  [    0    312         30         18 ]
           2       87963     523.132   5.260e-07   8.236e-06   6.909e-01   1.125e-03   1.601e-02  1.0000         795  [    0    313         30         18 ]
           2       88212     524.496   5.260e-07   8.236e-06   6.899e-01   1.119e-03   1.566e-02  1.0000         803  [    1     40         60         18 ]
           2       88403     525.859   5.260e-07   8.236e-06   7.660e-01   1.115e-03   1.547e-02  1.0000         815  [    0    314         30         17 ]
           2       88577     527.270   5.260e-07   8.236e-06   6.887e-01   1.115e-03   1.542e-02  1.0000         818  [    0    315         30         17 ]
           2       88742     528.763   5.260e-07   8.236e-06   6.895e-01   1.115e-03   1.541e-02  1.0000         818  [    0    316         30         15 ]
           2       88915     530.181   5.260e-07   8.236e-06   8.001e-01   1.115e-03   1.541e-02  1.0000         813  [    0    317         30         14 ]
           2       89079     531.691   5.260e-07   8.236e-06   6.893e-01   1.113e-03   1.539e-02  1.0000         819  [    0    318         30         16 ]
           2       89242     533.221   5.260e-07   8.236e-06   7.779e-01   1.111e-03   1.539e-02  1.0000         827  [    0    319         30         17 ]
           2       89415     534.543   5.260e-07   8.236e-06   7.297e-01   1.111e-03   1.539e-02  1.0000         832  [    0    320         30         17 ]
           2       89603     536.073   5.260e-07   8.236e-06   8.168e-01   1.110e-03   1.536e-02  1.0000         807  [    0    321         30         14 ]
           2       89847     537.572   5.260e-07   8.236e-06   7.945e-01   1.108e-03   1.534e-02  1.0000         810  [    1     41         60         18 ]
           2       90221     538.944   5.260e-07   8.236e-06   8.061e-01   1.100e-03   1.532e-02  1.0000         835  [    2      6        120         16 ]
           2       90390     540.496   5.260e-07   8.236e-06   7.855e-01   1.098e-03   1.525e-02  1.0000         839  [    0    322         30         15 ]
           2       90560     542.098   5.260e-07   8.236e-06   7.274e-01   1.098e-03   1.525e-02  1.0000         833  [    0    323         30         14 ]
           2       90707     543.649   5.260e-07   8.236e-06   7.882e-01   1.098e-03   1.524e-02  1.0000         835  [    0    324         30         14 ]
           2       90865     545.012   5.260e-07   8.236e-06   7.818e-01   1.097e-03   1.524e-02  1.0000         844  [    0    325         30         14 ]
           2       91032     546.600   5.260e-07   8.236e-06   7.813e-01   1.097e-03   1.522e-02  1.0000         852  [    0    326         30         15 ]
           2       91195     548.141   5.260e-07   8.236e-06   7.935e-01   1.093e-03   1.522e-02  1.0000         861  [    0    327         30         14 ]
           2       91356     549.614   5.260e-07   8.236e-06   7.951e-01   1.085e-03   1.498e-02  1.0000         868  [    0    328         30         14 ]
           2       91515     550.965   5.260e-07   8.236e-06   6.816e-01   1.085e-03   1.498e-02  1.0000         873  [    0    329         30         16 ]
           2       91766     552.564   5.260e-07   8.236e-06   6.777e-01   1.077e-03   1.490e-02  1.0000         882  [    1     42         60         16 ]
           2       91954     554.250   5.260e-07   8.236e-06   7.118e-01   1.075e-03   1.490e-02  1.0000         884  [    0    330         30         16 ]
           2       92134     555.919   5.260e-07   8.236e-06   7.904e-01   1.074e-03   1.489e-02  1.0000         889  [    0    331         30         16 ]
           2       92329     557.662   5.260e-07   8.236e-06   7.774e-01   1.074e-03   1.489e-02  1.0000         884  [    0    332         30         15 ]
           2       92500     559.341   5.260e-07   8.236e-06   7.748e-01   1.072e-03   1.489e-02  1.0000         891  [    0    333         30         16 ]
           2       92672     560.960   5.260e-07   8.236e-06   7.939e-01   1.071e-03   1.488e-02  1.0000         892  [    0    334         30         16 ]
           2       92852     562.528   5.260e-07   8.236e-06   7.728e-01   1.071e-03   1.488e-02  1.0000         900  [    0    335         30         16 ]
           2       93039     564.193   5.260e-07   8.236e-06   7.712e-01   1.070e-03   1.488e-02  1.0000         896  [    0    336         30         16 ]
           2       93225     565.890   5.260e-07   8.236e-06   7.655e-01   1.070e-03   1.487e-02  1.0000         909  [    0    337         30         17 ]
           2       93481     567.647   5.260e-07   8.236e-06   7.884e-01   1.060e-03   1.485e-02  1.0000         913  [    1     43         60         17 ]
           2       93663     569.173   5.260e-07   8.236e-06   7.064e-01   1.060e-03   1.485e-02  1.0000         918  [    0    338         30         18 ]
           2       93857     570.548   5.260e-07   8.236e-06   7.618e-01   1.054e-03   1.449e-02  1.0000         927  [    0    339         30         19 ]
           2       94037     572.183   5.260e-07   8.236e-06   7.641e-01   1.054e-03   1.446e-02  1.0000         930  [    0    340         30         19 ]
           2       94232     573.870   5.260e-07   8.236e-06   7.821e-01   1.049e-03   1.464e-02  1.0000         940  [    0    341         30         18 ]
           2       94423     575.466   5.260e-07   8.236e-06   7.806e-01   1.049e-03   1.464e-02  1.0000         941  [    0    342         30         17 ]
           2       94618     576.755   5.260e-07   8.236e-06   7.836e-01   1.049e-03   1.464e-02  1.0000         932  [    0    343         30         18 ]
           2       94803     578.383   5.260e-07   8.236e-06   6.705e-01   1.049e-03   1.464e-02  1.0000         937  [    0    344         30         18 ]
           2       94993     580.127   5.260e-07   8.236e-06   7.813e-01   1.048e-03   1.464e-02  1.0000         947  [    0    345         30         18 ]
           2       95252     581.844   5.260e-07   8.236e-06   7.800e-01   1.045e-03   1.453e-02  1.0000         930  [    1     44         60         15 ]
           2       95438     583.596   5.260e-07   8.236e-06   7.461e-01   1.042e-03   1.453e-02  1.0000         922  [    0    346         30         15 ]
           2       95611     584.973   5.260e-07   8.236e-06   8.017e-01   1.039e-03   1.451e-02  1.0000         926  [    0    347         30         15 ]
           2       95784     586.719   5.260e-07   8.236e-06   8.070e-01   1.039e-03   1.451e-02  1.0000         922  [    0    348         30         15 ]
           2       95965     588.438   5.260e-07   8.236e-06   8.054e-01   1.036e-03   1.451e-02  1.0000         926  [    0    349         30         15 ]
           2       96140     590.218   5.260e-07   8.236e-06   7.646e-01   1.034e-03   1.449e-02  1.0000         929  [    0    350         30         16 ]
           2       96335     591.809   5.260e-07   8.236e-06   6.927e-01   1.034e-03   1.449e-02  1.0000         932  [    0    351         30         15 ]
           2       96511     593.182   5.260e-07   3.121e-08   6.942e-01   1.033e-03   1.448e-02  1.0000         942  [    0    352         30         15 ]
           2       96675     594.855   5.260e-07   3.121e-08   6.942e-01   1.032e-03   1.436e-02  1.0000         947  [    0    353         30         15 ]
           2       96935     596.314   5.260e-07   3.121e-08   8.052e-01   1.023e-03   1.428e-02  1.0000         971  [    1     45         60         15 ]
           2       97124     598.166   5.260e-07   3.121e-08   8.051e-01   1.023e-03   1.428e-02  1.0000         973  [    0    354         30         16 ]
           2       97334     600.005   5.260e-07   3.121e-08   8.048e-01   1.023e-03   1.429e-02  1.0000         974  [    0    355         30         16 ]
           2       97531     601.905   5.260e-07   3.121e-08   7.657e-01   1.019e-03   1.426e-02  1.0000         969  [    0    356         30         15 ]
           2       97706     603.796   5.260e-07   3.121e-08   7.660e-01   1.013e-03   1.415e-02  1.0000         970  [    0    357         30         16 ]
           2       97889     605.598   5.260e-07   3.121e-08   7.658e-01   1.013e-03   1.415e-02  1.0000         972  [    0    358         30         16 ]
           2       98082     607.208   5.260e-07   3.121e-08   7.797e-01   1.008e-03   1.408e-02  1.0000         983  [    0    359         30         16 ]
           2       98269     609.033   5.260e-07   3.121e-08   6.939e-01   1.008e-03   1.408e-02  1.0000         989  [    0    360         30         16 ]
           2       98455     610.872   5.260e-07   3.121e-08   8.011e-01   1.007e-03   1.407e-02  1.0000         996  [    0    361         30         17 ]
           2       98707     612.755   5.260e-07   3.121e-08   7.978e-01   1.006e-03   1.406e-02  1.0000        1003  [    1     46         60         16 ]
           2       98890     614.506   5.260e-07   3.121e-08   7.687e-01   1.001e-03   1.402e-02  1.0000        1010  [    0    362         30         17 ]
           2       99078     616.342   5.260e-07   3.121e-08   7.945e-01   1.001e-03   1.402e-02  1.0000        1020  [    0    363         30         17 ]
           2       99274     618.188   5.260e-07   3.121e-08   7.839e-01   1.001e-03   1.402e-02  1.0000        1020  [    0    364         30         18 ]
           2       99462     620.107   5.260e-07   3.121e-08   7.945e-01   1.001e-03   1.402e-02  1.0000        1020  [    0    365         30         18 ]
           2       99644     622.162   5.260e-07   3.121e-08   7.945e-01   1.001e-03   1.402e-02  1.0000        1023  [    0    366         30         18 ]
           2       99829     623.988   5.260e-07   3.121e-08   7.622e-01   9.998e-04   1.399e-02  1.0000        1034  [    0    367         30         17 ]
           3      100020     625.764   5.260e-07   3.121e-08   7.631e-01   9.986e-04   1.397e-02  1.0000        1032  [    2      6        120         16 ]
