# Generation  Evaluations  Time (s)  Best_obj[0]  Best_obj[1]  Hypervol.   IGD         IGDX        SR    Appr.set  [ Pop.index  Subgen.  Pop.size  Subpops ]
           0         113       3.085   3.806e-02   7.760e-02   5.971e-01   6.235e-02   2.201e-01  0.0000          32  [    0      1         30         13 ]
           0         236       3.170   3.806e-02   8.794e-03   6.338e-01   4.195e-02   1.808e-01  0.0000          59  [    0      2         30         15 ]
           0         360       3.262   1.583e-02   1.701e-03   6.555e-01   2.888e-02   1.624e-01  0.0000          71  [    0      3         30         15 ]
           0         512       3.407   3.303e-03   1.701e-03   6.868e-01   2.204e-02   1.393e-01  0.0000          95  [    0      4         30         21 ]
           0         684       3.558   3.303e-03   1.701e-03   4.803e-01   2.107e-02   1.285e-01  0.0000         113  [    0      5         30         22 ]
           0         866       3.729   3.303e-03   1.701e-03   6.051e-01   2.006e-02   1.213e-01  0.0000         137  [    0      6         30         22 ]
           0        1061       3.945   3.303e-03   1.701e-03   5.647e-01   1.902e-02   9.954e-02  0.0000         146  [    0      7         30         27 ]
           0        1269       4.174   3.303e-03   1.701e-03   6.031e-01   1.766e-02   9.683e-02  0.0000         154  [    0      8         30         28 ]
           1        1794       4.404   2.281e-04   1.701e-03   4.850e-01   1.132e-02   7.708e-02  0.0000         309  [    1      1         60         42 ]
           1        2109       4.897   2.281e-04   1.701e-03   5.276e-01   1.012e-02   7.306e-02  0.0000         308  [    0      9         30         41 ]
           1        2476       5.339   2.281e-04   1.701e-03   6.179e-01   9.870e-03   7.056e-02  0.0000         349  [    1      2         60         43 ]
           1        2795       5.870   2.281e-04   1.701e-03   6.394e-01   9.469e-03   7.007e-02  0.0000         356  [    0     10         30         44 ]
           1        3102       6.466   2.281e-04   1.701e-03   6.283e-01   8.837e-03   6.792e-02  0.0000         377  [    0     11         30         42 ]
           1        3404       7.047   2.281e-04   1.701e-03   5.958e-01   8.429e-03   6.619e-02  0.5000         398  [    0     12         30         42 ]
           1        3705       7.663   2.281e-04   1.701e-03   6.389e-01   8.377e-03   6.304e-02  0.5000         413  [    0     13         30         41 ]
           1        4021       8.333   2.281e-04   1.701e-03   5.662e-01   7.674e-03   5.685e-02  0.5000         419  [    0     14         30         43 ]
           1        4336       9.019   2.281e-04   1.701e-03   6.391e-01   7.240e-03   5.407e-02  0.5000         435  [    0     15         30         45 ]
           1        4660       9.594   2.281e-04   1.701e-03   5.115e-01   7.065e-03   5.108e-02  0.5000         446  [    0     16         30         47 ]
           1        4997      10.301   2.281e-04   1.701e-03   5.292e-01   6.790e-03   5.138e-02  0.5000         463  [    0     17         30         48 ]
           1        5416      10.745   2.281e-04   1.701e-03   5.092e-01   6.644e-03   4.954e-02  0.5000         498  [    1      3         60         47 ]
           1        5766      11.303   2.281e-04   1.701e-03   5.702e-01   5.479e-03   4.638e-02  0.5000         523  [    0     18         30         48 ]
           1        6112      12.127   2.281e-04   1.701e-03   5.678e-01   5.285e-03   4.311e-02  1.0000         544  [    0     19         30         48 ]
           1        6452      12.923   2.281e-04   7.239e-07   5.643e-01   5.199e-03   4.163e-02  1.0000         557  [    0     20         30         50 ]
           1        6799      13.839   2.281e-04   7.239e-07   4.830e-01   5.123e-03   3.994e-02  1.0000         565  [    0     21         30         50 ]
           1        7151      14.544   2.281e-04   7.239e-07   4.760e-01   5.000e-03   3.976e-02  1.0000         578  [    0     22         30         49 ]
           1        7511      15.213   2.281e-04   7.239e-07   5.896e-01   4.735e-03   3.896e-02  1.0000         590  [    0     23         30         47 ]
           1        7866      15.804   2.281e-04   7.239e-07   5.905e-01   4.729e-03   3.865e-02  1.0000         595  [    0     24         30         48 ]
           1        8211      16.660   2.281e-04   7.239e-07   4.665e-01   4.700e-03   3.842e-02  1.0000         605  [    0     25         30         47 ]
           1        8640      17.537   2.281e-04   7.239e-07   4.690e-01   4.543e-03   3.691e-02  1.0000         627  [    1      4         60         44 ]
           1        9008      18.307   2.281e-04   7.239e-07   5.643e-01   4.261e-03   3.636e-02  1.0000         644  [    0     26         30         45 ]
           1        9363      19.097   2.281e-04   7.239e-07   4.756e-01   4.134e-03   3.399e-02  1.0000         659  [    0     27         30         47 ]
           1        9738      20.030   2.281e-04   7.239e-07   5.839e-01   3.976e-03   3.338e-02  1.0000         672  [    0     28         30         48 ]
           1       10119      21.041   2.281e-04   7.239e-07   5.773e-01   3.946e-03   3.256e-02  1.0000         687  [    0     29         30         48 ]
           1       10502      21.963   2.281e-04   7.239e-07   4.571e-01   3.936e-03   3.243e-02  1.0000         699  [    0     30         30         48 ]
           1       10885      23.181   2.281e-04   7.239e-07   4.589e-01   3.921e-03   3.221e-02  1.0000         716  [    0     31         30         48 ]
           1       11266      23.954   2.281e-04   7.239e-07   4.563e-01   3.921e-03   3.217e-02  1.0000         724  [    0     32         30         48 ]
           1       11649      24.887   2.281e-04   7.239e-07   5.706e-01   3.905e-03   3.173e-02  1.0000         720  [    0     33         30         49 ]
           1       12108      25.750   2.281e-04   7.239e-07   4.612e-01   3.866e-03   3.091e-02  1.0000         745  [    1      5         60         51 ]
           1       12507      26.660   2.281e-04   7.239e-07   4.589e-01   3.771e-03   3.035e-02  1.0000         755  [    0     34         30         49 ]
           1       12886      27.920   2.281e-04   7.239e-07   5.617e-01   3.771e-03   3.007e-02  1.0000         770  [    0     35         30         51 ]
           1       13272      29.327   2.281e-04   7.239e-07   5.718e-01   3.702e-03   2.986e-02  1.0000         770  [    0     36         30         50 ]
           1       13660      30.369   2.281e-04   7.239e-07   4.599e-01   3.487e-03   2.926e-02  1.0000         782  [    0     37         30         50 ]
           1       14051      31.621   2.281e-04   7.239e-07   4.608e-01   3.487e-03   2.926e-02  1.0000         774  [    0     38         30         50 ]
           1       14427      32.929   2.281e-04   7.239e-07   4.711e-01   3.397e-03   2.885e-02  1.0000         775  [    0     39         30         48 ]
           1       14801      33.987   2.281e-04   7.239e-07   5.276e-01   3.349e-03   2.902e-02  1.0000         780  [    0     40         30         49 ]
           1       15170      34.879   2.281e-04   7.239e-07   5.290e-01   3.247e-03   2.840e-02  1.0000         793  [    0     41         30         49 ]
           1       15619      36.288   2.281e-04   7.239e-07   5.507e-01   3.074e-03   2.660e-02  1.0000         827  [    1      6         60         47 ]
           1       15990      37.550   2.281e-04   7.239e-07   5.117e-01   3.065e-03   2.653e-02  1.0000         843  [    0     42         30         46 ]
           1       16365      38.839   2.281e-04   7.239e-07   5.451e-01   3.038e-03   2.670e-02  1.0000         861  [    0     43         30         47 ]
           1       16733      40.079   2.281e-04   7.239e-07   4.804e-01   3.003e-03   2.670e-02  1.0000         870  [    0     44         30         47 ]
           1       17113      41.279   2.281e-04   7.239e-07   5.457e-01   2.949e-03   2.651e-02  1.0000         859  [    0     45         30         47 ]
           1       17493      42.328   2.281e-04   7.239e-07   5.300e-01   2.907e-03   2.620e-02  1.0000         864  [    0     46         30         46 ]
           1       17868      43.408   2.281e-04   7.239e-07   4.905e-01   2.885e-03   2.576e-02  1.0000         876  [    0     47         30         45 ]
           1       18220      44.462   2.281e-04   7.239e-07   4.951e-01   2.866e-03   2.580e-02  1.0000         872  [    0     48         30         44 ]
           1       18591      45.766   2.281e-04   7.239e-07   5.647e-01   2.755e-03   2.493e-02  1.0000         886  [    0     49         30         45 ]
           1       19022      46.939   2.281e-04   7.239e-07   5.666e-01   2.708e-03   2.459e-02  1.0000         907  [    1      7         60         46 ]
           1       19366      48.409   2.281e-04   7.239e-07   4.982e-01   2.708e-03   2.459e-02  1.0000         911  [    0     50         30         46 ]
           1       19719      49.600   2.281e-04   7.239e-07   5.588e-01   2.672e-03   2.413e-02  1.0000         919  [    0     51         30         44 ]
           1       20077      50.964   4.438e-05   7.239e-07   5.589e-01   2.672e-03   2.412e-02  1.0000         929  [    0     52         30         43 ]
           1       20433      52.352   4.438e-05   7.239e-07   5.599e-01   2.672e-03   2.412e-02  1.0000         926  [    0     53         30         43 ]
           1       20789      53.705   4.438e-05   7.239e-07   5.049e-01   2.617e-03   2.407e-02  1.0000         915  [    0     54         30         43 ]
           1       21148      55.012   4.438e-05   7.239e-07   5.029e-01   2.611e-03   2.409e-02  1.0000         923  [    0     55         30         44 ]
           1       21506      56.680   4.438e-05   7.239e-07   5.015e-01   2.611e-03   2.409e-02  1.0000         938  [    0     56         30         45 ]
           1       21862      57.930   4.438e-05   7.239e-07   5.115e-01   2.611e-03   2.409e-02  1.0000         930  [    0     57         30         45 ]
           1       22303      59.406   4.438e-05   7.239e-07   6.102e-01   2.571e-03   2.380e-02  1.0000         932  [    1      8         60         46 ]
           1       22674      60.694   4.438e-05   7.239e-07   5.715e-01   2.548e-03   2.303e-02  1.0000         945  [    0     58         30         43 ]
           1       23026      62.068   4.438e-05   7.239e-07   5.950e-01   2.535e-03   2.293e-02  1.0000         957  [    0     59         30         45 ]
           1       23377      63.500   4.438e-05   7.239e-07   4.875e-01   2.532e-03   2.292e-02  1.0000         959  [    0     60         30         45 ]
           1       23721      64.791   4.438e-05   7.239e-07   6.112e-01   2.524e-03   2.280e-02  1.0000         971  [    0     61         30         44 ]
           1       24082      66.589   8.756e-06   7.239e-07   5.211e-01   2.524e-03   2.289e-02  1.0000         975  [    0     62         30         43 ]
           1       24437      67.822   8.756e-06   7.239e-07   5.810e-01   2.431e-03   2.269e-02  1.0000         987  [    0     63         30         43 ]
           1       24805      68.987   8.756e-06   7.239e-07   6.003e-01   2.420e-03   2.245e-02  1.0000        1000  [    0     64         30         44 ]
           2       26796      70.381   8.756e-06   7.239e-07   3.960e-01   4.463e-03   4.449e-02  1.0000         743  [    2      1        120         53 ]
           2       27305      71.302   8.756e-06   7.239e-07   3.903e-01   4.619e-03   4.667e-02  1.0000         441  [    0     65         30         45 ]
           2       27716      72.023   8.756e-06   7.239e-07   5.888e-01   4.217e-03   4.493e-02  1.0000         385  [    1      9         60         34 ]
           2       28195      72.656   8.756e-06   7.239e-07   5.896e-01   3.584e-03   4.071e-02  1.0000         466  [    2      2        120         32 ]
           2       28489      73.406   8.756e-06   7.239e-07   6.205e-01   3.451e-03   3.901e-02  1.0000         484  [    0     66         30         32 ]
           2       28755      73.951   8.756e-06   7.239e-07   5.198e-01   3.437e-03   3.865e-02  1.0000         490  [    0     67         30         30 ]
           2       29027      74.753   8.756e-06   7.239e-07   5.232e-01   3.401e-03   3.690e-02  1.0000         496  [    0     68         30         31 ]
           2       29288      75.486   8.756e-06   7.239e-07   5.275e-01   3.367e-03   3.642e-02  1.0000         507  [    0     69         30         31 ]
           2       29556      76.339   8.756e-06   7.239e-07   5.498e-01   3.255e-03   3.604e-02  1.0000         495  [    0     70         30         30 ]
           2       29821      77.048   8.756e-06   7.239e-07   5.508e-01   3.188e-03   3.590e-02  1.0000         504  [    0     71         30         30 ]
           2       30083      77.725   8.756e-06   7.239e-07   5.484e-01   3.187e-03   3.570e-02  1.0000         501  [    0     72         30         30 ]
           2       30350      78.316   8.756e-06   7.239e-07   5.453e-01   3.184e-03   3.519e-02  1.0000         520  [    0     73         30         31 ]
           2       30692      78.905   8.756e-06   7.239e-07   5.588e-01   3.143e-03   3.517e-02  1.0000         536  [    1     10         60         31 ]
           2       30958      79.748   8.756e-06   7.239e-07   6.332e-01   3.107e-03   3.510e-02  1.0000         546  [    0     74         30         31 ]
           2       31227      80.445   8.756e-06   7.239e-07   6.602e-01   3.043e-03   3.447e-02  1.0000         562  [    0     75         30         30 ]
           2       31503      81.146   8.756e-06   7.239e-07   5.539e-01   3.036e-03   3.417e-02  1.0000         570  [    0     76         30         34 ]
           2       31778      81.820   8.756e-06   7.239e-07   6.637e-01   3.036e-03   3.399e-02  1.0000         584  [    0     77         30         34 ]
           2       32057      82.556   8.756e-06   7.239e-07   6.623e-01   3.036e-03   3.388e-02  1.0000         586  [    0     78         30         34 ]
           2       32333      83.178   8.756e-06   7.239e-07   6.597e-01   3.036e-03   3.350e-02  1.0000         590  [    0     79         30         32 ]
           2       32625      83.814   8.756e-06   7.239e-07   5.541e-01   2.947e-03   3.236e-02  1.0000         590  [    0     80         30         31 ]
           2       32910      84.596   8.756e-06   7.239e-07   6.673e-01   2.889e-03   3.212e-02  1.0000         585  [    0     81         30         31 ]
           2       33247      85.477   8.756e-06   7.239e-07   6.670e-01   2.841e-03   3.186e-02  1.0000         598  [    1     11         60         32 ]
           2       33533      86.466   8.756e-06   7.239e-07   5.709e-01   2.833e-03   3.152e-02  1.0000         608  [    0     82         30         34 ]
           2       33823      87.239   8.756e-06   7.239e-07   7.050e-01   2.810e-03   3.120e-02  1.0000         597  [    0     83         30         32 ]
           2       34094      88.161   8.756e-06   7.239e-07   7.047e-01   2.766e-03   3.125e-02  1.0000         597  [    0     84         30         31 ]
           2       34363      88.883   8.756e-06   7.239e-07   6.704e-01   2.745e-03   3.103e-02  1.0000         592  [    0     85         30         28 ]
           2       34627      89.591   8.756e-06   7.239e-07   7.081e-01   2.730e-03   3.065e-02  1.0000         595  [    0     86         30         26 ]
           2       34884      90.410   8.756e-06   7.239e-07   6.654e-01   2.706e-03   3.038e-02  1.0000         611  [    0     87         30         29 ]
           2       35154      90.990   8.756e-06   7.239e-07   6.072e-01   2.697e-03   2.981e-02  1.0000         607  [    0     88         30         29 ]
           2       35435      91.762   8.756e-06   7.239e-07   7.286e-01   2.681e-03   3.000e-02  1.0000         590  [    0     89         30         28 ]
           2       35773      92.431   8.756e-06   7.239e-07   6.358e-01   2.587e-03   3.015e-02  1.0000         604  [    1     12         60         27 ]
           2       36018      93.140   8.756e-06   7.239e-07   7.327e-01   2.551e-03   2.992e-02  1.0000         605  [    0     90         30         26 ]
           2       36270      93.997   8.756e-06   7.239e-07   7.357e-01   2.548e-03   2.983e-02  1.0000         596  [    0     91         30         25 ]
           2       36517      94.824   8.756e-06   7.239e-07   7.005e-01   2.544e-03   2.976e-02  1.0000         599  [    0     92         30         26 ]
           2       36774      95.754   8.756e-06   7.239e-07   6.399e-01   2.503e-03   2.937e-02  1.0000         601  [    0     93         30         27 ]
           2       37030      96.744   8.756e-06   7.239e-07   7.250e-01   2.487e-03   2.898e-02  1.0000         593  [    0     94         30         25 ]
           2       37269      97.558   8.756e-06   7.239e-07   6.337e-01   2.465e-03   2.899e-02  1.0000         598  [    0     95         30         25 ]
           2       37504      98.525   8.756e-06   7.239e-07   6.638e-01   2.465e-03   2.898e-02  1.0000         574  [    0     96         30         23 ]
           2       37743      99.207   8.756e-06   7.239e-07   7.213e-01   2.431e-03   2.882e-02  1.0000         582  [    0     97         30         23 ]
           2       38056     100.225   8.756e-06   7.239e-07   6.181e-01   2.426e-03   2.853e-02  1.0000         593  [    1     13         60         23 ]
           2       38291     101.073   8.756e-06   7.239e-07   6.880e-01   2.424e-03   2.849e-02  1.0000         604  [    0     98         30         24 ]
           2       38532     101.953   8.756e-06   7.239e-07   6.038e-01   2.412e-03   2.821e-02  1.0000         614  [    0     99         30         24 ]
           2       38761     103.059   8.756e-06   7.239e-07   6.904e-01   2.412e-03   2.820e-02  1.0000         617  [    0    100         30         23 ]
           2       39004     103.950   8.756e-06   7.239e-07   6.095e-01   2.398e-03   2.807e-02  1.0000         622  [    0    101         30         25 ]
           2       39244     104.982   8.756e-06   7.239e-07   6.154e-01   2.398e-03   2.808e-02  1.0000         608  [    0    102         30         24 ]
           2       39494     105.742   8.756e-06   7.239e-07   7.286e-01   2.379e-03   2.777e-02  1.0000         609  [    0    103         30         23 ]
           2       39723     106.584   8.756e-06   7.239e-07   7.408e-01   2.323e-03   2.721e-02  1.0000         604  [    0    104         30         24 ]
           2       39954     107.636   8.756e-06   7.239e-07   7.414e-01   2.315e-03   2.708e-02  1.0000         604  [    0    105         30         20 ]
           2       40249     108.686   8.756e-06   7.239e-07   7.226e-01   2.276e-03   2.655e-02  1.0000         611  [    1     14         60         19 ]
           2       40460     109.573   8.756e-06   7.239e-07   6.549e-01   2.277e-03   2.656e-02  1.0000         613  [    0    106         30         19 ]
           2       40686     110.379   8.756e-06   7.239e-07   7.544e-01   2.269e-03   2.631e-02  1.0000         620  [    0    107         30         22 ]
           2       40908     111.278   8.756e-06   7.239e-07   6.488e-01   2.258e-03   2.628e-02  1.0000         625  [    0    108         30         22 ]
           2       41133     112.103   8.756e-06   7.239e-07   7.327e-01   2.249e-03   2.596e-02  1.0000         628  [    0    109         30         22 ]
           2       41355     113.095   8.756e-06   7.239e-07   7.327e-01   2.232e-03   2.596e-02  1.0000         632  [    0    110         30         23 ]
           2       41595     114.170   8.756e-06   7.239e-07   6.392e-01   2.229e-03   2.594e-02  1.0000         630  [    0    111         30         22 ]
           2       41823     115.053   8.756e-06   7.239e-07   7.247e-01   2.222e-03   2.587e-02  1.0000         615  [    0    112         30         20 ]
           2       42033     116.218   8.756e-06   7.239e-07   6.397e-01   2.211e-03   2.548e-02  1.0000         625  [    0    113         30         20 ]
           2       42334     117.263   8.756e-06   7.239e-07   7.195e-01   2.178e-03   2.514e-02  1.0000         639  [    1     15         60         23 ]
           2       42557     118.357   8.756e-06   7.239e-07   6.359e-01   2.135e-03   2.472e-02  1.0000         651  [    0    114         30         22 ]
           2       42777     119.280   8.756e-06   7.239e-07   7.353e-01   2.135e-03   2.475e-02  1.0000         649  [    0    115         30         21 ]
           2       43008     120.146   8.756e-06   7.239e-07   7.625e-01   2.055e-03   2.469e-02  1.0000         659  [    0    116         30         22 ]
           2       43238     121.042   8.756e-06   7.239e-07   7.600e-01   2.054e-03   2.456e-02  1.0000         664  [    0    117         30         23 ]
           2       43474     122.173   8.756e-06   7.239e-07   7.395e-01   2.054e-03   2.456e-02  1.0000         664  [    0    118         30         23 ]
           2       43697     123.247   8.756e-06   7.239e-07   7.262e-01   2.052e-03   2.456e-02  1.0000         671  [    0    119         30         24 ]
           2       43932     124.442   8.756e-06   7.239e-07   6.445e-01   2.045e-03   2.455e-02  1.0000         679  [    0    120         30         22 ]
           2       44148     125.610   8.756e-06   7.239e-07   7.499e-01   2.017e-03   2.458e-02  1.0000         688  [    0    121         30         22 ]
           2       44457     126.605   8.756e-06   7.239e-07   7.601e-01   1.979e-03   2.385e-02  1.0000         696  [    1     16         60         20 ]
           2       44669     127.715   8.756e-06   7.239e-07   6.548e-01   1.948e-03   2.357e-02  1.0000         690  [    0    122         30         19 ]
           2       44865     128.575   8.756e-06   7.239e-07   7.627e-01   1.948e-03   2.355e-02  1.0000         693  [    0    123         30         18 ]
           2       45061     129.377   8.756e-06   7.239e-07   7.182e-01   1.943e-03   2.321e-02  1.0000         699  [    0    124         30         18 ]
           2       45262     130.207   8.756e-06   7.239e-07   6.523e-01   1.928e-03   2.342e-02  1.0000         704  [    0    125         30         20 ]
           2       45479     131.284   8.756e-06   7.239e-07   7.626e-01   1.927e-03   2.338e-02  1.0000         703  [    0    126         30         20 ]
           2       45680     131.960   8.756e-06   7.239e-07   6.681e-01   1.909e-03   2.326e-02  1.0000         698  [    0    127         30         19 ]
           2       45881     132.694   8.756e-06   7.239e-07   7.656e-01   1.864e-03   2.291e-02  1.0000         688  [    0    128         30         17 ]
           2       46058     133.966   8.756e-06   7.239e-07   7.656e-01   1.864e-03   2.289e-02  1.0000         689  [    0    129         30         17 ]
           2       46321     134.937   8.756e-06   7.239e-07   7.199e-01   1.846e-03   2.261e-02  1.0000         695  [    1     17         60         18 ]
           2       46736     135.627   8.756e-06   7.239e-07   7.373e-01   1.811e-03   2.224e-02  1.0000         714  [    2      3        120         20 ]
           2       46962     136.536   8.756e-06   7.239e-07   8.095e-01   1.756e-03   2.163e-02  1.0000         710  [    0    130         30         22 ]
           2       47189     137.481   8.756e-06   7.239e-07   8.073e-01   1.735e-03   2.136e-02  1.0000         715  [    0    131         30         21 ]
           2       47403     138.342   8.756e-06   7.239e-07   8.063e-01   1.723e-03   2.122e-02  1.0000         727  [    0    132         30         21 ]
           2       47633     139.443   8.756e-06   7.239e-07   8.063e-01   1.723e-03   2.122e-02  1.0000         728  [    0    133         30         21 ]
           2       47861     140.342   8.756e-06   7.239e-07   8.037e-01   1.696e-03   2.086e-02  1.0000         738  [    0    134         30         21 ]
           2       48092     141.374   8.756e-06   7.239e-07   7.114e-01   1.695e-03   2.083e-02  1.0000         751  [    0    135         30         20 ]
           2       48321     142.415   8.756e-06   7.239e-07   7.771e-01   1.694e-03   2.081e-02  1.0000         753  [    0    136         30         20 ]
           2       48548     143.744   8.756e-06   7.239e-07   7.996e-01   1.687e-03   2.086e-02  1.0000         748  [    0    137         30         20 ]
           2       48843     144.884   8.756e-06   7.239e-07   7.795e-01   1.659e-03   2.077e-02  1.0000         762  [    1     18         60         20 ]
           2       49076     145.864   8.756e-06   7.239e-07   7.070e-01   1.593e-03   2.023e-02  1.0000         768  [    0    138         30         22 ]
           2       49306     147.250   8.756e-06   7.239e-07   7.925e-01   1.586e-03   2.014e-02  1.0000         776  [    0    139         30         22 ]
           2       49552     148.639   8.756e-06   7.239e-07   7.866e-01   1.570e-03   1.991e-02  1.0000         793  [    0    140         30         21 ]
           2       49784     149.994   8.756e-06   7.239e-07   6.769e-01   1.568e-03   1.982e-02  1.0000         803  [    0    141         30         23 ]
           2       50015     151.155   8.756e-06   7.239e-07   7.844e-01   1.566e-03   1.993e-02  1.0000         805  [    0    142         30         21 ]
           2       50250     152.094   8.756e-06   7.239e-07   7.847e-01   1.552e-03   1.989e-02  1.0000         804  [    0    143         30         20 ]
           2       50476     153.183   8.756e-06   7.239e-07   7.814e-01   1.524e-03   1.945e-02  1.0000         814  [    0    144         30         20 ]
           2       50700     154.363   8.756e-06   7.239e-07   6.615e-01   1.523e-03   1.942e-02  1.0000         826  [    0    145         30         20 ]
           2       51008     155.696   8.756e-06   7.239e-07   7.447e-01   1.503e-03   1.922e-02  1.0000         858  [    1     19         60         20 ]
           2       51234     157.205   8.756e-06   7.239e-07   7.651e-01   1.503e-03   1.917e-02  1.0000         861  [    0    146         30         20 ]
           2       51466     158.587   8.756e-06   7.239e-07   7.141e-01   1.498e-03   1.913e-02  1.0000         867  [    0    147         30         20 ]
           2       51709     160.045   8.756e-06   7.239e-07   6.558e-01   1.498e-03   1.903e-02  1.0000         863  [    0    148         30         20 ]
           2       51937     161.185   8.756e-06   7.239e-07   7.246e-01   1.398e-03   1.889e-02  1.0000         859  [    0    149         30         19 ]
           2       52153     162.265   8.756e-06   7.239e-07   7.247e-01   1.383e-03   1.885e-02  1.0000         866  [    0    150         30         19 ]
           2       52368     163.802   8.756e-06   7.239e-07   7.260e-01   1.371e-03   1.880e-02  1.0000         874  [    0    151         30         19 ]
           2       52595     165.212   8.756e-06   7.239e-07   7.705e-01   1.370e-03   1.872e-02  1.0000         880  [    0    152         30         20 ]
           2       52825     166.391   8.756e-06   7.239e-07   7.710e-01   1.370e-03   1.900e-02  1.0000         873  [    0    153         30         19 ]
           2       53135     167.792   8.756e-06   7.239e-07   7.470e-01   1.357e-03   1.891e-02  1.0000         855  [    1     20         60         18 ]
           2       53366     169.163   8.756e-06   7.239e-07   7.939e-01   1.355e-03   1.891e-02  1.0000         865  [    0    154         30         18 ]
           2       53594     170.253   8.756e-06   7.239e-07   6.840e-01   1.355e-03   1.891e-02  1.0000         866  [    0    155         30         18 ]
           2       53829     171.861   8.756e-06   7.239e-07   7.463e-01   1.347e-03   1.884e-02  1.0000         868  [    0    156         30         18 ]
           2       54062     173.278   8.756e-06   7.239e-07   6.843e-01   1.333e-03   1.879e-02  1.0000         876  [    0    157         30         18 ]
           2       54292     174.319   8.756e-06   7.239e-07   7.623e-01   1.333e-03   1.872e-02  1.0000         876  [    0    158         30         17 ]
           2       54514     175.587   8.756e-06   7.239e-07   8.030e-01   1.329e-03   1.862e-02  1.0000         877  [    0    159         30         17 ]
           2       54724     177.192   8.756e-06   7.239e-07   8.058e-01   1.329e-03   1.859e-02  1.0000         875  [    0    160         30         17 ]
           2       54923     178.534   8.756e-06   7.239e-07   8.036e-01   1.329e-03   1.859e-02  1.0000         883  [    0    161         30         17 ]
           2       55226     179.781   8.756e-06   7.239e-07   7.630e-01   1.320e-03   1.845e-02  1.0000         890  [    1     21         60         18 ]
           2       55430     181.433   8.756e-06   7.239e-07   8.038e-01   1.316e-03   1.831e-02  1.0000         892  [    0    162         30         18 ]
           2       55650     182.767   8.756e-06   7.239e-07   7.855e-01   1.303e-03   1.829e-02  1.0000         899  [    0    163         30         18 ]
           2       55879     184.202   8.756e-06   7.239e-07   8.106e-01   1.291e-03   1.808e-02  1.0000         878  [    0    164         30         18 ]
           2       56092     185.730   8.756e-06   7.239e-07   7.805e-01   1.291e-03   1.808e-02  1.0000         879  [    0    165         30         17 ]
           2       56296     187.357   8.756e-06   7.239e-07   6.985e-01   1.290e-03   1.807e-02  1.0000         881  [    0    166         30         18 ]
           2       56507     188.834   8.756e-06   7.239e-07   6.985e-01   1.289e-03   1.807e-02  1.0000         887  [    0    167         30         18 ]
           2       56719     189.753   8.756e-06   7.239e-07   8.058e-01   1.287e-03   1.786e-02  1.0000         900  [    0    168         30         18 ]
           2       56941     190.829   8.756e-06   7.239e-07   7.782e-01   1.285e-03   1.789e-02  1.0000         902  [    0    169         30         17 ]
           2       57214     192.349   8.756e-06   7.239e-07   8.057e-01   1.271e-03   1.773e-02  1.0000         924  [    1     22         60         17 ]
           2       57432     194.080   8.756e-06   7.239e-07   8.053e-01   1.267e-03   1.768e-02  1.0000         932  [    0    170         30         17 ]
           2       57630     195.325   8.756e-06   7.239e-07   8.048e-01   1.267e-03   1.766e-02  1.0000         941  [    0    171         30         17 ]
           2       57838     196.771   8.756e-06   7.239e-07   8.060e-01   1.267e-03   1.766e-02  1.0000         944  [    0    172         30         17 ]
           2       58056     198.158   8.756e-06   7.239e-07   7.765e-01   1.267e-03   1.761e-02  1.0000         953  [    0    173         30         17 ]
           2       58265     199.929   8.756e-06   7.239e-07   6.941e-01   1.267e-03   1.761e-02  1.0000         957  [    0    174         30         17 ]
           2       58486     201.323   8.756e-06   7.239e-07   7.772e-01   1.265e-03   1.753e-02  1.0000         960  [    0    175         30         17 ]
           2       58704     202.479   8.756e-06   7.239e-07   8.077e-01   1.259e-03   1.751e-02  1.0000         971  [    0    176         30         17 ]
           2       58919     203.996   8.756e-06   7.239e-07   7.977e-01   1.246e-03   1.727e-02  1.0000         978  [    0    177         30         17 ]
           2       59213     205.579   8.756e-06   7.239e-07   8.035e-01   1.243e-03   1.720e-02  1.0000         984  [    1     23         60         17 ]
           2       59421     207.364   8.756e-06   7.239e-07   8.033e-01   1.243e-03   1.720e-02  1.0000         985  [    0    178         30         18 ]
           2       59632     209.196   8.756e-06   7.239e-07   8.006e-01   1.243e-03   1.720e-02  1.0000         994  [    0    179         30         18 ]
           2       59859     210.999   8.756e-06   7.239e-07   7.716e-01   1.241e-03   1.719e-02  1.0000        1004  [    0    180         30         18 ]
           2       60089     212.731   8.756e-06   7.239e-07   7.918e-01   1.237e-03   1.710e-02  1.0000        1013  [    0    181         30         18 ]
           2       60300     214.491   8.756e-06   7.239e-07   7.628e-01   1.235e-03   1.709e-02  1.0000        1017  [    0    182         30         18 ]
           2       60538     215.939   8.756e-06   7.239e-07   7.621e-01   1.235e-03   1.707e-02  1.0000        1026  [    0    183         30         18 ]
           2       60758     217.337   8.756e-06   7.239e-07   7.913e-01   1.218e-03   1.700e-02  1.0000        1037  [    0    184         30         18 ]
           2       60996     218.506   8.756e-06   7.239e-07   6.787e-01   1.218e-03   1.700e-02  1.0000        1041  [    0    185         30         18 ]
           2       61321     219.715   8.756e-06   7.239e-07   7.580e-01   1.216e-03   1.699e-02  1.0000        1044  [    1     24         60         19 ]
           2       61537     221.594   8.756e-06   7.239e-07   7.875e-01   1.216e-03   1.678e-02  1.0000        1045  [    0    186         30         18 ]
           2       61768     223.272   8.756e-06   7.239e-07   7.941e-01   1.215e-03   1.678e-02  1.0000        1048  [    0    187         30         18 ]
           2       62008     224.836   8.756e-06   7.239e-07   7.942e-01   1.205e-03   1.675e-02  1.0000        1057  [    0    188         30         19 ]
           2       62240     226.586   8.756e-06   7.239e-07   7.942e-01   1.198e-03   1.671e-02  1.0000        1064  [    0    189         30         19 ]
           2       62481     228.559   8.756e-06   7.239e-07   7.943e-01   1.198e-03   1.671e-02  1.0000        1062  [    0    190         30         17 ]
           2       62715     230.253   8.756e-06   7.239e-07   7.915e-01   1.196e-03   1.662e-02  1.0000        1065  [    0    191         30         17 ]
           2       62946     231.827   8.756e-06   7.239e-07   6.894e-01   1.190e-03   1.662e-02  1.0000        1041  [    0    192         30         16 ]
           2       63165     233.217   8.756e-06   7.239e-07   7.710e-01   1.180e-03   1.658e-02  1.0000        1052  [    0    193         30         17 ]
           2       63468     234.692   8.756e-06   7.239e-07   8.033e-01   1.180e-03   1.627e-02  1.0000        1041  [    1     25         60         18 ]
           2       63927     236.462   8.756e-06   7.239e-07   7.868e-01   1.177e-03   1.625e-02  1.0000        1061  [    2      4        120         20 ]
           2       64173     238.311   8.756e-06   7.239e-07   7.435e-01   1.171e-03   1.622e-02  1.0000        1068  [    0    194         30         22 ]
           2       64432     239.901   8.756e-06   7.239e-07   6.686e-01   1.169e-03   1.622e-02  1.0000        1081  [    0    195         30         22 ]
           2       64674     241.735   8.756e-06   7.239e-07   6.679e-01   1.169e-03   1.622e-02  1.0000        1083  [    0    196         30         22 ]
           2       64927     243.171   8.756e-06   7.239e-07   7.776e-01   1.167e-03   1.622e-02  1.0000        1092  [    0    197         30         23 ]
           2       65185     244.709   8.756e-06   7.239e-07   6.672e-01   1.166e-03   1.616e-02  1.0000        1092  [    0    198         30         21 ]
           2       65431     246.015   8.756e-06   7.239e-07   7.593e-01   1.159e-03   1.620e-02  1.0000        1075  [    0    199         30         20 ]
           2       65667     247.322   8.756e-06   7.239e-07   8.067e-01   1.158e-03   1.631e-02  1.0000        1054  [    0    200         30         19 ]
           2       65904     248.842   8.756e-06   7.239e-07   7.340e-01   1.158e-03   1.619e-02  1.0000        1068  [    0    201         30         20 ]
           2       66222     250.227   8.756e-06   7.239e-07   7.904e-01   1.155e-03   1.605e-02  1.0000        1082  [    1     26         60         21 ]
           2       66465     252.022   8.756e-06   7.239e-07   6.863e-01   1.151e-03   1.588e-02  1.0000        1080  [    0    202         30         20 ]
           2       66695     253.540   8.756e-06   7.239e-07   6.861e-01   1.151e-03   1.592e-02  1.0000        1075  [    0    203         30         19 ]
           2       66928     254.821   4.590e-06   7.239e-07   6.862e-01   1.148e-03   1.592e-02  1.0000        1076  [    0    204         30         18 ]
           2       67162     256.288   4.590e-06   7.239e-07   6.859e-01   1.148e-03   1.592e-02  1.0000        1072  [    0    205         30         18 ]
           2       67390     257.610   4.590e-06   7.239e-07   7.956e-01   1.144e-03   1.590e-02  1.0000        1073  [    0    206         30         20 ]
           2       67621     259.358   4.590e-06   7.239e-07   7.949e-01   1.144e-03   1.589e-02  1.0000        1079  [    0    207         30         20 ]
           2       67852     261.149   4.590e-06   7.239e-07   7.928e-01   1.144e-03   1.589e-02  1.0000        1082  [    0    208         30         20 ]
           2       68081     263.219   4.590e-06   7.239e-07   7.885e-01   1.140e-03   1.587e-02  1.0000        1090  [    0    209         30         19 ]
           2       68391     264.774   4.590e-06   7.239e-07   6.828e-01   1.131e-03   1.551e-02  1.0000        1105  [    1     27         60         18 ]
           2       68624     266.195   4.590e-06   7.239e-07   7.936e-01   1.130e-03   1.551e-02  1.0000        1109  [    0    210         30         19 ]
           2       68838     267.751   4.590e-06   7.239e-07   6.842e-01   1.129e-03   1.549e-02  1.0000        1113  [    0    211         30         19 ]
           2       69056     269.168   4.590e-06   7.239e-07   7.379e-01   1.126e-03   1.547e-02  1.0000        1116  [    0    212         30         18 ]
           2       69270     271.333   4.590e-06   7.239e-07   7.915e-01   1.126e-03   1.547e-02  1.0000        1118  [    0    213         30         19 ]
           2       69521     273.409   4.590e-06   7.239e-07   7.913e-01   1.125e-03   1.548e-02  1.0000        1119  [    0    214         30         17 ]
           2       69736     275.580   4.590e-06   7.239e-07   6.849e-01   1.125e-03   1.546e-02  1.0000        1113  [    0    215         30         15 ]
           2       69964     277.153   4.590e-06   7.239e-07   7.959e-01   1.125e-03   1.546e-02  1.0000        1108  [    0    216         30         16 ]
           2       70177     278.745   4.590e-06   7.239e-07   7.926e-01   1.125e-03   1.546e-02  1.0000        1120  [    0    217         30         16 ]
           2       70468     280.215   4.590e-06   7.239e-07   7.920e-01   1.124e-03   1.545e-02  1.0000        1118  [    1     28         60         15 ]
           2       70678     281.769   4.590e-06   7.239e-07   6.814e-01   1.124e-03   1.545e-02  1.0000        1122  [    0    218         30         16 ]
           2       70899     283.426   4.590e-06   7.239e-07   7.768e-01   1.123e-03   1.544e-02  1.0000        1114  [    0    219         30         15 ]
           2       71109     285.253   4.590e-06   7.239e-07   8.050e-01   1.123e-03   1.544e-02  1.0000        1115  [    0    220         30         15 ]
           2       71325     286.817   4.590e-06   7.239e-07   7.296e-01   1.123e-03   1.543e-02  1.0000        1121  [    0    221         30         15 ]
           2       71538     288.110   4.590e-06   7.239e-07   8.083e-01   1.123e-03   1.543e-02  1.0000        1123  [    0    222         30         15 ]
           2       71732     289.644   4.590e-06   7.239e-07   8.068e-01   1.123e-03   1.572e-02  1.0000        1127  [    0    223         30         14 ]
           2       71936     291.062   4.590e-06   7.239e-07   8.055e-01   1.123e-03   1.572e-02  1.0000        1131  [    0    224         30         14 ]
           2       72143     292.642   4.590e-06   7.239e-07   8.061e-01   1.123e-03   1.572e-02  1.0000        1133  [    0    225         30         14 ]
           2       72439     294.310   4.590e-06   7.239e-07   7.859e-01   1.102e-03   1.554e-02  1.0000        1146  [    1     29         60         14 ]
           2       72640     296.196   4.590e-06   7.239e-07   8.055e-01   1.073e-03   1.539e-02  1.0000        1144  [    0    226         30         13 ]
           2       72844     297.873   4.590e-06   7.239e-07   7.428e-01   1.072e-03   1.538e-02  1.0000        1152  [    0    227         30         14 ]
           2       73050     299.890   4.590e-06   7.239e-07   7.726e-01   1.072e-03   1.535e-02  1.0000        1156  [    0    228         30         13 ]
           2       73248     301.814   4.590e-06   7.239e-07   8.087e-01   1.056e-03   1.544e-02  1.0000        1154  [    0    229         30         12 ]
           2       73443     303.487   4.590e-06   7.239e-07   7.992e-01   1.056e-03   1.533e-02  1.0000        1143  [    0    230         30         11 ]
           2       73612     305.278   4.590e-06   7.239e-07   7.992e-01   1.040e-03   1.521e-02  1.0000        1148  [    0    231         30         11 ]
           2       73793     306.775   4.590e-06   7.239e-07   8.158e-01   1.040e-03   1.521e-02  1.0000        1148  [    0    232         30         11 ]
           2       73966     308.296   4.590e-06   7.239e-07   7.984e-01   1.039e-03   1.520e-02  1.0000        1149  [    0    233         30         10 ]
           2       74211     309.752   4.590e-06   7.239e-07   8.265e-01   1.039e-03   1.519e-02  1.0000        1136  [    1     30         60         10 ]
           2       74379     311.364   4.590e-06   7.239e-07   8.275e-01   1.039e-03   1.519e-02  1.0000        1133  [    0    234         30         10 ]
           2       74547     313.117   4.590e-06   7.239e-07   7.704e-01   1.038e-03   1.490e-02  1.0000        1135  [    0    235         30         10 ]
           2       74729     314.919   4.590e-06   7.239e-07   8.239e-01   1.029e-03   1.465e-02  1.0000        1139  [    0    236         30         10 ]
           2       74903     316.419   4.590e-06   7.239e-07   7.151e-01   1.029e-03   1.465e-02  1.0000        1143  [    0    237         30         12 ]
           2       75090     317.940   4.590e-06   7.239e-07   7.660e-01   1.029e-03   1.465e-02  1.0000        1136  [    0    238         30         10 ]
           2       75269     319.891   4.590e-06   7.239e-07   7.123e-01   1.029e-03   1.465e-02  1.0000        1142  [    0    239         30         11 ]
           2       75443     321.195   4.590e-06   7.239e-07   7.979e-01   1.029e-03   1.454e-02  1.0000        1146  [    0    240         30         11 ]
           2       75618     322.708   4.590e-06   7.239e-07   7.975e-01   1.029e-03   1.454e-02  1.0000        1141  [    0    241         30         10 ]
           2       75870     324.641   4.590e-06   7.239e-07   7.946e-01   1.028e-03   1.452e-02  1.0000        1154  [    1     31         60          9 ]
           2       76043     326.882   4.590e-06   7.239e-07   7.946e-01   1.026e-03   1.452e-02  1.0000        1162  [    0    242         30          9 ]
           2       76193     329.109   4.590e-06   7.239e-07   7.946e-01   1.022e-03   1.444e-02  1.0000        1167  [    0    243         30         10 ]
           2       76372     331.292   4.590e-06   7.239e-07   8.172e-01   1.022e-03   1.444e-02  1.0000        1170  [    0    244         30         10 ]
           2       76549     333.366   4.590e-06   7.239e-07   8.172e-01   1.022e-03   1.444e-02  1.0000        1170  [    0    245         30         10 ]
           2       76725     334.971   4.590e-06   7.239e-07   7.988e-01   1.022e-03   1.444e-02  1.0000        1163  [    0    246         30         11 ]
           2       76906     336.653   4.590e-06   7.239e-07   7.975e-01   1.022e-03   1.444e-02  1.0000        1169  [    0    247         30         11 ]
           2       77098     338.436   4.590e-06   7.239e-07   8.263e-01   1.022e-03   1.444e-02  1.0000        1162  [    0    248         30         10 ]
           2       77269     340.027   4.590e-06   7.239e-07   8.251e-01   1.021e-03   1.442e-02  1.0000        1162  [    0    249         30         10 ]
           2       77507     341.766   4.590e-06   7.239e-07   8.231e-01   1.010e-03   1.441e-02  1.0000        1173  [    1     32         60         10 ]
           2       77674     343.286   4.590e-06   7.239e-07   8.232e-01   1.009e-03   1.437e-02  1.0000        1173  [    0    250         30         10 ]
           2       77847     344.874   4.590e-06   7.239e-07   8.235e-01   1.003e-03   1.424e-02  1.0000        1182  [    0    251         30          9 ]
           2       78015     346.615   4.590e-06   7.239e-07   8.236e-01   1.003e-03   1.421e-02  1.0000        1183  [    0    252         30          9 ]
           2       78175     348.680   4.590e-06   7.239e-07   8.224e-01   1.003e-03   1.421e-02  1.0000        1187  [    0    253         30          9 ]
           2       78334     350.154   4.590e-06   7.239e-07   8.200e-01   1.001e-03   1.420e-02  1.0000        1195  [    0    254         30          9 ]
           2       78488     352.046   4.590e-06   7.239e-07   8.192e-01   1.000e-03   1.420e-02  1.0000        1203  [    0    255         30          9 ]
           2       78651     354.108   4.590e-06   7.239e-07   8.197e-01   1.000e-03   1.419e-02  1.0000        1204  [    0    256         30          9 ]
           2       78820     356.193   4.590e-06   7.239e-07   8.179e-01   9.994e-04   1.416e-02  1.0000        1206  [    0    257         30          9 ]
           2       79051     357.897   4.590e-06   7.239e-07   8.185e-01   9.929e-04   1.397e-02  1.0000        1218  [    1     33         60         10 ]
           2       79419     360.019   4.590e-06   7.239e-07   8.211e-01   9.841e-04   1.363e-02  1.0000        1202  [    2      5        120         12 ]
           2       79596     362.266   4.590e-06   7.239e-07   8.214e-01   9.833e-04   1.363e-02  1.0000        1199  [    0    258         30         11 ]
           2       79759     364.100   4.590e-06   7.239e-07   8.203e-01   9.831e-04   1.350e-02  1.0000        1204  [    0    259         30         11 ]
           2       79936     366.096   4.590e-06   7.239e-07   8.228e-01   9.788e-04   1.347e-02  1.0000        1206  [    0    260         30         11 ]
           2       80093     367.622   4.590e-06   7.239e-07   8.230e-01   9.778e-04   1.342e-02  1.0000        1213  [    0    261         30         11 ]
           2       80264     369.539   4.590e-06   7.239e-07   7.072e-01   9.778e-04   1.324e-02  1.0000        1219  [    0    262         30         12 ]
           2       80438     371.423   4.590e-06   7.239e-07   8.177e-01   9.775e-04   1.342e-02  1.0000        1219  [    0    263         30         11 ]
           2       80597     373.384   4.590e-06   7.239e-07   8.115e-01   9.700e-04   1.339e-02  1.0000        1224  [    0    264         30         11 ]
           2       80766     375.442   4.590e-06   7.239e-07   8.127e-01   9.700e-04   1.338e-02  1.0000        1223  [    0    265         30         11 ]
           2       81031     377.640   4.590e-06   7.239e-07   8.143e-01   9.691e-04   1.338e-02  1.0000        1223  [    1     34         60         12 ]
           2       81216     379.506   4.590e-06   7.239e-07   8.116e-01   9.682e-04   1.338e-02  1.0000        1228  [    0    266         30         12 ]
           2       81406     381.304   4.590e-06   7.239e-07   8.091e-01   9.682e-04   1.338e-02  1.0000        1234  [    0    267         30         12 ]
           2       81579     383.143   4.590e-06   7.239e-07   7.113e-01   9.561e-04   1.332e-02  1.0000        1214  [    0    268         30         12 ]
           2       81776     384.905   4.590e-06   7.239e-07   8.086e-01   9.561e-04   1.332e-02  1.0000        1216  [    0    269         30         12 ]
           2       81957     386.495   4.590e-06   7.239e-07   7.376e-01   9.561e-04   1.332e-02  1.0000        1217  [    0    270         30         14 ]
           2       82158     388.257   4.590e-06   7.239e-07   8.027e-01   9.557e-04   1.327e-02  1.0000        1216  [    0    271         30         12 ]
           2       82346     389.721   4.590e-06   7.239e-07   8.088e-01   9.497e-04   1.320e-02  1.0000        1194  [    0    272         30         10 ]
           2       82516     391.225   4.590e-06   7.239e-07   8.088e-01   9.495e-04   1.319e-02  1.0000        1201  [    0    273         30         12 ]
           2       82791     392.775   4.590e-06   7.239e-07   6.962e-01   9.465e-04   1.313e-02  1.0000        1213  [    1     35         60         15 ]
           2       82999     394.354   4.590e-06   7.239e-07   8.051e-01   9.465e-04   1.313e-02  1.0000        1214  [    0    274         30         14 ]
           2       83188     396.267   4.590e-06   7.239e-07   8.051e-01   9.465e-04   1.313e-02  1.0000        1215  [    0    275         30         13 ]
           2       83378     397.865   4.590e-06   7.239e-07   8.062e-01   9.465e-04   1.313e-02  1.0000        1214  [    0    276         30         13 ]
           2       83571     399.491   4.590e-06   7.239e-07   8.017e-01   9.456e-04   1.313e-02  1.0000        1219  [    0    277         30         13 ]
           2       83757     401.164   4.590e-06   7.239e-07   7.876e-01   9.456e-04   1.313e-02  1.0000        1218  [    0    278         30         13 ]
           2       83948     402.953   4.590e-06   7.239e-07   7.992e-01   9.456e-04   1.313e-02  1.0000        1219  [    0    279         30         13 ]
           2       84139     404.954   4.590e-06   7.239e-07   7.423e-01   9.455e-04   1.313e-02  1.0000        1233  [    0    280         30         13 ]
           2       84316     406.857   4.590e-06   7.239e-07   7.779e-01   9.453e-04   1.313e-02  1.0000        1233  [    0    281         30         13 ]
           2       84580     408.594   4.590e-06   7.239e-07   6.849e-01   9.424e-04   1.313e-02  1.0000        1240  [    1     36         60         15 ]
           2       84768     410.889   4.590e-06   7.239e-07   7.915e-01   9.415e-04   1.305e-02  1.0000        1243  [    0    282         30         13 ]
           2       84967     413.024   4.590e-06   7.239e-07   6.852e-01   9.415e-04   1.305e-02  1.0000        1245  [    0    283         30         13 ]
           2       85166     415.101   4.590e-06   7.239e-07   7.571e-01   9.415e-04   1.305e-02  1.0000        1244  [    0    284         30         13 ]
           2       85342     417.119   4.590e-06   7.239e-07   7.913e-01   9.391e-04   1.303e-02  1.0000        1249  [    0    285         30         13 ]
           2       85541     419.029   4.590e-06   7.239e-07   7.679e-01   1.226e-03   1.641e-02  1.0000         746  [    0    286         30         12 ]
           2       85690     420.060   4.590e-06   7.239e-07   7.422e-01   1.228e-03   1.641e-02  1.0000         746  [    0    287         30         12 ]
           2       85855     421.472   4.590e-06   7.239e-07   7.402e-01   1.219e-03   1.637e-02  1.0000         750  [    0    288         30         12 ]
           2       86024     422.763   4.590e-06   7.239e-07   6.579e-01   1.215e-03   1.630e-02  1.0000         747  [    0    289         30         13 ]
           2       86268     424.063   4.590e-06   7.239e-07   6.969e-01   1.206e-03   1.625e-02  1.0000         752  [    1     37         60         12 ]
           2       86419     425.349   4.590e-06   7.239e-07   7.712e-01   1.206e-03   1.625e-02  1.0000         755  [    0    290         30         13 ]
           2       86577     426.178   4.590e-06   7.239e-07   7.053e-01   1.205e-03   1.625e-02  1.0000         747  [    0    291         30         11 ]
           2       86732     427.208   4.590e-06   7.239e-07   7.843e-01   1.205e-03   1.625e-02  1.0000         739  [    0    292         30         11 ]
           2       86879     428.487   4.590e-06   7.239e-07   7.841e-01   1.201e-03   1.625e-02  1.0000         744  [    0    293         30         13 ]
           2       87044     429.815   4.590e-06   7.239e-07   6.614e-01   1.191e-03   1.629e-02  1.0000         754  [    0    294         30         13 ]
           2       87205     430.975   4.590e-06   7.239e-07   7.749e-01   1.185e-03   1.626e-02  1.0000         755  [    0    295         30         13 ]
           2       87374     432.166   4.590e-06   7.239e-07   7.126e-01   1.185e-03   1.626e-02  1.0000         760  [    0    296         30         15 ]
           2       87550     433.382   4.590e-06   7.239e-07   6.647e-01   1.185e-03   1.626e-02  1.0000         756  [    0    297         30         13 ]
           2       87768     434.382   4.590e-06   7.239e-07   7.549e-01   1.183e-03   1.624e-02  1.0000         762  [    1     38         60         13 ]
           2       87936     435.220   4.590e-06   7.239e-07   7.703e-01   1.183e-03   1.624e-02  1.0000         766  [    0    298         30         15 ]
           2       88105     436.437   4.590e-06   7.239e-07   7.688e-01   1.177e-03   1.622e-02  1.0000         774  [    0    299         30         15 ]
           2       88289     437.793   4.590e-06   7.239e-07   6.617e-01   1.175e-03   1.622e-02  1.0000         773  [    0    300         30         15 ]
           2       88457     438.769   4.590e-06   7.239e-07   7.519e-01   1.175e-03   1.616e-02  1.0000         781  [    0    301         30         16 ]
           2       88646     439.757   4.590e-06   7.239e-07   7.562e-01   1.170e-03   1.612e-02  1.0000         779  [    0    302         30         15 ]
           2       88816     440.861   4.590e-06   7.239e-07   7.904e-01   1.170e-03   1.612e-02  1.0000         764  [    0    303         30         14 ]
           2       89000     442.263   4.590e-06   7.239e-07   7.073e-01   1.170e-03   1.612e-02  1.0000         769  [    0    304         30         15 ]
           2       89172     443.301   4.590e-06   7.239e-07   7.781e-01   1.170e-03   1.612e-02  1.0000         781  [    0    305         30         16 ]
           2       89418     444.334   4.590e-06   7.239e-07   6.630e-01   1.168e-03   1.599e-02  1.0000         787  [    1     39         60         18 ]
           2       89607     445.721   4.590e-06   7.239e-07   7.728e-01   1.161e-03   1.582e-02  1.0000         794  [    0    306         30         18 ]
           2       89797     446.659   4.590e-06   7.239e-07   7.755e-01   1.158e-03   1.571e-02  1.0000         795  [    0    307         30         16 ]
           2       89984     447.907   4.590e-06   7.239e-07   6.668e-01   1.157e-03   1.570e-02  1.0000         805  [    0    308         30         15 ]
           2       90172     449.165   4.590e-06   7.239e-07   6.645e-01   1.157e-03   1.570e-02  1.0000         804  [    0    309         30         16 ]
           2       90348     450.252   4.590e-06   7.239e-07   7.423e-01   1.157e-03   1.573e-02  1.0000         806  [    0    310         30         14 ]
           2       90512     451.263   4.590e-06   7.239e-07   7.371e-01   1.153e-03   1.569e-02  1.0000         815  [    0    311         30         14 ]
           2       90673     452.810   4.590e-06   7.239e-07   7.693e-01   1.151e-03   1.566e-02  1.0000         810  [    0    312         30         14 ]
           2       90844     454.280   4.590e-06   7.239e-07   7.659e-01   1.150e-03   1.560e-02  1.0000         817  [    0    313         30         14 ]
           2       91089     455.591   4.590e-06   7.239e-07   7.715e-01   1.145e-03   1.556e-02  1.0000         824  [    1     40         60         15 ]
           2       91258     456.618   4.590e-06   7.239e-07   6.785e-01   1.145e-03   1.556e-02  1.0000         819  [    0    314         30         14 ]
           2       91423     457.585   4.590e-06   7.239e-07   7.584e-01   1.140e-03   1.553e-02  1.0000         822  [    0    315         30         13 ]
           2       91590     459.087   4.590e-06   7.239e-07   7.773e-01   1.137e-03   1.551e-02  1.0000         828  [    0    316         30         14 ]
           2       91765     460.563   4.590e-06   7.239e-07   7.698e-01   1.133e-03   1.543e-02  1.0000         796  [    0    317         30         13 ]
           2       91927     461.941   4.590e-06   7.239e-07   6.903e-01   1.129e-03   1.541e-02  1.0000         804  [    0    318         30         13 ]
           2       92093     463.431   4.590e-06   7.239e-07   7.733e-01   1.129e-03   1.541e-02  1.0000         804  [    0    319         30         13 ]
           2       92249     464.675   4.590e-06   7.239e-07   6.766e-01   1.129e-03   1.541e-02  1.0000         807  [    0    320         30         13 ]
           2       92424     465.873   4.590e-06   7.239e-07   7.863e-01   1.129e-03   1.541e-02  1.0000         810  [    0    321         30         13 ]
           2       92670     467.138   4.590e-06   7.239e-07   7.693e-01   1.122e-03   1.541e-02  1.0000         820  [    1     41         60         14 ]
           2       93058     468.312   4.590e-06   7.239e-07   7.880e-01   1.115e-03   1.533e-02  1.0000         824  [    2      6        120         14 ]
           2       93230     469.391   4.590e-06   7.239e-07   7.924e-01   1.114e-03   1.533e-02  1.0000         821  [    0    322         30         12 ]
           2       93386     470.668   4.590e-06   7.239e-07   7.933e-01   1.114e-03   1.533e-02  1.0000         821  [    0    323         30         12 ]
           2       93553     471.971   4.590e-06   7.239e-07   7.933e-01   1.114e-03   1.533e-02  1.0000         822  [    0    324         30         12 ]
           2       93722     473.423   4.590e-06   7.239e-07   7.947e-01   1.113e-03   1.532e-02  1.0000         816  [    0    325         30         11 ]
           2       93884     474.850   4.590e-06   7.239e-07   7.079e-01   1.106e-03   1.532e-02  1.0000         823  [    0    326         30         12 ]
           2       94046     476.197   4.590e-06   7.239e-07   7.897e-01   1.104e-03   1.530e-02  1.0000         827  [    0    327         30         12 ]
           2       94219     477.422   4.590e-06   7.239e-07   7.889e-01   1.100e-03   1.530e-02  1.0000         835  [    0    328         30         14 ]
           2       94410     478.771   4.590e-06   7.239e-07   7.268e-01   1.098e-03   1.527e-02  1.0000         839  [    0    329         30         13 ]
           2       94679     479.976   4.590e-06   7.239e-07   7.927e-01   1.089e-03   1.513e-02  1.0000         846  [    1     42         60         13 ]
           2       94868     481.431   4.590e-06   7.239e-07   6.770e-01   1.087e-03   1.508e-02  1.0000         851  [    0    330         30         13 ]
           2       95044     482.838   4.590e-06   7.239e-07   7.867e-01   1.087e-03   1.508e-02  1.0000         859  [    0    331         30         14 ]
           2       95231     484.213   4.590e-06   7.239e-07   7.470e-01   1.086e-03   1.504e-02  1.0000         864  [    0    332         30         13 ]
           2       95416     485.348   4.590e-06   7.239e-07   7.819e-01   1.084e-03   1.503e-02  1.0000         868  [    0    333         30         12 ]
           2       95584     486.487   4.590e-06   7.239e-07   7.638e-01   1.083e-03   1.503e-02  1.0000         875  [    0    334         30         13 ]
           2       95777     487.552   4.590e-06   7.239e-07   6.837e-01   1.075e-03   1.476e-02  1.0000         860  [    0    335         30         12 ]
           2       95948     488.576   4.590e-06   7.239e-07   8.030e-01   1.067e-03   1.473e-02  1.0000         836  [    0    336         30          9 ]
           2       96111     489.683   4.590e-06   7.239e-07   7.076e-01   1.067e-03   1.473e-02  1.0000         840  [    0    337         30          9 ]
           2       96344     491.122   4.590e-06   7.239e-07   7.218e-01   1.066e-03   1.471e-02  1.0000         819  [    1     43         60          9 ]
           2       96495     492.604   4.590e-06   7.239e-07   7.219e-01   1.059e-03   1.464e-02  1.0000         831  [    0    338         30         11 ]
           2       96655     493.735   4.590e-06   7.239e-07   8.320e-01   1.057e-03   1.460e-02  1.0000         833  [    0    339         30          9 ]
           2       96813     494.804   4.590e-06   7.239e-07   7.250e-01   1.057e-03   1.460e-02  1.0000         833  [    0    340         30          8 ]
           2       96970     495.916   4.590e-06   7.239e-07   7.250e-01   1.057e-03   1.460e-02  1.0000         833  [    0    341         30          8 ]
           2       97113     497.208   4.590e-06   7.239e-07   7.625e-01   1.051e-03   1.454e-02  1.0000         849  [    0    342         30          9 ]
           2       97268     498.373   4.590e-06   7.239e-07   8.292e-01   1.049e-03   1.454e-02  1.0000         855  [    0    343         30         10 ]
           2       97421     499.556   4.590e-06   7.239e-07   8.255e-01   1.046e-03   1.452e-02  1.0000         864  [    0    344         30          9 ]
           2       97579     500.777   4.590e-06   7.239e-07   7.131e-01   1.046e-03   1.452e-02  1.0000         868  [    0    345         30         10 ]
           2       97790     502.192   4.590e-06   7.239e-07   8.190e-01   1.045e-03   1.452e-02  1.0000         875  [    1     44         60         10 ]
           2       97939     503.783   4.590e-06   7.239e-07   8.196e-01   1.045e-03   1.452e-02  1.0000         877  [    0    346         30         12 ]
           2       98105     504.967   4.590e-06   7.239e-07   7.769e-01   1.043e-03   1.452e-02  1.0000         873  [    0    347         30         11 ]
           2       98262     506.394   4.590e-06   7.239e-07   8.239e-01   1.039e-03   1.451e-02  1.0000         872  [    0    348         30         10 ]
           2       98409     507.784   4.590e-06   7.239e-07   7.074e-01   1.039e-03   1.450e-02  1.0000         881  [    0    349         30          9 ]
           2       98561     509.231   4.590e-06   7.239e-07   8.171e-01   1.039e-03   1.450e-02  1.0000         882  [    0    350         30         10 ]
           2       98723     510.836   4.590e-06   7.239e-07   8.165e-01   1.039e-03   1.450e-02  1.0000         885  [    0    351         30         11 ]
           2       98881     512.444   4.590e-06   7.239e-07   8.167e-01   1.037e-03   1.449e-02  1.0000         888  [    0    352         30         10 ]
           2       99037     514.099   4.590e-06   7.239e-07   8.167e-01   1.036e-03   1.447e-02  1.0000         890  [    0    353         30         10 ]
           2       99263     515.687   4.590e-06   7.239e-07   8.156e-01   1.035e-03   1.445e-02  1.0000         897  [    1     45         60         11 ]
           2       99430     517.257   4.590e-06   7.239e-07   8.167e-01   1.034e-03   1.445e-02  1.0000         900  [    0    354         30         10 ]
           2       99583     518.627   4.590e-06   7.239e-07   7.612e-01   1.034e-03   1.445e-02  1.0000         900  [    0    355         30         10 ]
           2       99748     520.305   4.590e-06   7.239e-07   8.161e-01   1.029e-03   1.444e-02  1.0000         904  [    0    356         30         11 ]
           2       99894     521.711   4.590e-06   7.239e-07   8.141e-01   1.028e-03   1.447e-02  1.0000         909  [    0    357         30         11 ]
           3      100050     523.033   4.590e-06   7.239e-07   8.106e-01   1.028e-03   1.447e-02  1.0000         916  [    2      6        120         14 ]
