# Generation  Evaluations  Time (s)  Best_obj[0]  Best_obj[1]  Hypervol.   IGD         IGDX        SR    Appr.set  [ Pop.index  Subgen.  Pop.size  Subpops ]
           0          85       3.980   1.063e+00   1.139e+00   0.000e+00   2.326e+00   3.463e+00  0.0000           9  [    0      1         30          7 ]
           0         161       4.009   1.063e+00   3.336e-01   0.000e+00   1.833e+00   3.166e+00  0.0000          12  [    0      2         30          8 ]
           0         244       4.044   2.586e-01   2.253e-01   0.000e+00   6.445e-01   2.102e+00  0.0000          14  [    0      3         30          9 ]
           0         326       4.083   5.252e-02   2.253e-01   1.415e-03   3.710e-01   1.796e+00  0.0000          19  [    0      4         30         10 ]
           0         414       4.119   5.252e-02   1.197e-02   1.415e-03   3.252e-01   1.465e+00  0.0000          26  [    0      5         30         13 ]
           0         516       4.167   5.252e-02   1.197e-02   1.415e-03   3.246e-01   1.285e+00  0.0000          30  [    0      6         30         12 ]
           0         617       4.222   2.711e-02   4.787e-03   4.338e-03   2.298e-01   6.673e-01  0.0000          30  [    0      7         30         12 ]
           0         721       4.278   2.711e-02   4.787e-03   4.338e-03   2.267e-01   6.646e-01  0.0000          32  [    0      8         30         12 ]
           1         942       4.342   2.711e-02   4.787e-03   4.338e-03   1.340e-01   6.204e-01  0.0000          46  [    1      1         60         12 ]
           1        1043       4.431   2.684e-02   4.787e-03   4.338e-03   1.257e-01   5.788e-01  0.0000          51  [    0      9         30         12 ]
           1        1202       4.532   2.684e-02   4.787e-03   4.338e-03   1.062e-01   5.454e-01  0.0000          66  [    1      2         60         11 ]
           1        1298       4.661   2.684e-02   4.787e-03   4.338e-03   1.062e-01   5.347e-01  0.0000          68  [    0     10         30         12 ]
           1        1397       4.785   2.684e-02   4.787e-03   4.338e-03   1.042e-01   4.445e-01  0.0000          71  [    0     11         30         11 ]
           1        1491       4.915   2.684e-02   4.787e-03   4.338e-03   1.015e-01   2.468e-01  0.0000          68  [    0     12         30         11 ]
           1        1583       5.042   2.684e-02   4.787e-03   4.338e-03   8.852e-02   2.275e-01  0.0000          70  [    0     13         30         11 ]
           1        1675       5.171   2.684e-02   4.787e-03   4.338e-03   8.515e-02   2.249e-01  0.0000          73  [    0     14         30         10 ]
           1        1764       5.306   2.684e-02   4.787e-03   2.166e-03   8.188e-02   2.177e-01  0.0000          78  [    0     15         30         10 ]
           1        1860       5.443   9.884e-03   4.787e-03   2.166e-03   8.095e-02   2.154e-01  0.0000          84  [    0     16         30         11 ]
           1        1954       5.600   9.884e-03   4.787e-03   2.166e-03   8.011e-02   2.105e-01  0.0000          86  [    0     17         30         11 ]
           1        2101       5.766   9.884e-03   4.787e-03   2.166e-03   6.248e-02   2.030e-01  0.0000         101  [    1      3         60         11 ]
           1        2202       5.939   9.884e-03   4.787e-03   2.166e-03   5.987e-02   2.018e-01  0.0000         106  [    0     18         30         11 ]
           1        2300       6.129   9.884e-03   4.787e-03   2.166e-03   5.854e-02   1.978e-01  0.0000         109  [    0     19         30         11 ]
           1        2398       6.307   9.884e-03   4.787e-03   2.166e-03   5.831e-02   1.914e-01  0.0000         113  [    0     20         30         11 ]
           1        2488       6.516   9.884e-03   4.787e-03   2.166e-03   5.718e-02   1.695e-01  0.0000         116  [    0     21         30         10 ]
           1        2589       6.727   9.884e-03   4.787e-03   1.815e-03   5.214e-02   1.596e-01  0.0000         126  [    0     22         30         11 ]
           1        2686       6.961   9.884e-03   1.031e-03   1.815e-03   4.716e-02   1.512e-01  0.0000         129  [    0     23         30         10 ]
           1        2777       7.197   9.884e-03   1.031e-03   1.815e-03   4.658e-02   1.407e-01  0.0000         133  [    0     24         30          9 ]
           1        2866       7.442   9.884e-03   1.031e-03   1.815e-03   4.601e-02   1.349e-01  0.0000         140  [    0     25         30          9 ]
           1        3022       7.707   9.884e-03   1.031e-03   1.815e-03   4.344e-02   1.312e-01  0.0000         155  [    1      4         60         11 ]
           1        3112       7.994   9.884e-03   1.031e-03   1.815e-03   4.240e-02   1.299e-01  0.0000         161  [    0     26         30         10 ]
           1        3202       8.298   9.884e-03   1.031e-03   1.815e-03   4.118e-02   1.272e-01  0.0000         164  [    0     27         30         10 ]
           1        3291       8.603   9.884e-03   9.293e-05   1.815e-03   4.001e-02   1.220e-01  0.0000         173  [    0     28         30          9 ]
           1        3380       8.866   9.884e-03   9.293e-05   1.815e-03   3.929e-02   1.219e-01  0.0000         181  [    0     29         30         10 ]
           1        3467       9.210   9.884e-03   9.293e-05   4.097e-03   3.717e-02   1.107e-01  0.0000         182  [    0     30         30          9 ]
           1        3555       9.555   9.884e-03   9.293e-05   6.748e-03   3.614e-02   1.084e-01  0.0000         186  [    0     31         30          9 ]
           1        3642       9.904   9.884e-03   9.293e-05   6.748e-03   3.516e-02   1.080e-01  0.0000         189  [    0     32         30          9 ]
           1        3735      10.243   9.884e-03   9.293e-05   6.748e-03   3.471e-02   1.060e-01  0.0000         196  [    0     33         30          9 ]
           1        3889      10.602   9.884e-03   9.293e-05   6.748e-03   3.248e-02   1.005e-01  0.0000         216  [    1      5         60         11 ]
           1        3986      10.995   9.884e-03   9.293e-05   6.748e-03   3.261e-02   1.004e-01  0.0000         217  [    0     34         30         10 ]
           1        4080      11.347   9.884e-03   9.293e-05   6.748e-03   3.117e-02   9.911e-02  0.0000         222  [    0     35         30         10 ]
           1        4176      11.712   9.884e-03   9.293e-05   6.748e-03   3.111e-02   9.672e-02  0.1111         229  [    0     36         30         10 ]
           1        4271      12.153   9.884e-03   9.293e-05   6.748e-03   3.088e-02   9.666e-02  0.1111         236  [    0     37         30         10 ]
           1        4368      12.583   9.884e-03   9.293e-05   8.530e-03   2.858e-02   9.446e-02  0.1111         246  [    0     38         30          9 ]
           1        4466      13.019   9.884e-03   9.293e-05   9.293e-03   2.716e-02   9.022e-02  0.1111         257  [    0     39         30          9 ]
           1        4560      13.445   9.884e-03   9.293e-05   8.847e-03   2.691e-02   8.870e-02  0.1111         263  [    0     40         30          9 ]
           1        4652      13.917   9.884e-03   9.293e-05   8.847e-03   2.655e-02   8.713e-02  0.1111         276  [    0     41         30          9 ]
           1        4806      14.420   6.258e-03   9.293e-05   8.861e-03   2.161e-02   7.696e-02  0.2222         300  [    1      6         60         11 ]
           1        4911      14.995   6.258e-03   9.293e-05   8.861e-03   2.079e-02   7.630e-02  0.2222         314  [    0     42         30         11 ]
           1        5015      15.453   6.258e-03   9.293e-05   9.592e-03   2.014e-02   7.521e-02  0.2222         326  [    0     43         30         11 ]
           1        5116      16.018   8.626e-04   9.293e-05   9.592e-03   1.989e-02   7.452e-02  0.2222         333  [    0     44         30         11 ]
           1        5219      16.648   8.626e-04   9.293e-05   8.744e-03   1.972e-02   7.348e-02  0.2222         339  [    0     45         30         11 ]
           1        5330      17.259   8.626e-04   9.293e-05   8.744e-03   1.953e-02   7.298e-02  0.2222         347  [    0     46         30         11 ]
           1        5432      17.866   8.626e-04   9.293e-05   8.744e-03   1.953e-02   7.298e-02  0.2222         350  [    0     47         30         12 ]
           1        5537      18.389   8.626e-04   9.293e-05   8.744e-03   1.953e-02   7.298e-02  0.2222         354  [    0     48         30         12 ]
           1        5646      18.923   8.626e-04   9.293e-05   8.744e-03   1.868e-02   7.088e-02  0.2222         365  [    0     49         30         11 ]
           1        5810      19.636   8.626e-04   9.293e-05   8.744e-03   1.864e-02   6.854e-02  0.2222         373  [    1      7         60         14 ]
           1        5931      20.374   7.440e-04   9.293e-05   8.744e-03   1.795e-02   6.821e-02  0.2222         378  [    0     50         30         13 ]
           1        6044      21.128   7.440e-04   9.293e-05   8.744e-03   1.729e-02   6.781e-02  0.2222         390  [    0     51         30         12 ]
           1        6164      21.773   7.440e-04   9.293e-05   9.592e-03   1.702e-02   6.586e-02  0.3333         395  [    0     52         30         12 ]
           1        6275      22.518   7.440e-04   9.293e-05   8.689e-03   1.675e-02   6.462e-02  0.3333         403  [    0     53         30         13 ]
           1        6387      23.264   7.440e-04   9.293e-05   7.879e-03   1.669e-02   6.445e-02  0.3333         412  [    0     54         30         12 ]
           1        6496      24.042   5.413e-04   9.293e-05   7.879e-03   1.659e-02   6.441e-02  0.3333         416  [    0     55         30         11 ]
           1        6609      24.817   5.413e-04   9.293e-05   7.925e-03   1.651e-02   6.312e-02  0.5556         424  [    0     56         30         12 ]
           1        6716      25.622   5.413e-04   9.293e-05   7.078e-03   1.651e-02   6.312e-02  0.5556         425  [    0     57         30         12 ]
           1        6901      26.389   5.413e-04   9.293e-05   8.799e-03   1.576e-02   6.287e-02  0.5556         436  [    1      8         60         14 ]
           1        7028      27.183   5.413e-04   9.293e-05   8.799e-03   1.569e-02   6.191e-02  0.5556         436  [    0     58         30         14 ]
           1        7150      28.004   5.413e-04   9.293e-05   7.353e-03   1.564e-02   6.185e-02  0.5556         442  [    0     59         30         15 ]
           1        7271      28.813   5.413e-04   9.293e-05   7.353e-03   1.558e-02   6.162e-02  0.5556         453  [    0     60         30         15 ]
           1        7392      29.651   5.413e-04   9.293e-05   9.095e-03   1.530e-02   6.043e-02  0.5556         447  [    0     61         30         14 ]
           1        7506      30.546   5.413e-04   9.293e-05   9.095e-03   1.530e-02   6.043e-02  0.5556         446  [    0     62         30         13 ]
           1        7623      31.325   5.413e-04   9.293e-05   9.095e-03   1.520e-02   5.810e-02  0.5556         446  [    0     63         30         12 ]
           1        7729      32.176   5.413e-04   9.293e-05   9.095e-03   1.520e-02   5.810e-02  0.5556         445  [    0     64         30         11 ]
           2        8721      32.933   5.613e-05   9.293e-05   1.160e-02   7.963e-03   4.579e-02  0.5556         824  [    2      1        120         14 ]
           2        8919      34.556   5.613e-05   9.293e-05   1.160e-02   7.963e-03   4.579e-02  0.5556         831  [    1      9         60         13 ]
           2        9262      36.103   5.613e-05   9.293e-05   1.259e-02   7.569e-03   4.209e-02  0.6667         897  [    2      2        120         16 ]
           2        9469      37.950   5.613e-05   9.293e-05   1.259e-02   7.577e-03   4.187e-02  0.6667         907  [    1     10         60         15 ]
           2        9668      39.506   5.613e-05   9.293e-05   1.259e-02   7.543e-03   4.172e-02  0.6667         921  [    1     11         60         15 ]
           2        9857      41.390   5.613e-05   9.293e-05   1.259e-02   7.543e-03   4.172e-02  0.6667         925  [    1     12         60         15 ]
           2       10055      43.169   5.613e-05   9.293e-05   1.259e-02   7.504e-03   4.168e-02  0.6667         930  [    1     13         60         14 ]
           2       10242      44.857   5.613e-05   9.293e-05   1.259e-02   7.200e-03   4.067e-02  0.6667         947  [    1     14         60         12 ]
           2       10410      46.782   5.613e-05   9.293e-05   1.259e-02   7.115e-03   4.041e-02  0.6667         959  [    1     15         60         13 ]
           2       10609      48.390   5.613e-05   9.293e-05   1.265e-02   7.095e-03   4.000e-02  0.6667         972  [    1     16         60         15 ]
           2       10797      50.453   5.613e-05   9.293e-05   1.265e-02   6.998e-03   3.983e-02  0.6667         984  [    1     17         60         15 ]
           2       11138      52.541   5.613e-05   9.293e-05   1.268e-02   6.815e-03   3.874e-02  0.7778        1014  [    2      3        120         16 ]
           2       11340      54.623   5.613e-05   9.293e-05   1.305e-02   6.630e-03   3.751e-02  0.8889        1018  [    1     18         60         15 ]
           2       11542      56.536   5.613e-05   1.309e-05   1.305e-02   6.468e-03   3.766e-02  0.8889        1029  [    1     19         60         16 ]
           2       11746      58.531   5.613e-05   1.309e-05   1.306e-02   6.358e-03   3.729e-02  0.8889        1039  [    1     20         60         15 ]
           2       11938      60.647   5.613e-05   1.309e-05   1.314e-02   6.307e-03   3.697e-02  0.8889        1038  [    1     21         60         13 ]
           2       12134      62.887   5.613e-05   1.309e-05   1.314e-02   6.295e-03   3.660e-02  0.8889        1048  [    1     22         60         13 ]
           2       12322      64.970   3.612e-06   1.309e-05   1.314e-02   6.169e-03   3.647e-02  0.8889        1062  [    1     23         60         13 ]
           2       12504      67.184   3.612e-06   1.309e-05   1.314e-02   6.091e-03   3.641e-02  0.8889        1072  [    1     24         60         13 ]
           2       12684      69.158   3.612e-06   1.309e-05   1.351e-02   6.017e-03   3.616e-02  0.8889        1075  [    1     25         60         13 ]
           2       12991      71.468   3.612e-06   1.309e-05   1.354e-02   5.931e-03   3.598e-02  0.8889        1109  [    2      4        120         15 ]
           2       13188      73.797   3.612e-06   1.309e-05   1.323e-02   5.926e-03   3.507e-02  0.8889        1114  [    1     26         60         10 ]
           2       13359      76.072   3.612e-06   1.309e-05   1.323e-02   5.879e-03   3.410e-02  0.8889        1134  [    1     27         60         10 ]
           2       13541      78.348   3.612e-06   1.309e-05   1.324e-02   5.829e-03   3.406e-02  0.8889        1151  [    1     28         60         13 ]
           2       13733      80.767   3.612e-06   1.309e-05   1.324e-02   5.827e-03   3.406e-02  0.8889        1148  [    1     29         60         10 ]
           2       13895      83.209   3.612e-06   1.309e-05   1.324e-02   5.810e-03   3.390e-02  0.8889        1159  [    1     30         60         10 ]
           2       14051      85.578   3.612e-06   1.309e-05   1.324e-02   5.749e-03   3.343e-02  0.8889        1172  [    1     31         60         10 ]
           2       14201      87.537   3.612e-06   1.309e-05   1.324e-02   5.743e-03   3.289e-02  0.8889        1182  [    1     32         60         10 ]
           2       14362      89.285   3.612e-06   1.309e-05   1.324e-02   5.624e-03   3.260e-02  0.8889        1198  [    1     33         60         10 ]
           2       14671      91.744   3.612e-06   1.309e-05   1.324e-02   5.585e-03   3.217e-02  0.8889        1230  [    2      5        120         15 ]
           2       14869      94.338   3.612e-06   1.309e-05   1.324e-02   5.543e-03   3.208e-02  0.8889        1243  [    1     34         60         14 ]
           2       15068      96.864   3.612e-06   1.309e-05   1.324e-02   5.521e-03   3.139e-02  0.8889        1240  [    1     35         60         13 ]
           2       15248      99.394   3.612e-06   1.309e-05   1.390e-02   5.415e-03   3.135e-02  0.8889        1249  [    1     36         60         11 ]
           2       15403     102.105   3.612e-06   1.309e-05   1.154e-02   7.496e-03   3.468e-02  0.8889         753  [    1     37         60         10 ]
           2       15567     103.620   3.612e-06   1.309e-05   1.154e-02   7.398e-03   3.428e-02  0.8889         757  [    1     38         60          9 ]
           2       15719     105.174   3.612e-06   1.309e-05   1.101e-02   7.325e-03   3.327e-02  1.0000         759  [    1     39         60          9 ]
           2       15871     106.714   3.612e-06   1.309e-05   1.233e-02   7.290e-03   3.302e-02  1.0000         768  [    1     40         60          9 ]
           2       16025     108.390   3.612e-06   1.309e-05   1.233e-02   7.230e-03   3.289e-02  1.0000         775  [    1     41         60          9 ]
           2       16297     110.073   3.612e-06   1.309e-05   1.233e-02   7.210e-03   3.277e-02  1.0000         791  [    2      6        120         14 ]
           2       16493     111.696   3.612e-06   1.309e-05   1.233e-02   7.200e-03   3.277e-02  1.0000         793  [    1     42         60         13 ]
           2       16679     113.317   3.612e-06   1.309e-05   1.539e-02   7.132e-03   3.200e-02  1.0000         792  [    1     43         60         13 ]
           2       16871     114.727   3.612e-06   1.309e-05   1.539e-02   7.131e-03   3.194e-02  1.0000         793  [    1     44         60         13 ]
           2       17054     116.342   3.612e-06   1.309e-05   1.539e-02   7.084e-03   3.176e-02  1.0000         795  [    1     45         60         12 ]
           2       17245     117.784   3.612e-06   1.309e-05   1.637e-02   7.012e-03   3.167e-02  1.0000         807  [    1     46         60         13 ]
           2       17445     119.292   3.612e-06   1.309e-05   1.633e-02   6.985e-03   3.087e-02  1.0000         811  [    1     47         60         14 ]
           2       17632     120.796   3.612e-06   1.309e-05   1.633e-02   6.970e-03   3.087e-02  1.0000         810  [    1     48         60         12 ]
           2       17812     122.367   3.612e-06   1.309e-05   1.633e-02   6.933e-03   3.051e-02  1.0000         815  [    1     49         60         13 ]
           2       18107     124.038   3.612e-06   1.309e-05   1.609e-02   6.888e-03   3.038e-02  1.0000         819  [    2      7        120         15 ]
           2       18300     125.578   3.612e-06   1.309e-05   1.609e-02   6.826e-03   3.028e-02  1.0000         827  [    1     50         60         14 ]
           2       18482     127.083   3.612e-06   1.309e-05   1.644e-02   6.715e-03   3.007e-02  1.0000         827  [    1     51         60         13 ]
           2       18658     128.353   3.612e-06   1.309e-05   1.644e-02   6.698e-03   2.994e-02  1.0000         823  [    1     52         60          9 ]
           2       18809     129.736   3.612e-06   1.309e-05   1.644e-02   6.673e-03   2.989e-02  1.0000         828  [    1     53         60          9 ]
           2       18964     131.199   3.612e-06   1.309e-05   1.644e-02   6.634e-03   2.980e-02  1.0000         830  [    1     54         60          9 ]
           2       19121     132.912   3.612e-06   1.309e-05   1.627e-02   6.439e-03   2.911e-02  1.0000         836  [    1     55         60          9 ]
           2       19279     134.602   3.612e-06   1.309e-05   1.627e-02   6.397e-03   2.905e-02  1.0000         841  [    1     56         60          9 ]
           2       19428     136.284   3.612e-06   1.309e-05   1.627e-02   6.385e-03   2.903e-02  1.0000         845  [    1     57         60          9 ]
           2       19700     137.983   3.612e-06   1.309e-05   1.627e-02   6.335e-03   2.856e-02  1.0000         849  [    2      8        120         12 ]
           2       19874     139.683   3.612e-06   1.309e-05   1.627e-02   6.282e-03   2.852e-02  1.0000         854  [    1     58         60         11 ]
           2       20045     141.443   3.612e-06   1.309e-05   1.627e-02   6.266e-03   2.837e-02  1.0000         859  [    1     59         60         12 ]
           2       20216     143.195   3.612e-06   1.309e-05   1.595e-02   6.253e-03   2.811e-02  1.0000         860  [    1     60         60         12 ]
           2       20389     144.986   3.612e-06   1.309e-05   1.595e-02   6.253e-03   2.811e-02  1.0000         861  [    1     61         60         12 ]
           2       20568     146.606   3.612e-06   1.309e-05   1.595e-02   6.217e-03   2.789e-02  1.0000         863  [    1     62         60         10 ]
           2       20732     148.256   3.612e-06   1.309e-05   1.595e-02   6.177e-03   2.779e-02  1.0000         869  [    1     63         60         10 ]
           2       20900     149.842   3.612e-06   1.309e-05   1.595e-02   6.161e-03   2.763e-02  1.0000         869  [    1     64         60          9 ]
           3       22771     151.744   3.612e-06   1.309e-05   1.656e-02   5.049e-03   2.547e-02  1.0000        1001  [    3      1        240         12 ]
           3       22963     153.595   3.612e-06   1.309e-05   1.656e-02   5.035e-03   2.530e-02  1.0000        1002  [    1     65         60         11 ]
           3       23259     155.360   3.612e-06   1.309e-05   1.656e-02   5.035e-03   2.527e-02  1.0000        1004  [    2      9        120         11 ]
           3       23831     157.405   3.612e-06   1.309e-05   1.671e-02   4.920e-03   2.313e-02  1.0000        1012  [    3      2        240         14 ]
           3       24028     159.546   3.612e-06   1.309e-05   1.671e-02   4.920e-03   2.313e-02  1.0000        1013  [    1     66         60         12 ]
           3       24188     161.688   3.612e-06   1.309e-05   1.671e-02   4.915e-03   2.312e-02  1.0000        1005  [    1     67         60          9 ]
           3       24347     163.895   3.612e-06   1.309e-05   1.670e-02   4.901e-03   2.309e-02  1.0000        1007  [    1     68         60          9 ]
           3       24503     165.990   3.612e-06   1.309e-05   1.670e-02   4.886e-03   2.294e-02  1.0000        1009  [    1     69         60          9 ]
           3       24659     168.083   3.612e-06   1.309e-05   1.670e-02   4.877e-03   2.278e-02  1.0000        1009  [    1     70         60          9 ]
           3       24813     170.205   3.612e-06   1.309e-05   1.670e-02   4.845e-03   2.277e-02  1.0000        1010  [    1     71         60          9 ]
           3       24977     171.928   3.612e-06   1.309e-05   1.659e-02   4.825e-03   2.269e-02  1.0000        1008  [    1     72         60          9 ]
           3       25128     173.821   3.612e-06   1.309e-05   1.659e-02   4.816e-03   2.268e-02  1.0000        1009  [    1     73         60          9 ]
           3       25399     175.881   3.612e-06   1.309e-05   1.660e-02   4.813e-03   2.252e-02  1.0000        1018  [    2     10        120         11 ]
           3       25564     177.813   3.612e-06   1.309e-05   1.660e-02   4.774e-03   2.224e-02  1.0000        1019  [    1     74         60         11 ]
           3       25727     180.007   3.612e-06   1.309e-05   1.660e-02   4.771e-03   2.216e-02  1.0000        1023  [    1     75         60         13 ]
           3       25895     181.970   3.612e-06   1.309e-05   1.660e-02   4.767e-03   2.215e-02  1.0000        1020  [    1     76         60         13 ]
           3       26062     183.685   3.612e-06   1.309e-05   1.662e-02   4.762e-03   2.215e-02  1.0000        1020  [    1     77         60         11 ]
           3       26235     185.635   3.612e-06   1.309e-05   1.662e-02   4.758e-03   2.212e-02  1.0000        1027  [    1     78         60         14 ]
           3       26425     187.665   3.612e-06   1.309e-05   1.662e-02   4.733e-03   2.178e-02  1.0000        1027  [    1     79         60         13 ]
           3       26614     189.675   3.612e-06   1.309e-05   1.662e-02   4.733e-03   2.178e-02  1.0000        1032  [    1     80         60         13 ]
           3       26803     191.882   3.612e-06   1.309e-05   1.662e-02   4.732e-03   2.178e-02  1.0000        1036  [    1     81         60         13 ]
           3       27099     194.117   3.612e-06   1.309e-05   1.662e-02   4.729e-03   2.166e-02  1.0000        1040  [    2     11        120         14 ]
           3       27296     196.268   3.612e-06   1.309e-05   1.662e-02   4.730e-03   2.166e-02  1.0000        1032  [    1     82         60         13 ]
           3       27482     198.315   3.612e-06   1.309e-05   1.662e-02   4.723e-03   2.163e-02  1.0000        1030  [    1     83         60         12 ]
           3       27646     200.416   3.612e-06   1.309e-05   1.662e-02   4.723e-03   2.163e-02  1.0000        1027  [    1     84         60         11 ]
           3       27812     202.532   3.612e-06   1.309e-05   1.662e-02   4.723e-03   2.163e-02  1.0000        1025  [    1     85         60          9 ]
           3       27962     204.854   3.612e-06   1.309e-05   1.662e-02   4.719e-03   2.145e-02  1.0000        1027  [    1     86         60          9 ]
           3       28118     206.789   3.612e-06   1.309e-05   1.662e-02   4.711e-03   2.130e-02  1.0000        1028  [    1     87         60          9 ]
           3       28269     208.826   3.612e-06   1.309e-05   1.662e-02   4.704e-03   2.111e-02  1.0000        1027  [    1     88         60          9 ]
           3       28423     210.880   3.612e-06   1.309e-05   1.662e-02   4.702e-03   2.106e-02  1.0000        1028  [    1     89         60          9 ]
           3       28721     213.181   3.612e-06   1.309e-05   1.662e-02   4.695e-03   2.106e-02  1.0000        1041  [    2     12        120         14 ]
           3       28907     215.406   3.612e-06   1.309e-05   1.662e-02   4.693e-03   2.087e-02  1.0000        1041  [    1     90         60         12 ]
           3       29105     217.587   3.612e-06   1.309e-05   1.662e-02   4.684e-03   2.086e-02  1.0000        1036  [    1     91         60         12 ]
           3       29278     219.680   3.612e-06   1.309e-05   1.662e-02   4.684e-03   2.079e-02  1.0000        1039  [    1     92         60         10 ]
           3       29441     221.890   3.612e-06   1.309e-05   1.662e-02   4.662e-03   2.079e-02  1.0000        1038  [    1     93         60         11 ]
           3       29609     224.026   3.612e-06   1.309e-05   1.662e-02   4.659e-03   2.071e-02  1.0000        1039  [    1     94         60         11 ]
           3       29774     226.211   3.612e-06   1.309e-05   1.662e-02   4.668e-03   2.065e-02  1.0000        1043  [    1     95         60         11 ]
           3       29937     228.158   3.612e-06   1.309e-05   1.662e-02   4.666e-03   2.065e-02  1.0000        1040  [    1     96         60         11 ]
           3       30115     230.334   3.612e-06   1.309e-05   1.662e-02   4.650e-03   2.053e-02  1.0000        1040  [    1     97         60         11 ]
           3       30397     232.483   3.612e-06   1.309e-05   1.662e-02   4.647e-03   2.052e-02  1.0000        1042  [    2     13        120         12 ]
           3       30581     234.494   3.612e-06   1.309e-05   1.654e-02   4.620e-03   2.050e-02  1.0000        1044  [    1     98         60         12 ]
           3       30758     236.508   3.612e-06   1.309e-05   1.654e-02   4.585e-03   2.036e-02  1.0000        1047  [    1     99         60         13 ]
           3       30936     238.602   3.612e-06   1.309e-05   1.654e-02   4.574e-03   2.032e-02  1.0000        1048  [    1    100         60         13 ]
           3       31130     240.634   3.612e-06   1.309e-05   1.654e-02   4.569e-03   2.030e-02  1.0000        1057  [    1    101         60         15 ]
           3       31325     242.691   3.612e-06   1.309e-05   1.654e-02   4.568e-03   2.034e-02  1.0000        1050  [    1    102         60         12 ]
           3       31495     244.895   3.612e-06   1.309e-05   1.654e-02   4.556e-03   2.026e-02  1.0000        1047  [    1    103         60         11 ]
           3       31670     247.140   3.612e-06   1.309e-05   1.654e-02   4.554e-03   2.024e-02  1.0000        1054  [    1    104         60         13 ]
           3       31853     249.477   3.612e-06   1.309e-05   1.654e-02   4.552e-03   2.023e-02  1.0000        1056  [    1    105         60         14 ]
           3       32157     251.592   3.612e-06   1.309e-05   1.654e-02   4.498e-03   2.015e-02  1.0000        1055  [    2     14        120         13 ]
           3       32345     253.802   3.612e-06   1.309e-05   1.654e-02   4.488e-03   2.015e-02  1.0000        1057  [    1    106         60         13 ]
           3       32533     255.926   3.612e-06   1.309e-05   1.654e-02   4.486e-03   2.015e-02  1.0000        1057  [    1    107         60         12 ]
           3       32712     258.107   3.612e-06   1.309e-05   1.654e-02   4.486e-03   2.014e-02  1.0000        1056  [    1    108         60         10 ]
           3       32878     260.136   3.612e-06   1.309e-05   1.654e-02   4.470e-03   1.999e-02  1.0000        1055  [    1    109         60         10 ]
           3       33052     262.394   3.612e-06   1.309e-05   1.654e-02   4.455e-03   1.999e-02  1.0000        1057  [    1    110         60         13 ]
           3       33244     264.576   3.612e-06   1.309e-05   1.654e-02   4.455e-03   1.994e-02  1.0000        1055  [    1    111         60         11 ]
           3       33424     266.589   3.612e-06   1.309e-05   1.654e-02   4.445e-03   1.988e-02  1.0000        1057  [    1    112         60         11 ]
           3       33608     268.767   3.612e-06   1.309e-05   1.663e-02   4.445e-03   1.988e-02  1.0000        1058  [    1    113         60         12 ]
           3       33903     270.855   3.612e-06   1.309e-05   1.663e-02   4.442e-03   1.984e-02  1.0000        1067  [    2     15        120         19 ]
           3       34107     272.694   3.612e-06   1.309e-05   1.663e-02   4.442e-03   1.984e-02  1.0000        1061  [    1    114         60         13 ]
           3       34290     274.642   3.612e-06   1.309e-05   1.663e-02   4.441e-03   1.983e-02  1.0000        1061  [    1    115         60         12 ]
           3       34466     276.453   3.612e-06   1.309e-05   1.663e-02   4.441e-03   1.983e-02  1.0000        1060  [    1    116         60         10 ]
           3       34630     277.994   3.612e-06   1.309e-05   1.663e-02   4.428e-03   1.974e-02  1.0000        1062  [    1    117         60         11 ]
           3       34804     280.041   3.612e-06   1.309e-05   1.663e-02   4.428e-03   1.971e-02  1.0000        1062  [    1    118         60         11 ]
           3       34974     282.029   3.612e-06   1.309e-05   1.663e-02   4.428e-03   1.967e-02  1.0000        1061  [    1    119         60         10 ]
           3       35140     284.160   3.612e-06   1.309e-05   1.663e-02   4.428e-03   1.966e-02  1.0000        1060  [    1    120         60          9 ]
           3       35294     286.313   3.612e-06   1.309e-05   1.663e-02   4.422e-03   1.952e-02  1.0000        1061  [    1    121         60          9 ]
           3       35574     288.694   3.612e-06   1.309e-05   1.663e-02   4.420e-03   1.947e-02  1.0000        1066  [    2     16        120         12 ]
           3       35747     290.863   3.612e-06   1.309e-05   1.663e-02   4.420e-03   1.947e-02  1.0000        1067  [    1    122         60         12 ]
           3       35925     292.885   3.612e-06   1.309e-05   1.663e-02   4.418e-03   1.944e-02  1.0000        1068  [    1    123         60         12 ]
           3       36092     294.883   3.612e-06   1.309e-05   1.663e-02   4.418e-03   1.944e-02  1.0000        1064  [    1    124         60         11 ]
           3       36251     296.998   3.612e-06   1.309e-05   1.663e-02   4.418e-03   1.944e-02  1.0000        1064  [    1    125         60         10 ]
           3       36411     299.194   3.612e-06   1.309e-05   1.663e-02   4.411e-03   1.938e-02  1.0000        1064  [    1    126         60          9 ]
           3       36564     301.473   3.612e-06   1.309e-05   1.663e-02   4.410e-03   1.928e-02  1.0000        1063  [    1    127         60          9 ]
           3       36719     303.782   3.612e-06   1.309e-05   1.706e-02   4.406e-03   1.847e-02  1.0000        1067  [    1    128         60          9 ]
           3       36874     306.059   3.612e-06   1.309e-05   1.706e-02   4.404e-03   1.847e-02  1.0000        1069  [    1    129         60          9 ]
           3       37154     308.428   3.612e-06   1.309e-05   1.706e-02   4.404e-03   1.847e-02  1.0000        1073  [    2     17        120         13 ]
           3       37708     310.706   3.612e-06   1.309e-05   1.706e-02   4.394e-03   1.838e-02  1.0000        1086  [    3      3        240         19 ]
           3       37931     312.992   3.612e-06   1.309e-05   1.738e-02   4.378e-03   1.838e-02  1.0000        1080  [    1    130         60         14 ]
           3       38121     315.198   3.612e-06   1.309e-05   1.738e-02   4.378e-03   1.838e-02  1.0000        1079  [    1    131         60         13 ]
           3       38310     317.367   3.612e-06   1.309e-05   1.738e-02   4.376e-03   1.836e-02  1.0000        1079  [    1    132         60         11 ]
           3       38504     319.510   3.612e-06   1.309e-05   1.738e-02   4.376e-03   1.836e-02  1.0000        1082  [    1    133         60         12 ]
           3       38695     321.632   3.612e-06   1.309e-05   1.738e-02   4.374e-03   1.833e-02  1.0000        1079  [    1    134         60         11 ]
           3       38878     323.909   3.612e-06   1.309e-05   1.738e-02   4.372e-03   1.828e-02  1.0000        1081  [    1    135         60         10 ]
           3       39057     326.150   3.612e-06   1.309e-05   1.738e-02   4.372e-03   1.828e-02  1.0000        1080  [    1    136         60         10 ]
           3       39240     328.270   3.612e-06   1.309e-05   1.746e-02   4.368e-03   1.823e-02  1.0000        1080  [    1    137         60         10 ]
           3       39543     330.341   3.612e-06   1.309e-05   1.746e-02   4.364e-03   1.815e-02  1.0000        1083  [    2     18        120         13 ]
           3       39730     332.485   3.612e-06   1.309e-05   1.746e-02   4.360e-03   1.804e-02  1.0000        1086  [    1    138         60         11 ]
           3       39910     334.827   3.612e-06   1.309e-05   1.746e-02   4.361e-03   1.804e-02  1.0000        1085  [    1    139         60         11 ]
           3       40092     337.203   3.612e-06   1.309e-05   1.746e-02   4.355e-03   1.790e-02  1.0000        1086  [    1    140         60         11 ]
           3       40276     339.355   3.612e-06   1.309e-05   1.746e-02   4.355e-03   1.790e-02  1.0000        1088  [    1    141         60         11 ]
           3       40451     341.207   3.612e-06   1.309e-05   1.746e-02   4.355e-03   1.790e-02  1.0000        1086  [    1    142         60         11 ]
           3       40630     343.122   3.612e-06   1.309e-05   1.746e-02   4.356e-03   1.780e-02  1.0000        1088  [    1    143         60         11 ]
           3       40814     345.263   3.612e-06   1.309e-05   1.746e-02   4.348e-03   1.781e-02  1.0000        1089  [    1    144         60         11 ]
           3       40995     347.457   3.612e-06   1.309e-05   1.746e-02   4.342e-03   1.781e-02  1.0000        1089  [    1    145         60         11 ]
           3       41286     349.866   3.612e-06   1.309e-05   1.746e-02   4.342e-03   1.781e-02  1.0000        1088  [    2     19        120         12 ]
           3       41473     352.021   3.612e-06   1.309e-05   1.746e-02   4.339e-03   1.780e-02  1.0000        1089  [    1    146         60         13 ]
           3       41666     354.372   3.612e-06   1.309e-05   1.746e-02   4.299e-03   1.779e-02  1.0000        1089  [    1    147         60         13 ]
           3       41881     356.636   3.612e-06   1.309e-05   1.746e-02   4.299e-03   1.779e-02  1.0000        1090  [    1    148         60         12 ]
           3       42063     358.771   3.612e-06   1.309e-05   1.746e-02   4.298e-03   1.772e-02  1.0000        1093  [    1    149         60         11 ]
           3       42242     360.918   3.612e-06   1.309e-05   1.746e-02   4.281e-03   1.772e-02  1.0000        1088  [    1    150         60         10 ]
           3       42418     363.345   3.612e-06   1.309e-05   1.746e-02   4.290e-03   1.772e-02  1.0000        1088  [    1    151         60         10 ]
           3       42595     365.692   3.612e-06   1.309e-05   1.746e-02   4.287e-03   1.772e-02  1.0000        1088  [    1    152         60         10 ]
           3       42788     368.058   3.612e-06   1.309e-05   1.746e-02   4.283e-03   1.762e-02  1.0000        1093  [    1    153         60         10 ]
           3       43079     370.471   3.612e-06   1.309e-05   1.750e-02   4.276e-03   1.762e-02  1.0000        1094  [    2     20        120         11 ]
           3       43262     372.819   3.612e-06   1.309e-05   1.750e-02   4.277e-03   1.761e-02  1.0000        1097  [    1    154         60         11 ]
           3       43426     375.247   3.612e-06   1.309e-05   1.750e-02   4.266e-03   1.760e-02  1.0000        1097  [    1    155         60         10 ]
           3       43596     377.636   3.612e-06   1.309e-05   1.750e-02   4.264e-03   1.753e-02  1.0000        1095  [    1    156         60         10 ]
           3       43758     379.661   3.612e-06   1.309e-05   1.755e-02   4.254e-03   1.742e-02  1.0000        1096  [    1    157         60         10 ]
           3       43914     381.727   3.612e-06   1.309e-05   1.755e-02   4.246e-03   1.741e-02  1.0000        1095  [    1    158         60          9 ]
           3       44064     383.795   3.612e-06   1.309e-05   1.755e-02   4.231e-03   1.734e-02  1.0000        1096  [    1    159         60          9 ]
           3       44213     385.563   3.612e-06   1.309e-05   1.755e-02   4.231e-03   1.734e-02  1.0000        1096  [    1    160         60          9 ]
           3       44365     387.617   3.612e-06   1.309e-05   1.755e-02   4.231e-03   1.733e-02  1.0000        1096  [    1    161         60          9 ]
           3       44654     389.949   3.612e-06   1.309e-05   1.755e-02   4.231e-03   1.733e-02  1.0000        1102  [    2     21        120         13 ]
           3       44827     392.084   3.612e-06   1.309e-05   1.755e-02   4.231e-03   1.733e-02  1.0000        1098  [    1    162         60         11 ]
           3       44999     394.423   3.612e-06   1.309e-05   1.755e-02   4.231e-03   1.733e-02  1.0000        1098  [    1    163         60         11 ]
           3       45167     396.585   3.612e-06   1.309e-05   1.755e-02   4.229e-03   1.733e-02  1.0000        1096  [    1    164         60          9 ]
           3       45321     398.784   3.612e-06   1.309e-05   1.755e-02   4.228e-03   1.731e-02  1.0000        1096  [    1    165         60          9 ]
           3       45471     400.944   3.612e-06   1.309e-05   1.755e-02   4.228e-03   1.731e-02  1.0000        1096  [    1    166         60          9 ]
           3       45621     403.281   3.612e-06   1.309e-05   1.755e-02   4.228e-03   1.731e-02  1.0000        1096  [    1    167         60          9 ]
           3       45787     405.701   3.612e-06   1.309e-05   1.755e-02   4.201e-03   1.731e-02  1.0000        1097  [    1    168         60          9 ]
           3       45950     408.038   3.612e-06   1.309e-05   1.755e-02   4.197e-03   1.730e-02  1.0000        1097  [    1    169         60          9 ]
           3       46244     409.859   3.612e-06   1.309e-05   1.755e-02   4.197e-03   1.730e-02  1.0000        1101  [    2     22        120         12 ]
           3       46411     411.990   3.612e-06   1.309e-05   1.758e-02   4.190e-03   1.713e-02  1.0000        1100  [    1    170         60         11 ]
           3       46583     414.235   3.612e-06   1.309e-05   1.758e-02   4.188e-03   1.713e-02  1.0000        1103  [    1    171         60         11 ]
           3       46752     416.614   3.612e-06   1.309e-05   1.758e-02   4.185e-03   1.713e-02  1.0000        1105  [    1    172         60         11 ]
           3       46923     419.015   3.612e-06   1.309e-05   1.758e-02   4.178e-03   1.712e-02  1.0000        1103  [    1    173         60         11 ]
           3       47097     421.141   3.612e-06   1.309e-05   1.758e-02   4.178e-03   1.711e-02  1.0000        1102  [    1    174         60         11 ]
           3       47267     423.465   3.612e-06   1.309e-05   1.758e-02   4.178e-03   1.711e-02  1.0000        1104  [    1    175         60         12 ]
           3       47438     425.890   3.612e-06   1.309e-05   1.758e-02   4.167e-03   1.699e-02  1.0000        1100  [    1    176         60         11 ]
           3       47603     427.655   3.612e-06   1.309e-05   1.758e-02   4.169e-03   1.699e-02  1.0000        1099  [    1    177         60          9 ]
           3       47903     429.913   3.612e-06   1.309e-05   1.758e-02   4.169e-03   1.699e-02  1.0000        1103  [    2     23        120         12 ]
           3       48098     432.278   3.612e-06   1.309e-05   1.773e-02   4.164e-03   1.699e-02  1.0000        1103  [    1    178         60         12 ]
           3       48300     434.644   3.612e-06   1.309e-05   1.773e-02   4.161e-03   1.697e-02  1.0000        1107  [    1    179         60         12 ]
           3       48513     436.861   3.612e-06   1.309e-05   1.773e-02   4.161e-03   1.695e-02  1.0000        1108  [    1    180         60         12 ]
           3       48722     439.211   3.612e-06   1.309e-05   1.773e-02   4.161e-03   1.695e-02  1.0000        1104  [    1    181         60         11 ]
           3       48902     441.408   3.612e-06   1.309e-05   1.773e-02   4.161e-03   1.695e-02  1.0000        1101  [    1    182         60          9 ]
           3       49051     443.750   3.612e-06   1.309e-05   1.773e-02   4.150e-03   1.689e-02  1.0000        1104  [    1    183         60          9 ]
           3       49201     445.739   3.612e-06   1.309e-05   1.773e-02   4.147e-03   1.689e-02  1.0000        1104  [    1    184         60          9 ]
           3       49351     447.794   3.612e-06   1.309e-05   1.773e-02   4.147e-03   1.689e-02  1.0000        1104  [    1    185         60          9 ]
           3       49675     449.911   3.612e-06   1.309e-05   1.773e-02   4.141e-03   1.688e-02  1.0000        1109  [    2     24        120         13 ]
           3       49853     452.220   3.612e-06   1.309e-05   1.773e-02   4.141e-03   1.688e-02  1.0000        1107  [    1    186         60         11 ]
           3       50014     454.452   3.612e-06   1.309e-05   1.773e-02   4.125e-03   1.687e-02  1.0000        1110  [    1    187         60         11 ]
           3       50178     456.552   3.612e-06   1.309e-05   1.773e-02   4.119e-03   1.668e-02  1.0000        1111  [    1    188         60         11 ]
           3       50338     458.903   3.612e-06   1.309e-05   1.773e-02   4.104e-03   1.668e-02  1.0000        1109  [    1    189         60         11 ]
           3       50500     460.751   3.612e-06   1.309e-05   1.773e-02   4.104e-03   1.668e-02  1.0000        1109  [    1    190         60         11 ]
           3       50658     462.679   3.612e-06   1.309e-05   1.773e-02   4.104e-03   1.668e-02  1.0000        1108  [    1    191         60         10 ]
           3       50830     464.489   3.612e-06   1.309e-05   1.773e-02   4.104e-03   1.666e-02  1.0000        1110  [    1    192         60         11 ]
           3       51013     466.447   3.612e-06   1.309e-05   1.773e-02   4.104e-03   1.666e-02  1.0000        1111  [    1    193         60         12 ]
           3       51305     468.430   3.612e-06   1.309e-05   1.773e-02   4.099e-03   1.665e-02  1.0000        1111  [    2     25        120         12 ]
           3       51846     470.627   3.612e-06   1.309e-05   1.790e-02   4.077e-03   1.655e-02  1.0000        1120  [    3      4        240         17 ]
           3       52052     472.959   3.612e-06   1.309e-05   1.790e-02   4.071e-03   1.655e-02  1.0000        1116  [    1    194         60         13 ]
           3       52227     474.890   3.612e-06   1.309e-05   1.790e-02   4.068e-03   1.649e-02  1.0000        1113  [    1    195         60         12 ]
           3       52417     477.135   3.612e-06   1.309e-05   1.790e-02   4.068e-03   1.649e-02  1.0000        1116  [    1    196         60         13 ]
           3       52613     479.296   3.612e-06   1.309e-05   1.790e-02   4.039e-03   1.649e-02  1.0000        1115  [    1    197         60         12 ]
           3       52807     481.333   3.612e-06   1.309e-05   1.790e-02   4.034e-03   1.641e-02  1.0000        1115  [    1    198         60         12 ]
           3       52999     483.084   3.612e-06   1.309e-05   1.790e-02   4.029e-03   1.637e-02  1.0000        1114  [    1    199         60         12 ]
           3       53205     484.820   3.612e-06   1.309e-05   1.790e-02   4.028e-03   1.635e-02  1.0000        1116  [    1    200         60         15 ]
           3       53409     486.562   3.612e-06   1.309e-05   1.790e-02   4.028e-03   1.635e-02  1.0000        1117  [    1    201         60         14 ]
           3       53737     488.436   3.612e-06   1.309e-05   1.790e-02   4.026e-03   1.634e-02  1.0000        1111  [    2     26        120         10 ]
           3       53930     490.766   3.612e-06   1.309e-05   1.790e-02   4.024e-03   1.633e-02  1.0000        1116  [    1    202         60         13 ]
           3       54131     492.752   3.612e-06   1.309e-05   1.790e-02   4.024e-03   1.633e-02  1.0000        1119  [    1    203         60         13 ]
           3       54340     494.404   3.612e-06   1.309e-05   1.790e-02   4.024e-03   1.633e-02  1.0000        1122  [    1    204         60         14 ]
           3       54547     495.968   3.612e-06   1.309e-05   1.790e-02   4.023e-03   1.633e-02  1.0000        1120  [    1    205         60         14 ]
           3       54743     498.156   3.612e-06   1.309e-05   1.790e-02   4.020e-03   1.633e-02  1.0000        1120  [    1    206         60         12 ]
           3       54958     500.166   3.612e-06   1.309e-05   1.791e-02   4.017e-03   1.633e-02  1.0000        1117  [    1    207         60         13 ]
           3       55143     501.993   3.612e-06   1.309e-05   1.791e-02   4.017e-03   1.633e-02  1.0000        1117  [    1    208         60         13 ]
           3       55340     503.812   3.612e-06   1.309e-05   1.791e-02   4.017e-03   1.633e-02  1.0000        1120  [    1    209         60         12 ]
           3       55667     505.869   3.612e-06   1.309e-05   1.791e-02   4.017e-03   1.633e-02  1.0000        1121  [    2     27        120         13 ]
           3       55887     507.783   3.612e-06   1.309e-05   1.791e-02   4.026e-03   1.622e-02  1.0000        1118  [    1    210         60         12 ]
           3       56076     509.507   3.612e-06   1.309e-05   1.791e-02   4.007e-03   1.622e-02  1.0000        1120  [    1    211         60         13 ]
           3       56262     511.520   3.612e-06   1.309e-05   1.791e-02   4.007e-03   1.622e-02  1.0000        1122  [    1    212         60         14 ]
           3       56462     512.986   3.612e-06   1.309e-05   1.791e-02   4.002e-03   1.617e-02  1.0000        1127  [    1    213         60         16 ]
           3       56665     515.114   3.612e-06   1.309e-05   1.791e-02   4.002e-03   1.617e-02  1.0000        1127  [    1    214         60         16 ]
           3       56866     516.770   3.612e-06   1.309e-05   1.794e-02   3.995e-03   1.613e-02  1.0000        1126  [    1    215         60         15 ]
           3       57070     518.750   3.612e-06   1.309e-05   1.794e-02   3.995e-03   1.613e-02  1.0000        1124  [    1    216         60         14 ]
           3       57240     521.039   3.612e-06   1.309e-05   1.794e-02   3.995e-03   1.613e-02  1.0000        1121  [    1    217         60         11 ]
           3       57593     523.182   3.612e-06   1.309e-05   1.794e-02   4.000e-03   1.602e-02  1.0000        1127  [    2     28        120         13 ]
           3       57780     525.358   3.612e-06   1.309e-05   1.794e-02   4.000e-03   1.602e-02  1.0000        1125  [    1    218         60         13 ]
           3       57977     526.883   3.612e-06   1.309e-05   1.794e-02   4.000e-03   1.602e-02  1.0000        1128  [    1    219         60         14 ]
           3       58173     528.802   3.612e-06   1.309e-05   1.794e-02   4.000e-03   1.601e-02  1.0000        1129  [    1    220         60         15 ]
           3       58381     530.711   3.612e-06   1.309e-05   1.794e-02   4.000e-03   1.601e-02  1.0000        1127  [    1    221         60         13 ]
           3       58563     532.342   3.612e-06   1.309e-05   1.794e-02   4.000e-03   1.601e-02  1.0000        1128  [    1    222         60         13 ]
           3       58752     534.574   3.612e-06   1.309e-05   1.794e-02   3.999e-03   1.600e-02  1.0000        1130  [    1    223         60         15 ]
           3       58947     536.272   3.612e-06   1.309e-05   1.794e-02   3.988e-03   1.597e-02  1.0000        1130  [    1    224         60         14 ]
           3       59157     538.059   3.612e-06   1.309e-05   1.794e-02   3.987e-03   1.592e-02  1.0000        1131  [    1    225         60         16 ]
           3       59484     539.653   3.612e-06   1.309e-05   1.794e-02   3.987e-03   1.592e-02  1.0000        1133  [    2     29        120         16 ]
           3       59699     541.291   3.612e-06   1.309e-05   1.794e-02   3.990e-03   1.591e-02  1.0000        1136  [    1    226         60         16 ]
           3       59913     542.958   3.612e-06   1.309e-05   1.794e-02   3.990e-03   1.591e-02  1.0000        1137  [    1    227         60         17 ]
           3       60128     544.928   3.612e-06   1.309e-05   1.794e-02   3.990e-03   1.591e-02  1.0000        1134  [    1    228         60         18 ]
           3       60359     547.016   3.612e-06   1.309e-05   1.794e-02   3.990e-03   1.591e-02  1.0000        1134  [    1    229         60         18 ]
           3       60577     549.042   3.612e-06   1.309e-05   1.794e-02   3.990e-03   1.591e-02  1.0000        1134  [    1    230         60         15 ]
           3       60769     550.605   3.612e-06   1.309e-05   1.794e-02   3.990e-03   1.591e-02  1.0000        1138  [    1    231         60         15 ]
           3       60981     552.390   3.612e-06   1.309e-05   1.794e-02   3.987e-03   1.591e-02  1.0000        1126  [    1    232         60         11 ]
           3       61150     554.015   3.612e-06   1.309e-05   1.794e-02   3.987e-03   1.591e-02  1.0000        1123  [    1    233         60         11 ]
           3       61480     555.626   3.612e-06   1.309e-05   1.794e-02   3.987e-03   1.591e-02  1.0000        1123  [    2     30        120         11 ]
           3       61651     557.828   3.612e-06   1.309e-05   1.794e-02   3.987e-03   1.590e-02  1.0000        1122  [    1    234         60         10 ]
           3       61828     559.573   3.612e-06   1.309e-05   1.794e-02   3.983e-03   1.589e-02  1.0000        1123  [    1    235         60         10 ]
           3       61995     561.170   3.612e-06   1.309e-05   1.794e-02   3.983e-03   1.589e-02  1.0000        1125  [    1    236         60         11 ]
           3       62178     562.730   3.612e-06   1.309e-05   1.794e-02   3.973e-03   1.589e-02  1.0000        1128  [    1    237         60         11 ]
           3       62355     564.655   3.612e-06   1.309e-05   1.798e-02   3.964e-03   1.587e-02  1.0000        1125  [    1    238         60         10 ]
           3       62526     566.522   3.612e-06   1.309e-05   1.798e-02   3.960e-03   1.586e-02  1.0000        1125  [    1    239         60         10 ]
           3       62691     568.438   3.612e-06   1.309e-05   1.798e-02   3.952e-03   1.579e-02  1.0000        1125  [    1    240         60          9 ]
           3       62852     570.106   3.612e-06   1.309e-05   1.798e-02   3.952e-03   1.579e-02  1.0000        1125  [    1    241         60          9 ]
           3       63171     572.056   3.612e-06   1.309e-05   1.798e-02   3.952e-03   1.579e-02  1.0000        1129  [    2     31        120         12 ]
           3       63340     574.290   3.612e-06   1.309e-05   1.798e-02   3.952e-03   1.579e-02  1.0000        1128  [    1    242         60         11 ]
           3       63506     576.439   3.612e-06   1.309e-05   1.798e-02   3.952e-03   1.579e-02  1.0000        1125  [    1    243         60          9 ]
           3       63664     578.387   3.612e-06   1.309e-05   1.798e-02   3.952e-03   1.578e-02  1.0000        1125  [    1    244         60          9 ]
           3       63824     580.184   3.612e-06   1.309e-05   1.798e-02   3.952e-03   1.576e-02  1.0000        1125  [    1    245         60          9 ]
           3       63978     581.826   3.612e-06   1.309e-05   1.806e-02   3.940e-03   1.576e-02  1.0000        1125  [    1    246         60          9 ]
           3       64134     583.771   3.612e-06   1.309e-05   1.830e-02   3.932e-03   1.566e-02  1.0000        1125  [    1    247         60          9 ]
           3       64279     585.679   3.612e-06   1.309e-05   1.830e-02   3.937e-03   1.566e-02  1.0000        1124  [    1    248         60          9 ]
           3       64433     587.817   3.612e-06   1.309e-05   1.830e-02   3.937e-03   1.566e-02  1.0000        1124  [    1    249         60          9 ]
           3       64750     589.782   3.612e-06   1.309e-05   1.830e-02   3.937e-03   1.566e-02  1.0000        1128  [    2     32        120         12 ]
           3       64920     591.761   3.612e-06   1.309e-05   1.830e-02   3.937e-03   1.566e-02  1.0000        1124  [    1    250         60          9 ]
           3       65085     593.354   3.612e-06   1.309e-05   1.830e-02   3.937e-03   1.566e-02  1.0000        1124  [    1    251         60          9 ]
           3       65234     595.180   3.612e-06   1.309e-05   1.830e-02   3.936e-03   1.566e-02  1.0000        1124  [    1    252         60          9 ]
           3       65385     597.104   3.612e-06   1.309e-05   1.830e-02   3.932e-03   1.565e-02  1.0000        1124  [    1    253         60          9 ]
           3       65542     598.754   3.612e-06   1.309e-05   1.830e-02   3.932e-03   1.565e-02  1.0000        1126  [    1    254         60          9 ]
           3       65702     600.511   3.612e-06   1.309e-05   1.830e-02   3.932e-03   1.565e-02  1.0000        1126  [    1    255         60          9 ]
           3       65850     602.662   3.612e-06   1.309e-05   1.830e-02   3.932e-03   1.565e-02  1.0000        1126  [    1    256         60          9 ]
           3       66006     604.597   3.612e-06   1.309e-05   1.830e-02   3.932e-03   1.565e-02  1.0000        1126  [    1    257         60          9 ]
           3       66365     606.749   3.612e-06   1.309e-05   1.830e-02   3.932e-03   1.564e-02  1.0000        1129  [    2     33        120         11 ]
           3       66893     608.835   3.612e-06   1.309e-05   1.830e-02   3.928e-03   1.560e-02  1.0000        1134  [    3      5        240         14 ]
           3       67081     610.820   3.612e-06   1.309e-05   1.830e-02   3.928e-03   1.560e-02  1.0000        1131  [    1    258         60         13 ]
           3       67255     612.845   3.612e-06   1.309e-05   1.830e-02   3.928e-03   1.560e-02  1.0000        1130  [    1    259         60         11 ]
           3       67442     614.535   3.612e-06   1.309e-05   1.830e-02   3.928e-03   1.560e-02  1.0000        1129  [    1    260         60         11 ]
           3       67613     616.087   3.612e-06   1.309e-05   1.830e-02   3.924e-03   1.558e-02  1.0000        1130  [    1    261         60         11 ]
           3       67790     618.560   3.612e-06   1.309e-05   1.830e-02   3.923e-03   1.557e-02  1.0000        1134  [    1    262         60         15 ]
           3       67969     620.914   3.612e-06   1.309e-05   1.830e-02   3.923e-03   1.557e-02  1.0000        1135  [    1    263         60         15 ]
           3       68156     623.283   3.612e-06   1.309e-05   1.830e-02   3.918e-03   1.555e-02  1.0000        1134  [    1    264         60         12 ]
           3       68343     625.657   3.612e-06   1.309e-05   1.830e-02   3.914e-03   1.551e-02  1.0000        1132  [    1    265         60         12 ]
           3       68672     627.628   3.612e-06   1.309e-05   1.830e-02   3.914e-03   1.551e-02  1.0000        1137  [    2     34        120         14 ]
           3       68872     630.139   3.612e-06   1.309e-05   1.830e-02   3.909e-03   1.548e-02  1.0000        1141  [    1    266         60         15 ]
           3       69070     632.344   3.612e-06   1.309e-05   1.830e-02   3.908e-03   1.540e-02  1.0000        1138  [    1    267         60         14 ]
           3       69263     634.382   3.612e-06   1.309e-05   1.830e-02   3.908e-03   1.540e-02  1.0000        1135  [    1    268         60         11 ]
           3       69432     636.474   3.612e-06   1.309e-05   1.830e-02   3.908e-03   1.540e-02  1.0000        1136  [    1    269         60         11 ]
           3       69599     638.286   3.612e-06   1.309e-05   1.830e-02   3.901e-03   1.536e-02  1.0000        1133  [    1    270         60         11 ]
           3       69755     640.015   3.612e-06   1.309e-05   1.830e-02   3.892e-03   1.530e-02  1.0000        1138  [    1    271         60         11 ]
           3       69912     642.514   3.612e-06   1.309e-05   1.830e-02   3.892e-03   1.530e-02  1.0000        1136  [    1    272         60         12 ]
           3       70080     645.039   3.612e-06   1.309e-05   1.830e-02   3.884e-03   1.529e-02  1.0000        1137  [    1    273         60         11 ]
           3       70440     647.291   3.612e-06   1.309e-05   1.830e-02   3.884e-03   1.529e-02  1.0000        1144  [    2     35        120         16 ]
           3       70638     649.001   3.612e-06   1.309e-05   1.830e-02   3.884e-03   1.529e-02  1.0000        1143  [    1    274         60         13 ]
           3       70836     650.997   3.612e-06   1.309e-05   1.830e-02   3.884e-03   1.528e-02  1.0000        1143  [    1    275         60         14 ]
           3       71036     653.160   3.612e-06   1.309e-05   1.830e-02   3.884e-03   1.528e-02  1.0000        1145  [    1    276         60         16 ]
           3       71234     655.306   3.612e-06   1.309e-05   1.830e-02   3.873e-03   1.527e-02  1.0000        1152  [    1    277         60         15 ]
           3       71429     657.472   3.612e-06   1.309e-05   1.830e-02   3.872e-03   1.527e-02  1.0000        1148  [    1    278         60         17 ]
           3       71642     659.396   3.612e-06   1.309e-05   1.830e-02   3.872e-03   1.527e-02  1.0000        1143  [    1    279         60         15 ]
           3       71825     661.052   3.612e-06   1.309e-05   1.830e-02   3.858e-03   1.527e-02  1.0000        1141  [    1    280         60         13 ]
           3       72013     662.696   3.612e-06   1.309e-05   1.830e-02   3.849e-03   1.523e-02  1.0000        1138  [    1    281         60         10 ]
           3       72339     664.878   3.612e-06   1.309e-05   1.830e-02   3.849e-03   1.523e-02  1.0000        1138  [    2     36        120         12 ]
           3       72524     666.753   3.612e-06   1.309e-05   1.830e-02   3.848e-03   1.523e-02  1.0000        1142  [    1    282         60         12 ]
           3       72710     668.722   3.612e-06   1.309e-05   1.830e-02   3.845e-03   1.522e-02  1.0000        1141  [    1    283         60         12 ]
           3       72884     670.541   3.612e-06   1.309e-05   1.830e-02   3.838e-03   1.522e-02  1.0000        1140  [    1    284         60         12 ]
           3       73060     672.661   3.612e-06   1.309e-05   1.830e-02   3.838e-03   1.522e-02  1.0000        1142  [    1    285         60         12 ]
           3       73230     675.260   3.612e-06   1.309e-05   1.830e-02   3.833e-03   1.517e-02  1.0000        1140  [    1    286         60         12 ]
           3       73404     677.406   3.612e-06   1.309e-05   1.830e-02   3.833e-03   1.517e-02  1.0000        1139  [    1    287         60         11 ]
           3       73569     679.850   3.612e-06   1.309e-05   1.830e-02   3.833e-03   1.517e-02  1.0000        1140  [    1    288         60         11 ]
           3       73752     682.366   3.612e-06   1.309e-05   1.830e-02   3.833e-03   1.517e-02  1.0000        1140  [    1    289         60         12 ]
           3       74097     684.604   3.612e-06   1.309e-05   1.830e-02   3.833e-03   1.517e-02  1.0000        1143  [    2     37        120         15 ]
           3       74297     686.933   3.612e-06   1.309e-05   1.830e-02   3.829e-03   1.514e-02  1.0000        1144  [    1    290         60         15 ]
           3       74488     688.876   3.612e-06   1.309e-05   1.830e-02   3.829e-03   1.514e-02  1.0000        1147  [    1    291         60         16 ]
           3       74676     690.982   3.612e-06   1.309e-05   1.830e-02   3.829e-03   1.514e-02  1.0000        1144  [    1    292         60         11 ]
           3       74836     693.087   3.612e-06   1.309e-05   1.830e-02   3.829e-03   1.514e-02  1.0000        1142  [    1    293         60         10 ]
           3       75005     695.271   3.612e-06   1.309e-05   1.830e-02   3.829e-03   1.514e-02  1.0000        1144  [    1    294         60         10 ]
           3       75166     696.956   3.612e-06   1.309e-05   1.830e-02   3.829e-03   1.514e-02  1.0000        1141  [    1    295         60          9 ]
           3       75320     698.772   3.612e-06   1.309e-05   1.830e-02   3.826e-03   1.513e-02  1.0000        1141  [    1    296         60          9 ]
           3       75468     701.001   3.612e-06   1.309e-05   1.834e-02   3.823e-03   1.511e-02  1.0000        1141  [    1    297         60          9 ]
           3       75806     702.860   3.612e-06   1.309e-05   1.834e-02   3.823e-03   1.511e-02  1.0000        1147  [    2     38        120         14 ]
           3       75990     704.596   3.612e-06   1.309e-05   1.834e-02   3.823e-03   1.511e-02  1.0000        1143  [    1    298         60         11 ]
           3       76157     706.523   3.612e-06   1.309e-05   1.834e-02   3.823e-03   1.511e-02  1.0000        1145  [    1    299         60         11 ]
           3       76327     708.873   3.612e-06   1.309e-05   1.834e-02   3.814e-03   1.511e-02  1.0000        1143  [    1    300         60         10 ]
           3       76492     710.941   3.612e-06   1.309e-05   1.834e-02   3.812e-03   1.511e-02  1.0000        1145  [    1    301         60         10 ]
           3       76648     712.559   3.612e-06   1.309e-05   1.834e-02   3.814e-03   1.511e-02  1.0000        1142  [    1    302         60          9 ]
           3       76804     714.984   3.612e-06   1.309e-05   1.834e-02   3.813e-03   1.511e-02  1.0000        1142  [    1    303         60          9 ]
           3       76961     717.195   3.612e-06   1.309e-05   1.834e-02   3.813e-03   1.506e-02  1.0000        1142  [    1    304         60          9 ]
           3       77114     719.508   3.612e-06   1.309e-05   1.834e-02   3.813e-03   1.506e-02  1.0000        1142  [    1    305         60          9 ]
           3       77500     721.892   3.612e-06   1.309e-05   1.834e-02   3.813e-03   1.506e-02  1.0000        1149  [    2     39        120         14 ]
           3       77718     724.009   3.612e-06   1.309e-05   1.834e-02   3.813e-03   1.506e-02  1.0000        1148  [    1    306         60         13 ]
           3       77935     725.876   3.612e-06   1.309e-05   1.834e-02   3.804e-03   1.505e-02  1.0000        1153  [    1    307         60         13 ]
           3       78151     728.038   3.612e-06   1.309e-05   1.834e-02   3.804e-03   1.505e-02  1.0000        1153  [    1    308         60         14 ]
           3       78363     730.335   3.612e-06   1.309e-05   1.834e-02   3.804e-03   1.505e-02  1.0000        1152  [    1    309         60         15 ]
           3       78596     732.636   3.612e-06   1.309e-05   1.834e-02   3.803e-03   1.505e-02  1.0000        1146  [    1    310         60         12 ]
           3       78784     734.615   3.612e-06   1.309e-05   1.834e-02   3.803e-03   1.505e-02  1.0000        1146  [    1    311         60         12 ]
           3       78987     736.397   3.612e-06   1.309e-05   1.834e-02   3.801e-03   1.503e-02  1.0000        1148  [    1    312         60         13 ]
           3       79204     738.847   3.612e-06   1.309e-05   1.834e-02   3.801e-03   1.503e-02  1.0000        1149  [    1    313         60         13 ]
           3       79608     741.419   3.612e-06   1.309e-05   1.834e-02   3.801e-03   1.503e-02  1.0000        1159  [    2     40        120         19 ]
           3       79854     743.698   3.612e-06   1.309e-05   1.834e-02   3.801e-03   1.503e-02  1.0000        1149  [    1    314         60         16 ]
           3       80073     745.811   3.612e-06   1.309e-05   1.834e-02   3.736e-03   1.503e-02  1.0000        1151  [    1    315         60         15 ]
           3       80289     748.070   3.612e-06   1.309e-05   1.834e-02   3.736e-03   1.503e-02  1.0000        1153  [    1    316         60         14 ]
           3       80488     750.599   3.612e-06   1.309e-05   1.834e-02   3.736e-03   1.502e-02  1.0000        1153  [    1    317         60         14 ]
           3       80694     752.957   3.612e-06   1.309e-05   1.834e-02   3.736e-03   1.502e-02  1.0000        1145  [    1    318         60         11 ]
           3       80865     755.418   3.612e-06   1.309e-05   1.834e-02   3.731e-03   1.502e-02  1.0000        1146  [    1    319         60         11 ]
           3       81038     757.601   3.612e-06   1.309e-05   1.834e-02   3.729e-03   1.502e-02  1.0000        1144  [    1    320         60         10 ]
           3       81196     759.601   3.612e-06   1.309e-05   1.834e-02   3.729e-03   1.502e-02  1.0000        1146  [    1    321         60         10 ]
           3       81582     761.376   3.612e-06   1.309e-05   1.834e-02   3.729e-03   1.501e-02  1.0000        1149  [    2     41        120         14 ]
           3       82098     763.180   3.612e-06   1.309e-05   1.834e-02   3.728e-03   1.501e-02  1.0000        1151  [    3      6        240         14 ]
           3       82294     764.993   3.612e-06   1.309e-05   1.834e-02   3.728e-03   1.501e-02  1.0000        1151  [    1    322         60         14 ]
           3       82502     767.097   3.612e-06   1.309e-05   1.834e-02   3.728e-03   1.501e-02  1.0000        1153  [    1    323         60         16 ]
           3       82711     769.074   3.612e-06   1.309e-05   1.834e-02   3.728e-03   1.501e-02  1.0000        1151  [    1    324         60         14 ]
           3       82903     771.471   3.612e-06   1.309e-05   1.834e-02   3.728e-03   1.501e-02  1.0000        1151  [    1    325         60         14 ]
           3       83101     773.910   3.612e-06   1.309e-05   1.834e-02   3.728e-03   1.501e-02  1.0000        1154  [    1    326         60         14 ]
           3       83294     776.388   3.612e-06   1.309e-05   1.834e-02   3.728e-03   1.501e-02  1.0000        1153  [    1    327         60         15 ]
           3       83482     778.584   3.612e-06   1.309e-05   1.834e-02   3.728e-03   1.501e-02  1.0000        1147  [    1    328         60         11 ]
           3       83667     780.509   3.612e-06   1.309e-05   1.834e-02   3.728e-03   1.501e-02  1.0000        1148  [    1    329         60         12 ]
           3       84053     782.970   3.612e-06   1.309e-05   1.834e-02   3.728e-03   1.501e-02  1.0000        1151  [    2     42        120         13 ]
           3       84246     784.651   3.612e-06   1.309e-05   1.834e-02   3.728e-03   1.501e-02  1.0000        1152  [    1    330         60         13 ]
           3       84442     786.724   3.612e-06   1.309e-05   1.834e-02   3.728e-03   1.501e-02  1.0000        1148  [    1    331         60         12 ]
           3       84639     788.727   3.612e-06   1.309e-05   1.834e-02   3.728e-03   1.501e-02  1.0000        1148  [    1    332         60         12 ]
           3       84834     790.441   3.612e-06   1.309e-05   1.834e-02   3.728e-03   1.501e-02  1.0000        1149  [    1    333         60         12 ]
           3       85024     792.582   3.612e-06   1.309e-05   1.834e-02   3.728e-03   1.501e-02  1.0000        1146  [    1    334         60         10 ]
           3       85192     794.926   3.612e-06   1.309e-05   1.834e-02   3.728e-03   1.501e-02  1.0000        1146  [    1    335         60         10 ]
           3       85358     796.743   3.612e-06   1.309e-05   1.834e-02   3.728e-03   1.501e-02  1.0000        1147  [    1    336         60         10 ]
           3       85529     798.964   3.612e-06   1.309e-05   1.834e-02   3.724e-03   1.500e-02  1.0000        1147  [    1    337         60         10 ]
           3       85908     801.271   3.612e-06   1.309e-05   1.834e-02   3.724e-03   1.500e-02  1.0000        1158  [    2     43        120         17 ]
           3       86124     802.861   3.612e-06   1.309e-05   1.834e-02   3.724e-03   1.500e-02  1.0000        1155  [    1    338         60         15 ]
           3       86342     804.807   3.612e-06   1.309e-05   1.834e-02   3.724e-03   1.499e-02  1.0000        1153  [    1    339         60         15 ]
           3       86544     806.409   3.612e-06   1.309e-05   1.834e-02   3.724e-03   1.499e-02  1.0000        1155  [    1    340         60         16 ]
           3       86754     808.791   3.612e-06   1.309e-05   1.834e-02   3.724e-03   1.499e-02  1.0000        1157  [    1    341         60         16 ]
           3       86980     810.929   3.612e-06   1.309e-05   1.834e-02   3.724e-03   1.499e-02  1.0000        1153  [    1    342         60         14 ]
           3       87181     812.754   3.612e-06   1.309e-05   1.834e-02   3.698e-03   1.482e-02  1.0000        1160  [    1    343         60         14 ]
           3       87382     814.723   3.612e-06   1.309e-05   1.834e-02   3.698e-03   1.482e-02  1.0000        1162  [    1    344         60         14 ]
           3       87592     816.468   3.612e-06   1.309e-05   1.834e-02   3.698e-03   1.480e-02  1.0000        1157  [    1    345         60         16 ]
           3       87998     818.507   3.612e-06   1.309e-05   1.834e-02   3.698e-03   1.480e-02  1.0000        1163  [    2     44        120         22 ]
           3       88262     820.327   3.612e-06   1.309e-05   1.834e-02   3.698e-03   1.480e-02  1.0000        1159  [    1    346         60         17 ]
           3       88494     822.374   3.612e-06   1.309e-05   1.834e-02   3.698e-03   1.480e-02  1.0000        1152  [    1    347         60         14 ]
           3       88700     824.551   3.612e-06   1.309e-05   1.834e-02   3.698e-03   1.480e-02  1.0000        1151  [    1    348         60         14 ]
           3       88892     826.500   3.612e-06   1.309e-05   1.834e-02   3.698e-03   1.480e-02  1.0000        1149  [    1    349         60         11 ]
           3       89075     828.857   3.612e-06   1.309e-05   1.834e-02   3.686e-03   1.478e-02  1.0000        1145  [    1    350         60          9 ]
           3       89227     830.704   3.612e-06   1.309e-05   1.834e-02   3.686e-03   1.478e-02  1.0000        1145  [    1    351         60          9 ]
           3       89383     832.647   3.612e-06   1.309e-05   1.834e-02   3.686e-03   1.474e-02  1.0000        1145  [    1    352         60          9 ]
           3       89534     834.468   3.612e-06   1.309e-05   1.834e-02   3.686e-03   1.474e-02  1.0000        1145  [    1    353         60          9 ]
           3       89929     836.361   3.612e-06   1.309e-05   1.834e-02   3.686e-03   1.474e-02  1.0000        1151  [    2     45        120         14 ]
           3       90108     838.812   3.612e-06   1.309e-05   1.834e-02   3.686e-03   1.471e-02  1.0000        1149  [    1    354         60         11 ]
           3       90284     840.764   3.612e-06   1.309e-05   1.834e-02   3.687e-03   1.471e-02  1.0000        1150  [    1    355         60         12 ]
           3       90473     843.123   3.612e-06   1.309e-05   1.834e-02   3.685e-03   1.471e-02  1.0000        1151  [    1    356         60         11 ]
           3       90657     845.220   3.612e-06   1.309e-05   1.834e-02   3.685e-03   1.471e-02  1.0000        1150  [    1    357         60         12 ]
           3       90834     847.193   3.612e-06   1.309e-05   1.834e-02   3.687e-03   1.470e-02  1.0000        1150  [    1    358         60         12 ]
           3       91005     848.892   3.612e-06   1.309e-05   1.834e-02   3.687e-03   1.470e-02  1.0000        1153  [    1    359         60         13 ]
           3       91183     850.901   3.612e-06   1.309e-05   1.834e-02   3.687e-03   1.470e-02  1.0000        1150  [    1    360         60         12 ]
           3       91346     853.112   3.612e-06   1.309e-05   1.834e-02   3.684e-03   1.464e-02  1.0000        1147  [    1    361         60         10 ]
           3       91738     855.211   3.612e-06   1.309e-05   1.834e-02   3.684e-03   1.464e-02  1.0000        1154  [    2     46        120         15 ]
           3       91950     856.872   3.612e-06   1.309e-05   1.834e-02   3.684e-03   1.464e-02  1.0000        1150  [    1    362         60         13 ]
           3       92145     858.487   3.612e-06   1.309e-05   1.834e-02   3.684e-03   1.464e-02  1.0000        1147  [    1    363         60         10 ]
           3       92313     860.122   3.612e-06   1.309e-05   1.834e-02   3.682e-03   1.464e-02  1.0000        1147  [    1    364         60         10 ]
           3       92477     862.002   3.612e-06   1.309e-05   1.834e-02   3.682e-03   1.464e-02  1.0000        1145  [    1    365         60          9 ]
           3       92630     863.932   3.612e-06   1.309e-05   1.834e-02   3.666e-03   1.464e-02  1.0000        1145  [    1    366         60          9 ]
           3       92788     865.951   3.612e-06   1.309e-05   1.834e-02   3.666e-03   1.464e-02  1.0000        1145  [    1    367         60          9 ]
           3       92939     868.264   3.612e-06   1.309e-05   1.834e-02   3.666e-03   1.464e-02  1.0000        1145  [    1    368         60          9 ]
           3       93090     870.295   3.612e-06   1.309e-05   1.834e-02   3.660e-03   1.464e-02  1.0000        1145  [    1    369         60          9 ]
           3       93460     872.013   3.612e-06   1.309e-05   1.834e-02   3.660e-03   1.464e-02  1.0000        1152  [    2     47        120         16 ]
           3       93691     873.833   3.612e-06   1.309e-05   1.834e-02   3.655e-03   1.446e-02  1.0000        1151  [    1    370         60         15 ]
           3       93921     875.729   3.612e-06   1.309e-05   1.834e-02   3.654e-03   1.446e-02  1.0000        1154  [    1    371         60         15 ]
           3       94152     877.898   3.612e-06   1.309e-05   1.834e-02   3.654e-03   1.446e-02  1.0000        1156  [    1    372         60         15 ]
           3       94386     879.772   3.612e-06   1.309e-05   1.834e-02   3.654e-03   1.446e-02  1.0000        1155  [    1    373         60         15 ]
           3       94619     881.706   3.612e-06   1.309e-05   1.834e-02   3.655e-03   1.446e-02  1.0000        1161  [    1    374         60         15 ]
           3       94839     883.282   3.612e-06   1.309e-05   1.834e-02   3.655e-03   1.446e-02  1.0000        1154  [    1    375         60         13 ]
           3       95030     885.089   3.612e-06   1.309e-05   1.834e-02   3.655e-03   1.445e-02  1.0000        1152  [    1    376         60         13 ]
           3       95234     887.236   3.612e-06   1.309e-05   1.834e-02   3.655e-03   1.445e-02  1.0000        1153  [    1    377         60         13 ]
           3       95622     889.181   3.612e-06   1.309e-05   1.834e-02   3.655e-03   1.445e-02  1.0000        1153  [    2     48        120         16 ]
           3       95849     891.397   3.612e-06   1.309e-05   1.834e-02   3.655e-03   1.443e-02  1.0000        1154  [    1    378         60         14 ]
           3       96063     893.757   3.612e-06   1.309e-05   1.834e-02   3.655e-03   1.443e-02  1.0000        1153  [    1    379         60         15 ]
           3       96265     896.165   3.612e-06   1.309e-05   1.834e-02   3.654e-03   1.443e-02  1.0000        1154  [    1    380         60         13 ]
           3       96455     898.531   3.612e-06   1.309e-05   1.834e-02   3.654e-03   1.443e-02  1.0000        1148  [    1    381         60         10 ]
           3       96618     900.920   3.612e-06   1.309e-05   1.834e-02   3.654e-03   1.443e-02  1.0000        1148  [    1    382         60         10 ]
           3       96802     903.166   3.612e-06   1.309e-05   1.835e-02   3.653e-03   1.443e-02  1.0000        1149  [    1    383         60         10 ]
           3       96963     905.035   3.612e-06   1.309e-05   1.835e-02   3.641e-03   1.443e-02  1.0000        1148  [    1    384         60         11 ]
           3       97117     907.026   3.612e-06   1.309e-05   1.835e-02   3.641e-03   1.443e-02  1.0000        1146  [    1    385         60          9 ]
           3       97483     908.616   3.612e-06   1.309e-05   1.835e-02   3.641e-03   1.443e-02  1.0000        1154  [    2     49        120         13 ]
           3       98043     911.019   3.612e-06   1.309e-05   1.835e-02   3.634e-03   1.441e-02  1.0000        1160  [    3      7        240         17 ]
           3       98254     913.209   3.612e-06   1.309e-05   1.835e-02   3.634e-03   1.441e-02  1.0000        1155  [    1    386         60         13 ]
           3       98438     915.734   3.612e-06   1.309e-05   1.835e-02   3.634e-03   1.441e-02  1.0000        1150  [    1    387         60         12 ]
           3       98613     917.775   3.612e-06   1.309e-05   1.835e-02   3.634e-03   1.441e-02  1.0000        1151  [    1    388         60         12 ]
           3       98774     919.742   3.612e-06   1.309e-05   1.835e-02   3.634e-03   1.441e-02  1.0000        1151  [    1    389         60         12 ]
           3       98952     921.625   3.612e-06   1.309e-05   1.835e-02   3.632e-03   1.441e-02  1.0000        1151  [    1    390         60         11 ]
           3       99115     923.327   3.612e-06   1.309e-05   1.835e-02   3.632e-03   1.438e-02  1.0000        1152  [    1    391         60         11 ]
           3       99286     925.039   3.612e-06   8.841e-06   1.835e-02   3.619e-03   1.436e-02  1.0000        1150  [    1    392         60         12 ]
           3       99451     927.260   3.612e-06   8.841e-06   1.835e-02   3.619e-03   1.436e-02  1.0000        1157  [    1    393         60         13 ]
           3       99836     929.355   3.612e-06   8.841e-06   1.835e-02   3.619e-03   1.436e-02  1.0000        1155  [    2     50        120         14 ]
           4      100034     931.584   3.612e-06   8.841e-06   1.835e-02   3.619e-03   1.436e-02  1.0000        1151  [    3      7        240         17 ]
