# Generation  Evaluations  Time (s)  Best_obj[0]  Best_obj[1]  Hypervol.   IGD         IGDX        SR    Appr.set  [ Pop.index  Subgen.  Pop.size  Subpops ]
           0         113       2.511   4.294e-03   9.161e-02   5.726e-01   6.603e-02   2.101e-01  0.0000          31  [    0      1         30          9 ]
           0         219       2.589   4.294e-03   9.161e-02   4.824e-01   5.341e-02   1.812e-01  0.0000          44  [    0      2         30          8 ]
           0         322       2.623   4.294e-03   7.005e-02   6.656e-01   3.182e-02   1.723e-01  0.0000          52  [    0      3         30          9 ]
           0         443       2.703   4.294e-03   2.805e-02   6.412e-01   2.772e-02   1.634e-01  0.0000          73  [    0      4         30         12 ]
           0         579       2.816   4.294e-03   2.805e-02   5.740e-01   2.488e-02   1.563e-01  0.0000          87  [    0      5         30         15 ]
           0         734       2.951   4.294e-03   2.805e-02   6.087e-01   2.226e-02   1.413e-01  0.0000          98  [    0      6         30         18 ]
           0         913       3.021   4.294e-03   1.551e-02   5.935e-01   1.917e-02   1.326e-01  0.0000         107  [    0      7         30         20 ]
           0        1084       3.176   4.294e-03   1.551e-02   5.549e-01   1.817e-02   1.313e-01  0.0000         119  [    0      8         30         21 ]
           1        1531       3.367   4.294e-03   6.427e-03   5.484e-01   1.081e-02   8.779e-02  0.0000         227  [    1      1         60         34 ]
           1        1793       3.633   4.294e-03   6.427e-03   5.585e-01   8.622e-03   8.535e-02  0.0000         252  [    0      9         30         34 ]
           1        2114       4.012   1.202e-03   1.176e-03   5.608e-01   8.016e-03   7.586e-02  0.0000         282  [    1      2         60         32 ]
           1        2365       4.367   1.202e-03   1.176e-03   5.630e-01   7.780e-03   7.184e-02  0.0000         296  [    0     10         30         30 ]
           1        2606       4.659   2.675e-04   1.176e-03   5.997e-01   7.741e-03   7.069e-02  0.0000         316  [    0     11         30         33 ]
           1        2861       5.153   2.675e-04   1.176e-03   5.988e-01   7.624e-03   6.887e-02  0.0000         334  [    0     12         30         35 ]
           1        3136       5.650   2.675e-04   1.176e-03   6.261e-01   7.502e-03   6.703e-02  0.0000         342  [    0     13         30         35 ]
           1        3401       5.880   2.675e-04   1.176e-03   5.487e-01   7.473e-03   6.562e-02  0.0000         353  [    0     14         30         36 ]
           1        3685       6.141   2.675e-04   1.176e-03   5.648e-01   7.392e-03   6.066e-02  0.5000         367  [    0     15         30         36 ]
           1        3964       6.550   2.675e-04   1.176e-03   5.517e-01   7.288e-03   5.491e-02  0.5000         379  [    0     16         30         36 ]
           1        4243       6.913   2.675e-04   1.176e-03   5.721e-01   6.789e-03   5.274e-02  0.5000         401  [    0     17         30         39 ]
           1        4614       7.356   2.675e-04   1.176e-03   6.464e-01   5.925e-03   4.467e-02  1.0000         424  [    1      3         60         41 ]
           1        4932       7.781   2.675e-04   1.176e-03   6.611e-01   5.837e-03   4.366e-02  1.0000         449  [    0     18         30         40 ]
           1        5221       8.288   2.675e-04   3.153e-05   5.556e-01   5.263e-03   4.307e-02  1.0000         462  [    0     19         30         38 ]
           1        5511       8.804   2.675e-04   3.153e-05   6.681e-01   5.235e-03   4.288e-02  1.0000         477  [    0     20         30         36 ]
           1        5795       9.296   2.675e-04   3.153e-05   6.687e-01   4.839e-03   4.091e-02  1.0000         489  [    0     21         30         37 ]
           1        6081       9.714   2.675e-04   3.153e-05   6.510e-01   4.469e-03   3.982e-02  1.0000         497  [    0     22         30         37 ]
           1        6359      10.246   2.675e-04   3.153e-05   6.783e-01   4.440e-03   3.978e-02  1.0000         509  [    0     23         30         36 ]
           1        6641      10.852   2.675e-04   3.153e-05   6.736e-01   4.414e-03   3.858e-02  1.0000         521  [    0     24         30         38 ]
           1        6937      11.292   2.675e-04   3.153e-05   6.747e-01   4.154e-03   3.617e-02  1.0000         546  [    0     25         30         38 ]
           1        7312      11.817   2.675e-04   3.153e-05   6.776e-01   3.886e-03   3.493e-02  1.0000         566  [    1      4         60         40 ]
           1        7621      12.238   5.570e-05   3.153e-05   6.507e-01   3.622e-03   3.233e-02  1.0000         556  [    0     26         30         39 ]
           1        7923      12.860   5.570e-05   3.153e-05   5.711e-01   3.607e-03   3.219e-02  1.0000         565  [    0     27         30         41 ]
           1        8234      13.400   5.570e-05   3.153e-05   5.709e-01   3.605e-03   3.182e-02  1.0000         582  [    0     28         30         41 ]
           1        8544      14.020   5.570e-05   3.153e-05   6.724e-01   3.605e-03   3.153e-02  1.0000         596  [    0     29         30         43 ]
           1        8864      14.802   5.570e-05   3.153e-05   5.600e-01   3.590e-03   3.112e-02  1.0000         604  [    0     30         30         44 ]
           1        9190      15.376   5.570e-05   3.153e-05   6.276e-01   3.586e-03   3.053e-02  1.0000         620  [    0     31         30         45 ]
           1        9524      16.143   5.570e-05   3.153e-05   6.179e-01   3.438e-03   2.996e-02  1.0000         644  [    0     32         30         45 ]
           1        9850      17.056   5.570e-05   3.153e-05   6.277e-01   3.366e-03   2.886e-02  1.0000         648  [    0     33         30         44 ]
           1       10231      17.786   5.570e-05   3.153e-05   5.225e-01   3.278e-03   2.801e-02  1.0000         683  [    1      5         60         43 ]
           1       10548      18.505   5.570e-05   3.153e-05   5.280e-01   3.244e-03   2.755e-02  1.0000         685  [    0     34         30         43 ]
           1       10890      19.198   3.106e-05   3.153e-05   6.366e-01   3.244e-03   2.736e-02  1.0000         696  [    0     35         30         43 ]
           1       11223      19.903   3.106e-05   3.153e-05   6.378e-01   3.241e-03   2.726e-02  1.0000         700  [    0     36         30         43 ]
           1       11569      20.652   3.106e-05   3.153e-05   6.552e-01   3.194e-03   2.705e-02  1.0000         701  [    0     37         30         44 ]
           1       11905      21.320   3.106e-05   3.153e-05   5.475e-01   3.093e-03   2.660e-02  1.0000         717  [    0     38         30         43 ]
           1       12237      21.905   3.106e-05   3.153e-05   6.265e-01   3.088e-03   2.628e-02  1.0000         735  [    0     39         30         43 ]
           1       12567      22.626   3.106e-05   3.153e-05   6.277e-01   3.066e-03   2.627e-02  1.0000         740  [    0     40         30         45 ]
           1       12907      23.336   3.106e-05   3.153e-05   6.259e-01   3.032e-03   2.621e-02  1.0000         748  [    0     41         30         45 ]
           1       13325      23.923   3.106e-05   3.153e-05   6.364e-01   3.011e-03   2.565e-02  1.0000         753  [    1      6         60         45 ]
           1       13676      24.477   3.106e-05   3.153e-05   5.244e-01   2.992e-03   2.521e-02  1.0000         767  [    0     42         30         44 ]
           1       14031      25.508   3.106e-05   3.153e-05   5.188e-01   2.978e-03   2.477e-02  1.0000         793  [    0     43         30         43 ]
           1       14371      26.855   3.106e-05   3.153e-05   6.395e-01   2.958e-03   2.485e-02  1.0000         787  [    0     44         30         41 ]
           1       14702      27.593   3.106e-05   3.153e-05   5.552e-01   2.929e-03   2.471e-02  1.0000         802  [    0     45         30         41 ]
           1       15032      28.168   3.106e-05   3.153e-05   6.371e-01   2.923e-03   2.471e-02  1.0000         806  [    0     46         30         40 ]
           1       15353      28.895   3.106e-05   3.153e-05   5.876e-01   2.904e-03   2.489e-02  1.0000         810  [    0     47         30         40 ]
           1       15686      29.499   3.106e-05   3.153e-05   5.366e-01   2.887e-03   2.484e-02  1.0000         825  [    0     48         30         42 ]
           1       16026      30.189   3.106e-05   3.153e-05   5.364e-01   2.874e-03   2.462e-02  1.0000         844  [    0     49         30         44 ]
           1       16446      30.854   3.106e-05   3.153e-05   6.297e-01   2.821e-03   2.398e-02  1.0000         874  [    1      7         60         46 ]
           1       16803      31.959   3.106e-05   3.153e-05   5.284e-01   2.790e-03   2.400e-02  1.0000         890  [    0     50         30         45 ]
           1       17155      32.734   3.106e-05   3.153e-05   6.365e-01   2.755e-03   2.380e-02  1.0000         880  [    0     51         30         41 ]
           1       17495      33.492   3.106e-05   3.153e-05   6.478e-01   2.749e-03   2.378e-02  1.0000         881  [    0     52         30         44 ]
           1       17845      34.454   3.106e-05   3.153e-05   6.492e-01   2.719e-03   2.363e-02  1.0000         885  [    0     53         30         43 ]
           1       18182      35.455   3.106e-05   3.153e-05   6.229e-01   2.692e-03   2.390e-02  1.0000         879  [    0     54         30         41 ]
           1       18508      36.224   3.106e-05   3.153e-05   6.533e-01   2.677e-03   2.381e-02  1.0000         878  [    0     55         30         39 ]
           1       18819      36.871   3.106e-05   3.153e-05   6.513e-01   2.669e-03   2.378e-02  1.0000         883  [    0     56         30         38 ]
           1       19128      37.606   3.106e-05   3.153e-05   5.488e-01   2.600e-03   2.366e-02  1.0000         895  [    0     57         30         39 ]
           1       19520      38.601   3.106e-05   3.153e-05   6.372e-01   2.516e-03   2.322e-02  1.0000         910  [    1      8         60         41 ]
           1       19864      39.652   3.106e-05   3.153e-05   6.830e-01   2.394e-03   2.244e-02  1.0000         893  [    0     58         30         39 ]
           1       20194      40.696   3.106e-05   3.153e-05   6.791e-01   2.391e-03   2.227e-02  1.0000         881  [    0     59         30         40 ]
           1       20518      41.417   3.106e-05   3.153e-05   6.796e-01   2.333e-03   2.211e-02  1.0000         896  [    0     60         30         38 ]
           1       20829      42.361   3.106e-05   3.153e-05   5.632e-01   2.329e-03   2.172e-02  1.0000         913  [    0     61         30         39 ]
           1       21145      43.274   3.106e-05   3.153e-05   6.305e-01   2.294e-03   2.133e-02  1.0000         920  [    0     62         30         40 ]
           1       21470      44.181   3.106e-05   3.153e-05   5.569e-01   2.294e-03   2.131e-02  1.0000         925  [    0     63         30         39 ]
           1       21791      44.964   3.106e-05   3.153e-05   5.514e-01   2.294e-03   2.134e-02  1.0000         927  [    0     64         30         41 ]
           2       23710      45.909   3.106e-05   3.153e-05   3.627e-01   3.691e-03   3.617e-02  1.0000         739  [    2      1        120         53 ]
           2       24195      46.694   3.106e-05   3.153e-05   5.239e-01   3.657e-03   3.765e-02  1.0000         620  [    0     65         30         48 ]
           2       24679      47.335   3.106e-05   3.153e-05   5.360e-01   3.439e-03   3.648e-02  1.0000         619  [    1      9         60         43 ]
           2       25291      47.873   3.106e-05   3.153e-05   5.092e-01   3.205e-03   3.413e-02  1.0000         706  [    2      2        120         43 ]
           2       25692      48.595   3.106e-05   3.153e-05   4.906e-01   3.147e-03   3.366e-02  1.0000         708  [    0     66         30         42 ]
           2       26099      49.294   3.106e-05   3.153e-05   5.524e-01   3.096e-03   3.296e-02  1.0000         720  [    0     67         30         41 ]
           2       26515      50.024   3.106e-05   3.153e-05   4.972e-01   3.076e-03   3.273e-02  1.0000         720  [    0     68         30         44 ]
           2       26931      50.658   3.106e-05   3.153e-05   5.539e-01   3.072e-03   3.249e-02  1.0000         731  [    0     69         30         46 ]
           2       27362      51.567   3.106e-05   3.153e-05   5.305e-01   3.005e-03   3.147e-02  1.0000         721  [    0     70         30         44 ]
           2       27764      52.662   3.106e-05   3.153e-05   4.530e-01   2.990e-03   3.122e-02  1.0000         727  [    0     71         30         43 ]
           2       28166      53.898   3.106e-05   3.153e-05   5.610e-01   2.972e-03   3.056e-02  1.0000         747  [    0     72         30         44 ]
           2       28573      54.695   3.106e-05   3.153e-05   5.477e-01   2.972e-03   3.053e-02  1.0000         746  [    0     73         30         42 ]
           2       29036      55.787   3.106e-05   3.153e-05   5.093e-01   2.858e-03   2.992e-02  1.0000         780  [    1     10         60         45 ]
           2       29417      56.809   3.106e-05   3.153e-05   4.559e-01   2.850e-03   2.987e-02  1.0000         783  [    0     74         30         44 ]
           2       29801      57.726   3.106e-05   3.153e-05   5.490e-01   2.821e-03   2.980e-02  1.0000         799  [    0     75         30         44 ]
           2       30185      58.653   3.106e-05   3.153e-05   5.476e-01   2.769e-03   2.947e-02  1.0000         775  [    0     76         30         42 ]
           2       30570      59.489   3.106e-05   3.153e-05   4.703e-01   2.755e-03   2.939e-02  1.0000         789  [    0     77         30         43 ]
           2       30946      60.420   3.106e-05   3.153e-05   5.229e-01   2.737e-03   2.921e-02  1.0000         784  [    0     78         30         42 ]
           2       31315      61.637   3.106e-05   3.153e-05   5.841e-01   2.731e-03   2.903e-02  1.0000         789  [    0     79         30         43 ]
           2       31690      62.613   3.106e-05   3.153e-05   5.125e-01   2.697e-03   2.886e-02  1.0000         801  [    0     80         30         43 ]
           2       32054      64.007   3.106e-05   3.153e-05   5.310e-01   2.697e-03   2.879e-02  1.0000         803  [    0     81         30         44 ]
           2       32513      65.126   3.106e-05   3.153e-05   5.023e-01   2.645e-03   2.827e-02  1.0000         828  [    1     11         60         44 ]
           2       32895      66.234   3.106e-05   3.153e-05   5.745e-01   2.642e-03   2.797e-02  1.0000         839  [    0     82         30         43 ]
           2       33299      66.907   3.106e-05   3.153e-05   5.389e-01   2.509e-03   2.768e-02  1.0000         844  [    0     83         30         43 ]
           2       33678      67.785   3.106e-05   3.153e-05   5.741e-01   2.482e-03   2.757e-02  1.0000         832  [    0     84         30         41 ]
           2       34045      68.701   3.106e-05   3.153e-05   5.395e-01   2.461e-03   2.730e-02  1.0000         847  [    0     85         30         41 ]
           2       34412      69.551   3.106e-05   3.153e-05   5.394e-01   2.459e-03   2.718e-02  1.0000         853  [    0     86         30         42 ]
           2       34791      70.707   3.106e-05   3.153e-05   5.424e-01   2.439e-03   2.678e-02  1.0000         857  [    0     87         30         43 ]
           2       35167      71.450   3.106e-05   3.153e-05   4.849e-01   2.408e-03   2.639e-02  1.0000         843  [    0     88         30         43 ]
           2       35540      72.173   3.106e-05   3.153e-05   6.392e-01   2.385e-03   2.636e-02  1.0000         835  [    0     89         30         39 ]
           2       35960      73.182   3.106e-05   3.153e-05   5.914e-01   2.348e-03   2.585e-02  1.0000         856  [    1     12         60         42 ]
           2       36326      74.626   3.106e-05   3.153e-05   5.953e-01   2.323e-03   2.574e-02  1.0000         868  [    0     90         30         42 ]
           2       36686      75.634   3.106e-05   3.153e-05   6.414e-01   2.316e-03   2.567e-02  1.0000         863  [    0     91         30         42 ]
           2       37051      76.447   3.106e-05   3.153e-05   6.014e-01   2.294e-03   2.522e-02  1.0000         880  [    0     92         30         39 ]
           2       37414      77.311   3.106e-05   3.153e-05   6.390e-01   2.284e-03   2.500e-02  1.0000         875  [    0     93         30         39 ]
           2       37773      78.245   3.106e-05   3.153e-05   6.182e-01   2.239e-03   2.440e-02  1.0000         872  [    0     94         30         38 ]
           2       38116      79.322   3.106e-05   3.153e-05   6.394e-01   2.227e-03   2.423e-02  1.0000         882  [    0     95         30         40 ]
           2       38467      80.247   3.106e-05   3.153e-05   6.278e-01   2.190e-03   2.407e-02  1.0000         891  [    0     96         30         40 ]
           2       38849      81.255   3.106e-05   3.153e-05   6.515e-01   2.168e-03   2.374e-02  1.0000         900  [    0     97         30         41 ]
           2       39290      82.143   3.106e-05   3.153e-05   6.548e-01   2.167e-03   2.356e-02  1.0000         914  [    1     13         60         41 ]
           2       39654      83.127   3.106e-05   3.153e-05   5.627e-01   2.120e-03   2.342e-02  1.0000         904  [    0     98         30         40 ]
           2       40027      83.911   3.106e-05   3.153e-05   5.401e-01   2.107e-03   2.335e-02  1.0000         918  [    0     99         30         41 ]
           2       40410      84.857   3.106e-05   3.153e-05   6.421e-01   2.086e-03   2.278e-02  1.0000         922  [    0    100         30         41 ]
           2       40790      85.930   3.106e-05   3.153e-05   6.099e-01   2.045e-03   2.247e-02  1.0000         936  [    0    101         30         41 ]
           2       41152      87.400   3.106e-05   3.153e-05   6.284e-01   2.045e-03   2.247e-02  1.0000         941  [    0    102         30         40 ]
           2       41517      88.684   3.106e-05   3.153e-05   6.315e-01   2.027e-03   2.223e-02  1.0000         949  [    0    103         30         40 ]
           2       41896      89.690   3.106e-05   3.153e-05   6.309e-01   2.022e-03   2.189e-02  1.0000         952  [    0    104         30         41 ]
           2       42272      90.941   3.106e-05   3.153e-05   5.362e-01   2.010e-03   2.178e-02  1.0000         960  [    0    105         30         41 ]
           2       42730      92.475   3.106e-05   3.153e-05   6.403e-01   2.004e-03   2.124e-02  1.0000         989  [    1     14         60         42 ]
           2       43135      93.456   3.106e-05   3.153e-05   6.338e-01   2.004e-03   2.115e-02  1.0000         999  [    0    106         30         42 ]
           2       43521      94.533   3.106e-05   3.153e-05   6.208e-01   2.004e-03   2.115e-02  1.0000        1006  [    0    107         30         41 ]
           2       43910      96.085   3.106e-05   3.153e-05   5.322e-01   2.001e-03   2.108e-02  1.0000        1014  [    0    108         30         41 ]
           2       44292      97.098   3.106e-05   3.153e-05   6.301e-01   1.982e-03   2.090e-02  1.0000        1014  [    0    109         30         41 ]
           2       44681      98.116   3.106e-05   3.153e-05   6.652e-01   1.971e-03   2.074e-02  1.0000         962  [    0    110         30         41 ]
           2       45056      98.879   3.106e-05   3.153e-05   6.538e-01   1.964e-03   2.073e-02  1.0000         973  [    0    111         30         41 ]
           2       45436     100.061   3.106e-05   3.153e-05   6.544e-01   1.964e-03   2.073e-02  1.0000         978  [    0    112         30         41 ]
           2       45812     101.542   3.106e-05   3.153e-05   6.632e-01   1.950e-03   2.019e-02  1.0000         993  [    0    113         30         42 ]
           2       46266     102.727   3.106e-05   3.153e-05   6.471e-01   1.919e-03   2.002e-02  1.0000        1021  [    1     15         60         41 ]
           2       46649     104.503   3.106e-05   3.153e-05   6.254e-01   1.910e-03   2.009e-02  1.0000         997  [    0    114         30         40 ]
           2       46994     105.474   3.106e-05   3.153e-05   5.493e-01   1.905e-03   1.983e-02  1.0000        1004  [    0    115         30         39 ]
           2       47356     106.582   3.106e-05   3.153e-05   6.385e-01   1.904e-03   1.981e-02  1.0000        1011  [    0    116         30         39 ]
           2       47715     107.824   3.106e-05   3.153e-05   6.443e-01   1.893e-03   1.976e-02  1.0000        1013  [    0    117         30         38 ]
           2       48072     109.088   3.106e-05   3.153e-05   5.471e-01   1.877e-03   1.964e-02  1.0000        1009  [    0    118         30         39 ]
           2       48427     110.252   3.106e-05   3.153e-05   6.555e-01   1.859e-03   1.963e-02  1.0000        1017  [    0    119         30         39 ]
           2       48778     111.349   3.106e-05   3.153e-05   6.427e-01   1.859e-03   1.956e-02  1.0000        1023  [    0    120         30         38 ]
           2       49135     112.654   3.106e-05   2.866e-05   6.512e-01   1.837e-03   1.939e-02  1.0000        1013  [    0    121         30         36 ]
           2       49544     114.297   3.106e-05   2.866e-05   6.566e-01   1.826e-03   1.927e-02  1.0000        1026  [    1     16         60         39 ]
           2       49896     116.079   3.106e-05   2.866e-05   6.666e-01   1.811e-03   1.919e-02  1.0000        1043  [    0    122         30         40 ]
           2       50256     117.270   3.106e-05   2.866e-05   5.732e-01   1.811e-03   1.919e-02  1.0000        1048  [    0    123         30         40 ]
           2       50614     118.478   3.106e-05   2.866e-05   6.613e-01   1.811e-03   1.921e-02  1.0000        1050  [    0    124         30         42 ]
           2       50982     119.959   3.106e-05   2.866e-05   5.879e-01   1.800e-03   1.920e-02  1.0000        1063  [    0    125         30         42 ]
           2       51356     121.076   3.106e-05   8.940e-06   5.538e-01   1.776e-03   1.912e-02  1.0000        1067  [    0    126         30         41 ]
           2       51718     122.343   3.106e-05   8.940e-06   5.932e-01   1.769e-03   1.911e-02  1.0000        1080  [    0    127         30         41 ]
           2       52072     123.406   3.106e-05   8.940e-06   5.886e-01   1.758e-03   1.911e-02  1.0000        1085  [    0    128         30         40 ]
           2       52440     124.502   3.106e-05   8.940e-06   6.638e-01   1.744e-03   1.862e-02  1.0000        1095  [    0    129         30         40 ]
           2       52881     126.099   3.106e-05   8.940e-06   5.715e-01   1.738e-03   1.861e-02  1.0000        1107  [    1     17         60         41 ]
           2       53440     127.849   3.106e-05   8.940e-06   6.458e-01   1.694e-03   1.852e-02  1.0000        1138  [    2      3        120         38 ]
           2       53781     129.485   3.106e-05   8.940e-06   6.458e-01   1.689e-03   1.848e-02  1.0000        1142  [    0    130         30         38 ]
           2       54124     130.685   3.106e-05   8.940e-06   5.975e-01   1.682e-03   1.840e-02  1.0000        1149  [    0    131         30         37 ]
           2       54457     131.718   3.106e-05   8.940e-06   5.596e-01   1.682e-03   1.835e-02  1.0000        1155  [    0    132         30         38 ]
           2       54789     132.891   3.106e-05   8.940e-06   6.513e-01   1.681e-03   1.822e-02  1.0000        1157  [    0    133         30         37 ]
           2       55129     134.339   3.106e-05   8.940e-06   6.366e-01   1.680e-03   1.822e-02  1.0000        1162  [    0    134         30         36 ]
           2       55452     135.293   3.106e-05   8.940e-06   6.371e-01   1.659e-03   1.814e-02  1.0000        1164  [    0    135         30         35 ]
           2       55778     136.283   3.106e-05   8.940e-06   6.421e-01   1.659e-03   1.808e-02  1.0000        1165  [    0    136         30         36 ]
           2       56127     137.512   3.106e-05   8.940e-06   6.401e-01   1.651e-03   1.798e-02  1.0000        1181  [    0    137         30         38 ]
           2       56554     139.716   1.763e-05   8.940e-06   5.465e-01   1.648e-03   1.781e-02  1.0000        1193  [    1     18         60         37 ]
           2       56922     140.854   1.763e-05   8.940e-06   6.638e-01   1.648e-03   1.781e-02  1.0000        1171  [    0    138         30         35 ]
           2       57281     142.580   1.763e-05   8.940e-06   6.561e-01   1.648e-03   1.781e-02  1.0000        1180  [    0    139         30         36 ]
           2       57659     143.845   1.763e-05   8.940e-06   5.659e-01   1.631e-03   1.773e-02  1.0000        1195  [    0    140         30         35 ]
           2       58014     145.184   1.763e-05   8.940e-06   6.522e-01   1.631e-03   1.773e-02  1.0000        1196  [    0    141         30         35 ]
           2       58365     146.698   1.763e-05   8.940e-06   6.361e-01   1.629e-03   1.766e-02  1.0000        1206  [    0    142         30         35 ]
           2       58724     148.776   1.763e-05   8.940e-06   5.444e-01   1.628e-03   1.766e-02  1.0000        1214  [    0    143         30         35 ]
           2       59064     150.487   1.763e-05   8.940e-06   6.284e-01   1.628e-03   1.766e-02  1.0000        1217  [    0    144         30         36 ]
           2       59436     151.660   1.763e-05   8.940e-06   6.319e-01   1.628e-03   1.766e-02  1.0000        1220  [    0    145         30         37 ]
           2       59906     152.868   1.763e-05   8.940e-06   6.315e-01   1.623e-03   1.761e-02  1.0000        1223  [    1     19         60         39 ]
           2       60301     154.203   1.763e-05   8.940e-06   6.537e-01   1.600e-03   1.750e-02  1.0000        1210  [    0    146         30         37 ]
           2       60687     155.470   1.763e-05   8.940e-06   6.560e-01   1.598e-03   1.749e-02  1.0000        1213  [    0    147         30         36 ]
           2       61065     156.687   1.763e-05   8.940e-06   5.601e-01   1.576e-03   1.747e-02  1.0000        1201  [    0    148         30         35 ]
           2       61430     157.993   1.763e-05   8.940e-06   6.684e-01   1.576e-03   1.742e-02  1.0000        1208  [    0    149         30         36 ]
           2       61804     159.451   1.763e-05   8.940e-06   6.523e-01   1.561e-03   1.740e-02  1.0000        1209  [    0    150         30         36 ]
           2       62182     160.881   1.763e-05   8.940e-06   6.630e-01   1.561e-03   1.740e-02  1.0000        1214  [    0    151         30         36 ]
           2       62551     162.082   1.763e-05   8.940e-06   6.150e-01   1.514e-03   1.713e-02  1.0000        1220  [    0    152         30         37 ]
           2       62929     163.380   1.763e-05   8.940e-06   6.647e-01   1.514e-03   1.713e-02  1.0000        1226  [    0    153         30         37 ]
           2       63380     164.479   1.763e-05   8.940e-06   5.528e-01   1.513e-03   1.709e-02  1.0000        1225  [    1     20         60         37 ]
           2       63758     165.860   1.763e-05   8.940e-06   5.543e-01   1.507e-03   1.704e-02  1.0000        1237  [    0    154         30         38 ]
           2       64131     167.510   1.763e-05   8.940e-06   6.525e-01   1.504e-03   1.705e-02  1.0000        1248  [    0    155         30         38 ]
           2       64511     169.047   1.763e-05   8.940e-06   5.278e-01   2.505e-03   2.755e-02  1.0000         755  [    0    156         30         39 ]
           2       64924     169.859   1.763e-05   8.940e-06   4.273e-01   2.529e-03   2.779e-02  1.0000         701  [    0    157         30         33 ]
           2       65277     170.713   1.763e-05   8.940e-06   5.498e-01   2.505e-03   2.756e-02  1.0000         691  [    0    158         30         33 ]
           2       65630     171.605   1.763e-05   8.940e-06   5.494e-01   2.490e-03   2.752e-02  1.0000         702  [    0    159         30         33 ]
           2       65963     172.471   1.763e-05   8.940e-06   5.476e-01   2.479e-03   2.720e-02  1.0000         715  [    0    160         30         32 ]
           2       66290     173.104   1.763e-05   8.940e-06   5.343e-01   2.477e-03   2.716e-02  1.0000         711  [    0    161         30         33 ]
           2       66702     173.686   1.763e-05   8.940e-06   5.609e-01   2.460e-03   2.714e-02  1.0000         700  [    1     21         60         36 ]
           2       67045     174.407   1.763e-05   8.940e-06   4.452e-01   2.343e-03   2.688e-02  1.0000         731  [    0    162         30         33 ]
           2       67379     175.146   1.763e-05   8.940e-06   5.461e-01   2.305e-03   2.660e-02  1.0000         735  [    0    163         30         33 ]
           2       67710     175.871   1.763e-05   8.940e-06   5.613e-01   2.304e-03   2.646e-02  1.0000         748  [    0    164         30         33 ]
           2       68062     176.616   1.763e-05   8.940e-06   5.612e-01   2.276e-03   2.620e-02  1.0000         760  [    0    165         30         35 ]
           2       68408     177.385   1.763e-05   8.940e-06   5.630e-01   2.276e-03   2.595e-02  1.0000         767  [    0    166         30         35 ]
           2       68767     178.142   1.763e-05   8.940e-06   4.713e-01   2.276e-03   2.595e-02  1.0000         749  [    0    167         30         35 ]
           2       69110     179.106   1.763e-05   8.940e-06   5.674e-01   2.274e-03   2.589e-02  1.0000         753  [    0    168         30         35 ]
           2       69455     179.830   1.763e-05   8.940e-06   5.814e-01   2.267e-03   2.584e-02  1.0000         754  [    0    169         30         34 ]
           2       69879     180.586   1.763e-05   8.940e-06   4.841e-01   2.194e-03   2.569e-02  1.0000         739  [    1     22         60         33 ]
           2       70215     181.223   1.763e-05   8.940e-06   4.851e-01   2.186e-03   2.565e-02  1.0000         746  [    0    170         30         33 ]
           2       70562     181.877   1.763e-05   8.940e-06   5.335e-01   2.186e-03   2.556e-02  1.0000         752  [    0    171         30         34 ]
           2       70915     182.668   1.763e-05   8.940e-06   5.673e-01   2.138e-03   2.524e-02  1.0000         762  [    0    172         30         35 ]
           2       71253     183.443   1.763e-05   8.940e-06   5.318e-01   2.135e-03   2.514e-02  1.0000         771  [    0    173         30         35 ]
           2       71611     184.399   1.763e-05   8.940e-06   5.939e-01   2.120e-03   2.507e-02  1.0000         776  [    0    174         30         34 ]
           2       71943     185.306   1.763e-05   8.940e-06   5.300e-01   2.120e-03   2.510e-02  1.0000         786  [    0    175         30         34 ]
           2       72286     186.229   1.763e-05   8.940e-06   4.832e-01   2.120e-03   2.498e-02  1.0000         790  [    0    176         30         33 ]
           2       72622     187.168   1.763e-05   8.940e-06   5.973e-01   2.090e-03   2.488e-02  1.0000         796  [    0    177         30         34 ]
           2       73045     188.486   1.763e-05   8.940e-06   6.062e-01   2.074e-03   2.468e-02  1.0000         795  [    1     23         60         33 ]
           2       73380     189.198   1.763e-05   8.940e-06   5.460e-01   2.059e-03   2.457e-02  1.0000         804  [    0    178         30         34 ]
           2       73716     190.065   1.763e-05   8.940e-06   6.010e-01   2.006e-03   2.414e-02  1.0000         810  [    0    179         30         34 ]
           2       74036     190.915   1.763e-05   8.940e-06   6.174e-01   2.002e-03   2.404e-02  1.0000         806  [    0    180         30         32 ]
           2       74359     191.657   1.763e-05   8.940e-06   5.852e-01   1.998e-03   2.396e-02  1.0000         811  [    0    181         30         32 ]
           2       74685     192.629   1.763e-05   8.940e-06   5.879e-01   1.998e-03   2.388e-02  1.0000         808  [    0    182         30         31 ]
           2       75008     193.866   1.763e-05   8.940e-06   6.333e-01   1.998e-03   2.388e-02  1.0000         812  [    0    183         30         30 ]
           2       75329     194.633   1.763e-05   8.940e-06   5.220e-01   1.991e-03   2.386e-02  1.0000         821  [    0    184         30         29 ]
           2       75649     195.324   1.763e-05   8.940e-06   5.835e-01   1.988e-03   2.383e-02  1.0000         821  [    0    185         30         29 ]
           2       76020     195.939   1.763e-05   8.940e-06   6.129e-01   1.976e-03   2.371e-02  1.0000         830  [    1     24         60         28 ]
           2       76327     196.823   1.763e-05   8.940e-06   6.288e-01   1.965e-03   2.361e-02  1.0000         822  [    0    186         30         28 ]
           2       76622     198.081   1.763e-05   8.940e-06   6.257e-01   1.949e-03   2.351e-02  1.0000         833  [    0    187         30         28 ]
           2       76933     198.764   1.763e-05   8.940e-06   5.481e-01   1.939e-03   2.334e-02  1.0000         845  [    0    188         30         28 ]
           2       77235     199.760   1.763e-05   8.940e-06   6.254e-01   1.916e-03   2.334e-02  1.0000         850  [    0    189         30         28 ]
           2       77552     200.463   1.763e-05   8.940e-06   5.468e-01   1.907e-03   2.325e-02  1.0000         853  [    0    190         30         29 ]
           2       77860     201.414   1.763e-05   8.940e-06   6.255e-01   1.876e-03   2.315e-02  1.0000         860  [    0    191         30         29 ]
           2       78176     202.512   1.763e-05   8.940e-06   6.225e-01   1.866e-03   2.314e-02  1.0000         865  [    0    192         30         30 ]
           2       78485     203.343   1.763e-05   8.940e-06   6.420e-01   1.852e-03   2.297e-02  1.0000         869  [    0    193         30         30 ]
           2       78899     204.077   1.763e-05   8.940e-06   6.433e-01   1.840e-03   2.263e-02  1.0000         884  [    1     25         60         30 ]
           2       79449     204.758   1.763e-05   8.940e-06   5.562e-01   1.802e-03   2.217e-02  1.0000         934  [    2      4        120         33 ]
           2       79789     205.772   1.763e-05   8.940e-06   5.891e-01   1.793e-03   2.206e-02  1.0000         947  [    0    194         30         36 ]
           2       80124     206.973   1.763e-05   8.940e-06   6.248e-01   1.781e-03   2.197e-02  1.0000         948  [    0    195         30         34 ]
           2       80463     207.961   1.763e-05   8.940e-06   6.249e-01   1.781e-03   2.197e-02  1.0000         956  [    0    196         30         36 ]
           2       80803     208.715   1.763e-05   8.940e-06   5.130e-01   1.781e-03   2.196e-02  1.0000         963  [    0    197         30         35 ]
           2       81129     209.433   1.763e-05   8.940e-06   5.304e-01   1.769e-03   2.207e-02  1.0000         944  [    0    198         30         34 ]
           2       81458     210.161   1.763e-05   8.940e-06   5.757e-01   1.737e-03   2.175e-02  1.0000         944  [    0    199         30         33 ]
           2       81781     210.984   1.763e-05   8.940e-06   6.354e-01   1.718e-03   2.168e-02  1.0000         941  [    0    200         30         32 ]
           2       82097     211.957   1.763e-05   8.940e-06   6.573e-01   1.717e-03   2.167e-02  1.0000         943  [    0    201         30         34 ]
           2       82505     213.104   1.763e-05   8.940e-06   6.649e-01   1.711e-03   2.166e-02  1.0000         945  [    1     26         60         33 ]
           2       82815     213.916   1.763e-05   8.940e-06   6.377e-01   1.711e-03   2.164e-02  1.0000         950  [    0    202         30         33 ]
           2       83123     214.727   1.763e-05   8.940e-06   6.336e-01   1.702e-03   2.158e-02  1.0000         963  [    0    203         30         34 ]
           2       83445     215.677   1.763e-05   8.940e-06   6.312e-01   1.702e-03   2.158e-02  1.0000         972  [    0    204         30         34 ]
           2       83766     216.608   1.763e-05   8.940e-06   5.402e-01   1.700e-03   2.156e-02  1.0000         980  [    0    205         30         33 ]
           2       84074     217.626   1.763e-05   8.940e-06   6.394e-01   1.699e-03   2.139e-02  1.0000         994  [    0    206         30         34 ]
           2       84385     218.503   1.763e-05   8.940e-06   6.236e-01   1.697e-03   2.133e-02  1.0000        1008  [    0    207         30         34 ]
           2       84709     219.484   1.763e-05   8.940e-06   6.530e-01   1.697e-03   2.129e-02  1.0000        1002  [    0    208         30         32 ]
           2       85033     220.608   1.763e-05   8.940e-06   6.326e-01   1.691e-03   2.128e-02  1.0000        1005  [    0    209         30         33 ]
           2       85426     221.828   1.763e-05   8.940e-06   6.422e-01   1.653e-03   2.096e-02  1.0000        1000  [    1     27         60         31 ]
           2       85721     222.628   1.763e-05   8.940e-06   6.481e-01   1.632e-03   2.078e-02  1.0000         978  [    0    210         30         30 ]
           2       86012     223.487   1.763e-05   8.940e-06   6.692e-01   1.631e-03   2.078e-02  1.0000         983  [    0    211         30         30 ]
           2       86326     224.801   1.763e-05   8.940e-06   6.761e-01   1.614e-03   2.071e-02  1.0000         958  [    0    212         30         30 ]
           2       86619     225.716   1.763e-05   8.940e-06   5.706e-01   1.598e-03   2.043e-02  1.0000         970  [    0    213         30         31 ]
           2       86934     226.728   1.763e-05   8.940e-06   5.732e-01   1.568e-03   2.027e-02  1.0000         972  [    0    214         30         31 ]
           2       87254     227.727   1.763e-05   8.940e-06   6.839e-01   1.568e-03   2.035e-02  1.0000         961  [    0    215         30         31 ]
           2       87550     228.869   1.763e-05   8.940e-06   6.819e-01   1.548e-03   2.019e-02  1.0000         966  [    0    216         30         30 ]
           2       87847     229.793   1.763e-05   8.940e-06   6.194e-01   1.545e-03   2.017e-02  1.0000         975  [    0    217         30         33 ]
           2       88238     230.585   1.763e-05   8.940e-06   6.278e-01   1.523e-03   1.985e-02  1.0000         984  [    1     28         60         33 ]
           2       88554     231.735   1.763e-05   8.940e-06   6.459e-01   1.519e-03   1.973e-02  1.0000         962  [    0    218         30         30 ]
           2       88853     232.827   1.763e-05   8.940e-06   6.786e-01   1.493e-03   1.968e-02  1.0000         964  [    0    219         30         27 ]
           2       89137     233.861   1.763e-05   8.940e-06   7.204e-01   1.485e-03   1.951e-02  1.0000         964  [    0    220         30         27 ]
           2       89418     234.837   1.763e-05   8.940e-06   7.262e-01   1.482e-03   1.933e-02  1.0000         960  [    0    221         30         26 ]
           2       89676     235.997   1.763e-05   8.940e-06   7.220e-01   1.482e-03   1.920e-02  1.0000         963  [    0    222         30         25 ]
           2       89936     236.845   1.763e-05   8.940e-06   7.207e-01   1.482e-03   1.912e-02  1.0000         968  [    0    223         30         26 ]
           2       90217     237.656   1.763e-05   8.940e-06   6.716e-01   1.482e-03   1.911e-02  1.0000         970  [    0    224         30         27 ]
           2       90499     238.584   1.763e-05   8.940e-06   7.165e-01   1.476e-03   1.886e-02  1.0000         981  [    0    225         30         28 ]
           2       90868     239.469   1.763e-05   8.940e-06   7.180e-01   1.453e-03   1.887e-02  1.0000         987  [    1     29         60         29 ]
           2       91151     240.436   1.763e-05   8.940e-06   7.136e-01   1.453e-03   1.894e-02  1.0000         990  [    0    226         30         28 ]
           2       91441     241.669   1.763e-05   8.940e-06   6.013e-01   1.450e-03   1.895e-02  1.0000        1000  [    0    227         30         29 ]
           2       91725     242.654   1.763e-05   8.940e-06   7.217e-01   1.449e-03   1.894e-02  1.0000        1000  [    0    228         30         28 ]
           2       92024     243.983   1.763e-05   8.940e-06   6.113e-01   1.449e-03   1.894e-02  1.0000        1004  [    0    229         30         28 ]
           2       92326     245.160   1.763e-05   8.940e-06   6.520e-01   1.436e-03   1.904e-02  1.0000        1008  [    0    230         30         28 ]
           2       92621     246.105   1.763e-05   8.940e-06   7.024e-01   1.431e-03   1.898e-02  1.0000        1019  [    0    231         30         28 ]
           2       92914     247.254   1.763e-05   8.940e-06   5.924e-01   1.431e-03   1.898e-02  1.0000        1020  [    0    232         30         29 ]
           2       93207     248.590   1.763e-05   8.940e-06   5.997e-01   1.427e-03   1.878e-02  1.0000        1027  [    0    233         30         28 ]
           2       93579     249.854   1.763e-05   8.940e-06   7.017e-01   1.418e-03   1.869e-02  1.0000        1035  [    1     30         60         28 ]
           2       93870     250.932   1.763e-05   8.940e-06   6.483e-01   1.413e-03   1.852e-02  1.0000        1043  [    0    234         30         29 ]
           2       94172     251.892   1.763e-05   8.940e-06   5.856e-01   1.411e-03   1.837e-02  1.0000        1047  [    0    235         30         29 ]
           2       94471     252.871   1.763e-05   8.940e-06   6.330e-01   1.404e-03   1.826e-02  1.0000        1038  [    0    236         30         28 ]
           2       94784     253.955   1.763e-05   8.940e-06   6.964e-01   1.391e-03   1.830e-02  1.0000        1046  [    0    237         30         28 ]
           2       95090     254.852   1.763e-05   8.940e-06   6.369e-01   1.382e-03   1.799e-02  1.0000        1057  [    0    238         30         30 ]
           2       95389     255.825   1.763e-05   8.940e-06   6.476e-01   1.382e-03   1.797e-02  1.0000        1059  [    0    239         30         30 ]
           2       95686     257.008   1.763e-05   8.940e-06   6.481e-01   1.382e-03   1.797e-02  1.0000        1052  [    0    240         30         28 ]
           2       95969     258.044   1.763e-05   8.940e-06   6.487e-01   1.370e-03   1.786e-02  1.0000        1059  [    0    241         30         26 ]
           2       96339     259.347   1.763e-05   8.940e-06   6.853e-01   1.370e-03   1.785e-02  1.0000        1064  [    1     31         60         26 ]
           2       96634     260.512   1.763e-05   8.940e-06   6.417e-01   1.370e-03   1.785e-02  1.0000        1069  [    0    242         30         27 ]
           2       96940     261.468   1.763e-05   8.940e-06   5.678e-01   1.370e-03   1.785e-02  1.0000        1075  [    0    243         30         28 ]
           2       97247     262.380   1.763e-05   8.940e-06   6.458e-01   1.365e-03   1.785e-02  1.0000        1079  [    0    244         30         28 ]
           2       97566     263.370   1.763e-05   8.940e-06   6.459e-01   1.364e-03   1.784e-02  1.0000        1079  [    0    245         30         28 ]
           2       97878     264.307   1.763e-05   8.940e-06   6.379e-01   1.364e-03   1.782e-02  1.0000        1089  [    0    246         30         28 ]
           2       98193     265.412   1.763e-05   8.940e-06   6.398e-01   1.359e-03   1.771e-02  1.0000        1094  [    0    247         30         28 ]
           2       98502     266.657   1.763e-05   8.940e-06   6.837e-01   1.338e-03   1.754e-02  1.0000        1066  [    0    248         30         27 ]
           2       98813     267.775   1.763e-05   8.940e-06   6.825e-01   1.332e-03   1.751e-02  1.0000        1074  [    0    249         30         29 ]
           2       99199     268.747   1.763e-05   8.940e-06   6.528e-01   1.307e-03   1.741e-02  1.0000        1075  [    1     32         60         28 ]
           2       99523     269.905   1.763e-05   8.940e-06   5.926e-01   1.307e-03   1.741e-02  1.0000        1066  [    0    250         30         27 ]
           2       99823     270.882   1.763e-05   8.940e-06   7.019e-01   1.307e-03   1.741e-02  1.0000        1069  [    0    251         30         27 ]
           3      100113     271.869   1.763e-05   8.940e-06   6.763e-01   1.303e-03   1.738e-02  1.0000        1071  [    2      4        120         33 ]
