# Generation  Evaluations  Time (s)  Best_obj[0]  Best_obj[1]  Hypervol.   IGD         IGDX        SR    Appr.set  [ Pop.index  Subgen.  Pop.size  Subpops ]
           0         108       2.481   1.641e-02   1.452e-01   4.080e-01   1.826e-01   1.109e-01  0.0000          20  [    0      1         30          7 ]
           0         212       2.545   0.000e+00   1.452e-01   3.464e-01   1.338e-01   1.060e-01  0.0000          32  [    0      2         30         12 ]
           0         338       2.595   0.000e+00   1.452e-01   3.500e-01   1.229e-01   9.749e-02  0.0000          44  [    0      3         30         14 ]
           0         477       2.664   0.000e+00   1.183e-01   3.735e-01   9.944e-02   8.515e-02  0.0000          53  [    0      4         30         16 ]
           0         629       2.744   0.000e+00   1.183e-01   4.181e-01   8.947e-02   8.589e-02  0.0000          54  [    0      5         30         17 ]
           0         780       2.810   0.000e+00   1.183e-01   3.621e-01   8.666e-02   7.701e-02  0.0000          61  [    0      6         30         23 ]
           0         958       2.854   0.000e+00   0.000e+00   2.687e-01   7.485e-02   7.039e-02  0.0000          71  [    0      7         30         26 ]
           0        1151       2.902   0.000e+00   0.000e+00   2.975e-01   5.757e-02   6.912e-02  0.0000          82  [    0      8         30         31 ]
           1        1608       3.037   0.000e+00   0.000e+00   2.717e-01   5.006e-02   5.467e-02  0.5000         154  [    1      1         60         60 ]
           1        1945       3.273   0.000e+00   0.000e+00   3.245e-01   5.006e-02   5.467e-02  0.5000         165  [    0      9         30         62 ]
           1        2367       3.539   0.000e+00   0.000e+00   3.008e-01   5.006e-02   5.374e-02  0.5000         195  [    1      2         60         66 ]
           1        2757       3.749   0.000e+00   0.000e+00   2.022e-01   5.004e-02   5.373e-02  0.5000         206  [    0     10         30         69 ]
           1        3142       4.053   0.000e+00   0.000e+00   1.984e-01   5.004e-02   5.347e-02  0.5000         216  [    0     11         30         70 ]
           1        3532       4.310   0.000e+00   0.000e+00   1.983e-01   5.004e-02   4.879e-02  0.5000         225  [    0     12         30         72 ]
           1        3928       4.502   0.000e+00   0.000e+00   2.998e-01   4.899e-02   4.298e-02  1.0000         230  [    0     13         30         72 ]
           1        4331       4.712   0.000e+00   0.000e+00   1.859e-01   4.746e-02   3.911e-02  1.0000         233  [    0     14         30         71 ]
           1        4750       4.913   0.000e+00   0.000e+00   1.882e-01   4.746e-02   3.777e-02  1.0000         244  [    0     15         30         78 ]
           1        5184       5.239   0.000e+00   0.000e+00   2.255e-01   4.693e-02   3.393e-02  1.0000         259  [    0     16         30         78 ]
           1        5619       5.449   0.000e+00   0.000e+00   2.259e-01   4.693e-02   3.393e-02  1.0000         268  [    0     17         30         80 ]
           1        6129       5.690   0.000e+00   0.000e+00   2.056e-01   4.577e-02   3.102e-02  1.0000         288  [    1      3         60         83 ]
           1        6589       6.006   0.000e+00   0.000e+00   2.065e-01   4.577e-02   3.102e-02  1.0000         293  [    0     18         30         80 ]
           1        7032       6.206   0.000e+00   0.000e+00   2.039e-01   4.577e-02   3.074e-02  1.0000         302  [    0     19         30         79 ]
           1        7469       6.414   0.000e+00   0.000e+00   3.122e-01   4.577e-02   3.074e-02  1.0000         296  [    0     20         30         79 ]
           1        7923       6.615   0.000e+00   0.000e+00   3.117e-01   4.577e-02   3.074e-02  1.0000         305  [    0     21         30         82 ]
           1        8375       6.847   0.000e+00   0.000e+00   2.989e-01   4.577e-02   3.074e-02  1.0000         317  [    0     22         30         81 ]
           1        8829       7.063   0.000e+00   0.000e+00   2.977e-01   4.616e-02   3.159e-02  1.0000         319  [    0     23         30         80 ]
           1        9277       7.321   0.000e+00   0.000e+00   1.898e-01   4.616e-02   3.159e-02  1.0000         325  [    0     24         30         81 ]
           1        9748       7.566   0.000e+00   0.000e+00   2.933e-01   4.616e-02   3.159e-02  1.0000         336  [    0     25         30         84 ]
           1       10299       7.969   0.000e+00   0.000e+00   1.919e-01   4.616e-02   3.143e-02  1.0000         338  [    1      4         60         85 ]
           1       10767       8.244   0.000e+00   0.000e+00   3.120e-01   4.616e-02   2.888e-02  1.0000         344  [    0     26         30         87 ]
           1       11247       8.569   0.000e+00   0.000e+00   3.084e-01   4.616e-02   2.831e-02  1.0000         353  [    0     27         30         87 ]
           1       11727       8.903   0.000e+00   0.000e+00   3.071e-01   4.616e-02   2.842e-02  1.0000         362  [    0     28         30         86 ]
           1       12200       9.163   0.000e+00   0.000e+00   3.022e-01   4.616e-02   2.709e-02  1.0000         370  [    0     29         30         86 ]
           1       12702       9.417   0.000e+00   0.000e+00   2.998e-01   4.616e-02   2.680e-02  1.0000         379  [    0     30         30         89 ]
           1       13197       9.677   0.000e+00   0.000e+00   2.416e-01   4.616e-02   2.557e-02  1.0000         386  [    0     31         30         90 ]
           1       13711      10.008   0.000e+00   0.000e+00   1.917e-01   4.616e-02   2.557e-02  1.0000         385  [    0     32         30         92 ]
           1       14245      10.427   0.000e+00   0.000e+00   2.562e-01   4.616e-02   2.558e-02  1.0000         393  [    0     33         30         92 ]
           1       14841      10.698   0.000e+00   0.000e+00   1.885e-01   4.616e-02   2.566e-02  1.0000         401  [    1      5         60         94 ]
           1       15365      10.988   0.000e+00   0.000e+00   1.824e-01   4.616e-02   2.566e-02  1.0000         409  [    0     34         30         92 ]
           1       15889      11.461   0.000e+00   0.000e+00   2.438e-01   4.616e-02   2.566e-02  1.0000         417  [    0     35         30         94 ]
           1       16425      11.798   0.000e+00   0.000e+00   2.959e-01   4.616e-02   2.566e-02  1.0000         417  [    0     36         30         93 ]
           1       16960      12.233   0.000e+00   0.000e+00   2.302e-01   4.616e-02   2.566e-02  1.0000         427  [    0     37         30         95 ]
           1       17499      12.527   0.000e+00   0.000e+00   1.837e-01   4.616e-02   2.486e-02  1.0000         436  [    0     38         30         94 ]
           1       18035      12.889   0.000e+00   0.000e+00   2.931e-01   4.616e-02   2.388e-02  1.0000         445  [    0     39         30         92 ]
           1       18577      13.219   0.000e+00   0.000e+00   2.267e-01   4.616e-02   2.388e-02  1.0000         453  [    0     40         30         92 ]
           1       19126      13.536   0.000e+00   0.000e+00   2.279e-01   3.451e-02   2.323e-02  1.0000         460  [    0     41         30         90 ]
           1       19727      14.007   0.000e+00   0.000e+00   1.788e-01   3.450e-02   2.341e-02  1.0000         482  [    1      6         60         91 ]
           1       20276      14.423   0.000e+00   0.000e+00   2.429e-01   3.450e-02   2.255e-02  1.0000         482  [    0     42         30         90 ]
           1       20810      14.991   0.000e+00   0.000e+00   2.468e-01   3.101e-02   2.039e-02  1.0000         490  [    0     43         30         90 ]
           1       21344      15.516   0.000e+00   0.000e+00   1.719e-01   3.101e-02   2.029e-02  1.0000         501  [    0     44         30         91 ]
           1       21874      15.927   0.000e+00   0.000e+00   2.822e-01   3.101e-02   1.944e-02  1.0000         512  [    0     45         30         92 ]
           1       22419      16.302   0.000e+00   0.000e+00   1.735e-01   2.769e-02   1.893e-02  1.0000         523  [    0     46         30         92 ]
           1       22972      16.744   0.000e+00   0.000e+00   2.810e-01   2.769e-02   1.893e-02  1.0000         529  [    0     47         30         94 ]
           1       23505      17.136   0.000e+00   0.000e+00   1.725e-01   2.769e-02   1.851e-02  1.0000         536  [    0     48         30         94 ]
           1       24056      17.594   0.000e+00   0.000e+00   1.819e-01   2.660e-02   1.800e-02  1.0000         537  [    0     49         30         95 ]
           1       24667      17.992   0.000e+00   0.000e+00   1.800e-01   2.639e-02   1.710e-02  1.0000         549  [    1      7         60         95 ]
           1       25217      18.451   0.000e+00   0.000e+00   1.893e-01   2.639e-02   1.710e-02  1.0000         545  [    0     50         30         95 ]
           1       25758      18.853   0.000e+00   0.000e+00   1.892e-01   2.319e-02   1.661e-02  1.0000         541  [    0     51         30         93 ]
           1       26278      19.280   0.000e+00   0.000e+00   1.868e-01   2.319e-02   1.661e-02  1.0000         547  [    0     52         30         92 ]
           1       26822      19.685   0.000e+00   0.000e+00   1.874e-01   2.286e-02   1.652e-02  1.0000         554  [    0     53         30         93 ]
           1       27374      20.117   0.000e+00   0.000e+00   1.913e-01   2.286e-02   1.652e-02  1.0000         560  [    0     54         30         92 ]
           1       27912      20.535   0.000e+00   0.000e+00   1.921e-01   2.286e-02   1.652e-02  1.0000         569  [    0     55         30         92 ]
           1       28445      21.099   0.000e+00   0.000e+00   1.894e-01   2.254e-02   1.647e-02  1.0000         580  [    0     56         30         93 ]
           1       29008      21.669   0.000e+00   0.000e+00   2.323e-01   2.254e-02   1.628e-02  1.0000         588  [    0     57         30         92 ]
           1       29608      22.330   0.000e+00   0.000e+00   2.294e-01   2.254e-02   1.611e-02  1.0000         596  [    1      8         60         92 ]
           1       30141      22.782   0.000e+00   0.000e+00   1.858e-01   2.254e-02   1.610e-02  1.0000         601  [    0     58         30         93 ]
           1       30682      23.541   0.000e+00   0.000e+00   2.959e-01   2.254e-02   1.610e-02  1.0000         611  [    0     59         30         92 ]
           1       31227      24.247   0.000e+00   0.000e+00   2.951e-01   2.254e-02   1.610e-02  1.0000         621  [    0     60         30         91 ]
           1       31771      24.682   0.000e+00   0.000e+00   1.846e-01   2.254e-02   1.621e-02  1.0000         629  [    0     61         30         91 ]
           1       32315      25.192   0.000e+00   0.000e+00   1.849e-01   2.237e-02   1.571e-02  1.0000         632  [    0     62         30         90 ]
           1       32866      25.871   0.000e+00   0.000e+00   2.925e-01   2.224e-02   1.569e-02  1.0000         634  [    0     63         30         91 ]
           1       33406      26.377   0.000e+00   0.000e+00   1.829e-01   2.224e-02   1.569e-02  1.0000         633  [    0     64         30         89 ]
           2       34927      27.105   0.000e+00   0.000e+00   1.923e-01   1.324e-02   1.373e-02  1.0000        1061  [    2      1        120         98 ]
           2       35542      28.060   0.000e+00   0.000e+00   3.133e-01   1.260e-02   1.295e-02  1.0000        1030  [    0     65         30         94 ]
           2       36193      28.972   0.000e+00   0.000e+00   2.034e-01   1.260e-02   1.293e-02  1.0000        1038  [    1      9         60         95 ]
           2       36959      30.027   0.000e+00   0.000e+00   2.112e-01   1.260e-02   1.261e-02  1.0000        1053  [    2      2        120         98 ]
           2       37574      31.044   0.000e+00   0.000e+00   3.219e-01   1.260e-02   1.248e-02  1.0000        1053  [    0     66         30         97 ]
           2       38169      31.869   0.000e+00   0.000e+00   3.224e-01   1.260e-02   1.248e-02  1.0000        1056  [    0     67         30         98 ]
           2       38785      33.140   0.000e+00   0.000e+00   3.207e-01   1.260e-02   1.248e-02  1.0000        1060  [    0     68         30         99 ]
           2       39396      34.011   0.000e+00   0.000e+00   3.259e-01   1.260e-02   1.210e-02  1.0000        1050  [    0     69         30         99 ]
           2       40018      34.882   0.000e+00   0.000e+00   2.226e-01   1.253e-02   1.209e-02  1.0000        1049  [    0     70         30         99 ]
           2       40640      35.858   0.000e+00   0.000e+00   2.238e-01   1.253e-02   1.209e-02  1.0000        1049  [    0     71         30        100 ]
           2       41265      36.656   0.000e+00   0.000e+00   2.230e-01   1.253e-02   1.209e-02  1.0000        1052  [    0     72         30         99 ]
           2       41874      37.474   0.000e+00   0.000e+00   2.208e-01   1.253e-02   1.209e-02  1.0000        1056  [    0     73         30         99 ]
           2       42540      38.364   0.000e+00   0.000e+00   3.288e-01   1.253e-02   1.209e-02  1.0000        1065  [    1     10         60        100 ]
           2       43149      39.351   0.000e+00   0.000e+00   2.186e-01   1.253e-02   1.209e-02  1.0000        1075  [    0     74         30        100 ]
           2       43756      40.211   0.000e+00   0.000e+00   2.627e-01   1.253e-02   1.209e-02  1.0000        1080  [    0     75         30        100 ]
           2       44369      41.054   0.000e+00   0.000e+00   2.215e-01   1.253e-02   1.209e-02  1.0000        1078  [    0     76         30         98 ]
           2       44986      41.881   0.000e+00   0.000e+00   2.253e-01   1.253e-02   1.209e-02  1.0000        1080  [    0     77         30         99 ]
           2       45590      42.830   0.000e+00   0.000e+00   3.369e-01   1.253e-02   1.209e-02  1.0000        1090  [    0     78         30        100 ]
           2       46196      44.063   0.000e+00   0.000e+00   3.362e-01   1.253e-02   1.209e-02  1.0000        1087  [    0     79         30        100 ]
           2       46815      45.081   0.000e+00   0.000e+00   3.350e-01   1.253e-02   1.209e-02  1.0000        1094  [    0     80         30        101 ]
           2       47425      46.340   0.000e+00   0.000e+00   2.248e-01   1.253e-02   1.209e-02  1.0000        1096  [    0     81         30         99 ]
           2       48108      47.201   0.000e+00   0.000e+00   3.353e-01   1.182e-02   1.173e-02  1.0000        1111  [    1     11         60        100 ]
           2       48719      48.176   0.000e+00   0.000e+00   2.251e-01   1.063e-02   1.164e-02  1.0000        1116  [    0     82         30        100 ]
           2       49322      49.069   0.000e+00   0.000e+00   2.206e-01   1.023e-02   1.168e-02  1.0000        1118  [    0     83         30        100 ]
           2       49954      50.571   0.000e+00   0.000e+00   2.197e-01   1.023e-02   1.168e-02  1.0000        1123  [    0     84         30        100 ]
           2       50588      51.706   0.000e+00   0.000e+00   2.648e-01   1.023e-02   1.168e-02  1.0000        1126  [    0     85         30        100 ]
           2       51183      52.589   0.000e+00   0.000e+00   2.226e-01   1.023e-02   1.168e-02  1.0000        1126  [    0     86         30        100 ]
           2       51818      53.590   0.000e+00   0.000e+00   2.220e-01   1.023e-02   1.168e-02  1.0000        1132  [    0     87         30        101 ]
           2       52438      54.651   0.000e+00   0.000e+00   2.230e-01   1.023e-02   1.169e-02  1.0000        1132  [    0     88         30        101 ]
           2       53052      55.832   0.000e+00   0.000e+00   2.211e-01   1.023e-02   1.169e-02  1.0000        1136  [    0     89         30         99 ]
           2       53726      56.702   0.000e+00   0.000e+00   2.188e-01   1.023e-02   1.169e-02  1.0000        1146  [    1     12         60        100 ]
           2       54325      57.913   0.000e+00   0.000e+00   2.163e-01   1.023e-02   1.169e-02  1.0000        1152  [    0     90         30        100 ]
           2       54936      59.061   0.000e+00   0.000e+00   3.272e-01   1.017e-02   1.167e-02  1.0000        1157  [    0     91         30        102 ]
           2       55568      60.090   0.000e+00   0.000e+00   3.280e-01   1.017e-02   1.167e-02  1.0000        1162  [    0     92         30        103 ]
           2       56186      61.012   0.000e+00   0.000e+00   2.181e-01   1.017e-02   1.167e-02  1.0000        1159  [    0     93         30        103 ]
           2       56819      62.028   0.000e+00   0.000e+00   2.176e-01   1.017e-02   1.133e-02  1.0000        1167  [    0     94         30        105 ]
           2       57434      63.145   0.000e+00   0.000e+00   2.168e-01   1.017e-02   1.133e-02  1.0000        1166  [    0     95         30        104 ]
           2       58074      64.107   0.000e+00   0.000e+00   2.157e-01   1.017e-02   1.133e-02  1.0000        1176  [    0     96         30        104 ]
           2       58695      65.062   0.000e+00   0.000e+00   2.143e-01   1.017e-02   1.133e-02  1.0000        1179  [    0     97         30        102 ]
           2       59360      66.597   0.000e+00   0.000e+00   2.631e-01   1.017e-02   1.133e-02  1.0000        1183  [    1     13         60        101 ]
           2       59979      67.591   0.000e+00   0.000e+00   2.186e-01   1.017e-02   1.133e-02  1.0000        1185  [    0     98         30        102 ]
           2       60609      68.602   0.000e+00   0.000e+00   2.185e-01   1.017e-02   1.133e-02  1.0000        1192  [    0     99         30        102 ]
           2       61237      69.572   0.000e+00   0.000e+00   2.186e-01   1.017e-02   1.133e-02  1.0000        1198  [    0    100         30        102 ]
           2       61849      70.512   0.000e+00   0.000e+00   2.161e-01   1.017e-02   1.133e-02  1.0000        1198  [    0    101         30        101 ]
           2       62467      71.493   0.000e+00   0.000e+00   3.267e-01   1.017e-02   1.133e-02  1.0000        1201  [    0    102         30        101 ]
           2       63078      72.532   0.000e+00   0.000e+00   2.156e-01   1.017e-02   1.133e-02  1.0000        1206  [    0    103         30        102 ]
           2       63692      73.577   0.000e+00   0.000e+00   3.109e-01   1.017e-02   1.133e-02  1.0000        1215  [    0    104         30        101 ]
           2       64289      74.548   0.000e+00   0.000e+00   2.177e-01   1.017e-02   1.133e-02  1.0000        1216  [    0    105         30        100 ]
           2       64951      75.678   0.000e+00   0.000e+00   3.269e-01   1.017e-02   1.133e-02  1.0000        1223  [    1     14         60        102 ]
           2       65541      77.792   0.000e+00   0.000e+00   3.094e-01   1.017e-02   1.133e-02  1.0000        1228  [    0    106         30        101 ]
           2       66147      78.897   0.000e+00   0.000e+00   3.094e-01   1.017e-02   1.133e-02  1.0000        1232  [    0    107         30        101 ]
           2       66743      80.025   0.000e+00   0.000e+00   3.255e-01   1.017e-02   1.133e-02  1.0000        1234  [    0    108         30        101 ]
           2       67356      81.182   0.000e+00   0.000e+00   2.147e-01   1.017e-02   1.128e-02  1.0000        1238  [    0    109         30        101 ]
           2       67960      82.407   0.000e+00   0.000e+00   3.018e-01   1.017e-02   1.128e-02  1.0000        1248  [    0    110         30        101 ]
           2       68570      83.579   0.000e+00   0.000e+00   2.867e-01   1.457e-02   1.424e-02  1.0000         753  [    0    111         30        101 ]
           2       69165      84.146   0.000e+00   0.000e+00   2.250e-01   1.457e-02   1.458e-02  1.0000         740  [    0    112         30         96 ]
           2       69751      84.881   0.000e+00   0.000e+00   2.761e-01   1.454e-02   1.457e-02  1.0000         739  [    0    113         30         95 ]
           2       70390      85.510   0.000e+00   0.000e+00   1.885e-01   1.454e-02   1.455e-02  1.0000         749  [    1     15         60         93 ]
           2       70933      86.124   0.000e+00   0.000e+00   1.922e-01   1.453e-02   1.458e-02  1.0000         758  [    0    114         30         91 ]
           2       71500      86.744   0.000e+00   0.000e+00   2.985e-01   1.453e-02   1.458e-02  1.0000         763  [    0    115         30         91 ]
           2       72034      87.368   0.000e+00   0.000e+00   2.985e-01   1.453e-02   1.400e-02  1.0000         773  [    0    116         30         91 ]
           2       72594      87.999   0.000e+00   0.000e+00   2.330e-01   1.453e-02   1.400e-02  1.0000         785  [    0    117         30         91 ]
           2       73161      88.663   0.000e+00   0.000e+00   1.887e-01   1.453e-02   1.398e-02  1.0000         787  [    0    118         30         92 ]
           2       73711      89.271   0.000e+00   0.000e+00   2.344e-01   1.453e-02   1.398e-02  1.0000         788  [    0    119         30         92 ]
           2       74252      89.906   0.000e+00   0.000e+00   3.015e-01   1.453e-02   1.398e-02  1.0000         795  [    0    120         30         91 ]
           2       74796      90.503   0.000e+00   0.000e+00   2.889e-01   1.453e-02   1.388e-02  1.0000         799  [    0    121         30         91 ]
           2       75405      91.130   0.000e+00   0.000e+00   1.948e-01   1.449e-02   1.443e-02  1.0000         803  [    1     16         60         91 ]
           2       75956      91.977   0.000e+00   0.000e+00   1.916e-01   1.446e-02   1.441e-02  1.0000         809  [    0    122         30         93 ]
           2       76516      92.710   0.000e+00   0.000e+00   3.056e-01   1.335e-02   1.275e-02  1.0000         817  [    0    123         30         92 ]
           2       77068      93.343   0.000e+00   0.000e+00   3.053e-01   1.335e-02   1.275e-02  1.0000         817  [    0    124         30         92 ]
           2       77619      94.002   0.000e+00   0.000e+00   2.420e-01   1.335e-02   1.273e-02  1.0000         818  [    0    125         30         92 ]
           2       78164      94.695   0.000e+00   0.000e+00   2.940e-01   1.335e-02   1.273e-02  1.0000         822  [    0    126         30         93 ]
           2       78702      95.368   0.000e+00   0.000e+00   2.454e-01   1.335e-02   1.273e-02  1.0000         832  [    0    127         30         93 ]
           2       79265      96.103   0.000e+00   0.000e+00   1.995e-01   1.335e-02   1.273e-02  1.0000         834  [    0    128         30         93 ]
           2       79823      96.749   0.000e+00   0.000e+00   1.998e-01   1.335e-02   1.273e-02  1.0000         842  [    0    129         30         93 ]
           2       80420      97.408   0.000e+00   0.000e+00   2.925e-01   1.335e-02   1.273e-02  1.0000         859  [    1     17         60         92 ]
           2       81141      98.117   0.000e+00   0.000e+00   2.004e-01   1.335e-02   1.229e-02  1.0000         870  [    2      3        120         94 ]
           2       81699      98.808   0.000e+00   0.000e+00   3.078e-01   1.335e-02   1.229e-02  1.0000         871  [    0    130         30         92 ]
           2       82255      99.450   0.000e+00   0.000e+00   1.980e-01   1.335e-02   1.229e-02  1.0000         870  [    0    131         30         92 ]
           2       82800     100.117   0.000e+00   0.000e+00   2.433e-01   1.335e-02   1.229e-02  1.0000         875  [    0    132         30         93 ]
           2       83367     100.952   0.000e+00   0.000e+00   1.982e-01   1.335e-02   1.229e-02  1.0000         880  [    0    133         30         92 ]
           2       83927     101.677   0.000e+00   0.000e+00   1.984e-01   1.335e-02   1.229e-02  1.0000         881  [    0    134         30         93 ]
           2       84476     102.939   0.000e+00   0.000e+00   2.925e-01   1.335e-02   1.229e-02  1.0000         880  [    0    135         30         92 ]
           2       85017     104.141   0.000e+00   0.000e+00   2.046e-01   1.330e-02   1.182e-02  1.0000         888  [    0    136         30         92 ]
           2       85573     104.842   0.000e+00   0.000e+00   2.051e-01   1.330e-02   1.182e-02  1.0000         887  [    0    137         30         92 ]
           2       86185     105.551   0.000e+00   0.000e+00   2.983e-01   1.330e-02   1.181e-02  1.0000         903  [    1     18         60         94 ]
           2       86752     106.419   0.000e+00   0.000e+00   2.043e-01   1.330e-02   1.181e-02  1.0000         901  [    0    138         30         93 ]
           2       87318     107.098   0.000e+00   0.000e+00   3.111e-01   1.330e-02   1.181e-02  1.0000         905  [    0    139         30         94 ]
           2       87865     107.770   0.000e+00   0.000e+00   2.006e-01   1.330e-02   1.172e-02  1.0000         909  [    0    140         30         94 ]
           2       88413     108.517   0.000e+00   0.000e+00   2.467e-01   1.330e-02   1.172e-02  1.0000         911  [    0    141         30         94 ]
           2       88948     109.180   0.000e+00   0.000e+00   2.005e-01   1.330e-02   1.172e-02  1.0000         918  [    0    142         30         93 ]
           2       89534     109.894   0.000e+00   0.000e+00   2.938e-01   1.330e-02   1.172e-02  1.0000         921  [    0    143         30         93 ]
           2       90092     110.599   0.000e+00   0.000e+00   1.999e-01   1.330e-02   1.172e-02  1.0000         922  [    0    144         30         93 ]
           2       90657     111.351   0.000e+00   0.000e+00   2.584e-01   1.330e-02   1.172e-02  1.0000         929  [    0    145         30         93 ]
           2       91306     112.243   0.000e+00   0.000e+00   2.155e-01   1.330e-02   1.173e-02  1.0000         931  [    1     19         60         94 ]
           2       91878     113.069   0.000e+00   0.000e+00   2.155e-01   1.330e-02   1.173e-02  1.0000         932  [    0    146         30         94 ]
           2       92460     114.285   0.000e+00   0.000e+00   3.253e-01   1.330e-02   1.173e-02  1.0000         930  [    0    147         30         93 ]
           2       93047     115.011   0.000e+00   0.000e+00   2.619e-01   1.330e-02   1.173e-02  1.0000         932  [    0    148         30         92 ]
           2       93612     115.718   0.000e+00   0.000e+00   3.268e-01   1.330e-02   1.173e-02  1.0000         937  [    0    149         30         93 ]
           2       94174     116.461   0.000e+00   0.000e+00   2.161e-01   1.330e-02   1.173e-02  1.0000         943  [    0    150         30         94 ]
           2       94746     117.219   0.000e+00   0.000e+00   3.070e-01   1.330e-02   1.173e-02  1.0000         953  [    0    151         30         94 ]
           2       95335     118.043   0.000e+00   0.000e+00   2.130e-01   1.330e-02   1.173e-02  1.0000         955  [    0    152         30         95 ]
           2       95907     118.797   0.000e+00   0.000e+00   3.080e-01   1.330e-02   1.173e-02  1.0000         960  [    0    153         30         95 ]
           2       96553     119.735   0.000e+00   0.000e+00   2.573e-01   1.330e-02   1.166e-02  1.0000         963  [    1     20         60         95 ]
           2       97141     120.664   0.000e+00   0.000e+00   2.113e-01   1.330e-02   1.147e-02  1.0000         967  [    0    154         30         94 ]
           2       97707     121.509   0.000e+00   0.000e+00   2.088e-01   1.330e-02   1.147e-02  1.0000         972  [    0    155         30         94 ]
           2       98294     122.458   0.000e+00   0.000e+00   2.088e-01   1.330e-02   1.147e-02  1.0000         976  [    0    156         30         95 ]
           2       98876     123.493   0.000e+00   0.000e+00   2.023e-01   1.330e-02   1.147e-02  1.0000         984  [    0    157         30         95 ]
           2       99448     124.283   0.000e+00   0.000e+00   3.004e-01   1.330e-02   1.147e-02  1.0000         987  [    0    158         30         95 ]
           3      100017     125.135   0.000e+00   0.000e+00   2.059e-01   1.330e-02   1.147e-02  1.0000         989  [    2      3        120         94 ]
