# Generation  Evaluations  Time (s)  Best_obj[0]  Best_obj[1]  Hypervol.   IGD         IGDX        SR    Appr.set  [ Pop.index  Subgen.  Pop.size  Subpops ]
           0         113       2.345   6.604e-02   6.932e-01   1.046e-01   3.225e-01   1.623e-01  0.0000          22  [    0      1         30         11 ]
           0         229       2.404   0.000e+00   5.375e-01   1.285e-01   2.363e-01   1.545e-01  0.0000          29  [    0      2         30         13 ]
           0         354       2.432   0.000e+00   0.000e+00   2.725e-01   1.196e-01   1.440e-01  0.0000          40  [    0      3         30         15 ]
           0         484       2.494   0.000e+00   0.000e+00   1.699e-01   1.026e-01   1.202e-01  0.0000          50  [    0      4         30         19 ]
           0         646       2.571   0.000e+00   0.000e+00   1.386e-01   1.003e-01   9.220e-02  0.0000          57  [    0      5         30         26 ]
           0         829       2.660   0.000e+00   0.000e+00   1.326e-01   1.016e-01   8.010e-02  0.0000          68  [    0      6         30         29 ]
           0        1027       2.706   0.000e+00   0.000e+00   1.277e-01   9.598e-02   7.374e-02  0.0000          78  [    0      7         30         32 ]
           0        1240       2.810   0.000e+00   0.000e+00   1.303e-01   9.598e-02   7.428e-02  0.0000          95  [    0      8         30         35 ]
           1        1708       2.917   0.000e+00   0.000e+00   1.209e-01   4.793e-02   5.466e-02  0.5000         167  [    1      1         60         57 ]
           1        2044       3.031   0.000e+00   0.000e+00   1.271e-01   4.793e-02   5.576e-02  0.5000         177  [    0      9         30         59 ]
           1        2461       3.191   0.000e+00   0.000e+00   1.628e-01   4.369e-02   4.764e-02  0.5000         206  [    1      2         60         64 ]
           1        2850       3.460   0.000e+00   0.000e+00   1.349e-01   4.369e-02   4.764e-02  0.5000         217  [    0     10         30         68 ]
           1        3233       3.728   0.000e+00   0.000e+00   1.395e-01   4.067e-02   4.194e-02  0.5000         233  [    0     11         30         69 ]
           1        3631       3.886   0.000e+00   0.000e+00   1.434e-01   4.066e-02   4.193e-02  0.5000         238  [    0     12         30         71 ]
           1        4035       4.146   0.000e+00   0.000e+00   1.333e-01   4.066e-02   4.085e-02  0.5000         244  [    0     13         30         72 ]
           1        4436       4.500   0.000e+00   0.000e+00   1.604e-01   4.066e-02   3.778e-02  1.0000         255  [    0     14         30         71 ]
           1        4847       4.671   0.000e+00   0.000e+00   2.542e-01   4.065e-02   3.759e-02  1.0000         270  [    0     15         30         72 ]
           1        5270       4.853   0.000e+00   0.000e+00   1.755e-01   4.065e-02   3.713e-02  1.0000         283  [    0     16         30         79 ]
           1        5717       5.141   0.000e+00   0.000e+00   2.571e-01   4.065e-02   3.713e-02  1.0000         299  [    0     17         30         78 ]
           1        6219       5.345   0.000e+00   0.000e+00   1.974e-01   3.149e-02   3.391e-02  1.0000         322  [    1      3         60         82 ]
           1        6677       5.564   0.000e+00   0.000e+00   1.652e-01   3.149e-02   3.443e-02  1.0000         317  [    0     18         30         79 ]
           1        7133       5.829   0.000e+00   0.000e+00   1.696e-01   3.149e-02   3.550e-02  1.0000         320  [    0     19         30         80 ]
           1        7573       6.078   0.000e+00   0.000e+00   1.607e-01   3.149e-02   3.550e-02  1.0000         328  [    0     20         30         80 ]
           1        8026       6.371   0.000e+00   0.000e+00   1.567e-01   3.149e-02   3.537e-02  1.0000         339  [    0     21         30         80 ]
           1        8485       6.739   0.000e+00   0.000e+00   1.954e-01   3.149e-02   3.537e-02  1.0000         350  [    0     22         30         82 ]
           1        8965       7.098   0.000e+00   0.000e+00   2.649e-01   3.149e-02   3.537e-02  1.0000         356  [    0     23         30         84 ]
           1        9442       7.421   0.000e+00   0.000e+00   1.918e-01   3.149e-02   3.212e-02  1.0000         361  [    0     24         30         86 ]
           1        9937       7.878   0.000e+00   0.000e+00   1.521e-01   3.125e-02   3.041e-02  1.0000         373  [    0     25         30         85 ]
           1       10495       8.175   0.000e+00   0.000e+00   1.497e-01   3.081e-02   3.042e-02  1.0000         387  [    1      4         60         87 ]
           1       10992       8.450   0.000e+00   0.000e+00   1.444e-01   3.081e-02   2.960e-02  1.0000         399  [    0     26         30         87 ]
           1       11503       8.854   0.000e+00   0.000e+00   1.412e-01   3.081e-02   2.960e-02  1.0000         407  [    0     27         30         89 ]
           1       12047       9.238   0.000e+00   0.000e+00   1.376e-01   3.081e-02   2.959e-02  1.0000         421  [    0     28         30         91 ]
           1       12585       9.531   0.000e+00   0.000e+00   2.441e-01   3.081e-02   2.959e-02  1.0000         435  [    0     29         30         92 ]
           1       13117       9.848   0.000e+00   0.000e+00   2.034e-01   3.081e-02   2.955e-02  1.0000         447  [    0     30         30         93 ]
           1       13662      10.300   0.000e+00   0.000e+00   1.389e-01   3.048e-02   3.030e-02  1.0000         453  [    0     31         30         95 ]
           1       14214      10.643   0.000e+00   0.000e+00   1.444e-01   2.987e-02   2.793e-02  1.0000         464  [    0     32         30         96 ]
           1       14785      11.116   0.000e+00   0.000e+00   1.398e-01   2.987e-02   2.793e-02  1.0000         465  [    0     33         30         97 ]
           1       15408      11.584   0.000e+00   0.000e+00   1.330e-01   2.987e-02   2.793e-02  1.0000         479  [    1      5         60         97 ]
           1       15971      12.053   0.000e+00   0.000e+00   1.322e-01   2.987e-02   2.793e-02  1.0000         480  [    0     34         30         95 ]
           1       16526      12.603   0.000e+00   0.000e+00   1.338e-01   2.987e-02   2.793e-02  1.0000         478  [    0     35         30         94 ]
           1       17070      13.033   0.000e+00   0.000e+00   1.386e-01   2.974e-02   2.737e-02  1.0000         485  [    0     36         30         93 ]
           1       17616      13.583   0.000e+00   0.000e+00   1.366e-01   2.936e-02   2.736e-02  1.0000         492  [    0     37         30         93 ]
           1       18155      14.000   0.000e+00   0.000e+00   1.450e-01   2.822e-02   2.668e-02  1.0000         495  [    0     38         30         93 ]
           1       18688      14.490   0.000e+00   0.000e+00   1.402e-01   2.822e-02   2.638e-02  1.0000         508  [    0     39         30         93 ]
           1       19226      15.049   0.000e+00   0.000e+00   2.499e-01   2.822e-02   2.638e-02  1.0000         517  [    0     40         30         92 ]
           1       19765      15.573   0.000e+00   0.000e+00   1.704e-01   2.801e-02   2.662e-02  1.0000         516  [    0     41         30         92 ]
           1       20376      15.979   0.000e+00   0.000e+00   1.463e-01   2.756e-02   2.569e-02  1.0000         534  [    1      6         60         93 ]
           1       20936      16.355   0.000e+00   0.000e+00   1.570e-01   2.688e-02   2.518e-02  1.0000         542  [    0     42         30         94 ]
           1       21490      17.091   0.000e+00   0.000e+00   1.562e-01   2.369e-02   2.411e-02  1.0000         556  [    0     43         30         95 ]
           1       22035      17.858   0.000e+00   0.000e+00   1.516e-01   2.369e-02   2.251e-02  1.0000         570  [    0     44         30         93 ]
           1       22580      18.434   0.000e+00   0.000e+00   2.606e-01   2.369e-02   2.257e-02  1.0000         576  [    0     45         30         95 ]
           1       23126      19.030   0.000e+00   0.000e+00   1.438e-01   2.369e-02   2.225e-02  1.0000         579  [    0     46         30         95 ]
           1       23675      19.567   0.000e+00   0.000e+00   2.027e-01   2.369e-02   2.225e-02  1.0000         579  [    0     47         30         94 ]
           1       24237      20.108   0.000e+00   0.000e+00   2.025e-01   2.369e-02   2.225e-02  1.0000         582  [    0     48         30         95 ]
           1       24771      20.591   0.000e+00   0.000e+00   1.596e-01   2.369e-02   2.225e-02  1.0000         584  [    0     49         30         94 ]
           1       25386      21.031   0.000e+00   0.000e+00   2.034e-01   2.298e-02   2.225e-02  1.0000         601  [    1      7         60         94 ]
           1       25947      21.554   0.000e+00   0.000e+00   1.858e-01   2.298e-02   2.225e-02  1.0000         606  [    0     50         30         98 ]
           1       26518      22.248   0.000e+00   0.000e+00   1.595e-01   2.298e-02   2.224e-02  1.0000         617  [    0     51         30         98 ]
           1       27092      22.782   0.000e+00   0.000e+00   2.689e-01   2.298e-02   2.178e-02  1.0000         626  [    0     52         30         99 ]
           1       27695      23.268   0.000e+00   0.000e+00   2.721e-01   2.298e-02   2.175e-02  1.0000         629  [    0     53         30         98 ]
           1       28263      23.712   0.000e+00   0.000e+00   1.587e-01   2.298e-02   2.175e-02  1.0000         634  [    0     54         30         97 ]
           1       28826      24.240   0.000e+00   0.000e+00   1.587e-01   2.298e-02   2.175e-02  1.0000         636  [    0     55         30         97 ]
           1       29392      24.937   0.000e+00   0.000e+00   2.080e-01   2.298e-02   2.202e-02  1.0000         642  [    0     56         30         97 ]
           1       29962      25.532   0.000e+00   0.000e+00   1.567e-01   2.298e-02   2.202e-02  1.0000         653  [    0     57         30         99 ]
           1       30603      26.049   0.000e+00   0.000e+00   1.922e-01   2.298e-02   2.178e-02  1.0000         661  [    1      8         60         97 ]
           1       31183      26.564   0.000e+00   0.000e+00   1.621e-01   2.298e-02   2.178e-02  1.0000         672  [    0     58         30         98 ]
           1       31770      27.121   0.000e+00   0.000e+00   2.098e-01   2.298e-02   2.187e-02  1.0000         678  [    0     59         30         96 ]
           1       32340      27.711   0.000e+00   0.000e+00   2.152e-01   2.298e-02   2.217e-02  1.0000         691  [    0     60         30         95 ]
           1       32920      28.403   0.000e+00   0.000e+00   2.841e-01   2.273e-02   2.205e-02  1.0000         701  [    0     61         30         95 ]
           1       33499      28.937   0.000e+00   0.000e+00   1.744e-01   2.273e-02   2.205e-02  1.0000         698  [    0     62         30         96 ]
           1       34074      29.744   0.000e+00   0.000e+00   1.700e-01   2.273e-02   2.205e-02  1.0000         709  [    0     63         30         95 ]
           1       34648      30.319   0.000e+00   0.000e+00   1.699e-01   2.273e-02   2.205e-02  1.0000         727  [    0     64         30         95 ]
           2       36257      30.900   0.000e+00   0.000e+00   1.737e-01   2.175e-02   2.005e-02  1.0000         751  [    2      1        120        103 ]
           2       36881      31.666   0.000e+00   0.000e+00   1.397e-01   2.175e-02   2.154e-02  1.0000         713  [    0     65         30         92 ]
           2       37502      32.286   0.000e+00   0.000e+00   1.318e-01   2.164e-02   2.098e-02  1.0000         726  [    1      9         60         95 ]
           2       38265      32.812   0.000e+00   0.000e+00   2.567e-01   2.046e-02   1.947e-02  1.0000         756  [    2      2        120         92 ]
           2       38810      33.353   0.000e+00   0.000e+00   1.929e-01   2.028e-02   1.937e-02  1.0000         762  [    0     66         30         94 ]
           2       39361      33.906   0.000e+00   0.000e+00   1.970e-01   2.028e-02   1.936e-02  1.0000         754  [    0     67         30         92 ]
           2       39894      34.614   0.000e+00   0.000e+00   1.473e-01   2.028e-02   1.936e-02  1.0000         759  [    0     68         30         92 ]
           2       40425      35.269   0.000e+00   0.000e+00   2.590e-01   2.028e-02   1.936e-02  1.0000         754  [    0     69         30         91 ]
           2       40963      35.940   0.000e+00   0.000e+00   1.495e-01   2.028e-02   1.936e-02  1.0000         757  [    0     70         30         90 ]
           2       41494      36.569   0.000e+00   0.000e+00   1.958e-01   2.028e-02   1.936e-02  1.0000         761  [    0     71         30         90 ]
           2       42053      37.138   0.000e+00   0.000e+00   1.482e-01   2.028e-02   1.809e-02  1.0000         770  [    0     72         30         92 ]
           2       42593      37.905   0.000e+00   0.000e+00   1.890e-01   2.028e-02   1.809e-02  1.0000         775  [    0     73         30         92 ]
           2       43198      38.561   0.000e+00   0.000e+00   1.447e-01   2.020e-02   1.676e-02  1.0000         788  [    1     10         60         93 ]
           2       43759      39.217   0.000e+00   0.000e+00   1.475e-01   2.020e-02   1.674e-02  1.0000         791  [    0     74         30         91 ]
           2       44291      39.781   0.000e+00   0.000e+00   1.453e-01   2.020e-02   1.674e-02  1.0000         789  [    0     75         30         90 ]
           2       44821      40.845   0.000e+00   0.000e+00   1.485e-01   2.020e-02   1.674e-02  1.0000         795  [    0     76         30         90 ]
           2       45370      41.865   0.000e+00   0.000e+00   1.968e-01   2.020e-02   1.674e-02  1.0000         798  [    0     77         30         90 ]
           2       45916      42.511   0.000e+00   0.000e+00   1.511e-01   2.020e-02   1.674e-02  1.0000         805  [    0     78         30         90 ]
           2       46453      43.238   0.000e+00   0.000e+00   2.571e-01   2.016e-02   1.672e-02  1.0000         824  [    0     79         30         91 ]
           2       47006      43.948   0.000e+00   0.000e+00   2.579e-01   2.016e-02   1.672e-02  1.0000         820  [    0     80         30         90 ]
           2       47551      44.578   0.000e+00   0.000e+00   2.640e-01   1.976e-02   1.673e-02  1.0000         827  [    0     81         30         91 ]
           2       48187      45.171   0.000e+00   0.000e+00   1.523e-01   1.960e-02   1.673e-02  1.0000         846  [    1     11         60         93 ]
           2       48770      45.858   0.000e+00   0.000e+00   2.617e-01   1.960e-02   1.673e-02  1.0000         853  [    0     82         30         92 ]
           2       49332      46.540   0.000e+00   0.000e+00   1.497e-01   1.960e-02   1.673e-02  1.0000         861  [    0     83         30         92 ]
           2       49889      47.169   0.000e+00   0.000e+00   1.911e-01   1.960e-02   1.673e-02  1.0000         871  [    0     84         30         90 ]
           2       50443      48.090   0.000e+00   0.000e+00   2.550e-01   1.960e-02   1.673e-02  1.0000         874  [    0     85         30         90 ]
           2       50995      48.956   0.000e+00   0.000e+00   1.916e-01   1.960e-02   1.673e-02  1.0000         877  [    0     86         30         89 ]
           2       51562      49.708   0.000e+00   0.000e+00   2.595e-01   1.954e-02   1.581e-02  1.0000         880  [    0     87         30         90 ]
           2       52115      50.364   0.000e+00   0.000e+00   1.483e-01   1.941e-02   1.590e-02  1.0000         875  [    0     88         30         90 ]
           2       52667      51.054   0.000e+00   0.000e+00   1.967e-01   1.941e-02   1.575e-02  1.0000         876  [    0     89         30         89 ]
           2       53275      51.743   0.000e+00   0.000e+00   2.610e-01   1.941e-02   1.531e-02  1.0000         879  [    1     12         60         89 ]
           2       53817      52.454   0.000e+00   0.000e+00   1.971e-01   1.941e-02   1.531e-02  1.0000         872  [    0     90         30         90 ]
           2       54371      53.132   0.000e+00   0.000e+00   1.996e-01   1.941e-02   1.531e-02  1.0000         876  [    0     91         30         90 ]
           2       54929      53.867   0.000e+00   0.000e+00   2.644e-01   1.702e-02   1.429e-02  1.0000         888  [    0     92         30         89 ]
           2       55483      54.628   0.000e+00   0.000e+00   1.544e-01   1.702e-02   1.429e-02  1.0000         889  [    0     93         30         90 ]
           2       56030      55.292   0.000e+00   0.000e+00   1.527e-01   1.702e-02   1.429e-02  1.0000         898  [    0     94         30         90 ]
           2       56570      56.353   0.000e+00   0.000e+00   2.602e-01   1.781e-02   1.447e-02  1.0000         900  [    0     95         30         89 ]
           2       57124      57.053   0.000e+00   0.000e+00   1.546e-01   1.781e-02   1.447e-02  1.0000         898  [    0     96         30         88 ]
           2       57657      57.793   0.000e+00   0.000e+00   1.569e-01   1.781e-02   1.447e-02  1.0000         899  [    0     97         30         86 ]
           2       58241      58.465   0.000e+00   0.000e+00   1.577e-01   1.507e-02   1.426e-02  1.0000         909  [    1     13         60         86 ]
           2       58756      59.203   0.000e+00   0.000e+00   1.627e-01   1.507e-02   1.337e-02  1.0000         921  [    0     98         30         86 ]
           2       59295      60.203   0.000e+00   0.000e+00   2.089e-01   1.507e-02   1.337e-02  1.0000         919  [    0     99         30         86 ]
           2       59836      61.180   0.000e+00   0.000e+00   2.730e-01   1.507e-02   1.337e-02  1.0000         916  [    0    100         30         86 ]
           2       60371      61.869   0.000e+00   0.000e+00   2.071e-01   1.507e-02   1.312e-02  1.0000         929  [    0    101         30         86 ]
           2       60901      62.607   0.000e+00   0.000e+00   2.689e-01   1.507e-02   1.312e-02  1.0000         934  [    0    102         30         87 ]
           2       61442      63.302   0.000e+00   0.000e+00   2.721e-01   1.507e-02   1.312e-02  1.0000         940  [    0    103         30         86 ]
           2       61993      64.092   0.000e+00   0.000e+00   1.617e-01   1.507e-02   1.312e-02  1.0000         942  [    0    104         30         87 ]
           2       62530      65.209   0.000e+00   0.000e+00   1.619e-01   1.499e-02   1.308e-02  1.0000         947  [    0    105         30         87 ]
           2       63144      65.928   0.000e+00   0.000e+00   1.644e-01   1.499e-02   1.308e-02  1.0000         951  [    1     14         60         87 ]
           2       63683      66.779   0.000e+00   0.000e+00   1.693e-01   1.499e-02   1.308e-02  1.0000         951  [    0    106         30         87 ]
           2       64217      67.625   0.000e+00   0.000e+00   1.684e-01   1.499e-02   1.308e-02  1.0000         957  [    0    107         30         87 ]
           2       64756      68.383   0.000e+00   0.000e+00   1.689e-01   1.499e-02   1.308e-02  1.0000         958  [    0    108         30         86 ]
           2       65312      69.309   0.000e+00   0.000e+00   1.697e-01   1.499e-02   1.303e-02  1.0000         965  [    0    109         30         86 ]
           2       65857      70.163   0.000e+00   0.000e+00   2.623e-01   1.499e-02   1.303e-02  1.0000         971  [    0    110         30         87 ]
           2       66391      70.961   0.000e+00   0.000e+00   2.718e-01   1.499e-02   1.303e-02  1.0000         974  [    0    111         30         86 ]
           2       66918      71.702   0.000e+00   0.000e+00   2.735e-01   1.499e-02   1.303e-02  1.0000         978  [    0    112         30         86 ]
           2       67445      72.420   0.000e+00   0.000e+00   1.647e-01   1.499e-02   1.303e-02  1.0000         981  [    0    113         30         86 ]
           2       68039      73.184   0.000e+00   0.000e+00   1.673e-01   1.499e-02   1.309e-02  1.0000         984  [    1     15         60         85 ]
           2       68573      73.910   0.000e+00   0.000e+00   2.137e-01   1.499e-02   1.309e-02  1.0000         987  [    0    114         30         85 ]
           2       69090      74.668   0.000e+00   0.000e+00   2.629e-01   1.499e-02   1.306e-02  1.0000         989  [    0    115         30         84 ]
           2       69603      75.569   0.000e+00   0.000e+00   2.623e-01   1.499e-02   1.306e-02  1.0000         995  [    0    116         30         84 ]
           2       70130      76.338   0.000e+00   0.000e+00   2.599e-01   1.499e-02   1.306e-02  1.0000        1001  [    0    117         30         84 ]
           2       70655      77.352   0.000e+00   0.000e+00   1.667e-01   1.499e-02   1.306e-02  1.0000        1002  [    0    118         30         84 ]
           2       71191      78.143   0.000e+00   0.000e+00   1.672e-01   1.499e-02   1.306e-02  1.0000        1009  [    0    119         30         85 ]
           2       71713      79.036   0.000e+00   0.000e+00   2.146e-01   1.499e-02   1.306e-02  1.0000        1014  [    0    120         30         85 ]
           2       72252      79.804   0.000e+00   0.000e+00   1.686e-01   1.499e-02   1.306e-02  1.0000        1018  [    0    121         30         85 ]
           2       72853      80.647   0.000e+00   0.000e+00   2.616e-01   1.499e-02   1.305e-02  1.0000        1023  [    1     16         60         84 ]
           2       73381      81.486   0.000e+00   0.000e+00   1.678e-01   1.499e-02   1.305e-02  1.0000        1031  [    0    122         30         85 ]
           2       73901      82.275   0.000e+00   0.000e+00   1.662e-01   1.499e-02   1.305e-02  1.0000        1033  [    0    123         30         85 ]
           2       74435      83.217   0.000e+00   0.000e+00   1.717e-01   1.477e-02   1.279e-02  1.0000        1042  [    0    124         30         85 ]
           2       74950      84.084   0.000e+00   0.000e+00   2.816e-01   1.477e-02   1.279e-02  1.0000        1042  [    0    125         30         85 ]
           2       75482      84.877   0.000e+00   0.000e+00   1.716e-01   1.477e-02   1.279e-02  1.0000        1046  [    0    126         30         87 ]
           2       76031      85.885   0.000e+00   0.000e+00   2.834e-01   1.477e-02   1.279e-02  1.0000        1055  [    0    127         30         87 ]
           2       76550      86.816   0.000e+00   0.000e+00   2.829e-01   1.477e-02   1.279e-02  1.0000        1060  [    0    128         30         87 ]
           2       77086      87.784   0.000e+00   0.000e+00   1.729e-01   1.477e-02   1.279e-02  1.0000        1060  [    0    129         30         87 ]
           2       77688      88.659   0.000e+00   0.000e+00   2.828e-01   1.467e-02   1.263e-02  1.0000        1074  [    1     17         60         88 ]
           2       78416      89.909   0.000e+00   0.000e+00   1.742e-01   1.467e-02   1.261e-02  1.0000        1104  [    2      3        120         89 ]
           2       78968      90.855   0.000e+00   0.000e+00   1.746e-01   1.428e-02   1.184e-02  1.0000        1108  [    0    130         30         89 ]
           2       79520      91.773   0.000e+00   0.000e+00   1.753e-01   1.428e-02   1.184e-02  1.0000        1110  [    0    131         30         90 ]
           2       80067      92.721   0.000e+00   0.000e+00   2.214e-01   1.428e-02   1.184e-02  1.0000        1110  [    0    132         30         90 ]
           2       80624      93.872   0.000e+00   0.000e+00   1.740e-01   1.428e-02   1.184e-02  1.0000        1112  [    0    133         30         90 ]
           2       81174      94.805   0.000e+00   0.000e+00   1.740e-01   1.428e-02   1.184e-02  1.0000        1114  [    0    134         30         91 ]
           2       81737      95.853   0.000e+00   0.000e+00   1.740e-01   1.428e-02   1.184e-02  1.0000        1119  [    0    135         30         91 ]
           2       82274      96.778   0.000e+00   0.000e+00   1.755e-01   1.331e-02   1.184e-02  1.0000        1114  [    0    136         30         91 ]
           2       82832      97.633   0.000e+00   0.000e+00   2.203e-01   1.331e-02   1.184e-02  1.0000        1117  [    0    137         30         91 ]
           2       83445      98.541   0.000e+00   0.000e+00   2.684e-01   1.331e-02   1.168e-02  1.0000        1128  [    1     18         60         91 ]
           2       83994      99.415   0.000e+00   0.000e+00   2.843e-01   1.331e-02   1.159e-02  1.0000        1131  [    0    138         30         91 ]
           2       84540     100.398   0.000e+00   0.000e+00   2.843e-01   1.331e-02   1.159e-02  1.0000        1134  [    0    139         30         90 ]
           2       85091     101.455   0.000e+00   0.000e+00   2.878e-01   1.331e-02   1.159e-02  1.0000        1139  [    0    140         30         90 ]
           2       85634     102.612   0.000e+00   0.000e+00   1.778e-01   1.331e-02   1.159e-02  1.0000        1138  [    0    141         30         90 ]
           2       86180     103.636   0.000e+00   0.000e+00   2.877e-01   1.331e-02   1.159e-02  1.0000        1142  [    0    142         30         88 ]
           2       86743     104.712   0.000e+00   0.000e+00   2.702e-01   1.331e-02   1.159e-02  1.0000        1142  [    0    143         30         89 ]
           2       87293     106.450   0.000e+00   0.000e+00   2.697e-01   1.331e-02   1.159e-02  1.0000        1148  [    0    144         30         89 ]
           2       87842     107.628   0.000e+00   0.000e+00   1.760e-01   1.331e-02   1.159e-02  1.0000        1149  [    0    145         30         89 ]
           2       88478     108.531   0.000e+00   0.000e+00   1.756e-01   1.331e-02   1.154e-02  1.0000        1156  [    1     19         60         89 ]
           2       89041     109.476   0.000e+00   0.000e+00   1.757e-01   1.331e-02   1.154e-02  1.0000        1163  [    0    146         30         88 ]
           2       89590     110.390   0.000e+00   0.000e+00   2.855e-01   1.326e-02   1.134e-02  1.0000        1170  [    0    147         30         89 ]
           2       90125     111.339   0.000e+00   0.000e+00   1.777e-01   1.326e-02   1.134e-02  1.0000        1176  [    0    148         30         87 ]
           2       90678     112.311   0.000e+00   0.000e+00   1.796e-01   1.326e-02   1.128e-02  1.0000        1176  [    0    149         30         87 ]
           2       91228     113.300   0.000e+00   0.000e+00   2.262e-01   1.326e-02   1.128e-02  1.0000        1188  [    0    150         30         87 ]
           2       91780     114.241   0.000e+00   0.000e+00   1.801e-01   1.326e-02   1.128e-02  1.0000        1192  [    0    151         30         87 ]
           2       92326     115.329   0.000e+00   0.000e+00   2.738e-01   1.326e-02   1.128e-02  1.0000        1196  [    0    152         30         87 ]
           2       92869     116.380   0.000e+00   0.000e+00   2.901e-01   1.326e-02   1.128e-02  1.0000        1200  [    0    153         30         87 ]
           2       93479     117.504   0.000e+00   0.000e+00   2.768e-01   1.326e-02   1.129e-02  1.0000        1198  [    1     20         60         87 ]
           2       94031     118.478   0.000e+00   0.000e+00   2.297e-01   1.326e-02   1.129e-02  1.0000        1202  [    0    154         30         85 ]
           2       94573     119.693   0.000e+00   0.000e+00   2.301e-01   1.326e-02   1.129e-02  1.0000        1206  [    0    155         30         85 ]
           2       95144     120.689   0.000e+00   0.000e+00   2.292e-01   1.326e-02   1.129e-02  1.0000        1210  [    0    156         30         85 ]
           2       95682     121.687   0.000e+00   0.000e+00   1.842e-01   1.326e-02   1.140e-02  1.0000        1214  [    0    157         30         83 ]
           2       96213     122.814   0.000e+00   0.000e+00   1.878e-01   1.326e-02   1.140e-02  1.0000        1225  [    0    158         30         84 ]
           2       96738     123.877   0.000e+00   0.000e+00   1.876e-01   1.326e-02   1.140e-02  1.0000        1227  [    0    159         30         83 ]
           2       97279     125.088   0.000e+00   0.000e+00   2.337e-01   1.326e-02   1.140e-02  1.0000        1228  [    0    160         30         82 ]
           2       97811     126.152   0.000e+00   0.000e+00   1.890e-01   1.326e-02   1.140e-02  1.0000        1226  [    0    161         30         81 ]
           2       98403     127.368   0.000e+00   0.000e+00   2.817e-01   1.234e-02   1.105e-02  1.0000        1231  [    1     21         60         81 ]
           2       98927     128.361   0.000e+00   0.000e+00   2.339e-01   1.234e-02   1.105e-02  1.0000        1229  [    0    162         30         81 ]
           2       99439     129.424   0.000e+00   0.000e+00   2.811e-01   1.234e-02   1.105e-02  1.0000        1231  [    0    163         30         81 ]
           2       99985     130.478   0.000e+00   0.000e+00   1.889e-01   1.234e-02   1.105e-02  1.0000        1233  [    0    164         30         82 ]
           3      100526     131.577   0.000e+00   0.000e+00   2.989e-01   1.234e-02   1.105e-02  1.0000        1234  [    2      3        120         89 ]
