# Generation  Evaluations  Time (s)  Best_obj[0]  Best_obj[1]  Hypervol.   IGD         IGDX        SR    Appr.set  [ Pop.index  Subgen.  Pop.size  Subpops ]
           0         291       4.933   4.734e+00   4.792e+00   0.000e+00   5.384e+00   5.204e+00  0.0000           1  [    0      1         90          1 ]
           1        2246       4.981   1.139e+00   1.344e+00   0.000e+00   8.315e-01   1.303e+00  0.0000          18  [    1      1        180          4 ]
           1        2921       5.038   1.074e+00   1.085e+00   0.000e+00   7.437e-01   1.041e+00  0.0000          44  [    0     10         90          2 ]
           1        5134       5.223   4.999e-01   4.519e-01   0.000e+00   2.223e-01   6.349e-01  0.0000         116  [    0     20         90          2 ]
           1        7396       5.622   3.466e-01   3.805e-01   1.911e-03   1.505e-01   4.342e-01  0.0000         137  [    0     30         90          2 ]
           1        9603       6.080   2.504e-01   3.545e-01   3.046e-03   1.212e-01   3.747e-01  0.0000         230  [    0     40         90          2 ]
           1       12217       6.657   2.083e-01   2.889e-01   6.151e-03   8.136e-02   2.985e-01  0.0000         244  [    0     50         90          2 ]
           1       14375       7.522   1.537e-01   2.106e-01   9.196e-03   6.001e-02   2.375e-01  0.0000         310  [    0     60         90          2 ]
           2       16798       8.477   1.355e-01   2.080e-01   9.549e-03   5.284e-02   2.224e-01  0.0000         477  [    2      1        360          4 ]
           2       18999       9.921   1.282e-01   1.940e-01   1.148e-02   4.553e-02   1.998e-01  0.0000         465  [    0     70         90          2 ]
           2       19963      11.215   1.208e-01   1.853e-01   1.249e-02   4.427e-02   1.933e-01  0.0000         530  [    1     10        180          2 ]
           2       21352      12.930   9.483e-02   1.740e-01   1.317e-02   3.889e-02   1.782e-01  0.0000         574  [    0     80         90          2 ]
           2       24006      15.794   9.483e-02   1.567e-01   1.395e-02   3.548e-02   1.600e-01  0.0000         593  [    0     90         90          2 ]
           2       26337      18.236   9.483e-02   1.478e-01   1.548e-02   2.986e-02   1.436e-01  0.0000         705  [    0    100         90          2 ]
           2       28694      21.347   9.483e-02   1.376e-01   1.596e-02   2.743e-02   1.269e-01  0.0000         795  [    0    110         90          2 ]
           2       30926      25.367   9.483e-02   1.113e-01   1.660e-02   2.379e-02   1.189e-01  0.0000         836  [    0    120         90          2 ]
           2       34203      30.579   9.483e-02   9.760e-02   1.719e-02   2.001e-02   1.084e-01  0.0000         922  [    0    130         90          2 ]
           2       36487      36.519   7.585e-02   9.760e-02   1.749e-02   1.714e-02   1.002e-01  0.0000        1049  [    0    140         90          2 ]
           2       38704      43.191   7.585e-02   9.760e-02   1.778e-02   1.579e-02   9.474e-02  0.0000        1147  [    0    150         90          2 ]
           2       39592      46.047   7.585e-02   9.760e-02   1.783e-02   1.558e-02   9.394e-02  0.0000        1203  [    1     20        180          2 ]
           2       40950      51.912   7.585e-02   9.760e-02   1.790e-02   1.487e-02   9.076e-02  0.0000        1234  [    0    160         90          2 ]
           2       43555      59.283   7.585e-02   9.760e-02   1.796e-02   1.417e-02   8.634e-02  0.0000         789  [    0    170         90          2 ]
           2       45852      63.084   5.518e-02   5.853e-02   1.810e-02   1.186e-02   8.069e-02  0.0000         861  [    0    180         90          2 ]
           2       48178      66.610   5.518e-02   5.853e-02   1.829e-02   1.065e-02   7.593e-02  0.0000         878  [    0    190         90          2 ]
           2       51247      71.196   5.518e-02   5.853e-02   1.852e-02   9.872e-03   7.265e-02  0.0000         914  [    0    200         90          2 ]
           2       54039      76.427   5.518e-02   5.853e-02   1.858e-02   8.814e-03   6.947e-02  0.0000         965  [    0    210         90          2 ]
           2       56452      81.592   5.518e-02   5.853e-02   1.865e-02   8.110e-03   6.642e-02  0.0000         990  [    0    220         90          2 ]
           2       59009      87.447   4.623e-02   3.945e-02   1.874e-02   6.761e-03   6.238e-02  0.0000        1022  [    0    230         90          2 ]
           2       60060      90.628   4.623e-02   3.527e-02   1.875e-02   6.202e-03   6.121e-02  0.0000        1026  [    1     30        180          2 ]
           2       61740      94.178   4.623e-02   3.527e-02   1.882e-02   5.738e-03   5.947e-02  0.5000        1051  [    0    240         90          2 ]
           2       64786     100.367   3.899e-02   3.527e-02   1.887e-02   5.278e-03   5.705e-02  0.5000        1079  [    0    250         90          2 ]
           2       68228     105.524   3.899e-02   3.527e-02   1.895e-02   4.929e-03   5.525e-02  0.5000        1095  [    0    260         90          2 ]
           2       71056     111.308   3.899e-02   3.527e-02   1.899e-02   4.824e-03   5.371e-02  0.5000        1092  [    0    270         90          2 ]
           2       74077     117.054   3.607e-02   3.527e-02   1.903e-02   4.433e-03   5.200e-02  0.5000        1099  [    0    280         90          2 ]
           2       77281     124.073   3.351e-02   2.754e-02   1.905e-02   4.165e-03   5.049e-02  0.5000        1114  [    0    290         90          2 ]
           2       80312     130.670   3.351e-02   2.754e-02   1.908e-02   4.048e-03   4.943e-02  0.5000        1126  [    0    300         90          2 ]
           2       83520     137.252   3.351e-02   2.609e-02   1.909e-02   3.678e-03   4.755e-02  0.5000        1119  [    0    310         90          2 ]
           2       84773     141.116   3.144e-02   2.609e-02   1.910e-02   3.542e-03   4.699e-02  0.5000        1119  [    1     40        180          2 ]
           2       86723     145.873   3.120e-02   2.609e-02   1.913e-02   3.309e-03   4.616e-02  0.5000        1129  [    0    320         90          2 ]
           2       91018     153.836   2.894e-02   2.609e-02   1.915e-02   3.195e-03   4.481e-02  0.5000        1139  [    0    330         90          2 ]
           2       94175     161.463   2.894e-02   2.609e-02   1.917e-02   3.113e-03   4.406e-02  0.5000        1148  [    0    340         90          2 ]
           2       97396     168.141   2.815e-02   2.609e-02   1.920e-02   2.971e-03   4.347e-02  0.5000        1151  [    0    350         90          2 ]
           2      100380     174.601   2.815e-02   2.535e-02   1.922e-02   2.898e-03   4.265e-02  0.5000        1206  [    0    360         90          3 ]
           2      103625     182.299   2.815e-02   2.535e-02   1.924e-02   2.841e-03   4.201e-02  0.5000        1184  [    0    370         90          3 ]
           2      106388     189.644   2.815e-02   2.535e-02   1.925e-02   2.818e-03   4.180e-02  0.5000        1200  [    0    380         90          3 ]
           2      109680     199.947   2.815e-02   2.535e-02   1.926e-02   2.784e-03   4.157e-02  0.5000        1186  [    0    390         90          3 ]
           2      110723     203.457   2.815e-02   2.535e-02   1.927e-02   2.771e-03   4.147e-02  0.5000        1177  [    1     50        180          3 ]
           2      112413     208.811   2.815e-02   2.535e-02   1.928e-02   2.761e-03   4.124e-02  0.5000        1249  [    0    400         90          5 ]
           2      115675     213.869   2.815e-02   2.535e-02   1.839e-02   3.325e-03   4.174e-02  0.5000         834  [    0    410         90          6 ]
           2      118238     217.405   2.815e-02   2.535e-02   1.811e-02   3.288e-03   4.167e-02  0.5000         836  [    0    420         90          5 ]
           2      120771     221.438   2.618e-02   2.535e-02   1.917e-02   3.255e-03   4.156e-02  0.5000         836  [    0    430         90          4 ]
           2      123401     224.664   2.618e-02   2.535e-02   1.921e-02   3.236e-03   4.146e-02  0.5000         849  [    0    440         90          4 ]
           2      127263     229.358   2.618e-02   2.535e-02   1.921e-02   3.211e-03   4.073e-02  0.5000         888  [    0    450         90          4 ]
           2      130011     233.719   2.618e-02   2.535e-02   1.922e-02   3.194e-03   4.062e-02  0.5000         898  [    0    460         90          3 ]
           2      132791     238.485   2.618e-02   2.530e-02   1.905e-02   3.158e-03   4.046e-02  0.5000         924  [    0    470         90          5 ]
           2      133881     241.071   2.618e-02   2.530e-02   1.922e-02   3.156e-03   4.046e-02  0.5000         896  [    1     60        180          3 ]
           2      135461     244.094   2.618e-02   2.530e-02   1.855e-02   3.130e-03   4.025e-02  0.5000         879  [    0    480         90          5 ]
           2      138417     248.338   2.618e-02   2.530e-02   1.886e-02   3.116e-03   4.009e-02  0.5000         887  [    0    490         90          4 ]
           2      141253     252.254   2.618e-02   2.530e-02   1.909e-02   3.085e-03   3.992e-02  0.5000         893  [    0    500         90          6 ]
           2      143973     256.329   2.618e-02   2.530e-02   1.923e-02   3.066e-03   3.981e-02  0.5000         900  [    0    510         90          4 ]
           3      147923     259.866   2.618e-02   2.448e-02   1.924e-02   3.015e-03   3.972e-02  0.5000         923  [    3      1        720          4 ]
           3      151996     264.234   2.618e-02   2.448e-02   1.925e-02   2.973e-03   3.932e-02  1.0000         929  [    0    520         90          4 ]
           3      154215     268.127   2.618e-02   2.448e-02   1.925e-02   2.955e-03   3.892e-02  1.0000         922  [    0    530         90          5 ]
           3      156637     272.474   2.618e-02   2.448e-02   1.925e-02   2.934e-03   3.856e-02  1.0000         939  [    0    540         90          5 ]
           3      159222     276.433   2.618e-02   2.448e-02   1.925e-02   2.928e-03   3.833e-02  1.0000         953  [    0    550         90          5 ]
           3      161473     281.222   2.509e-02   2.448e-02   1.926e-02   2.914e-03   3.821e-02  1.0000         945  [    0    560         90          3 ]
           3      163804     286.921   2.509e-02   2.448e-02   1.927e-02   2.909e-03   3.811e-02  1.0000         937  [    0    570         90          6 ]
           3      166272     290.922   2.509e-02   2.448e-02   1.928e-02   2.902e-03   3.804e-02  1.0000         964  [    2     10        360          6 ]
           3      166957     293.284   2.509e-02   2.448e-02   1.869e-02   2.901e-03   3.799e-02  1.0000         956  [    0    580         90          4 ]
           3      169166     298.294   2.509e-02   2.448e-02   1.902e-02   2.896e-03   3.778e-02  1.0000         958  [    0    590         90          4 ]
           3      171498     303.083   2.509e-02   2.448e-02   1.928e-02   2.890e-03   3.754e-02  1.0000         965  [    0    600         90          5 ]
           3      173898     307.706   2.509e-02   2.448e-02   1.929e-02   2.866e-03   3.741e-02  1.0000         965  [    0    610         90          4 ]
           3      176361     312.775   2.509e-02   2.448e-02   1.929e-02   2.851e-03   3.711e-02  1.0000         967  [    0    620         90          4 ]
           3      178719     317.504   2.287e-02   2.448e-02   1.929e-02   2.796e-03   3.688e-02  1.0000         984  [    0    630         90          3 ]
           3      181205     322.222   2.287e-02   2.448e-02   1.928e-02   2.783e-03   3.669e-02  1.0000         972  [    0    640         90          6 ]
           3      184296     326.951   2.287e-02   2.448e-02   1.930e-02   2.772e-03   3.654e-02  1.0000         970  [    0    650         90          3 ]
           3      186809     332.294   2.287e-02   2.448e-02   1.931e-02   2.761e-03   3.645e-02  1.0000         980  [    0    660         90          5 ]
           3      189295     337.266   2.287e-02   2.448e-02   1.931e-02   2.754e-03   3.628e-02  1.0000        1003  [    0    670         90          5 ]
           3      191780     342.824   2.287e-02   2.448e-02   1.798e-02   2.749e-03   3.613e-02  1.0000         992  [    0    680         90          6 ]
           3      194305     347.922   2.287e-02   2.448e-02   1.932e-02   2.738e-03   3.600e-02  1.0000         985  [    0    690         90          4 ]
           3      196702     352.823   2.287e-02   2.448e-02   1.848e-02   2.724e-03   3.584e-02  1.0000         991  [    0    700         90          4 ]
           3      199925     358.783   2.287e-02   2.448e-02   1.855e-02   2.717e-03   3.563e-02  1.0000        1009  [    0    710         90          5 ]
           3      202467     363.867   2.287e-02   2.366e-02   1.855e-02   2.706e-03   3.552e-02  1.0000        1010  [    0    720         90          5 ]
           3      204894     368.681   2.287e-02   2.366e-02   1.869e-02   2.702e-03   3.539e-02  1.0000         964  [    0    730         90          6 ]
           3      207217     372.907   2.287e-02   2.366e-02   1.933e-02   2.698e-03   3.523e-02  1.0000         983  [    0    740         90          4 ]
           3      209771     377.169   2.287e-02   2.366e-02   1.933e-02   2.691e-03   3.517e-02  1.0000         997  [    0    750         90          5 ]
           3      212115     382.757   2.287e-02   2.366e-02   1.933e-02   2.690e-03   3.515e-02  1.0000        1009  [    0    760         90          5 ]
           3      215274     387.962   2.287e-02   2.366e-02   1.854e-02   2.687e-03   3.508e-02  1.0000         997  [    0    770         90          3 ]
           3      217664     392.357   2.287e-02   2.366e-02   1.787e-02   2.682e-03   3.499e-02  1.0000        1015  [    0    780         90          5 ]
           3      219938     397.740   2.287e-02   2.366e-02   1.799e-02   2.677e-03   3.492e-02  1.0000        1010  [    0    790         90          5 ]
           3      222218     403.022   2.287e-02   2.366e-02   1.924e-02   2.667e-03   3.481e-02  1.0000        1028  [    0    800         90          4 ]
           3      224587     407.657   2.287e-02   2.366e-02   1.901e-02   2.664e-03   3.473e-02  1.0000        1011  [    0    810         90          5 ]
           3      226838     413.003   2.287e-02   2.366e-02   1.935e-02   2.656e-03   3.469e-02  1.0000        1001  [    0    820         90          5 ]
           3      229316     417.502   2.287e-02   2.366e-02   1.914e-02   2.652e-03   3.461e-02  1.0000        1030  [    0    830         90          7 ]
           3      232623     422.669   2.287e-02   2.366e-02   1.936e-02   2.646e-03   3.454e-02  1.0000        1029  [    0    840         90          6 ]
           3      235276     427.408   2.287e-02   2.366e-02   1.937e-02   2.641e-03   3.443e-02  1.0000        1033  [    0    850         90          8 ]
           3      237970     432.956   2.287e-02   2.366e-02   1.937e-02   2.630e-03   3.420e-02  1.0000        1007  [    0    860         90          5 ]
           3      240456     438.133   2.287e-02   2.366e-02   1.937e-02   2.625e-03   3.396e-02  1.0000        1005  [    0    870         90          7 ]
           3      242742     443.094   2.287e-02   2.366e-02   1.900e-02   2.624e-03   3.393e-02  1.0000        1009  [    0    880         90          6 ]
           3      245035     448.354   2.287e-02   2.366e-02   1.870e-02   2.618e-03   3.385e-02  1.0000        1025  [    0    890         90          4 ]
           3      248250     454.095   2.287e-02   2.366e-02   1.937e-02   2.611e-03   3.368e-02  1.0000        1040  [    0    900         90          7 ]
           3      250687     459.206   2.287e-02   2.366e-02   1.937e-02   2.610e-03   3.368e-02  1.0000        1048  [    0    910         90          5 ]
           3      253171     464.544   2.287e-02   2.366e-02   1.937e-02   2.605e-03   3.351e-02  1.0000        1053  [    0    920         90          4 ]
           3      255656     469.652   2.287e-02   2.366e-02   1.937e-02   2.597e-03   3.348e-02  1.0000        1014  [    0    930         90          5 ]
           3      258135     474.349   2.287e-02   2.366e-02   1.938e-02   2.595e-03   3.337e-02  1.0000        1031  [    0    940         90          6 ]
           3      260672     480.013   2.287e-02   2.366e-02   1.938e-02   2.588e-03   3.313e-02  1.0000        1087  [    0    950         90          9 ]
           3      263061     486.134   2.287e-02   2.366e-02   1.938e-02   2.588e-03   3.313e-02  1.0000        1083  [    0    960         90          7 ]
           3      266240     491.268   2.287e-02   2.366e-02   1.877e-02   2.581e-03   3.312e-02  1.0000        1056  [    0    970         90          7 ]
           3      268726     496.547   2.287e-02   2.328e-02   1.938e-02   2.578e-03   3.308e-02  1.0000        1056  [    0    980         90          6 ]
           3      271147     501.882   2.287e-02   2.328e-02   1.862e-02   2.569e-03   3.306e-02  1.0000        1078  [    0    990         90          4 ]
           3      273796     507.889   2.287e-02   2.285e-02   1.768e-02   2.549e-03   3.304e-02  1.0000        1088  [    0   1000         90          6 ]
           3      276601     513.482   2.287e-02   2.285e-02   1.824e-02   2.546e-03   3.300e-02  1.0000        1102  [    0   1010         90          7 ]
           3      279062     518.623   2.287e-02   2.285e-02   1.806e-02   2.543e-03   3.288e-02  1.0000        1101  [    0   1020         90          6 ]
           3      283729     524.847   2.287e-02   2.150e-02   1.881e-02   2.538e-03   3.282e-02  1.0000        1066  [    0   1030         90          6 ]
           3      286436     530.576   2.287e-02   2.150e-02   1.938e-02   2.538e-03   3.282e-02  1.0000        1106  [    0   1040         90          8 ]
           3      289071     535.667   2.287e-02   2.150e-02   1.939e-02   2.534e-03   3.279e-02  1.0000        1129  [    0   1050         90          7 ]
           3      291688     540.596   2.287e-02   2.150e-02   1.939e-02   2.531e-03   3.269e-02  1.0000        1154  [    0   1060         90          5 ]
           3      294376     546.239   2.287e-02   2.150e-02   1.925e-02   2.530e-03   3.269e-02  1.0000        1151  [    0   1070         90          7 ]
           3      296868     551.487   2.287e-02   2.150e-02   1.939e-02   2.529e-03   3.267e-02  1.0000        1147  [    0   1080         90          6 ]
           3      300196     557.967   2.287e-02   2.150e-02   1.939e-02   2.527e-03   3.265e-02  1.0000        1141  [    0   1090         90          6 ]
           3      302535     563.438   2.287e-02   2.150e-02   1.855e-02   2.526e-03   3.264e-02  1.0000        1137  [    0   1100         90          5 ]
           3      305230     569.243   2.287e-02   2.150e-02   1.932e-02   2.524e-03   3.262e-02  1.0000        1139  [    0   1110         90          9 ]
           3      307825     574.259   2.287e-02   2.150e-02   1.939e-02   2.522e-03   3.260e-02  1.0000        1174  [    0   1120         90          6 ]
           3      310385     580.094   2.287e-02   2.150e-02   1.939e-02   2.518e-03   3.242e-02  1.0000        1146  [    0   1130         90          5 ]
           3      312929     585.664   2.287e-02   2.150e-02   1.939e-02   2.516e-03   3.235e-02  1.0000        1152  [    0   1140         90          5 ]
           3      315472     590.548   2.287e-02   2.150e-02   1.939e-02   2.514e-03   3.222e-02  1.0000        1176  [    0   1150         90          5 ]
           3      318729     596.044   2.287e-02   2.150e-02   1.939e-02   2.511e-03   3.217e-02  1.0000        1180  [    0   1160         90          7 ]
           3      321212     601.653   2.287e-02   2.150e-02   1.939e-02   2.511e-03   3.216e-02  1.0000        1156  [    0   1170         90          6 ]
           3      323651     606.583   2.287e-02   2.150e-02   1.939e-02   2.507e-03   3.210e-02  1.0000        1166  [    0   1180         90          6 ]
           3      326247     611.708   2.287e-02   2.150e-02   1.916e-02   2.503e-03   3.197e-02  1.0000        1185  [    0   1190         90          7 ]
           3      328791     617.275   2.287e-02   2.150e-02   1.867e-02   2.500e-03   3.196e-02  1.0000        1182  [    0   1200         90          8 ]
           3      331512     622.976   2.287e-02   2.150e-02   1.939e-02   2.498e-03   3.194e-02  1.0000        1192  [    0   1210         90          7 ]
           3      334090     628.539   2.287e-02   2.150e-02   1.939e-02   2.494e-03   3.192e-02  1.0000        1199  [    2     20        360          6 ]
           3      334930     631.722   2.287e-02   2.150e-02   1.916e-02   2.494e-03   3.190e-02  1.0000        1198  [    0   1220         90          7 ]
           3      337483     637.786   2.287e-02   2.150e-02   1.904e-02   2.492e-03   3.189e-02  1.0000        1190  [    0   1230         90          7 ]
           3      340092     643.193   2.287e-02   2.150e-02   1.914e-02   2.488e-03   3.182e-02  1.0000        1196  [    0   1240         90         10 ]
           3      342844     649.365   2.287e-02   2.150e-02   1.939e-02   2.486e-03   3.180e-02  1.0000        1180  [    0   1250         90          8 ]
           3      345540     655.147   2.287e-02   2.150e-02   1.939e-02   2.482e-03   3.175e-02  1.0000        1199  [    0   1260         90          6 ]
           3      348237     661.352   2.287e-02   2.150e-02   1.901e-02   2.480e-03   3.173e-02  1.0000        1213  [    0   1270         90          8 ]
           3      351015     666.899   2.287e-02   2.150e-02   1.893e-02   2.476e-03   3.169e-02  1.0000        1222  [    0   1280         90          7 ]
           3      354326     673.079   2.287e-02   2.150e-02   1.940e-02   2.472e-03   3.164e-02  1.0000        1199  [    0   1290         90          7 ]
           3      356720     678.232   2.287e-02   2.150e-02   1.867e-02   2.471e-03   3.164e-02  1.0000        1176  [    0   1300         90          8 ]
           3      359415     683.004   2.287e-02   2.150e-02   1.940e-02   2.468e-03   3.162e-02  1.0000        1169  [    0   1310         90          6 ]
           3      362158     690.082   2.287e-02   2.150e-02   1.940e-02   2.468e-03   3.161e-02  1.0000        1195  [    0   1320         90          6 ]
           3      364810     695.054   2.287e-02   2.150e-02   1.773e-02   2.461e-03   3.158e-02  1.0000        1188  [    0   1330         90          7 ]
           3      367326     702.205   2.287e-02   2.150e-02   1.940e-02   2.461e-03   3.158e-02  1.0000        1188  [    0   1340         90          8 ]
           3      370513     708.741   2.287e-02   2.150e-02   1.823e-02   2.460e-03   3.157e-02  1.0000        1178  [    0   1350         90          8 ]
           3      373303     715.288   2.287e-02   2.150e-02   1.868e-02   2.459e-03   3.153e-02  1.0000        1170  [    0   1360         90          8 ]
           3      375840     720.951   2.287e-02   2.150e-02   1.940e-02   2.458e-03   3.150e-02  1.0000        1181  [    0   1370         90          6 ]
           3      378497     726.529   2.287e-02   2.150e-02   1.940e-02   2.450e-03   3.148e-02  1.0000        1168  [    0   1380         90          8 ]
           3      381184     731.545   2.287e-02   2.150e-02   1.881e-02   2.449e-03   3.141e-02  1.0000        1168  [    0   1390         90          8 ]
           3      383670     737.386   2.287e-02   2.150e-02   1.825e-02   2.447e-03   3.139e-02  1.0000        1178  [    0   1400         90          5 ]
           3      386947     743.170   2.287e-02   2.150e-02   1.941e-02   2.443e-03   3.137e-02  1.0000        1196  [    0   1410         90          7 ]
           3      389847     748.648   2.287e-02   2.150e-02   1.826e-02   2.442e-03   3.135e-02  1.0000        1213  [    0   1420         90          9 ]
           3      392589     753.839   2.287e-02   2.150e-02   1.941e-02   2.440e-03   3.132e-02  1.0000        1189  [    0   1430         90          7 ]
           3      395311     759.717   2.287e-02   2.150e-02   1.941e-02   2.438e-03   3.124e-02  1.0000        1209  [    0   1440         90          6 ]
           3      398078     767.020   2.287e-02   2.150e-02   1.941e-02   2.436e-03   3.117e-02  1.0000        1205  [    0   1450         90          8 ]
           3      400720     773.516   2.287e-02   2.150e-02   1.823e-02   2.435e-03   3.116e-02  1.0000        1215  [    0   1460         90          7 ]
           3      403477     780.486   2.287e-02   2.150e-02   1.906e-02   2.424e-03   3.110e-02  1.0000        1208  [    0   1470         90          7 ]
           3      407018     786.476   2.287e-02   2.150e-02   1.941e-02   2.422e-03   3.106e-02  1.0000        1201  [    0   1480         90          8 ]
           3      409594     792.729   2.287e-02   2.150e-02   1.918e-02   2.421e-03   3.102e-02  1.0000        1216  [    0   1490         90          6 ]
           3      412058     799.166   2.287e-02   2.150e-02   1.941e-02   2.418e-03   3.098e-02  1.0000        1194  [    0   1500         90          6 ]
           3      414664     804.441   2.287e-02   2.150e-02   1.929e-02   2.417e-03   3.093e-02  1.0000        1193  [    0   1510         90          8 ]
           3      417393     810.704   2.287e-02   2.150e-02   1.846e-02   2.415e-03   3.091e-02  1.0000        1190  [    0   1520         90          6 ]
           3      420107     816.825   2.287e-02   2.150e-02   1.815e-02   2.415e-03   3.091e-02  1.0000        1219  [    0   1530         90          7 ]
           3      424703     823.077   2.287e-02   2.150e-02   1.893e-02   2.410e-03   3.088e-02  1.0000        1209  [    0   1540         90          7 ]
           3      427423     828.614   2.287e-02   2.150e-02   1.897e-02   2.407e-03   3.085e-02  1.0000        1219  [    0   1550         90          8 ]
           3      429895     835.467   2.287e-02   2.150e-02   1.859e-02   2.404e-03   3.080e-02  1.0000        1219  [    0   1560         90          7 ]
           3      432682     841.417   2.287e-02   2.150e-02   1.941e-02   2.402e-03   3.079e-02  1.0000        1199  [    0   1570         90          5 ]
           3      435342     847.996   2.287e-02   2.150e-02   1.941e-02   2.401e-03   3.078e-02  1.0000        1208  [    0   1580         90          5 ]
           3      438142     854.022   2.287e-02   2.150e-02   1.881e-02   2.401e-03   3.078e-02  1.0000        1226  [    0   1590         90          9 ]
           3      441178     859.907   2.287e-02   2.150e-02   1.926e-02   2.401e-03   3.078e-02  1.0000        1192  [    0   1600         90          6 ]
           3      444262     867.544   2.287e-02   2.150e-02   1.915e-02   2.401e-03   3.078e-02  1.0000        1176  [    0   1610         90          7 ]
           3      446669     873.135   2.287e-02   2.150e-02   1.941e-02   2.401e-03   3.078e-02  1.0000        1176  [    0   1620         90          4 ]
           3      449207     879.536   2.287e-02   2.150e-02   1.907e-02   2.400e-03   3.076e-02  1.0000        1188  [    0   1630         90          8 ]
           3      451945     886.383   2.287e-02   2.150e-02   1.907e-02   2.400e-03   3.076e-02  1.0000        1173  [    0   1640         90         10 ]
           3      454486     892.106   2.287e-02   2.150e-02   1.924e-02   2.398e-03   3.076e-02  1.0000        1196  [    0   1650         90          8 ]
           3      457119     898.290   2.287e-02   2.150e-02   1.941e-02   2.397e-03   3.074e-02  1.0000        1174  [    0   1660         90          5 ]
           3      460516     904.635   2.287e-02   2.150e-02   1.926e-02   2.392e-03   3.074e-02  1.0000        1186  [    0   1670         90          5 ]
           3      463133     909.987   2.287e-02   2.150e-02   1.922e-02   2.392e-03   3.074e-02  1.0000        1177  [    0   1680         90          7 ]
           3      465566     917.725   2.287e-02   2.150e-02   1.835e-02   2.391e-03   3.071e-02  1.0000        1197  [    0   1690         90          8 ]
           3      468212     923.198   2.287e-02   2.150e-02   1.942e-02   2.391e-03   3.068e-02  1.0000        1186  [    0   1700         90          6 ]
           3      470722     928.558   2.287e-02   2.150e-02   1.942e-02   2.391e-03   3.068e-02  1.0000        1190  [    0   1710         90          9 ]
           3      473094     934.616   2.287e-02   2.150e-02   1.942e-02   2.389e-03   3.066e-02  1.0000        1175  [    0   1720         90          5 ]
           3      476371     941.159   2.287e-02   2.150e-02   1.869e-02   2.388e-03   3.063e-02  1.0000        1198  [    0   1730         90          7 ]
           3      479283     947.543   2.287e-02   2.150e-02   1.942e-02   2.388e-03   3.063e-02  1.0000        1178  [    0   1740         90          9 ]
           3      482062     953.079   2.287e-02   2.150e-02   1.942e-02   2.388e-03   3.060e-02  1.0000        1192  [    0   1750         90          8 ]
           3      484699     958.827   2.287e-02   2.150e-02   1.913e-02   2.388e-03   3.060e-02  1.0000        1193  [    0   1760         90          7 ]
           3      487254     964.106   2.287e-02   2.150e-02   1.886e-02   2.387e-03   3.056e-02  1.0000        1198  [    0   1770         90          9 ]
           3      489927     970.311   2.287e-02   2.150e-02   1.927e-02   2.386e-03   3.051e-02  1.0000        1196  [    0   1780         90          6 ]
           3      492517     976.813   2.287e-02   2.150e-02   1.942e-02   2.385e-03   3.051e-02  1.0000        1169  [    0   1790         90         10 ]
           3      496129     983.283   2.287e-02   2.150e-02   1.886e-02   2.385e-03   3.048e-02  1.0000        1181  [    0   1800         90          8 ]
           3      498847     989.203   2.287e-02   2.150e-02   1.879e-02   2.384e-03   3.043e-02  1.0000        1176  [    0   1810         90          8 ]
           3      501384     994.800   2.287e-02   2.150e-02   1.942e-02   2.375e-03   3.024e-02  1.0000        1185  [    0   1820         90          6 ]
           3      503877    1001.392   2.287e-02   2.150e-02   1.920e-02   2.374e-03   3.022e-02  1.0000        1172  [    0   1830         90          6 ]
           3      506309    1006.830   2.287e-02   2.150e-02   1.880e-02   2.373e-03   3.021e-02  1.0000        1172  [    0   1840         90          5 ]
           3      508787    1012.530   2.287e-02   2.150e-02   1.924e-02   2.372e-03   3.016e-02  1.0000        1167  [    0   1850         90          7 ]
           3      511358    1017.437   2.287e-02   2.150e-02   1.942e-02   2.372e-03   3.013e-02  1.0000        1186  [    2     30        360         11 ]
           3      512373    1020.327   2.287e-02   2.150e-02   1.942e-02   2.371e-03   3.012e-02  1.0000        1183  [    0   1860         90         11 ]
           3      515229    1025.520   2.287e-02   2.150e-02   1.942e-02   2.371e-03   3.012e-02  1.0000        1146  [    0   1870         90          6 ]
           3      517620    1030.614   2.287e-02   2.150e-02   1.913e-02   2.371e-03   3.012e-02  1.0000        1176  [    0   1880         90          7 ]
           3      520087    1036.215   2.287e-02   2.150e-02   1.942e-02   2.370e-03   3.010e-02  1.0000        1156  [    0   1890         90          6 ]
           3      522719    1041.986   2.287e-02   2.150e-02   1.853e-02   2.366e-03   2.995e-02  1.0000        1169  [    0   1900         90          7 ]
           3      525221    1049.115   2.287e-02   2.150e-02   1.942e-02   2.365e-03   2.992e-02  1.0000        1157  [    0   1910         90          5 ]
           3      527897    1054.978   2.287e-02   2.150e-02   1.942e-02   2.363e-03   2.987e-02  1.0000        1173  [    0   1920         90          8 ]
           3      531255    1060.507   2.287e-02   2.150e-02   1.942e-02   2.362e-03   2.982e-02  1.0000        1163  [    0   1930         90          8 ]
           3      534020    1067.055   2.287e-02   2.150e-02   1.942e-02   2.361e-03   2.977e-02  1.0000        1174  [    0   1940         90          8 ]
           3      536437    1072.305   2.287e-02   2.150e-02   1.942e-02   2.361e-03   2.977e-02  1.0000        1174  [    0   1950         90          6 ]
           3      539002    1078.691   2.287e-02   2.150e-02   1.907e-02   2.361e-03   2.977e-02  1.0000        1183  [    0   1960         90          9 ]
           3      541596    1084.201   2.287e-02   2.150e-02   1.906e-02   2.361e-03   2.977e-02  1.0000        1178  [    0   1970         90          5 ]
           3      543960    1089.212   2.287e-02   2.150e-02   1.942e-02   2.360e-03   2.976e-02  1.0000        1148  [    0   1980         90          5 ]
           3      547290    1096.814   2.287e-02   2.150e-02   1.942e-02   2.360e-03   2.975e-02  1.0000        1152  [    0   1990         90          6 ]
           3      550000    1102.523   2.287e-02   2.150e-02   1.933e-02   2.356e-03   2.971e-02  1.0000        1175  [    0   2000         90          9 ]
           3      552761    1107.555   2.287e-02   2.150e-02   1.943e-02   2.353e-03   2.953e-02  1.0000        1147  [    0   2010         90          6 ]
           3      555448    1113.083   2.287e-02   2.150e-02   1.943e-02   2.351e-03   2.945e-02  1.0000        1146  [    0   2020         90          4 ]
           3      558396    1117.807   2.287e-02   2.150e-02   1.943e-02   2.351e-03   2.934e-02  1.0000        1173  [    0   2030         90         10 ]
           3      561396    1123.232   2.287e-02   2.150e-02   1.943e-02   2.350e-03   2.934e-02  1.0000        1181  [    0   2040         90          9 ]
           3      566124    1129.637   2.287e-02   2.150e-02   1.943e-02   2.349e-03   2.932e-02  1.0000        1212  [    0   2050         90          7 ]
           3      568583    1134.857   2.287e-02   2.150e-02   1.941e-02   2.348e-03   2.928e-02  1.0000        1200  [    0   2060         90          7 ]
           3      571024    1140.808   2.287e-02   2.150e-02   1.892e-02   2.348e-03   2.928e-02  1.0000        1184  [    0   2070         90          5 ]
           3      573401    1146.966   2.287e-02   2.150e-02   1.943e-02   2.348e-03   2.923e-02  1.0000        1194  [    0   2080         90          6 ]
           3      576080    1152.845   2.287e-02   2.150e-02   1.943e-02   2.348e-03   2.923e-02  1.0000        1216  [    0   2090         90          6 ]
           3      578665    1158.822   2.287e-02   2.150e-02   1.860e-02   2.345e-03   2.920e-02  1.0000        1198  [    0   2100         90          8 ]
           3      581202    1166.018   2.287e-02   2.150e-02   1.806e-02   2.344e-03   2.919e-02  1.0000        1205  [    0   2110         90          9 ]
           3      584151    1171.456   2.287e-02   2.150e-02   1.780e-02   2.344e-03   2.919e-02  1.0000        1220  [    0   2120         90          7 ]
           3      586515    1177.944   2.287e-02   2.150e-02   1.933e-02   2.344e-03   2.917e-02  1.0000        1176  [    0   2130         90          5 ]
           3      589078    1185.313   2.227e-02   2.150e-02   1.926e-02   2.342e-03   2.916e-02  1.0000        1209  [    0   2140         90          6 ]
           3      591688    1191.535   2.227e-02   2.150e-02   1.942e-02   2.336e-03   2.899e-02  1.0000        1222  [    0   2150         90          8 ]
           3      594224    1197.798   2.227e-02   2.150e-02   1.880e-02   2.332e-03   2.894e-02  1.0000        1229  [    0   2160         90          9 ]
           3      596837    1202.794   2.227e-02   2.150e-02   1.943e-02   2.330e-03   2.887e-02  1.0000        1205  [    0   2170         90          6 ]
           3      600283    1208.647   2.227e-02   2.150e-02   1.943e-02   2.328e-03   2.883e-02  1.0000        1216  [    0   2180         90          6 ]
           3      602844    1213.843   2.227e-02   2.150e-02   1.944e-02   2.321e-03   2.864e-02  1.0000        1208  [    0   2190         90          6 ]
           3      605422    1219.419   2.227e-02   2.150e-02   1.944e-02   2.309e-03   2.855e-02  1.0000        1198  [    0   2200         90          4 ]
           3      607885    1224.799   2.227e-02   2.150e-02   1.893e-02   2.304e-03   2.850e-02  1.0000        1230  [    0   2210         90          6 ]
           3      610156    1231.020   2.227e-02   2.150e-02   1.914e-02   2.302e-03   2.841e-02  1.0000        1221  [    0   2220         90          6 ]
           3      612816    1237.149   2.227e-02   2.150e-02   1.918e-02   2.300e-03   2.837e-02  1.0000        1224  [    0   2230         90          9 ]
           3      615787    1243.628   2.227e-02   2.150e-02   1.906e-02   2.299e-03   2.835e-02  1.0000        1220  [    0   2240         90          9 ]
           3      619182    1249.702   2.227e-02   2.118e-02   1.944e-02   2.297e-03   2.833e-02  1.0000        1185  [    0   2250         90          6 ]
           3      621817    1255.981   2.227e-02   2.118e-02   1.934e-02   2.295e-03   2.830e-02  1.0000        1208  [    0   2260         90          7 ]
           3      624294    1262.094   2.227e-02   2.118e-02   1.862e-02   2.294e-03   2.826e-02  1.0000        1222  [    0   2270         90          6 ]
           3      626981    1267.322   2.227e-02   2.118e-02   1.921e-02   2.294e-03   2.824e-02  1.0000        1192  [    0   2280         90          9 ]
           3      629772    1273.245   2.227e-02   2.118e-02   1.921e-02   2.294e-03   2.824e-02  1.0000        1201  [    0   2290         90          7 ]
           3      632309    1278.203   2.227e-02   2.118e-02   1.835e-02   2.291e-03   2.820e-02  1.0000        1172  [    0   2300         90          5 ]
           3      635639    1284.832   2.227e-02   2.118e-02   1.944e-02   2.271e-03   2.819e-02  1.0000        1186  [    0   2310         90          4 ]
           3      638281    1289.962   2.227e-02   2.118e-02   1.944e-02   2.268e-03   2.815e-02  1.0000        1187  [    0   2320         90          7 ]
           3      640622    1294.987   2.227e-02   2.118e-02   1.944e-02   2.267e-03   2.803e-02  1.0000        1136  [    0   2330         90          5 ]
           3      643000    1300.837   2.227e-02   2.118e-02   1.944e-02   2.267e-03   2.798e-02  1.0000        1153  [    0   2340         90          5 ]
           3      645698    1306.727   2.227e-02   2.118e-02   1.938e-02   2.264e-03   2.795e-02  1.0000        1169  [    0   2350         90          7 ]
           3      647929    1312.095   2.227e-02   2.118e-02   1.944e-02   2.264e-03   2.794e-02  1.0000        1168  [    0   2360         90          7 ]
           3      651205    1318.059   2.227e-02   2.118e-02   1.944e-02   2.261e-03   2.789e-02  1.0000        1181  [    0   2370         90          7 ]
           3      653651    1323.274   2.227e-02   2.118e-02   1.945e-02   2.259e-03   2.780e-02  1.0000        1190  [    0   2380         90          5 ]
           3      656200    1329.416   2.227e-02   2.118e-02   1.945e-02   2.258e-03   2.774e-02  1.0000        1202  [    0   2390         90          8 ]
           3      658884    1335.131   2.227e-02   2.118e-02   1.720e-02   2.257e-03   2.772e-02  1.0000        1231  [    0   2400         90          8 ]
           3      661091    1340.597   2.227e-02   2.118e-02   1.896e-02   2.255e-03   2.767e-02  1.0000        1207  [    0   2410         90          6 ]
           3      663519    1345.577   2.196e-02   2.118e-02   1.895e-02   2.248e-03   2.765e-02  1.0000        1207  [    0   2420         90          7 ]
           3      666009    1350.976   2.196e-02   2.118e-02   1.946e-02   2.246e-03   2.762e-02  1.0000        1186  [    0   2430         90          6 ]
           3      669230    1357.216   2.196e-02   2.118e-02   1.937e-02   2.245e-03   2.760e-02  1.0000        1192  [    0   2440         90          8 ]
           3      672131    1363.107   2.196e-02   2.118e-02   1.946e-02   2.245e-03   2.760e-02  1.0000        1199  [    0   2450         90          6 ]
           3      674718    1368.174   2.196e-02   2.118e-02   1.946e-02   2.245e-03   2.759e-02  1.0000        1203  [    0   2460         90          5 ]
           3      677046    1372.635   2.196e-02   2.118e-02   1.946e-02   2.245e-03   2.757e-02  1.0000        1204  [    0   2470         90          4 ]
           3      679561    1377.781   2.196e-02   2.118e-02   1.946e-02   2.242e-03   2.740e-02  1.0000        1156  [    0   2480         90          7 ]
           3      682071    1382.853   2.196e-02   2.118e-02   1.946e-02   2.239e-03   2.734e-02  1.0000        1183  [    0   2490         90          8 ]
           3      684506    1387.956   2.196e-02   2.118e-02   1.946e-02   2.238e-03   2.730e-02  1.0000        1225  [    2     40        360          6 ]
           3      685299    1390.721   2.196e-02   2.118e-02   1.848e-02   2.238e-03   2.729e-02  1.0000        1231  [    0   2500         90          8 ]
           3      687739    1396.245   2.196e-02   2.118e-02   1.924e-02   2.238e-03   2.728e-02  1.0000        1190  [    0   2510         90          5 ]
           3      690383    1401.872   2.196e-02   2.118e-02   1.913e-02   2.237e-03   2.728e-02  1.0000        1181  [    0   2520         90         10 ]
           3      692850    1407.691   2.196e-02   2.118e-02   1.946e-02   2.236e-03   2.724e-02  1.0000        1178  [    0   2530         90          7 ]
           3      695468    1412.406   2.196e-02   2.118e-02   1.946e-02   2.236e-03   2.724e-02  1.0000        1177  [    0   2540         90          6 ]
           3      698093    1417.121   2.196e-02   2.118e-02   1.941e-02   2.235e-03   2.723e-02  1.0000        1180  [    0   2550         90          8 ]
           3      700731    1423.086   2.196e-02   2.118e-02   1.946e-02   2.233e-03   2.719e-02  1.0000        1210  [    0   2560         90          7 ]
           3      705555    1430.205   2.196e-02   2.118e-02   1.946e-02   2.231e-03   2.717e-02  1.0000        1210  [    0   2570         90          8 ]
           3      708146    1435.433   2.196e-02   2.118e-02   1.946e-02   2.230e-03   2.717e-02  1.0000        1219  [    0   2580         90          5 ]
           3      710846    1441.675   2.196e-02   2.118e-02   1.769e-02   2.229e-03   2.717e-02  1.0000        1228  [    0   2590         90          7 ]
           3      713242    1448.211   2.196e-02   2.118e-02   1.946e-02   2.229e-03   2.717e-02  1.0000        1220  [    0   2600         90          5 ]
           3      715718    1454.032   2.196e-02   2.118e-02   1.946e-02   2.229e-03   2.716e-02  1.0000        1195  [    0   2610         90          6 ]
           3      718377    1459.929   2.196e-02   2.118e-02   1.946e-02   2.229e-03   2.715e-02  1.0000        1210  [    0   2620         90          9 ]
           3      721853    1466.400   2.196e-02   2.118e-02   1.946e-02   2.228e-03   2.709e-02  1.0000        1190  [    0   2630         90          8 ]
           3      724550    1471.928   2.196e-02   2.118e-02   1.888e-02   2.227e-03   2.708e-02  1.0000        1205  [    0   2640         90          8 ]
           3      727209    1476.953   2.196e-02   2.118e-02   1.946e-02   2.226e-03   2.701e-02  1.0000        1187  [    0   2650         90          8 ]
           3      729837    1482.490   2.196e-02   2.118e-02   1.946e-02   2.223e-03   2.699e-02  1.0000        1196  [    0   2660         90          5 ]
           3      732356    1488.296   2.196e-02   2.118e-02   1.947e-02   2.223e-03   2.695e-02  1.0000        1213  [    0   2670         90          8 ]
           3      735040    1494.301   2.196e-02   2.118e-02   1.947e-02   2.219e-03   2.692e-02  1.0000        1212  [    0   2680         90          6 ]
           3      738531    1501.805   2.184e-02   2.118e-02   1.946e-02   2.211e-03   2.691e-02  1.0000        1224  [    0   2690         90          9 ]
           3      741332    1507.590   2.184e-02   2.118e-02   1.947e-02   2.211e-03   2.690e-02  1.0000        1210  [    0   2700         90          6 ]
           3      743996    1512.769   2.184e-02   2.042e-02   1.802e-02   2.207e-03   2.687e-02  1.0000        1246  [    0   2710         90          8 ]
           3      746388    1518.672   2.184e-02   2.042e-02   1.947e-02   2.204e-03   2.681e-02  1.0000        1234  [    0   2720         90          5 ]
           3      748731    1524.579   2.184e-02   2.042e-02   1.894e-02   2.203e-03   2.678e-02  1.0000        1215  [    0   2730         90          7 ]
           3      751046    1531.249   2.184e-02   2.042e-02   1.920e-02   2.203e-03   2.678e-02  1.0000        1211  [    0   2740         90          6 ]
           3      753495    1538.629   2.184e-02   2.042e-02   1.947e-02   2.200e-03   2.676e-02  1.0000        1191  [    0   2750         90          5 ]
           3      756936    1543.796   2.184e-02   2.042e-02   1.926e-02   2.198e-03   2.666e-02  1.0000        1207  [    0   2760         90          7 ]
           3      759293    1549.987   2.184e-02   2.042e-02   1.938e-02   2.197e-03   2.665e-02  1.0000        1196  [    0   2770         90          6 ]
           3      761881    1555.358   2.184e-02   2.042e-02   1.903e-02   2.189e-03   2.654e-02  1.0000        1207  [    0   2780         90          7 ]
           3      764766    1560.005   2.184e-02   2.042e-02   1.947e-02   2.188e-03   2.648e-02  1.0000        1222  [    0   2790         90          8 ]
           3      767525    1565.225   2.184e-02   2.042e-02   1.939e-02   2.186e-03   2.646e-02  1.0000        1218  [    0   2800         90          8 ]
           3      770144    1571.744   2.184e-02   2.042e-02   1.947e-02   2.185e-03   2.640e-02  1.0000        1213  [    0   2810         90          6 ]
           3      773564    1576.426   2.184e-02   2.042e-02   1.947e-02   2.179e-03   2.638e-02  1.0000        1221  [    0   2820         90          7 ]
           3      776113    1580.944   2.184e-02   2.042e-02   1.937e-02   2.178e-03   2.636e-02  1.0000        1133  [    0   2830         90          7 ]
           3      778809    1585.577   2.184e-02   2.042e-02   1.947e-02   2.175e-03   2.632e-02  1.0000        1160  [    0   2840         90          9 ]
           3      781488    1590.507   2.184e-02   2.042e-02   1.906e-02   2.174e-03   2.630e-02  1.0000        1164  [    0   2850         90          9 ]
           3      783788    1596.733   2.184e-02   2.042e-02   1.947e-02   2.172e-03   2.630e-02  1.0000        1109  [    0   2860         90          5 ]
           3      786312    1601.674   2.138e-02   2.042e-02   1.947e-02   2.171e-03   2.626e-02  1.0000        1132  [    0   2870         90          8 ]
           3      788998    1606.862   2.138e-02   2.042e-02   1.947e-02   2.166e-03   2.621e-02  1.0000        1158  [    0   2880         90          7 ]
           3      792288    1613.106   2.138e-02   2.042e-02   1.840e-02   2.164e-03   2.615e-02  1.0000        1187  [    0   2890         90          8 ]
           3      795054    1618.909   2.138e-02   2.042e-02   1.945e-02   2.163e-03   2.614e-02  1.0000        1184  [    0   2900         90          9 ]
           3      797613    1624.630   2.138e-02   2.042e-02   1.947e-02   2.161e-03   2.610e-02  1.0000        1184  [    0   2910         90          8 ]
           3      800208    1629.810   2.138e-02   2.042e-02   1.947e-02   2.157e-03   2.602e-02  1.0000        1198  [    0   2920         90          7 ]
           3      802782    1636.170   2.138e-02   2.042e-02   1.947e-02   2.156e-03   2.599e-02  1.0000        1201  [    0   2930         90          7 ]
           3      805426    1641.759   2.138e-02   2.042e-02   1.947e-02   2.155e-03   2.593e-02  1.0000        1207  [    0   2940         90          8 ]
           3      808733    1647.530   2.138e-02   2.042e-02   1.947e-02   2.155e-03   2.593e-02  1.0000        1221  [    0   2950         90          9 ]
           3      811276    1653.011   2.062e-02   2.042e-02   1.947e-02   2.146e-03   2.588e-02  1.0000        1224  [    0   2960         90          8 ]
           3      813795    1659.135   2.062e-02   2.042e-02   1.930e-02   2.145e-03   2.586e-02  1.0000        1224  [    0   2970         90          9 ]
           3      816419    1665.764   2.062e-02   2.042e-02   1.947e-02   2.143e-03   2.581e-02  1.0000        1223  [    0   2980         90          6 ]
           3      818833    1671.174   2.062e-02   2.042e-02   1.947e-02   2.143e-03   2.579e-02  1.0000        1239  [    0   2990         90          7 ]
           3      821339    1676.218   2.062e-02   2.042e-02   1.936e-02   2.938e-03   2.686e-02  1.0000         825  [    0   3000         90          5 ]
           3      824512    1679.696   2.062e-02   2.042e-02   1.938e-02   2.743e-03   2.683e-02  1.0000         974  [    0   3010         90          7 ]
           3      826935    1684.447   2.062e-02   2.042e-02   1.940e-02   2.706e-03   2.683e-02  1.0000        1005  [    0   3020         90          5 ]
           3      829240    1689.175   2.062e-02   2.042e-02   1.940e-02   2.668e-03   2.682e-02  1.0000        1081  [    0   3030         90          7 ]
           3      831782    1693.618   2.062e-02   2.042e-02   1.941e-02   2.622e-03   2.682e-02  1.0000        1174  [    0   3040         90          7 ]
           3      834063    1698.387   2.062e-02   2.042e-02   1.913e-02   2.879e-03   2.722e-02  1.0000         965  [    0   3050         90          7 ]
           3      836533    1702.674   2.062e-02   2.042e-02   1.944e-02   2.602e-03   2.710e-02  1.0000        1207  [    0   3060         90          7 ]
           3      838910    1706.992   2.062e-02   2.042e-02   1.806e-02   2.932e-03   2.737e-02  1.0000         874  [    0   3070         90          7 ]
           3      843211    1710.879   2.062e-02   2.042e-02   1.918e-02   3.099e-03   2.771e-02  1.0000         786  [    0   3080         90          7 ]
           3      845345    1714.031   2.062e-02   2.042e-02   1.888e-02   2.981e-03   2.770e-02  1.0000         822  [    0   3090         90          5 ]
           3      847532    1717.007   2.062e-02   2.042e-02   1.866e-02   2.864e-03   2.758e-02  1.0000         958  [    0   3100         90          5 ]
           3      849865    1720.158   2.062e-02   2.042e-02   1.930e-02   2.787e-03   2.751e-02  1.0000        1043  [    0   3110         90          6 ]
           3      852289    1725.163   2.062e-02   2.042e-02   1.930e-02   2.754e-03   2.748e-02  1.0000        1086  [    0   3120         90          5 ]
           3      854503    1730.011   2.062e-02   2.042e-02   1.846e-02   3.068e-03   2.756e-02  1.0000         758  [    0   3130         90          6 ]
           3      856768    1732.884   2.062e-02   2.042e-02   1.931e-02   2.898e-03   2.747e-02  1.0000         914  [    2     50        360          7 ]
           3      857445    1734.837   2.062e-02   2.042e-02   1.931e-02   2.898e-03   2.747e-02  1.0000         902  [    0   3140         90          5 ]
           3      859850    1738.696   2.062e-02   2.042e-02   1.930e-02   2.881e-03   2.747e-02  1.0000         953  [    0   3150         90          7 ]
           3      862090    1743.406   2.062e-02   2.042e-02   1.881e-02   2.856e-03   2.747e-02  1.0000        1002  [    0   3160         90          8 ]
           3      864292    1748.467   2.062e-02   2.042e-02   1.919e-02   2.822e-03   2.747e-02  1.0000        1017  [    0   3170         90          5 ]
           3      866703    1753.633   2.062e-02   2.042e-02   1.910e-02   2.687e-03   2.744e-02  1.0000        1181  [    0   3180         90          5 ]
           3      868964    1759.069   2.062e-02   2.042e-02   1.873e-02   3.120e-03   2.786e-02  1.0000         738  [    0   3190         90          5 ]
           3      871369    1762.568   2.062e-02   2.042e-02   1.880e-02   2.962e-03   2.769e-02  1.0000         858  [    0   3200         90          7 ]
           3      874267    1766.630   2.062e-02   2.042e-02   1.889e-02   2.875e-03   2.763e-02  1.0000         938  [    0   3210         90          5 ]
           3      876756    1771.426   1.559e-02   2.042e-02   1.874e-02   3.113e-03   2.781e-02  1.0000         749  [    0   3220         90          6 ]
           3      879204    1774.666   1.559e-02   2.042e-02   1.933e-02   2.844e-03   2.765e-02  1.0000        1067  [    0   3230         90          7 ]
           3      881808    1778.943   1.559e-02   2.042e-02   1.908e-02   3.113e-03   2.785e-02  1.0000         783  [    0   3240         90          6 ]
           3      884072    1782.210   1.559e-02   2.042e-02   1.926e-02   2.990e-03   2.759e-02  1.0000         827  [    0   3250         90          6 ]
           3      886478    1786.249   1.559e-02   2.042e-02   1.828e-02   2.950e-03   2.754e-02  1.0000         841  [    0   3260         90          5 ]
           3      889369    1790.256   1.559e-02   2.042e-02   1.827e-02   2.909e-03   2.747e-02  1.0000         819  [    0   3270         90          7 ]
           3      891668    1793.511   1.559e-02   2.042e-02   1.936e-02   2.884e-03   2.745e-02  1.0000         823  [    0   3280         90          6 ]
           3      894144    1797.140   1.559e-02   2.042e-02   1.937e-02   2.838e-03   2.730e-02  1.0000         871  [    0   3290         90          6 ]
           3      896766    1800.729   1.559e-02   2.042e-02   1.932e-02   2.790e-03   2.720e-02  1.0000         889  [    0   3300         90          6 ]
           3      899181    1804.231   1.559e-02   2.042e-02   1.938e-02   2.774e-03   2.714e-02  1.0000         893  [    0   3310         90          6 ]
           3      901711    1807.782   1.559e-02   2.042e-02   1.938e-02   2.755e-03   2.712e-02  1.0000         924  [    0   3320         90          9 ]
           3      905172    1811.857   1.559e-02   2.042e-02   1.939e-02   2.738e-03   2.711e-02  1.0000         951  [    0   3330         90         10 ]
           3      907495    1815.708   1.559e-02   2.042e-02   1.906e-02   2.734e-03   2.710e-02  1.0000         962  [    0   3340         90          7 ]
           3      909902    1820.022   1.559e-02   2.042e-02   1.883e-02   2.729e-03   2.708e-02  1.0000         968  [    0   3350         90          6 ]
           3      912371    1824.800   1.559e-02   2.042e-02   1.939e-02   2.709e-03   2.707e-02  1.0000         942  [    0   3360         90          6 ]
           3      914801    1828.912   1.559e-02   2.042e-02   1.940e-02   2.689e-03   2.694e-02  1.0000         925  [    0   3370         90          7 ]
           3      917227    1832.616   1.559e-02   2.042e-02   1.940e-02   2.684e-03   2.689e-02  1.0000         937  [    0   3380         90          5 ]
           3      919616    1836.948   1.559e-02   2.042e-02   1.843e-02   2.652e-03   2.686e-02  1.0000         952  [    0   3390         90          6 ]
           3      922497    1841.617   1.559e-02   2.042e-02   1.928e-02   2.650e-03   2.686e-02  1.0000         956  [    0   3400         90          6 ]
           3      924782    1845.627   1.559e-02   2.042e-02   1.882e-02   2.646e-03   2.686e-02  1.0000         951  [    0   3410         90          6 ]
           3      927059    1849.006   1.559e-02   2.042e-02   1.940e-02   2.646e-03   2.686e-02  1.0000         968  [    0   3420         90          5 ]
           3      929375    1853.289   1.559e-02   2.042e-02   1.898e-02   2.646e-03   2.686e-02  1.0000         978  [    0   3430         90          9 ]
           3      931767    1857.813   1.559e-02   2.042e-02   1.941e-02   2.631e-03   2.678e-02  1.0000         979  [    0   3440         90          7 ]
           3      934208    1861.143   1.559e-02   2.042e-02   1.941e-02   2.612e-03   2.663e-02  1.0000         960  [    0   3450         90          8 ]
           3      937306    1865.302   1.559e-02   2.042e-02   1.920e-02   2.609e-03   2.659e-02  1.0000         976  [    0   3460         90          7 ]
           3      939915    1870.096   1.559e-02   2.042e-02   1.931e-02   2.603e-03   2.649e-02  1.0000         986  [    0   3470         90          9 ]
           3      942563    1874.437   1.559e-02   2.042e-02   1.942e-02   2.591e-03   2.642e-02  1.0000         984  [    0   3480         90          7 ]
           3      945158    1879.465   1.559e-02   2.042e-02   1.942e-02   2.578e-03   2.637e-02  1.0000         976  [    0   3490         90          8 ]
           3      947534    1885.497   1.559e-02   2.042e-02   1.942e-02   2.572e-03   2.637e-02  1.0000         977  [    0   3500         90          7 ]
           3      950148    1889.522   1.559e-02   2.042e-02   1.942e-02   2.551e-03   2.631e-02  1.0000         995  [    0   3510         90          8 ]
           3      952731    1893.808   1.559e-02   2.042e-02   1.942e-02   2.550e-03   2.631e-02  1.0000        1003  [    0   3520         90          7 ]
           3      956108    1898.444   1.559e-02   2.042e-02   1.942e-02   2.550e-03   2.631e-02  1.0000         999  [    0   3530         90          7 ]
           3      958777    1903.040   1.559e-02   2.042e-02   1.912e-02   2.550e-03   2.631e-02  1.0000        1006  [    0   3540         90          8 ]
           3      961291    1907.100   1.559e-02   2.042e-02   1.941e-02   2.549e-03   2.627e-02  1.0000         994  [    0   3550         90          7 ]
           3      963969    1911.313   1.559e-02   2.042e-02   1.828e-02   2.546e-03   2.623e-02  1.0000        1009  [    0   3560         90          7 ]
           3      966625    1916.188   1.559e-02   2.042e-02   1.909e-02   2.537e-03   2.617e-02  1.0000        1020  [    0   3570         90          7 ]
           3      969248    1920.441   1.559e-02   2.042e-02   1.904e-02   2.518e-03   2.596e-02  1.0000        1026  [    0   3580         90          9 ]
           3      974192    1925.232   1.559e-02   2.042e-02   1.923e-02   2.513e-03   2.590e-02  1.0000        1020  [    0   3590         90          7 ]
           3      976892    1929.120   1.559e-02   2.042e-02   1.941e-02   2.510e-03   2.586e-02  1.0000        1042  [    0   3600         90          7 ]
           3      979411    1933.025   1.559e-02   2.042e-02   1.915e-02   2.494e-03   2.574e-02  1.0000        1056  [    0   3610         90          8 ]
           3      982015    1937.814   1.559e-02   2.042e-02   1.943e-02   2.485e-03   2.569e-02  1.0000        1072  [    0   3620         90          9 ]
           3      984549    1942.938   1.559e-02   2.042e-02   1.930e-02   2.481e-03   2.563e-02  1.0000        1045  [    0   3630         90          6 ]
           3      987050    1948.134   1.559e-02   2.042e-02   1.943e-02   2.479e-03   2.563e-02  1.0000        1023  [    0   3640         90          6 ]
           3      990457    1953.289   1.559e-02   2.042e-02   1.846e-02   2.476e-03   2.554e-02  1.0000        1013  [    0   3650         90         10 ]
           3      992952    1957.776   1.559e-02   2.042e-02   1.943e-02   2.475e-03   2.554e-02  1.0000        1017  [    0   3660         90          4 ]
           3      995520    1961.727   1.559e-02   2.042e-02   1.943e-02   2.474e-03   2.554e-02  1.0000         973  [    0   3670         90          7 ]
           3      998094    1965.947   1.559e-02   2.042e-02   1.913e-02   2.471e-03   2.554e-02  1.0000         981  [    0   3680         90          5 ]
           3     1000435    1970.834   1.559e-02   2.042e-02   1.884e-02   2.471e-03   2.553e-02  1.0000         983  [    0   3690         90          6 ]
           3     1003073    1975.220   1.559e-02   2.042e-02   1.910e-02   2.467e-03   2.543e-02  1.0000        1000  [    0   3700         90          8 ]
           3     1005721    1979.311   1.559e-02   2.042e-02   1.757e-02   2.461e-03   2.535e-02  1.0000        1012  [    0   3710         90          6 ]
           3     1008891    1983.684   1.559e-02   2.042e-02   1.924e-02   2.455e-03   2.524e-02  1.0000         984  [    0   3720         90          7 ]
           3     1011538    1988.764   1.559e-02   2.042e-02   1.907e-02   2.453e-03   2.522e-02  1.0000        1014  [    0   3730         90          6 ]
           3     1014077    1992.803   1.559e-02   2.042e-02   1.898e-02   2.451e-03   2.515e-02  1.0000        1027  [    0   3740         90          6 ]
           3     1016372    1996.905   1.559e-02   2.042e-02   1.934e-02   2.450e-03   2.515e-02  1.0000        1021  [    0   3750         90          6 ]
           3     1018705    2001.236   1.559e-02   2.042e-02   1.944e-02   2.450e-03   2.515e-02  1.0000        1002  [    0   3760         90          7 ]
           3     1021366    2005.288   1.559e-02   2.042e-02   1.862e-02   2.450e-03   2.514e-02  1.0000        1015  [    0   3770         90          8 ]
           3     1024043    2009.404   1.559e-02   2.042e-02   1.856e-02   2.448e-03   2.508e-02  1.0000        1025  [    2     60        360          9 ]
           3     1024764    2011.510   1.559e-02   2.042e-02   1.832e-02   2.448e-03   2.508e-02  1.0000        1012  [    0   3780         90          6 ]
           3     1027093    2015.756   1.559e-02   2.042e-02   1.938e-02   2.440e-03   2.493e-02  1.0000        1013  [    0   3790         90          7 ]
           3     1029647    2020.035   1.559e-02   2.042e-02   1.944e-02   2.438e-03   2.489e-02  1.0000        1014  [    0   3800         90          5 ]
           3     1032242    2023.859   1.559e-02   2.042e-02   1.944e-02   2.436e-03   2.485e-02  1.0000         995  [    0   3810         90          5 ]
           3     1034791    2027.531   1.559e-02   2.042e-02   1.825e-02   2.435e-03   2.484e-02  1.0000         982  [    0   3820         90          7 ]
           3     1037225    2031.362   1.559e-02   2.042e-02   1.944e-02   2.434e-03   2.479e-02  1.0000         998  [    0   3830         90          6 ]
           3     1039595    2035.562   1.559e-02   2.042e-02   1.867e-02   2.433e-03   2.478e-02  1.0000        1006  [    0   3840         90          8 ]
           3     1042949    2040.608   1.559e-02   2.017e-02   1.904e-02   2.426e-03   2.466e-02  1.0000         993  [    0   3850         90          8 ]
           3     1045473    2044.590   1.559e-02   2.017e-02   1.945e-02   2.424e-03   2.461e-02  1.0000        1007  [    0   3860         90          7 ]
           3     1048136    2048.351   1.559e-02   1.994e-02   1.945e-02   2.393e-03   2.448e-02  1.0000        1014  [    0   3870         90          7 ]
           3     1050755    2052.592   1.559e-02   1.994e-02   1.945e-02   2.391e-03   2.444e-02  1.0000        1025  [    0   3880         90          8 ]
           3     1053391    2057.269   1.559e-02   1.994e-02   1.945e-02   2.391e-03   2.440e-02  1.0000        1029  [    0   3890         90          6 ]
           3     1055917    2061.315   1.559e-02   1.994e-02   1.945e-02   2.390e-03   2.439e-02  1.0000        1023  [    0   3900         90          6 ]
           3     1059441    2065.502   1.559e-02   1.994e-02   1.891e-02   2.379e-03   2.437e-02  1.0000        1046  [    0   3910         90          9 ]
           3     1062169    2070.211   1.559e-02   1.994e-02   1.945e-02   2.379e-03   2.436e-02  1.0000        1031  [    0   3920         90          6 ]
           3     1064360    2073.865   1.559e-02   1.994e-02   1.890e-02   2.379e-03   2.436e-02  1.0000         998  [    0   3930         90          6 ]
           3     1066938    2078.374   1.559e-02   1.994e-02   1.945e-02   2.373e-03   2.432e-02  1.0000         982  [    0   3940         90          8 ]
           3     1069545    2082.609   1.559e-02   1.994e-02   1.945e-02   2.370e-03   2.429e-02  1.0000         998  [    0   3950         90          7 ]
           3     1071996    2087.354   1.559e-02   1.994e-02   1.946e-02   2.359e-03   2.420e-02  1.0000        1005  [    0   3960         90          6 ]
           3     1075459    2091.947   1.559e-02   1.994e-02   1.946e-02   2.359e-03   2.420e-02  1.0000         998  [    0   3970         90         10 ]
           3     1078013    2096.116   1.559e-02   1.994e-02   1.885e-02   2.343e-03   2.417e-02  1.0000        1001  [    0   3980         90          6 ]
           3     1080788    2100.672   1.559e-02   1.933e-02   1.946e-02   2.348e-03   2.417e-02  1.0000        1013  [    0   3990         90          8 ]
           3     1083647    2104.584   1.559e-02   1.933e-02   1.946e-02   2.345e-03   2.411e-02  1.0000        1035  [    0   4000         90          7 ]
           3     1086198    2108.629   1.559e-02   1.933e-02   1.865e-02   2.343e-03   2.406e-02  1.0000        1041  [    0   4010         90          8 ]
           3     1088631    2112.843   1.559e-02   1.933e-02   1.936e-02   2.342e-03   2.405e-02  1.0000        1025  [    0   4020         90          7 ]
           3     1091220    2117.002   1.559e-02   1.933e-02   1.946e-02   2.342e-03   2.405e-02  1.0000         996  [    0   4030         90          6 ]
           3     1094455    2122.039   1.559e-02   1.933e-02   1.872e-02   2.342e-03   2.404e-02  1.0000         989  [    0   4040         90          7 ]
           3     1096933    2126.426   1.559e-02   1.933e-02   1.946e-02   2.342e-03   2.404e-02  1.0000        1000  [    0   4050         90          7 ]
           3     1099370    2130.929   1.559e-02   1.933e-02   1.895e-02   2.342e-03   2.404e-02  1.0000        1001  [    0   4060         90          6 ]
           3     1101955    2134.992   1.559e-02   1.933e-02   1.946e-02   2.341e-03   2.403e-02  1.0000         994  [    0   4070         90          9 ]
           3     1104851    2138.705   1.559e-02   1.933e-02   1.946e-02   2.341e-03   2.403e-02  1.0000         988  [    0   4080         90          8 ]
           3     1107345    2143.394   1.559e-02   1.933e-02   1.946e-02   2.341e-03   2.403e-02  1.0000        1000  [    0   4090         90          6 ]
           4     1108903    2146.875   1.559e-02   1.933e-02   1.946e-02   2.341e-03   2.403e-02  1.0000        1005  [    3      8        720          6 ]
