# Generation  Evaluations  Time (s)  Best_obj[0]  Best_obj[1]  Best_obj[2]  Hypervol.   IGD         IGDX        SR    Appr.set  [ Pop.index  Subgen.  Pop.size  Subpops ]
           0         398       6.195   3.214e+00   3.513e+00   3.894e+00   0.000e+00   4.275e+00   4.005e+00  0.0000           3  [    0      1        120          1 ]
           1        3115       6.387   8.573e-01   9.363e-01   7.878e-01   0.000e+00   5.040e-01   8.543e-01  0.0000         325  [    1      1        240          7 ]
           1        4204       7.017   8.473e-01   8.804e-01   7.239e-01   0.000e+00   3.865e-01   6.999e-01  0.0000         257  [    0     10        120          7 ]
           1        7350       7.739   5.912e-01   5.271e-01   6.401e-01   0.000e+00   2.572e-01   5.358e-01  0.0000         339  [    0     20        120          7 ]
           1       10620       8.763   4.745e-01   4.060e-01   4.412e-01   0.000e+00   2.067e-01   4.889e-01  0.0000         501  [    0     30        120          6 ]
           1       14199      10.418   4.670e-01   3.638e-01   4.412e-01   0.000e+00   1.502e-01   3.878e-01  0.0000         666  [    0     40        120          7 ]
           1       18093      13.139   4.207e-01   3.638e-01   3.941e-01   0.000e+00   1.374e-01   3.589e-01  0.0000         800  [    0     50        120          8 ]
           1       21440      15.919   2.667e-01   3.638e-01   3.791e-01   0.000e+00   1.224e-01   3.253e-01  0.0000         882  [    0     60        120          6 ]
           2       25764      18.612   1.789e-01   1.954e-01   1.734e-01   0.000e+00   9.936e-02   2.942e-01  0.0000        1815  [    2      1        480         12 ]
           2       29212      27.997   1.789e-01   1.954e-01   1.734e-01   0.000e+00   9.279e-02   2.813e-01  0.0000        1820  [    0     70        120          8 ]
           2       30622      33.884   1.789e-01   1.954e-01   1.734e-01   0.000e+00   9.273e-02   2.812e-01  0.0000        1829  [    1     10        240          8 ]
           2       32935      43.051   1.789e-01   1.954e-01   1.734e-01   0.000e+00   8.581e-02   2.705e-01  0.0000        1894  [    0     80        120          9 ]
           2       36945      57.842   1.789e-01   1.954e-01   1.734e-01   0.000e+00   8.158e-02   2.551e-01  0.0000        1957  [    0     90        120          6 ]
           2       40585      71.382   1.789e-01   1.954e-01   1.619e-01   0.000e+00   7.372e-02   2.369e-01  0.0000        2118  [    0    100        120          9 ]
           2       44356      87.403   1.789e-01   1.954e-01   1.619e-01   0.000e+00   6.877e-02   2.259e-01  0.0000        2186  [    0    110        120          6 ]
           2       48159     104.111   1.789e-01   1.954e-01   1.619e-01   0.000e+00   6.268e-02   2.119e-01  0.0000        2254  [    0    120        120          8 ]
           2       53323     125.046   1.789e-01   1.954e-01   1.619e-01   0.000e+00   5.889e-02   2.045e-01  0.0000        2460  [    0    130        120          8 ]
           2       57064     145.906   1.789e-01   1.954e-01   1.619e-01   0.000e+00   5.592e-02   1.907e-01  0.0000        2508  [    0    140        120          6 ]
           2       60436     168.569   1.789e-01   1.457e-01   1.619e-01   0.000e+00   5.199e-02   1.840e-01  0.0000        2704  [    0    150        120          5 ]
           2       61936     179.747   1.789e-01   1.457e-01   1.619e-01   0.000e+00   5.090e-02   1.809e-01  0.0000        2765  [    1     20        240         10 ]
           2       64308     196.678   1.789e-01   1.457e-01   1.619e-01   0.000e+00   4.820e-02   1.726e-01  0.0000        2872  [    0    160        120          7 ]
           2       68598     228.260   1.789e-01   1.457e-01   1.619e-01   0.000e+00   4.591e-02   1.688e-01  0.0000        3026  [    0    170        120          9 ]
           2       72152     251.041   1.789e-01   1.457e-01   1.619e-01   0.000e+00   4.696e-02   1.683e-01  0.0000        1902  [    0    180        120          7 ]
           2       75646     264.833   1.789e-01   1.457e-01   1.619e-01   0.000e+00   4.546e-02   1.644e-01  0.0000        1956  [    0    190        120          6 ]
           2       80161     280.787   1.789e-01   1.457e-01   1.273e-01   0.000e+00   4.336e-02   1.597e-01  0.0000        2087  [    0    200        120         11 ]
           2       84337     298.327   1.789e-01   1.457e-01   1.273e-01   0.000e+00   4.304e-02   1.585e-01  0.0000        2098  [    0    210        120          9 ]
           2       87955     314.611   1.789e-01   1.184e-01   1.273e-01   0.000e+00   4.167e-02   1.565e-01  0.0000        2197  [    0    220        120          9 ]
           2       91684     330.262   1.789e-01   1.184e-01   1.273e-01   0.000e+00   4.077e-02   1.540e-01  0.0000        2276  [    0    230        120          6 ]
           2       93238     338.306   1.789e-01   1.184e-01   1.273e-01   0.000e+00   4.048e-02   1.526e-01  0.0000        2314  [    1     30        240         10 ]
           2       95484     351.130   1.751e-01   1.184e-01   1.273e-01   0.000e+00   3.933e-02   1.495e-01  0.0000        2351  [    0    240        120          9 ]
           2      100017     371.868   1.751e-01   1.184e-01   1.273e-01   0.000e+00   3.813e-02   1.431e-01  0.0000        2378  [    0    250        120          8 ]
           2      104927     394.553   1.751e-01   1.184e-01   1.264e-01   0.000e+00   3.688e-02   1.401e-01  0.0000        2489  [    0    260        120          9 ]
           2      108522     416.942   1.614e-01   1.184e-01   1.264e-01   0.000e+00   3.619e-02   1.386e-01  0.0000        2536  [    0    270        120          4 ]
           2      111880     438.670   1.614e-01   1.184e-01   1.264e-01   0.000e+00   3.563e-02   1.373e-01  0.0000        2562  [    0    280        120          6 ]
           2      115928     462.987   1.614e-01   1.184e-01   1.264e-01   0.000e+00   3.540e-02   1.359e-01  0.0000        2578  [    0    290        120         10 ]
           2      119611     485.730   1.497e-01   1.184e-01   1.264e-01   0.000e+00   3.482e-02   1.342e-01  0.0000        2651  [    0    300        120          8 ]
           2      123470     508.284   1.497e-01   1.184e-01   1.264e-01   0.000e+00   3.442e-02   1.331e-01  0.0000        2676  [    0    310        120         11 ]
           2      125155     519.332   1.497e-01   1.184e-01   1.264e-01   0.000e+00   3.440e-02   1.331e-01  0.0000        2684  [    1     40        240         11 ]
           2      127486     535.962   1.497e-01   1.184e-01   1.264e-01   0.000e+00   3.412e-02   1.323e-01  0.0000        2704  [    0    320        120          6 ]
           2      132766     565.030   1.497e-01   1.184e-01   1.264e-01   0.000e+00   3.233e-02   1.276e-01  0.0000        2821  [    0    330        120          7 ]
           2      136301     593.580   1.497e-01   1.184e-01   1.264e-01   0.000e+00   3.194e-02   1.274e-01  0.0000        2872  [    0    340        120          7 ]
           2      139847     622.604   1.497e-01   1.184e-01   1.264e-01   0.000e+00   3.143e-02   1.256e-01  0.0000        2910  [    0    350        120          7 ]
           2      143414     651.842   1.497e-01   1.184e-01   1.264e-01   0.000e+00   3.128e-02   1.255e-01  0.0000        2935  [    0    360        120         10 ]
           2      147890     683.875   1.497e-01   1.184e-01   1.264e-01   0.000e+00   3.128e-02   1.255e-01  0.0000        2939  [    0    370        120         10 ]
           2      151646     713.733   1.497e-01   1.184e-01   1.264e-01   0.000e+00   3.127e-02   1.255e-01  0.0000        2937  [    0    380        120          7 ]
           2      156559     747.702   1.497e-01   1.184e-01   1.264e-01   0.000e+00   3.044e-02   1.226e-01  0.0000        2961  [    0    390        120          8 ]
           2      158167     760.563   1.497e-01   1.184e-01   1.264e-01   0.000e+00   3.044e-02   1.226e-01  0.0000        2971  [    1     50        240         12 ]
           2      160443     783.645   1.497e-01   1.184e-01   1.264e-01   0.000e+00   3.042e-02   1.226e-01  0.0000        2975  [    0    400        120          7 ]
           2      164551     817.340   1.464e-01   1.184e-01   1.264e-01   0.000e+00   3.006e-02   1.217e-01  0.0000        3012  [    0    410        120          7 ]
           2      168171     849.719   1.464e-01   1.184e-01   1.264e-01   0.000e+00   2.967e-02   1.208e-01  0.0000        3055  [    0    420        120          8 ]
           2      171794     880.738   1.464e-01   1.184e-01   1.264e-01   0.000e+00   2.934e-02   1.181e-01  0.0000        3067  [    0    430        120          8 ]
           2      175688     915.079   1.464e-01   1.184e-01   1.264e-01   0.000e+00   2.881e-02   1.153e-01  0.0000        3079  [    0    440        120          7 ]
           2      180861     951.834   9.696e-02   1.184e-01   1.264e-01   0.000e+00   3.303e-02   1.197e-01  0.0000        1943  [    0    450        120          7 ]
           2      184390     967.423   8.345e-02   1.153e-01   1.264e-01   0.000e+00   3.220e-02   1.170e-01  0.0000        2024  [    0    460        120          7 ]
           2      188046     983.232   8.345e-02   1.153e-01   1.264e-01   0.000e+00   3.161e-02   1.160e-01  0.0000        2097  [    0    470        120          9 ]
           2      189678     990.890   8.345e-02   1.153e-01   1.264e-01   0.000e+00   3.149e-02   1.155e-01  0.0000        2120  [    1     60        240         11 ]
           2      192056    1002.335   8.345e-02   1.153e-01   1.264e-01   0.000e+00   3.098e-02   1.146e-01  0.0000        2154  [    0    480        120          8 ]
           2      196205    1020.206   8.345e-02   1.153e-01   1.264e-01   0.000e+00   3.038e-02   1.135e-01  0.0000        2185  [    0    490        120          5 ]
           2      199621    1038.192   8.345e-02   1.153e-01   1.060e-01   0.000e+00   2.990e-02   1.126e-01  0.0000        2143  [    0    500        120          7 ]
           2      202995    1056.243   8.345e-02   1.126e-01   1.060e-01   0.000e+00   2.982e-02   1.124e-01  0.0000        2160  [    0    510        120          8 ]
           3      210216    1066.143   7.923e-02   8.239e-02   7.840e-02   0.000e+00   2.825e-02   1.096e-01  0.0000        2325  [    3      1        960         10 ]
           3      214245    1076.425   7.923e-02   8.239e-02   7.840e-02   0.000e+00   2.780e-02   1.084e-01  0.0000        2376  [    2     10        480          8 ]
           3      225982    1102.307   7.923e-02   8.239e-02   7.840e-02   0.000e+00   2.712e-02   1.068e-01  0.0000        2459  [    2     20        480          7 ]
           3      238389    1130.563   7.923e-02   7.679e-02   7.840e-02   0.000e+00   2.611e-02   1.023e-01  0.5000        2567  [    2     30        480         10 ]
           3      250376    1160.733   7.923e-02   7.679e-02   7.840e-02   0.000e+00   2.590e-02   1.016e-01  0.5000        2602  [    2     40        480          9 ]
           3      263500    1195.327   5.402e-02   7.679e-02   7.840e-02   0.000e+00   2.571e-02   1.008e-01  0.5000        2656  [    2     50        480         10 ]
           3      275564    1226.532   5.402e-02   7.679e-02   7.840e-02   0.000e+00   2.539e-02   9.980e-02  0.5000        2699  [    2     60        480          5 ]
           4      290399    1248.838   5.402e-02   6.903e-02   7.840e-02   0.000e+00   2.513e-02   9.864e-02  0.5000        2784  [    4      1       1920         22 ]
           4      302489    1279.254   5.402e-02   6.903e-02   7.840e-02   0.000e+00   2.471e-02   9.649e-02  1.0000        2782  [    2     70        480          5 ]
           4      307714    1296.258   5.402e-02   6.903e-02   7.840e-02   0.000e+00   2.449e-02   9.550e-02  1.0000        2801  [    3     10        960          5 ]
           4      315080    1321.595   5.402e-02   6.903e-02   6.010e-02   0.000e+00   2.435e-02   9.484e-02  1.0000        2818  [    2     80        480         16 ]
           4      328938    1361.220   5.402e-02   6.903e-02   6.010e-02   0.000e+00   2.426e-02   9.447e-02  1.0000        2802  [    2     90        480          7 ]
           4      341147    1397.207   5.402e-02   6.903e-02   6.010e-02   0.000e+00   2.412e-02   9.344e-02  1.0000        2809  [    2    100        480         10 ]
           4      353466    1434.977   5.402e-02   6.903e-02   6.010e-02   0.000e+00   2.385e-02   9.231e-02  1.0000        2838  [    2    110        480          4 ]
           4      365570    1473.652   5.402e-02   6.903e-02   6.010e-02   0.000e+00   2.364e-02   9.173e-02  1.0000        2837  [    2    120        480          7 ]
           4      383240    1520.931   5.402e-02   6.903e-02   6.010e-02   0.000e+00   2.336e-02   9.045e-02  1.0000        2865  [    2    130        480          6 ]
           4      395681    1558.685   5.402e-02   6.903e-02   6.010e-02   0.000e+00   2.301e-02   8.881e-02  1.0000        2872  [    2    140        480          7 ]
           4      408133    1596.676   5.402e-02   6.903e-02   6.010e-02   0.000e+00   2.285e-02   8.834e-02  1.0000        2889  [    2    150        480          7 ]
           4      413144    1612.834   5.402e-02   6.903e-02   6.010e-02   0.000e+00   2.282e-02   8.829e-02  1.0000        2913  [    3     20        960         13 ]
           4      420631    1638.197   5.402e-02   6.903e-02   6.010e-02   0.000e+00   2.273e-02   8.793e-02  1.0000        2914  [    2    160        480         14 ]
           4      434503    1681.437   5.402e-02   6.903e-02   6.010e-02   0.000e+00   2.267e-02   8.770e-02  1.0000        2886  [    2    170        480          6 ]
           4      446668    1719.271   5.402e-02   6.903e-02   6.010e-02   0.000e+00   2.255e-02   8.670e-02  1.0000        2887  [    2    180        480         11 ]
           4      458967    1759.036   5.402e-02   6.903e-02   6.010e-02   0.000e+00   2.249e-02   8.591e-02  1.0000        2898  [    2    190        480          8 ]
           4      475203    1797.754   5.402e-02   6.903e-02   6.010e-02   0.000e+00   2.232e-02   8.453e-02  1.0000        2945  [    2    200        480         11 ]
           4      489036    1839.907   5.402e-02   6.903e-02   6.010e-02   0.000e+00   2.218e-02   8.376e-02  1.0000        2939  [    2    210        480          9 ]
           4      500915    1874.826   5.402e-02   6.903e-02   6.010e-02   0.000e+00   2.214e-02   8.358e-02  1.0000        2946  [    2    220        480          8 ]
           4      512818    1911.547   5.402e-02   6.903e-02   6.010e-02   0.000e+00   2.207e-02   8.322e-02  1.0000        2920  [    2    230        480          5 ]
           4      517464    1928.881   5.402e-02   6.903e-02   6.010e-02   0.000e+00   2.206e-02   8.322e-02  1.0000        2943  [    3     30        960          8 ]
           4      524634    1952.908   5.402e-02   6.903e-02   6.010e-02   0.000e+00   2.203e-02   8.308e-02  1.0000        2939  [    2    240        480         10 ]
           4      538699    1994.292   4.318e-02   6.903e-02   6.010e-02   0.000e+00   2.190e-02   8.240e-02  1.0000        2940  [    2    250        480          6 ]
           4      554479    2039.264   4.318e-02   6.903e-02   6.010e-02   0.000e+00   2.179e-02   8.175e-02  1.0000        2968  [    2    260        480         11 ]
           4      566637    2079.606   4.318e-02   6.903e-02   6.010e-02   0.000e+00   2.175e-02   8.154e-02  1.0000        2930  [    2    270        480          5 ]
           4      578856    2119.208   4.318e-02   6.903e-02   6.010e-02   0.000e+00   2.169e-02   8.104e-02  1.0000        2966  [    2    280        480          7 ]
           4      592951    2155.720   4.318e-02   6.903e-02   6.010e-02   0.000e+00   2.163e-02   8.053e-02  1.0000        2917  [    2    290        480         14 ]
           4      604563    2194.650   4.318e-02   6.903e-02   6.010e-02   0.000e+00   2.162e-02   8.043e-02  1.0000        2914  [    2    300        480         10 ]
           4      615864    2231.583   4.318e-02   6.903e-02   6.010e-02   0.000e+00   2.162e-02   8.043e-02  1.0000        2858  [    2    310        480          8 ]
           4      620354    2247.917   4.318e-02   6.903e-02   6.010e-02   0.000e+00   2.162e-02   8.043e-02  1.0000        2850  [    3     40        960          5 ]
           4      627019    2271.785   4.318e-02   6.903e-02   6.010e-02   0.000e+00   2.159e-02   8.034e-02  1.0000        2862  [    2    320        480          6 ]
           4      644860    2321.942   4.318e-02   6.903e-02   6.010e-02   0.000e+00   2.140e-02   7.935e-02  1.0000        2935  [    2    330        480          7 ]
           4      657348    2360.732   3.570e-02   6.903e-02   6.010e-02   0.000e+00   2.130e-02   7.886e-02  1.0000        2975  [    2    340        480         15 ]
           4      669213    2399.586   3.570e-02   6.903e-02   6.010e-02   0.000e+00   2.129e-02   7.880e-02  1.0000        2937  [    2    350        480         11 ]
           4      680819    2437.611   3.570e-02   6.903e-02   6.010e-02   0.000e+00   2.127e-02   7.851e-02  1.0000        2900  [    2    360        480          8 ]
           4      695375    2480.235   3.570e-02   5.810e-02   6.010e-02   0.000e+00   2.119e-02   7.805e-02  1.0000        2935  [    2    370        480          9 ]
           4      707595    2518.260   3.570e-02   4.424e-02   6.010e-02   0.000e+00   2.111e-02   7.773e-02  1.0000        2924  [    2    380        480         10 ]
           4      724209    2563.225   3.570e-02   4.424e-02   6.010e-02   0.000e+00   2.107e-02   7.722e-02  1.0000        2980  [    2    390        480          7 ]
           4      729536    2580.548   3.570e-02   4.424e-02   6.010e-02   0.000e+00   2.106e-02   7.700e-02  1.0000        2998  [    3     50        960         13 ]
           4      736733    2605.635   3.570e-02   4.424e-02   6.010e-02   0.000e+00   2.107e-02   7.697e-02  1.0000        2994  [    2    400        480          9 ]
           4      750858    2646.815   3.570e-02   4.424e-02   6.010e-02   0.000e+00   2.106e-02   7.690e-02  1.0000        2982  [    2    410        480          7 ]
           4      763288    2685.966   3.570e-02   4.424e-02   6.010e-02   0.000e+00   2.102e-02   7.669e-02  1.0000        2994  [    2    420        480          8 ]
           4      775764    2725.657   3.570e-02   4.424e-02   6.010e-02   0.000e+00   2.099e-02   7.647e-02  1.0000        2975  [    2    430        480          4 ]
           4      788329    2762.532   3.570e-02   4.424e-02   6.010e-02   0.000e+00   2.093e-02   7.615e-02  1.0000        2992  [    2    440        480         14 ]
           4      806065    2808.387   3.570e-02   4.424e-02   6.010e-02   0.000e+00   2.091e-02   7.599e-02  1.0000        2996  [    2    450        480          5 ]
           4      818428    2848.523   3.570e-02   4.424e-02   6.010e-02   0.000e+00   2.089e-02   7.591e-02  1.0000        2995  [    2    460        480          7 ]
           4      830963    2889.085   3.570e-02   4.424e-02   6.010e-02   0.000e+00   2.082e-02   7.570e-02  1.0000        3030  [    2    470        480          8 ]
           4      835920    2907.078   3.570e-02   4.424e-02   6.010e-02   0.000e+00   2.082e-02   7.565e-02  1.0000        3031  [    3     60        960         10 ]
           4      843224    2932.958   3.570e-02   4.424e-02   6.010e-02   0.000e+00   2.080e-02   7.556e-02  1.0000        3061  [    2    480        480         18 ]
           4      857512    2976.650   3.570e-02   4.424e-02   6.010e-02   0.000e+00   2.077e-02   7.533e-02  1.0000        3008  [    2    490        480          7 ]
           4      869929    3015.347   3.570e-02   4.424e-02   6.010e-02   0.000e+00   2.074e-02   7.514e-02  1.0000        3017  [    2    500        480          8 ]
           4      882504    3056.604   3.570e-02   4.424e-02   4.717e-02   0.000e+00   2.060e-02   7.438e-02  1.0000        3011  [    2    510        480         11 ]
           5      884715    3068.605   3.570e-02   4.424e-02   4.717e-02   0.000e+00   2.060e-02   7.416e-02  1.0000        3015  [    4      8       1920          4 ]
