# Generation  Evaluations  Time (s)  Best_obj[0]  Best_obj[1]  Best_obj[2]  Hypervol.   IGD         IGDX        SR    Appr.set  [ Pop.index  Subgen.  Pop.size  Subpops ]
           0         412       5.982   4.519e+00   4.331e+00   3.833e+00   0.000e+00   5.563e+00   4.393e+00  0.0000           4  [    0      1        120          1 ]
           1        3028       6.141   7.282e-01   4.440e-01   7.291e-01   0.000e+00   3.016e-01   7.881e-01  0.0000         182  [    1      1        240          6 ]
           1        4017       6.388   6.374e-01   4.440e-01   7.015e-01   0.000e+00   2.290e-01   6.496e-01  0.0000         189  [    0     10        120          4 ]
           1        7186       6.904   3.316e-01   3.737e-01   3.317e-01   0.000e+00   1.596e-01   5.165e-01  0.0000         341  [    0     20        120          5 ]
           1       10277       7.849   3.263e-01   3.729e-01   2.164e-01   0.000e+00   1.378e-01   4.169e-01  0.0000         422  [    0     30        120          5 ]
           1       13113       9.168   3.263e-01   3.729e-01   2.164e-01   0.000e+00   1.324e-01   3.855e-01  0.0000         543  [    0     40        120          5 ]
           1       16527      10.882   3.263e-01   2.012e-01   2.164e-01   0.000e+00   1.152e-01   3.349e-01  0.0000         676  [    0     50        120          5 ]
           1       19607      13.271   3.263e-01   2.012e-01   2.164e-01   0.000e+00   1.040e-01   3.114e-01  0.0000         843  [    0     60        120          5 ]
           2       23693      16.288   2.947e-01   2.012e-01   2.164e-01   0.000e+00   9.120e-02   2.979e-01  0.0000        1724  [    2      1        480         11 ]
           2       25750      21.195   2.947e-01   2.012e-01   2.164e-01   0.000e+00   8.478e-02   2.825e-01  0.0000        1853  [    1     10        240          8 ]
           2       32094      34.350   1.766e-01   2.012e-01   2.164e-01   0.000e+00   7.410e-02   2.601e-01  0.0000        1996  [    1     20        240          5 ]
           2       38670      50.802   1.766e-01   1.626e-01   2.164e-01   0.000e+00   6.089e-02   2.368e-01  0.0000        2283  [    1     30        240          7 ]
           2       45227      68.538   1.766e-01   1.626e-01   2.164e-01   0.000e+00   5.881e-02   2.303e-01  0.0000        2467  [    1     40        240         11 ]
           2       52701     100.174   1.766e-01   1.626e-01   2.107e-01   0.000e+00   5.299e-02   2.090e-01  0.0000        1896  [    1     50        240          5 ]
           2       59230     115.537   1.107e-01   1.626e-01   1.336e-01   0.000e+00   4.907e-02   1.994e-01  0.0000        2152  [    1     60        240         12 ]
           3       68111     127.235   1.107e-01   1.462e-01   1.336e-01   0.000e+00   4.569e-02   1.950e-01  0.0000        2651  [    3      1        960         17 ]
           3       72191     138.421   1.107e-01   1.462e-01   1.336e-01   0.000e+00   4.458e-02   1.894e-01  0.0000        2699  [    2     10        480          7 ]
           3       84236     169.967   1.107e-01   1.462e-01   1.336e-01   0.000e+00   4.230e-02   1.804e-01  0.0000        2720  [    2     20        480          8 ]
           3       95672     200.844   1.107e-01   1.462e-01   1.336e-01   0.000e+00   4.144e-02   1.745e-01  0.0000        2782  [    2     30        480          8 ]
           3      107557     233.650   1.083e-01   1.462e-01   1.336e-01   0.000e+00   3.928e-02   1.640e-01  0.0000        2914  [    2     40        480          8 ]
           3      121577     271.180   1.083e-01   1.462e-01   1.336e-01   0.000e+00   3.661e-02   1.529e-01  0.0000        3002  [    2     50        480          7 ]
           3      133055     308.638   1.083e-01   1.462e-01   1.336e-01   0.000e+00   3.638e-02   1.521e-01  0.0000        3023  [    2     60        480          6 ]
           4      148358     335.950   8.367e-02   1.275e-01   1.232e-01   0.000e+00   3.893e-02   1.532e-01  0.0000        1933  [    4      1       1920         26 ]
           4      159748     352.627   8.367e-02   1.275e-01   1.232e-01   0.000e+00   3.751e-02   1.500e-01  0.0000        2017  [    2     70        480          6 ]
           4      164686     362.394   8.367e-02   1.275e-01   1.232e-01   0.000e+00   3.659e-02   1.459e-01  0.0000        2123  [    3     10        960          5 ]
           4      171854     376.988   8.367e-02   1.275e-01   1.232e-01   0.000e+00   3.551e-02   1.436e-01  0.0000        2200  [    2     80        480          5 ]
           4      186259     403.854   8.367e-02   1.156e-01   1.232e-01   0.000e+00   3.299e-02   1.337e-01  0.0000        2345  [    2     90        480          8 ]
           4      198575     427.303   8.367e-02   1.156e-01   1.144e-01   0.000e+00   3.193e-02   1.296e-01  0.0000        2440  [    2    100        480          5 ]
           4      210880     453.262   7.043e-02   9.448e-02   1.144e-01   0.000e+00   3.072e-02   1.246e-01  0.0000        2525  [    2    110        480          8 ]
           4      223297     488.442   7.043e-02   9.448e-02   1.144e-01   0.000e+00   2.988e-02   1.216e-01  0.0000        2556  [    2    120        480         11 ]
           4      240740     530.337   7.043e-02   9.448e-02   1.144e-01   0.000e+00   2.950e-02   1.199e-01  0.0000        2580  [    2    130        480          6 ]
           4      252715     563.628   7.043e-02   9.448e-02   1.144e-01   0.000e+00   2.884e-02   1.150e-01  0.0000        2639  [    2    140        480         13 ]
           4      264565     596.531   7.043e-02   9.122e-02   1.144e-01   0.000e+00   2.874e-02   1.149e-01  0.0000        2630  [    2    150        480          7 ]
           4      269528     612.064   7.043e-02   9.122e-02   1.144e-01   0.000e+00   2.865e-02   1.145e-01  0.0000        2662  [    3     20        960          9 ]
           4      276689     637.360   7.043e-02   9.122e-02   1.144e-01   0.000e+00   2.834e-02   1.126e-01  0.0000        2689  [    2    160        480          8 ]
           4      290809     675.263   7.043e-02   9.122e-02   1.144e-01   0.000e+00   2.783e-02   1.089e-01  0.0000        2700  [    2    170        480          7 ]
           4      302595     710.201   7.043e-02   8.660e-02   1.144e-01   0.000e+00   2.768e-02   1.081e-01  0.0000        2697  [    2    180        480         11 ]
           4      314437     739.963   7.043e-02   8.660e-02   1.144e-01   0.000e+00   2.747e-02   1.075e-01  0.0000        2688  [    2    190        480          8 ]
           4      330082     777.366   7.043e-02   8.660e-02   1.144e-01   0.000e+00   2.688e-02   1.061e-01  0.0000        2701  [    2    200        480          6 ]
           4      344372     818.655   7.043e-02   6.571e-02   1.087e-01   0.000e+00   2.629e-02   1.034e-01  0.5000        2746  [    2    210        480          8 ]
           4      355975     853.739   7.043e-02   6.571e-02   1.014e-01   0.000e+00   2.596e-02   1.013e-01  0.5000        2746  [    2    220        480          5 ]
           4      368194     889.529   7.043e-02   6.571e-02   8.795e-02   0.000e+00   2.563e-02   9.937e-02  0.5000        2776  [    2    230        480         13 ]
           4      373142     905.115   7.043e-02   6.571e-02   8.795e-02   0.000e+00   2.550e-02   9.893e-02  0.5000        2785  [    3     30        960          9 ]
           4      380324     927.781   7.043e-02   6.571e-02   8.795e-02   0.000e+00   2.541e-02   9.851e-02  0.5000        2772  [    2    240        480          9 ]
           4      393675     964.763   7.043e-02   6.571e-02   8.795e-02   0.000e+00   2.540e-02   9.850e-02  0.5000        2794  [    2    250        480          6 ]
           4      409360    1002.972   7.043e-02   6.571e-02   8.795e-02   0.000e+00   2.519e-02   9.788e-02  1.0000        2813  [    2    260        480          8 ]
           4      421064    1039.811   7.043e-02   6.571e-02   5.982e-02   0.000e+00   2.509e-02   9.753e-02  1.0000        2808  [    2    270        480          4 ]
           4      433247    1077.613   7.043e-02   6.571e-02   5.982e-02   0.000e+00   2.493e-02   9.661e-02  1.0000        2828  [    2    280        480          7 ]
           4      447602    1121.612   6.906e-02   6.571e-02   5.982e-02   0.000e+00   2.446e-02   9.515e-02  1.0000        2848  [    2    290        480          5 ]
           4      459855    1161.003   6.906e-02   6.571e-02   5.982e-02   0.000e+00   2.424e-02   9.458e-02  1.0000        2906  [    2    300        480          5 ]
           4      472254    1199.597   4.537e-02   6.571e-02   5.982e-02   0.000e+00   2.405e-02   9.398e-02  1.0000        2926  [    2    310        480          5 ]
           4      477200    1216.114   4.537e-02   6.571e-02   5.982e-02   0.000e+00   2.400e-02   9.371e-02  1.0000        2917  [    3     40        960          5 ]
           4      484441    1240.642   4.537e-02   6.571e-02   5.982e-02   0.000e+00   2.387e-02   9.343e-02  1.0000        2907  [    2    320        480          9 ]
           4      502513    1282.767   4.537e-02   6.571e-02   5.982e-02   0.000e+00   2.372e-02   9.282e-02  1.0000        2904  [    2    330        480          6 ]
           4      514931    1322.864   4.537e-02   6.571e-02   5.982e-02   0.000e+00   2.360e-02   9.227e-02  1.0000        2908  [    2    340        480          6 ]
           4      527794    1364.951   3.979e-02   6.571e-02   4.486e-02   0.000e+00   2.317e-02   8.989e-02  1.0000        2926  [    2    350        480          5 ]
           4      540362    1400.175   3.979e-02   6.571e-02   4.486e-02   0.000e+00   2.287e-02   8.831e-02  1.0000        2909  [    2    360        480          6 ]
           4      554467    1438.459   3.979e-02   6.571e-02   4.486e-02   0.000e+00   2.283e-02   8.796e-02  1.0000        2927  [    2    370        480          8 ]
           4      566813    1476.714   3.979e-02   6.571e-02   4.486e-02   0.000e+00   2.271e-02   8.748e-02  1.0000        2947  [    2    380        480          7 ]
           4      583199    1521.493   3.979e-02   6.571e-02   4.486e-02   0.000e+00   2.252e-02   8.695e-02  1.0000        2941  [    2    390        480         10 ]
           4      588188    1537.468   3.979e-02   6.571e-02   4.486e-02   0.000e+00   2.252e-02   8.694e-02  1.0000        2897  [    3     50        960          7 ]
           4      595320    1564.472   3.979e-02   6.571e-02   4.486e-02   0.000e+00   2.249e-02   8.677e-02  1.0000        2942  [    2    400        480         14 ]
           4      609436    1609.705   3.979e-02   6.571e-02   4.486e-02   0.000e+00   2.242e-02   8.651e-02  1.0000        2927  [    2    410        480          7 ]
           4      621351    1646.276   3.979e-02   6.571e-02   4.486e-02   0.000e+00   2.231e-02   8.594e-02  1.0000        2937  [    2    420        480          9 ]
           4      633642    1683.380   3.979e-02   6.067e-02   4.486e-02   0.000e+00   2.221e-02   8.527e-02  1.0000        2941  [    2    430        480          9 ]
           4      646231    1720.489   3.979e-02   6.067e-02   4.486e-02   0.000e+00   2.216e-02   8.460e-02  1.0000        2970  [    2    440        480         15 ]
           4      664323    1767.665   3.979e-02   6.067e-02   4.486e-02   0.000e+00   2.208e-02   8.416e-02  1.0000        2943  [    2    450        480          6 ]
           4      676989    1805.842   3.979e-02   6.067e-02   4.486e-02   0.000e+00   2.194e-02   8.345e-02  1.0000        2952  [    2    460        480         14 ]
           4      689132    1839.541   3.979e-02   6.067e-02   4.486e-02   0.000e+00   2.190e-02   8.317e-02  1.0000        2922  [    2    470        480         11 ]
           4      694360    1855.844   3.979e-02   6.067e-02   4.486e-02   0.000e+00   2.188e-02   8.308e-02  1.0000        2957  [    3     60        960         13 ]
           4      701671    1880.722   3.979e-02   6.067e-02   4.486e-02   0.000e+00   2.183e-02   8.292e-02  1.0000        2942  [    2    480        480          6 ]
           4      716248    1922.924   3.979e-02   6.067e-02   3.635e-02   0.000e+00   2.169e-02   8.174e-02  1.0000        2881  [    2    490        480          4 ]
           4      728550    1955.974   3.979e-02   6.067e-02   3.635e-02   0.000e+00   2.154e-02   8.113e-02  1.0000        2917  [    2    500        480          8 ]
           4      740384    1994.084   3.979e-02   6.067e-02   3.635e-02   0.000e+00   2.154e-02   8.113e-02  1.0000        2930  [    2    510        480         12 ]
           5      742362    2004.982   3.979e-02   6.067e-02   3.635e-02   0.000e+00   2.153e-02   8.113e-02  1.0000        2918  [    4      8       1920         10 ]
