# Generation  Evaluations  Time (s)  Best_obj[0]  Best_obj[1]  Best_obj[2]  Hypervol.   IGD         IGDX        SR    Appr.set  [ Pop.index  Subgen.  Pop.size  Subpops ]
           0         394       6.157   3.556e+00   2.428e+00   2.925e+00   0.000e+00   3.070e+00   3.660e+00  0.0000           4  [    0      1        120          2 ]
           1        2930       6.277   4.180e-01   8.088e-01   8.403e-01   0.000e+00   2.683e-01   5.791e-01  0.0000         188  [    1      1        240          6 ]
           1        3809       6.525   4.180e-01   7.313e-01   6.944e-01   0.000e+00   2.150e-01   4.620e-01  0.0000         196  [    0     10        120          3 ]
           1        6611       7.271   3.412e-01   3.807e-01   4.683e-01   0.000e+00   1.251e-01   3.526e-01  0.0000         530  [    0     20        120          3 ]
           1        9576      10.124   1.358e-01   1.994e-01   2.354e-01   0.000e+00   7.441e-02   2.716e-01  0.0000         914  [    0     30        120          4 ]
           1       12935      15.111   1.358e-01   1.994e-01   2.354e-01   0.000e+00   6.501e-02   2.550e-01  0.0000        1226  [    0     40        120          5 ]
           1       16638      23.489   1.358e-01   1.994e-01   1.841e-01   0.000e+00   5.884e-02   2.399e-01  0.0000        1446  [    0     50        120          5 ]
           1       19980      32.963   1.358e-01   1.994e-01   1.841e-01   0.000e+00   5.601e-02   2.244e-01  0.0000        1650  [    0     60        120          5 ]
           2       25507      43.341   1.334e-01   1.491e-01   1.534e-01   0.000e+00   5.054e-02   2.152e-01  0.0000        1882  [    2      1        480         11 ]
           2       27536      49.932   1.334e-01   1.491e-01   1.534e-01   0.000e+00   4.884e-02   2.016e-01  0.0000        1924  [    1     10        240          5 ]
           2       33602      65.425   1.334e-01   1.224e-01   1.534e-01   0.000e+00   4.485e-02   1.768e-01  0.0000        2059  [    1     20        240          6 ]
           2       39694      86.439   1.334e-01   1.218e-01   1.534e-01   0.000e+00   4.099e-02   1.627e-01  0.0000        2212  [    1     30        240          9 ]
           2       46175     104.441   1.334e-01   1.218e-01   1.528e-01   0.000e+00   3.726e-02   1.489e-01  0.0000        2411  [    1     40        240          9 ]
           2       53998     130.610   1.334e-01   1.218e-01   1.196e-01   0.000e+00   3.405e-02   1.399e-01  0.0000        2636  [    1     50        240          9 ]
           2       60464     154.704   1.334e-01   1.218e-01   1.196e-01   0.000e+00   3.280e-02   1.369e-01  0.0000        2796  [    1     60        240          5 ]
           3       70662     176.737   1.023e-01   9.762e-02   1.196e-01   0.000e+00   3.570e-02   1.407e-01  0.0000        1843  [    3      1        960         15 ]
           3       74767     184.562   1.005e-01   9.762e-02   1.196e-01   0.000e+00   3.150e-02   1.306e-01  0.0000        2515  [    2     10        480          7 ]
           3       86521     214.378   1.005e-01   9.762e-02   1.196e-01   0.000e+00   3.261e-02   1.283e-01  0.0000        2072  [    2     20        480          6 ]
           3       98213     238.794   1.005e-01   9.762e-02   1.196e-01   0.000e+00   3.077e-02   1.234e-01  0.0000        2344  [    2     30        480          6 ]
           3      110260     262.504   1.005e-01   9.762e-02   1.196e-01   0.000e+00   2.938e-02   1.196e-01  0.0000        2521  [    2     40        480          8 ]
           3      124942     296.416   1.005e-01   9.762e-02   9.710e-02   0.000e+00   2.762e-02   1.125e-01  0.0000        2770  [    2     50        480          9 ]
           3      137553     330.896   1.005e-01   9.762e-02   9.710e-02   0.000e+00   2.678e-02   1.096e-01  0.0000        2935  [    2     60        480          6 ]
           4      153005     356.399   7.880e-02   8.278e-02   7.547e-02   0.000e+00   2.558e-02   1.072e-01  0.0000        3104  [    4      1       1920         14 ]
           4      164980     393.758   7.880e-02   8.278e-02   7.547e-02   0.000e+00   3.004e-02   1.107e-01  0.0000        1804  [    2     70        480          6 ]
           4      169911     404.261   7.880e-02   8.278e-02   7.547e-02   0.000e+00   2.769e-02   1.083e-01  0.0000        2546  [    3     10        960         12 ]
           4      177184     428.256   7.880e-02   8.278e-02   7.547e-02   0.000e+00   2.961e-02   1.095e-01  0.0000        1872  [    2     80        480         10 ]
           4      191095     452.247   7.880e-02   8.278e-02   7.547e-02   0.000e+00   2.755e-02   1.063e-01  0.0000        2246  [    2     90        480          7 ]
           4      203002     478.553   7.880e-02   6.865e-02   7.547e-02   0.000e+00   2.644e-02   1.037e-01  0.5000        2556  [    2    100        480          5 ]
           4      215053     507.670   7.880e-02   6.865e-02   7.547e-02   0.000e+00   2.609e-02   1.028e-01  0.5000        2641  [    2    110        480         11 ]
           4      226762     534.289   7.880e-02   6.865e-02   7.547e-02   0.000e+00   2.592e-02   1.026e-01  0.5000        2653  [    2    120        480         10 ]
           4      244054     571.571   7.880e-02   6.865e-02   7.547e-02   0.000e+00   2.463e-02   9.912e-02  0.5000        2770  [    2    130        480          5 ]
           4      256169     606.322   7.880e-02   5.775e-02   7.547e-02   0.000e+00   2.426e-02   9.812e-02  0.5000        2885  [    2    140        480          7 ]
           4      267839     643.013   7.880e-02   5.775e-02   7.547e-02   0.000e+00   2.399e-02   9.768e-02  0.5000        2925  [    2    150        480          9 ]
           4      272272     659.787   7.880e-02   5.775e-02   7.547e-02   0.000e+00   2.399e-02   9.768e-02  0.5000        2922  [    3     20        960          8 ]
           4      278966     683.030   7.880e-02   5.775e-02   7.547e-02   0.000e+00   2.399e-02   9.768e-02  0.5000        2910  [    2    160        480         10 ]
           4      292198     721.692   7.880e-02   5.775e-02   7.547e-02   0.000e+00   2.399e-02   9.768e-02  0.5000        2894  [    2    170        480          9 ]
           4      303592     755.514   7.880e-02   5.775e-02   7.547e-02   0.000e+00   2.393e-02   9.752e-02  0.5000        2901  [    2    180        480          7 ]
           4      315396     788.434   7.880e-02   5.775e-02   7.547e-02   0.000e+00   2.378e-02   9.692e-02  0.5000        2970  [    2    190        480          8 ]
           4      331776     827.959   7.880e-02   5.775e-02   7.547e-02   0.000e+00   2.298e-02   9.392e-02  0.5000        3124  [    2    200        480         13 ]
           4      345916     862.298   7.880e-02   5.775e-02   7.547e-02   0.000e+00   2.693e-02   9.811e-02  0.5000        2064  [    2    210        480          8 ]
           4      357699     894.288   7.880e-02   5.775e-02   7.547e-02   0.000e+00   2.741e-02   9.789e-02  1.0000        1883  [    2    220        480         11 ]
           4      369197     913.749   7.880e-02   5.775e-02   7.547e-02   0.000e+00   2.661e-02   9.682e-02  1.0000        2118  [    2    230        480          6 ]
           4      373973     923.696   7.880e-02   5.775e-02   7.547e-02   0.000e+00   2.624e-02   9.629e-02  1.0000        2218  [    3     30        960         13 ]
           4      381207     937.802   7.880e-02   5.775e-02   7.547e-02   0.000e+00   2.552e-02   9.521e-02  1.0000        2308  [    2    240        480          8 ]
           4      394828     966.127   7.880e-02   5.775e-02   7.547e-02   0.000e+00   2.485e-02   9.364e-02  1.0000        2478  [    2    250        480         11 ]
           4      410321     998.087   7.880e-02   5.775e-02   7.547e-02   0.000e+00   2.406e-02   9.119e-02  1.0000        2660  [    2    260        480          7 ]
           4      421964    1030.718   7.880e-02   5.775e-02   5.057e-02   0.000e+00   2.357e-02   9.075e-02  1.0000        2792  [    2    270        480          7 ]
           4      434200    1063.730   5.184e-02   5.775e-02   5.057e-02   0.000e+00   2.294e-02   8.925e-02  1.0000        2966  [    2    280        480          8 ]
           4      448781    1105.681   5.184e-02   5.775e-02   5.057e-02   0.000e+00   2.252e-02   8.805e-02  1.0000        3066  [    2    290        480          9 ]
           4      460817    1143.434   5.184e-02   5.775e-02   4.380e-02   0.000e+00   2.659e-02   9.362e-02  1.0000        2003  [    2    300        480          5 ]
           4      472962    1165.678   5.184e-02   5.775e-02   2.815e-02   0.000e+00   2.529e-02   9.081e-02  1.0000        2238  [    2    310        480          5 ]
           4      477960    1176.525   5.184e-02   5.775e-02   2.815e-02   0.000e+00   2.514e-02   9.041e-02  1.0000        2245  [    3     40        960         11 ]
           4      485052    1192.056   5.184e-02   5.775e-02   2.815e-02   0.000e+00   2.513e-02   9.041e-02  1.0000        2260  [    2    320        480         13 ]
           4      502609    1221.318   5.184e-02   5.775e-02   2.815e-02   0.000e+00   2.483e-02   8.980e-02  1.0000        2321  [    2    330        480         22 ]
           4      514113    1242.953   5.184e-02   5.775e-02   2.815e-02   0.000e+00   2.483e-02   8.980e-02  1.0000        2287  [    2    340        480         12 ]
           4      526033    1266.612   5.184e-02   5.775e-02   2.815e-02   0.000e+00   2.483e-02   8.980e-02  1.0000        2296  [    2    350        480         11 ]
           4      537517    1291.539   5.184e-02   5.775e-02   2.815e-02   0.000e+00   2.476e-02   8.978e-02  1.0000        2312  [    2    360        480          7 ]
           4      551700    1318.826   5.184e-02   5.775e-02   2.815e-02   0.000e+00   2.430e-02   8.851e-02  1.0000        2382  [    2    370        480          9 ]
           4      563676    1342.615   5.184e-02   5.775e-02   2.815e-02   0.000e+00   2.415e-02   8.812e-02  1.0000        2424  [    2    380        480          8 ]
           4      579400    1373.124   5.184e-02   5.775e-02   2.815e-02   0.000e+00   2.377e-02   8.724e-02  1.0000        2509  [    2    390        480          8 ]
           4      584198    1384.946   5.184e-02   5.775e-02   2.815e-02   0.000e+00   2.368e-02   8.707e-02  1.0000        2511  [    3     50        960          7 ]
           4      591410    1403.289   5.184e-02   5.775e-02   2.815e-02   0.000e+00   2.360e-02   8.685e-02  1.0000        2528  [    2    400        480          9 ]
           4      605215    1431.686   5.184e-02   5.775e-02   2.815e-02   0.000e+00   2.350e-02   8.656e-02  1.0000        2564  [    2    410        480          9 ]
           4      617326    1457.086   5.184e-02   5.775e-02   2.815e-02   0.000e+00   2.343e-02   8.624e-02  1.0000        2547  [    2    420        480          8 ]
           4      629342    1481.469   5.184e-02   5.775e-02   2.815e-02   0.000e+00   2.327e-02   8.566e-02  1.0000        2631  [    2    430        480          9 ]
           4      641785    1508.360   5.184e-02   5.775e-02   2.815e-02   0.000e+00   2.303e-02   8.467e-02  1.0000        2650  [    2    440        480          9 ]
           4      659217    1543.283   5.184e-02   5.775e-02   2.815e-02   0.000e+00   2.292e-02   8.418e-02  1.0000        2688  [    2    450        480          9 ]
           4      671609    1574.176   5.184e-02   5.619e-02   2.815e-02   0.000e+00   2.272e-02   8.318e-02  1.0000        2700  [    2    460        480          4 ]
           4      684384    1603.737   5.184e-02   4.638e-02   2.815e-02   0.000e+00   2.238e-02   8.167e-02  1.0000        2742  [    2    470        480          5 ]
           4      689486    1618.564   5.184e-02   4.638e-02   2.815e-02   0.000e+00   2.234e-02   8.143e-02  1.0000        2760  [    3     60        960          8 ]
           4      696206    1640.951   5.184e-02   4.638e-02   2.815e-02   0.000e+00   2.230e-02   8.127e-02  1.0000        2731  [    2    480        480          8 ]
           4      710298    1674.222   5.184e-02   4.638e-02   2.815e-02   0.000e+00   2.223e-02   8.079e-02  1.0000        2742  [    2    490        480          5 ]
           4      722381    1703.230   5.184e-02   4.638e-02   2.815e-02   0.000e+00   2.209e-02   8.034e-02  1.0000        2772  [    2    500        480          8 ]
           4      734348    1736.421   5.184e-02   4.638e-02   2.815e-02   0.000e+00   2.204e-02   8.009e-02  1.0000        2784  [    2    510        480          7 ]
           5      736461    1746.920   5.184e-02   4.638e-02   2.815e-02   0.000e+00   2.203e-02   7.996e-02  1.0000        2792  [    4      8       1920          7 ]
