# Generation  Evaluations  Time (s)  Best_obj[0]  Best_obj[1]  Hypervol.   IGD         IGDX        SR    Appr.set  [ Pop.index  Subgen.  Pop.size  Subpops ]
           0         293       4.829   5.052e+00   5.257e+00   0.000e+00   5.934e+00   5.574e+00  0.0000           1  [    0      1         90          1 ]
           1        2064       4.882   9.746e-01   1.341e+00   0.000e+00   8.501e-01   2.392e+00  0.0000          23  [    1      1        180          1 ]
           1        2677       4.961   9.411e-01   1.149e+00   0.000e+00   7.080e-01   2.346e+00  0.0000          22  [    0     10         90          1 ]
           1        4747       5.096   6.152e-01   6.048e-01   0.000e+00   3.283e-01   2.206e+00  0.0000         104  [    0     20         90          1 ]
           1        6881       5.452   3.205e-01   5.049e-01   5.816e-04   1.891e-01   2.119e+00  0.0000         116  [    0     30         90          1 ]
           1        9045       5.890   2.465e-01   3.443e-01   7.873e-03   9.918e-02   2.063e+00  0.0000         227  [    0     40         90          1 ]
           1       11759       6.622   2.029e-01   2.341e-01   1.171e-02   6.415e-02   2.035e+00  0.0000         327  [    0     50         90          1 ]
           1       14056       7.930   2.013e-01   2.255e-01   1.309e-02   5.634e-02   2.026e+00  0.0000         533  [    0     60         90          1 ]
           2       16850       9.888   1.918e-01   1.981e-01   1.341e-02   5.138e-02   2.024e+00  0.0000         937  [    2      1        360          1 ]
           2       19113      16.439   1.907e-01   1.981e-01   1.363e-02   4.866e-02   2.021e+00  0.0000        1020  [    0     70         90          1 ]
           2       20081      20.702   1.836e-01   1.875e-01   1.375e-02   4.787e-02   2.020e+00  0.0000        1034  [    1     10        180          1 ]
           2       21479      26.559   1.564e-01   1.701e-01   1.389e-02   4.258e-02   2.014e+00  0.0000         874  [    0     80         90          1 ]
           2       24261      32.702   1.258e-01   1.584e-01   1.502e-02   3.314e-02   2.002e+00  0.0000         557  [    0     90         90          1 ]
           2       26662      35.284   1.050e-01   1.475e-01   1.706e-02   2.271e-02   2.010e+00  0.0000         508  [    0    100         90          1 ]
           2       28974      39.239   9.289e-02   1.106e-01   1.770e-02   1.793e-02   2.016e+00  0.0000         865  [    0    110         90          1 ]
           2       31368      46.546   9.289e-02   1.106e-01   1.789e-02   1.683e-02   2.019e+00  0.0000        1188  [    0    120         90          1 ]
           2       34920      55.220   9.289e-02   9.677e-02   1.804e-02   1.515e-02   2.021e+00  0.0000        1185  [    0    130         90          1 ]
           2       37402      63.168   8.989e-02   9.635e-02   1.805e-02   1.454e-02   2.021e+00  0.0000         839  [    0    140         90          1 ]
           2       40050      69.180   8.850e-02   9.135e-02   1.822e-02   1.353e-02   2.024e+00  0.0000         874  [    0    150         90          1 ]
           2       41164      72.896   8.850e-02   8.967e-02   1.825e-02   1.324e-02   2.024e+00  0.0000         903  [    1     20        180          1 ]
           2       42850      78.259   8.850e-02   8.967e-02   1.830e-02   1.298e-02   2.024e+00  0.0000         916  [    0    160         90          1 ]
           2       45950      85.924   7.828e-02   8.777e-02   1.836e-02   1.222e-02   2.023e+00  0.0000         943  [    0    170         90          1 ]
           2       48798      93.176   7.828e-02   7.971e-02   1.840e-02   1.152e-02   2.024e+00  0.0000         967  [    0    180         90          1 ]
           2       51683      99.566   6.968e-02   7.401e-02   1.846e-02   1.046e-02   2.023e+00  0.0000         976  [    0    190         90          1 ]
           2       55172     107.357   6.490e-02   7.401e-02   1.850e-02   9.969e-03   2.023e+00  0.0000         992  [    0    200         90          1 ]
           2       58468     116.677   6.401e-02   7.319e-02   1.853e-02   9.479e-03   2.023e+00  0.0000        1014  [    0    210         90          1 ]
           2       61387     123.742   5.681e-02   7.118e-02   1.859e-02   9.104e-03   2.023e+00  0.0000        1012  [    0    220         90          1 ]
           2       64470     130.326   5.572e-02   6.939e-02   1.863e-02   8.531e-03   2.022e+00  0.0000        1031  [    0    230         90          1 ]
           2       65600     134.654   5.572e-02   6.608e-02   1.865e-02   8.433e-03   2.022e+00  0.0000        1033  [    1     30        180          1 ]
           2       67463     140.364   5.541e-02   6.462e-02   1.867e-02   8.106e-03   2.021e+00  0.0000        1048  [    0    240         90          1 ]
           2       70935     148.963   5.371e-02   6.234e-02   1.875e-02   7.679e-03   2.021e+00  0.0000        1068  [    0    250         90          1 ]
           2       74672     160.466   5.133e-02   6.234e-02   1.882e-02   7.310e-03   2.023e+00  0.0000        1077  [    0    260         90          1 ]
           2       77678     169.473   5.133e-02   5.830e-02   1.888e-02   6.971e-03   2.022e+00  0.0000        1074  [    0    270         90          1 ]
           2       80790     178.345   5.056e-02   5.320e-02   1.899e-02   6.555e-03   2.021e+00  0.0000        1081  [    0    280         90          1 ]
           2       84290     188.055   5.056e-02   5.238e-02   1.904e-02   6.154e-03   2.021e+00  0.0000        1072  [    0    290         90          1 ]
           2       87465     197.182   5.031e-02   4.930e-02   1.907e-02   5.786e-03   2.021e+00  0.0000        1061  [    0    300         90          1 ]
           2       90539     206.496   4.473e-02   4.230e-02   1.909e-02   5.441e-03   2.020e+00  0.0000        1089  [    0    310         90          1 ]
           2       91717     211.355   4.473e-02   4.011e-02   1.910e-02   5.302e-03   2.020e+00  0.0000        1080  [    1     40        180          1 ]
           2       93659     217.867   4.404e-02   3.512e-02   1.912e-02   5.054e-03   2.020e+00  0.0000        1089  [    0    320         90          1 ]
           2       97935     229.442   4.404e-02   3.471e-02   1.913e-02   4.788e-03   2.019e+00  0.5000        1094  [    0    330         90          1 ]
           2      101026     238.192   3.522e-02   3.297e-02   1.915e-02   4.237e-03   2.017e+00  0.5000        1079  [    0    340         90          1 ]
           2      104125     247.523   3.522e-02   2.788e-02   1.917e-02   3.968e-03   2.016e+00  0.5000        1090  [    0    350         90          1 ]
           2      107201     256.184   3.484e-02   2.631e-02   1.918e-02   3.529e-03   2.014e+00  0.5000        1091  [    0    360         90          1 ]
           2      110827     264.907   3.061e-02   2.631e-02   1.923e-02   3.134e-03   1.725e+00  0.5000        1081  [    0    370         90          2 ]
           2      113516     273.791   3.061e-02   2.631e-02   1.926e-02   3.052e-03   8.419e-01  0.5000        1109  [    0    380         90          3 ]
           2      117051     282.216   3.061e-02   2.631e-02   1.886e-02   2.996e-03   5.119e-01  0.5000        1159  [    0    390         90          4 ]
           2      118205     286.575   3.061e-02   2.631e-02   1.892e-02   2.985e-03   4.987e-01  0.5000        1159  [    1     50        180          3 ]
           2      119803     292.658   3.061e-02   2.631e-02   1.889e-02   2.922e-03   4.327e-01  0.5000        1131  [    0    400         90          3 ]
           2      123083     302.354   3.061e-02   2.631e-02   1.895e-02   2.829e-03   3.715e-01  0.5000        1133  [    0    410         90          4 ]
           2      125899     310.253   3.061e-02   2.631e-02   1.801e-02   2.757e-03   3.210e-01  0.5000        1151  [    0    420         90          3 ]
           2      128633     317.432   3.061e-02   2.631e-02   1.852e-02   2.697e-03   3.057e-01  0.5000        1174  [    0    430         90          3 ]
           2      131300     323.797   3.061e-02   2.631e-02   1.828e-02   2.608e-03   2.989e-01  0.5000        1182  [    0    440         90          3 ]
           2      135326     332.880   3.061e-02   2.631e-02   1.819e-02   2.538e-03   2.907e-01  0.5000        1221  [    0    450         90          5 ]
           2      138108     341.926   3.061e-02   2.631e-02   1.784e-02   2.524e-03   2.826e-01  0.5000        1212  [    0    460         90          4 ]
           2      140913     350.107   3.061e-02   2.631e-02   1.814e-02   2.490e-03   2.678e-01  0.5000        1237  [    0    470         90          5 ]
           2      142019     354.420   2.717e-02   2.631e-02   1.810e-02   2.427e-03   2.563e-01  0.5000        1221  [    1     60        180          4 ]
           2      143671     360.200   2.717e-02   2.631e-02   1.864e-02   2.405e-03   2.388e-01  0.5000        1201  [    0    480         90          4 ]
           2      146938     370.018   2.717e-02   2.631e-02   1.870e-02   2.385e-03   2.171e-01  0.5000        1210  [    0    490         90          4 ]
           2      149941     378.854   2.717e-02   2.631e-02   1.886e-02   2.347e-03   1.478e-01  0.5000        1199  [    0    500         90          4 ]
           2      152794     386.667   2.717e-02   2.631e-02   1.868e-02   2.329e-03   1.144e-01  0.5000        1225  [    0    510         90          3 ]
           3      157314     392.911   2.717e-02   2.611e-02   1.724e-02   2.921e-03   9.958e-02  0.5000         750  [    3      1        720          4 ]
           3      161799     399.065   2.717e-02   2.611e-02   1.833e-02   2.896e-03   8.752e-02  0.5000         794  [    0    520         90          3 ]
           3      165132     403.522   2.717e-02   2.611e-02   1.846e-02   2.807e-03   8.242e-02  0.5000         911  [    0    530         90          4 ]
           3      167896     409.019   2.717e-02   2.611e-02   1.811e-02   2.807e-03   8.026e-02  0.5000         957  [    0    540         90          5 ]
           3      170824     414.330   2.717e-02   2.611e-02   1.829e-02   2.745e-03   7.176e-02  0.5000        1049  [    0    550         90          6 ]
           3      171922     417.628   2.717e-02   2.611e-02   1.830e-02   2.734e-03   7.112e-02  0.5000        1071  [    1     70        180          3 ]
           3      173678     422.407   2.717e-02   2.611e-02   1.804e-02   2.713e-03   7.006e-02  0.5000        1162  [    0    560         90          4 ]
           3      176883     428.186   2.717e-02   2.611e-02   1.857e-02   3.182e-03   6.919e-02  0.5000         758  [    0    570         90          5 ]
           3      179710     431.438   2.659e-02   2.611e-02   1.849e-02   3.141e-03   6.906e-02  0.5000         764  [    2     10        360          5 ]
           3      180455     433.237   2.659e-02   2.611e-02   1.840e-02   3.131e-03   6.905e-02  0.5000         772  [    0    580         90          5 ]
           3      183388     436.884   2.634e-02   2.611e-02   1.847e-02   3.056e-03   6.814e-02  0.5000         801  [    0    590         90          3 ]
           3      186330     440.121   2.608e-02   2.611e-02   1.813e-02   3.009e-03   6.346e-02  0.5000         797  [    0    600         90          3 ]
           3      189809     444.694   2.529e-02   2.611e-02   1.861e-02   2.955e-03   6.173e-02  0.5000         842  [    0    610         90          4 ]
           3      192624     448.179   2.529e-02   2.611e-02   1.858e-02   2.907e-03   6.003e-02  0.5000         897  [    0    620         90          4 ]
           3      195523     452.854   2.443e-02   2.611e-02   1.860e-02   2.875e-03   5.912e-02  0.5000         936  [    0    630         90          4 ]
           3      196569     455.521   2.443e-02   2.611e-02   1.858e-02   2.868e-03   5.854e-02  0.5000         936  [    1     80        180          3 ]
           3      198247     458.975   2.443e-02   2.611e-02   1.770e-02   2.852e-03   5.792e-02  0.5000         940  [    0    640         90          5 ]
           3      202318     464.695   2.443e-02   2.611e-02   1.870e-02   2.839e-03   5.636e-02  0.5000         947  [    0    650         90          5 ]
           3      204967     469.149   2.443e-02   2.611e-02   1.821e-02   2.839e-03   5.632e-02  0.5000         951  [    0    660         90          5 ]
           3      207995     473.517   2.443e-02   2.474e-02   1.876e-02   2.809e-03   5.623e-02  0.5000         963  [    0    670         90          5 ]
           3      210727     478.356   2.443e-02   2.474e-02   1.875e-02   2.793e-03   5.460e-02  0.5000         957  [    0    680         90          4 ]
           3      214102     483.021   2.443e-02   2.474e-02   1.877e-02   2.777e-03   5.388e-02  0.5000         991  [    0    690         90          4 ]
           3      217030     487.388   2.443e-02   2.474e-02   1.887e-02   2.767e-03   5.128e-02  0.5000         973  [    0    700         90          4 ]
           3      220680     492.782   2.443e-02   2.474e-02   1.884e-02   2.759e-03   5.091e-02  0.5000         986  [    0    710         90          4 ]
           3      221774     495.944   2.443e-02   2.474e-02   1.846e-02   2.756e-03   5.055e-02  0.5000         970  [    1     90        180          5 ]
           3      223460     499.339   2.443e-02   2.474e-02   1.891e-02   2.744e-03   4.977e-02  0.5000         966  [    0    720         90          4 ]
           3      226727     504.553   2.443e-02   2.474e-02   1.892e-02   2.738e-03   4.936e-02  0.5000         979  [    0    730         90          4 ]
           3      229588     508.877   2.443e-02   2.474e-02   1.894e-02   2.715e-03   4.881e-02  0.5000        1018  [    0    740         90          5 ]
           3      232476     514.114   2.443e-02   2.474e-02   1.901e-02   2.703e-03   4.797e-02  0.5000         980  [    0    750         90          3 ]
           3      235398     518.714   2.443e-02   2.474e-02   1.909e-02   2.683e-03   4.644e-02  0.5000         973  [    0    760         90          4 ]
           3      239195     524.203   2.443e-02   2.474e-02   1.911e-02   2.677e-03   4.610e-02  0.5000         978  [    0    770         90          4 ]
           3      242089     529.085   2.401e-02   2.474e-02   1.911e-02   2.674e-03   4.590e-02  0.5000        1008  [    0    780         90          4 ]
           3      244727     534.373   2.401e-02   2.454e-02   1.911e-02   2.665e-03   4.534e-02  0.5000        1000  [    0    790         90          4 ]
           3      245874     537.116   2.401e-02   2.454e-02   1.911e-02   2.663e-03   4.509e-02  0.5000        1006  [    1    100        180          5 ]
           3      247749     540.543   2.401e-02   2.454e-02   1.912e-02   2.655e-03   4.419e-02  0.5000        1018  [    0    800         90          5 ]
           3      250993     545.731   2.399e-02   2.424e-02   1.914e-02   2.654e-03   4.371e-02  0.5000        1029  [    0    810         90          5 ]
           3      253977     550.800   2.399e-02   2.424e-02   1.918e-02   2.644e-03   4.277e-02  0.5000        1036  [    0    820         90          6 ]
           3      256964     555.617   2.399e-02   2.424e-02   1.843e-02   2.627e-03   4.263e-02  0.5000        1051  [    0    830         90          4 ]
           3      260637     561.145   2.399e-02   2.424e-02   1.921e-02   2.621e-03   4.200e-02  0.5000        1036  [    0    840         90          5 ]
           3      263697     565.760   2.399e-02   2.424e-02   1.921e-02   2.614e-03   4.169e-02  0.5000        1059  [    0    850         90          4 ]
           3      266458     570.574   2.399e-02   2.424e-02   1.901e-02   2.609e-03   4.138e-02  0.5000        1067  [    0    860         90          5 ]
           3      269071     575.476   2.399e-02   2.424e-02   1.908e-02   2.601e-03   4.134e-02  0.5000        1052  [    0    870         90          5 ]
           3      270244     578.466   2.399e-02   2.424e-02   1.923e-02   2.601e-03   4.132e-02  0.5000        1041  [    1    110        180          7 ]
           3      272155     581.759   2.399e-02   2.424e-02   1.923e-02   2.601e-03   4.132e-02  0.5000        1038  [    0    880         90          6 ]
           3      275668     586.986   2.399e-02   2.424e-02   1.923e-02   2.599e-03   4.130e-02  0.5000        1068  [    0    890         90          7 ]
           3      279563     592.484   2.399e-02   2.424e-02   1.924e-02   2.595e-03   4.105e-02  0.5000        1099  [    0    900         90          4 ]
           3      282521     597.526   2.399e-02   2.424e-02   1.875e-02   2.588e-03   4.074e-02  0.5000        1117  [    0    910         90          8 ]
           3      285693     603.294   2.399e-02   2.424e-02   1.927e-02   2.584e-03   4.069e-02  0.5000        1109  [    0    920         90          6 ]
           3      289107     609.279   2.399e-02   2.424e-02   1.927e-02   2.578e-03   4.048e-02  0.5000        1137  [    0    930         90          5 ]
           3      291761     614.999   2.399e-02   2.424e-02   1.872e-02   2.573e-03   4.022e-02  0.5000        1129  [    0    940         90          5 ]
           3      294822     620.784   2.399e-02   2.424e-02   1.929e-02   2.569e-03   4.010e-02  0.5000        1110  [    0    950         90          6 ]
           3      295924     624.331   2.399e-02   2.424e-02   1.930e-02   2.567e-03   4.002e-02  0.5000        1113  [    1    120        180          5 ]
           3      297586     628.240   2.399e-02   2.424e-02   1.930e-02   2.565e-03   3.997e-02  0.5000        1104  [    0    960         90          6 ]
           3      301401     634.244   2.399e-02   2.424e-02   1.930e-02   2.565e-03   3.997e-02  0.5000        1111  [    0    970         90          6 ]
           3      304106     638.263   2.399e-02   2.424e-02   1.930e-02   2.565e-03   3.992e-02  0.5000        1122  [    0    980         90          4 ]
           3      307055     642.994   2.399e-02   2.424e-02   1.932e-02   2.559e-03   3.976e-02  0.5000        1102  [    0    990         90          7 ]
           3      310338     647.549   2.399e-02   2.424e-02   1.932e-02   2.555e-03   3.966e-02  0.5000        1139  [    0   1000         90          7 ]
           3      313901     654.095   2.399e-02   2.424e-02   1.877e-02   2.554e-03   3.955e-02  0.5000        1157  [    0   1010         90          6 ]
           3      316716     659.608   2.399e-02   2.424e-02   1.932e-02   2.551e-03   3.952e-02  0.5000        1156  [    0   1020         90          5 ]
           3      321768     665.629   2.399e-02   2.424e-02   1.932e-02   2.544e-03   3.922e-02  0.5000        1171  [    0   1030         90          5 ]
           3      323096     668.766   2.399e-02   2.424e-02   1.932e-02   2.543e-03   3.920e-02  0.5000        1172  [    1    130        180          7 ]
           3      325144     672.873   2.399e-02   2.424e-02   1.932e-02   2.537e-03   3.912e-02  0.5000        1197  [    0   1040         90          7 ]
           3      328698     678.467   2.399e-02   2.424e-02   1.885e-02   2.532e-03   3.911e-02  0.5000        1233  [    0   1050         90          8 ]
           3      331748     683.137   2.399e-02   2.424e-02   1.895e-02   3.108e-03   3.984e-02  0.5000         999  [    0   1060         90          6 ]
           3      334804     687.541   2.399e-02   2.424e-02   1.870e-02   3.025e-03   3.966e-02  0.5000        1080  [    0   1070         90          7 ]
           3      337886     692.361   2.399e-02   2.424e-02   1.908e-02   3.013e-03   3.965e-02  0.5000        1130  [    0   1080         90          9 ]
           3      342136     697.441   2.399e-02   2.424e-02   1.895e-02   3.444e-03   4.018e-02  0.5000         748  [    0   1090         90          6 ]
           3      344780     700.633   2.399e-02   2.424e-02   1.823e-02   3.127e-03   4.014e-02  0.5000         998  [    0   1100         90          6 ]
           3      347340     704.607   2.399e-02   2.424e-02   1.912e-02   3.093e-03   4.014e-02  0.5000        1025  [    0   1110         90          7 ]
           3      348375     707.274   2.399e-02   2.424e-02   1.911e-02   3.093e-03   4.014e-02  0.5000        1024  [    1    140        180          6 ]
           3      350111     711.070   2.399e-02   2.424e-02   1.875e-02   3.091e-03   4.014e-02  0.5000        1030  [    0   1120         90          8 ]
           3      353663     716.570   2.399e-02   2.424e-02   1.897e-02   3.495e-03   4.037e-02  0.5000         750  [    0   1130         90          9 ]
           3      356444     719.419   2.399e-02   2.424e-02   1.871e-02   3.488e-03   4.033e-02  0.5000         769  [    0   1140         90          6 ]
           3      359265     722.631   2.399e-02   2.424e-02   1.835e-02   3.463e-03   4.021e-02  0.5000         856  [    0   1150         90          7 ]
           3      362682     726.879   2.399e-02   2.424e-02   1.918e-02   3.115e-03   4.007e-02  0.5000        1080  [    0   1160         90          6 ]
           3      365791     732.041   2.399e-02   2.424e-02   1.925e-02   3.054e-03   4.006e-02  0.5000        1168  [    0   1170         90          7 ]
           3      368445     736.876   2.399e-02   2.424e-02   1.924e-02   3.041e-03   3.985e-02  0.5000        1247  [    0   1180         90          5 ]
           3      370819     741.170   2.399e-02   2.424e-02   1.856e-02   3.494e-03   4.034e-02  0.5000         840  [    0   1190         90          6 ]
           3      371961     743.385   2.399e-02   2.424e-02   1.836e-02   3.493e-03   4.030e-02  0.5000         861  [    1    150        180          7 ]
           3      373489     746.026   2.399e-02   2.424e-02   1.869e-02   3.428e-03   3.993e-02  0.5000         979  [    0   1200         90          6 ]
           3      376479     750.652   2.399e-02   2.424e-02   1.873e-02   3.411e-03   3.993e-02  0.5000        1011  [    0   1210         90          5 ]
           3      379121     754.761   2.399e-02   2.424e-02   1.865e-02   3.212e-03   3.969e-02  0.5000        1176  [    2     20        360          5 ]
           3      379743     757.808   2.399e-02   2.424e-02   1.912e-02   3.182e-03   3.965e-02  0.5000        1226  [    0   1220         90          5 ]
           3      382752     762.082   2.399e-02   2.424e-02   1.878e-02   3.486e-03   4.010e-02  0.5000         796  [    0   1230         90          7 ]
           3      385727     764.842   2.399e-02   2.424e-02   1.909e-02   3.366e-03   3.978e-02  0.5000         835  [    0   1240         90          5 ]
           3      388911     768.387   2.399e-02   2.424e-02   1.856e-02   3.314e-03   3.968e-02  0.5000         869  [    0   1250         90          7 ]
           3      391740     771.600   2.399e-02   2.424e-02   1.861e-02   3.303e-03   3.968e-02  0.5000         854  [    0   1260         90          7 ]
           3      394476     775.468   2.399e-02   2.424e-02   1.873e-02   3.246e-03   3.965e-02  0.5000         847  [    0   1270         90          6 ]
           3      395558     777.878   2.399e-02   2.424e-02   1.914e-02   3.211e-03   3.964e-02  0.5000         855  [    1    160        180          5 ]
           3      397520     781.512   2.399e-02   2.424e-02   1.880e-02   3.209e-03   3.963e-02  0.5000         864  [    0   1280         90          8 ]
           3      401301     784.440   2.399e-02   2.424e-02   1.857e-02   3.203e-03   3.962e-02  0.5000         880  [    0   1290         90          7 ]
           3      404181     788.502   2.399e-02   2.424e-02   1.904e-02   3.172e-03   3.953e-02  0.5000         896  [    0   1300         90          5 ]
           3      406999     792.097   2.399e-02   2.424e-02   1.870e-02   3.163e-03   3.933e-02  0.5000         869  [    0   1310         90          5 ]
           3      409747     795.386   2.399e-02   2.424e-02   1.883e-02   3.121e-03   3.908e-02  0.5000         907  [    0   1320         90          7 ]
           3      412786     799.363   2.399e-02   2.424e-02   1.837e-02   3.103e-03   3.883e-02  0.5000         910  [    0   1330         90          6 ]
           3      415278     802.920   2.399e-02   2.424e-02   1.843e-02   3.062e-03   3.863e-02  0.5000         918  [    0   1340         90          7 ]
           3      418919     806.766   2.399e-02   2.424e-02   1.918e-02   3.039e-03   3.839e-02  0.5000         890  [    0   1350         90          6 ]
           3      419971     808.906   2.399e-02   2.424e-02   1.918e-02   3.035e-03   3.836e-02  0.5000         907  [    1    170        180          5 ]
           3      421731     811.686   2.399e-02   2.424e-02   1.863e-02   3.021e-03   3.815e-02  0.5000         930  [    0   1360         90          6 ]
           3      425228     815.967   2.399e-02   2.424e-02   1.881e-02   2.994e-03   3.795e-02  0.5000         958  [    0   1370         90          9 ]
           3      428378     819.923   2.399e-02   2.424e-02   1.919e-02   2.991e-03   3.790e-02  0.5000         938  [    0   1380         90          6 ]
           3      431123     825.261   2.399e-02   2.424e-02   1.919e-02   2.991e-03   3.790e-02  0.5000         927  [    0   1390         90          6 ]
           3      434050     828.876   2.399e-02   2.424e-02   1.919e-02   2.982e-03   3.753e-02  0.5000         940  [    0   1400         90          7 ]
           3      438643     834.455   2.399e-02   2.424e-02   1.918e-02   2.974e-03   3.745e-02  1.0000         964  [    0   1410         90          9 ]
           3      441586     837.706   2.399e-02   2.424e-02   1.889e-02   2.956e-03   3.734e-02  1.0000         975  [    0   1420         90          7 ]
           3      444620     841.045   2.399e-02   2.424e-02   1.918e-02   2.936e-03   3.732e-02  1.0000        1001  [    0   1430         90          6 ]
           3      445854     843.221   2.399e-02   2.424e-02   1.913e-02   2.936e-03   3.732e-02  1.0000        1005  [    1    180        180          8 ]
           3      447676     846.419   2.399e-02   2.424e-02   1.919e-02   2.936e-03   3.732e-02  1.0000        1004  [    0   1440         90          7 ]
           3      451229     852.162   2.399e-02   2.424e-02   1.899e-02   2.911e-03   3.723e-02  1.0000        1020  [    0   1450         90          5 ]
           3      454322     856.465   2.399e-02   2.424e-02   1.787e-02   2.883e-03   3.687e-02  1.0000        1048  [    0   1460         90          6 ]
           3      457336     860.634   2.399e-02   2.424e-02   1.920e-02   2.879e-03   3.680e-02  1.0000         991  [    0   1470         90          7 ]
           3      461299     864.652   2.399e-02   2.424e-02   1.921e-02   2.866e-03   3.663e-02  1.0000        1015  [    0   1480         90          7 ]
           3      464833     868.682   2.399e-02   2.424e-02   1.834e-02   2.857e-03   3.650e-02  1.0000        1041  [    0   1490         90          7 ]
           3      467520     875.506   2.399e-02   2.424e-02   1.922e-02   2.856e-03   3.647e-02  1.0000        1013  [    0   1500         90          5 ]
           3      470530     880.390   2.399e-02   2.424e-02   1.922e-02   2.849e-03   3.645e-02  1.0000         974  [    0   1510         90          8 ]
           3      471856     882.758   2.399e-02   2.424e-02   1.922e-02   2.849e-03   3.645e-02  1.0000         983  [    1    190        180          9 ]
           3      473609     885.964   2.399e-02   2.424e-02   1.922e-02   2.849e-03   3.645e-02  1.0000         984  [    0   1520         90          9 ]
           3      477110     890.345   2.399e-02   2.424e-02   1.922e-02   2.848e-03   3.638e-02  1.0000         981  [    0   1530         90          5 ]
           3      482369     895.442   2.399e-02   2.424e-02   1.870e-02   2.814e-03   3.636e-02  1.0000        1024  [    0   1540         90          7 ]
           3      485172     899.660   2.399e-02   2.424e-02   1.923e-02   2.809e-03   3.627e-02  1.0000        1017  [    0   1550         90          7 ]
           3      488203     903.389   2.399e-02   2.424e-02   1.882e-02   2.801e-03   3.604e-02  1.0000        1037  [    0   1560         90          9 ]
           3      492034     908.162   2.399e-02   2.424e-02   1.907e-02   2.796e-03   3.592e-02  1.0000        1029  [    0   1570         90          7 ]
           3      495186     912.109   2.399e-02   2.424e-02   1.853e-02   2.790e-03   3.581e-02  1.0000        1044  [    0   1580         90          8 ]
           3      498293     916.369   2.399e-02   2.424e-02   1.836e-02   2.771e-03   3.565e-02  1.0000        1055  [    0   1590         90          8 ]
           3      499590     918.893   2.399e-02   2.424e-02   1.793e-02   2.763e-03   3.551e-02  1.0000        1047  [    1    200        180          7 ]
           3      501381     922.020   2.399e-02   2.424e-02   1.775e-02   2.759e-03   3.532e-02  1.0000        1053  [    0   1600         90          7 ]
           3      505890     926.973   2.399e-02   2.424e-02   1.927e-02   2.759e-03   3.521e-02  1.0000        1023  [    0   1610         90          8 ]
           3      508819     931.279   2.399e-02   2.424e-02   1.927e-02   2.759e-03   3.521e-02  1.0000        1025  [    0   1620         90          6 ]
           3      512041     935.669   2.399e-02   2.424e-02   1.927e-02   2.759e-03   3.521e-02  1.0000        1060  [    0   1630         90          6 ]
           3      515109     939.341   2.399e-02   2.182e-02   1.927e-02   2.710e-03   3.504e-02  1.0000        1054  [    0   1640         90          6 ]
           3      518598     946.735   2.399e-02   2.182e-02   1.928e-02   2.698e-03   3.468e-02  1.0000        1052  [    0   1650         90          6 ]
           3      521489     953.354   2.399e-02   2.182e-02   1.905e-02   2.698e-03   3.468e-02  1.0000        1039  [    0   1660         90          7 ]
           3      525062     958.060   2.399e-02   2.182e-02   1.893e-02   2.694e-03   3.467e-02  1.0000        1046  [    0   1670         90          6 ]
           3      526152     960.887   2.399e-02   2.182e-02   1.928e-02   2.694e-03   3.467e-02  1.0000        1045  [    1    210        180          6 ]
           3      527967     964.161   2.399e-02   2.182e-02   1.928e-02   2.690e-03   3.459e-02  1.0000        1035  [    0   1680         90          5 ]
           3      531501     969.058   2.399e-02   2.182e-02   1.804e-02   2.685e-03   3.448e-02  1.0000        1052  [    0   1690         90          6 ]
           3      534357     973.696   2.399e-02   2.182e-02   1.810e-02   2.684e-03   3.441e-02  1.0000        1058  [    0   1700         90          7 ]
           3      537353     978.465   2.399e-02   2.182e-02   1.878e-02   2.681e-03   3.439e-02  1.0000        1087  [    0   1710         90          6 ]
           3      540512     983.300   2.399e-02   2.038e-02   1.929e-02   2.667e-03   3.421e-02  1.0000        1073  [    0   1720         90          4 ]
           3      544511     988.117   2.399e-02   2.038e-02   1.894e-02   2.663e-03   3.419e-02  1.0000        1103  [    0   1730         90         10 ]
           3      547671     992.355   2.399e-02   2.038e-02   1.871e-02   2.662e-03   3.408e-02  1.0000        1082  [    0   1740         90          7 ]
           3      550661     997.612   2.202e-02   2.038e-02   1.931e-02   2.640e-03   3.402e-02  1.0000        1066  [    0   1750         90          6 ]
           3      551979    1000.860   2.202e-02   2.038e-02   1.931e-02   2.638e-03   3.397e-02  1.0000        1079  [    1    220        180          7 ]
           3      553936    1004.846   2.202e-02   2.038e-02   1.932e-02   2.633e-03   3.391e-02  1.0000        1093  [    0   1760         90          6 ]
           3      557529    1009.703   2.202e-02   2.038e-02   1.835e-02   2.624e-03   3.362e-02  1.0000        1094  [    0   1770         90          7 ]
           3      560471    1014.228   2.202e-02   2.038e-02   1.932e-02   2.615e-03   3.353e-02  1.0000        1085  [    0   1780         90          4 ]
           3      563285    1018.966   2.138e-02   1.998e-02   1.896e-02   2.604e-03   3.350e-02  1.0000        1098  [    0   1790         90          7 ]
           3      566997    1024.016   2.138e-02   1.998e-02   1.782e-02   2.600e-03   3.350e-02  1.0000        1081  [    0   1800         90         10 ]
           3      570493    1028.511   2.138e-02   1.998e-02   1.882e-02   2.600e-03   3.349e-02  1.0000        1040  [    0   1810         90          6 ]
           3      573633    1032.426   2.138e-02   1.998e-02   1.902e-02   2.600e-03   3.343e-02  1.0000        1046  [    0   1820         90          8 ]
           3      576917    1036.600   2.138e-02   1.998e-02   1.836e-02   2.600e-03   3.343e-02  1.0000        1060  [    0   1830         90          8 ]
           3      578030    1039.282   2.138e-02   1.998e-02   1.852e-02   2.600e-03   3.343e-02  1.0000        1044  [    1    230        180          6 ]
           3      579751    1042.790   2.138e-02   1.998e-02   1.852e-02   2.600e-03   3.342e-02  1.0000        1058  [    0   1840         90          9 ]
           3      583193    1047.384   2.138e-02   1.998e-02   1.917e-02   2.593e-03   3.329e-02  1.0000        1027  [    0   1850         90          7 ]
           3      586072    1051.614   2.138e-02   1.998e-02   1.924e-02   2.590e-03   3.322e-02  1.0000        1041  [    2     30        360          6 ]
           3      586861    1054.395   2.138e-02   1.998e-02   1.863e-02   2.585e-03   3.316e-02  1.0000        1049  [    0   1860         90          8 ]
           3      589919    1059.165   2.138e-02   1.998e-02   1.804e-02   2.583e-03   3.314e-02  1.0000        1057  [    0   1870         90          8 ]
           3      592666    1063.871   2.138e-02   1.998e-02   1.819e-02   2.579e-03   3.310e-02  1.0000        1073  [    0   1880         90          9 ]
           3      595834    1068.688   2.138e-02   1.998e-02   1.865e-02   2.578e-03   3.303e-02  1.0000        1043  [    0   1890         90          4 ]
           3      598943    1073.124   2.138e-02   1.998e-02   1.917e-02   2.576e-03   3.294e-02  1.0000        1041  [    0   1900         90          9 ]
           3      601811    1077.801   2.138e-02   1.998e-02   1.932e-02   2.573e-03   3.279e-02  1.0000        1030  [    0   1910         90          9 ]
           3      603004    1080.020   2.138e-02   1.998e-02   1.932e-02   2.573e-03   3.279e-02  1.0000        1022  [    1    240        180          7 ]
           3      604635    1083.366   2.138e-02   1.998e-02   1.932e-02   2.571e-03   3.265e-02  1.0000        1054  [    0   1920         90          7 ]
           3      608510    1088.403   2.138e-02   1.998e-02   1.908e-02   2.563e-03   3.247e-02  1.0000        1017  [    0   1930         90          8 ]
           3      611472    1092.972   2.138e-02   1.998e-02   1.919e-02   2.563e-03   3.245e-02  1.0000        1027  [    0   1940         90          8 ]
           3      614588    1097.220   2.138e-02   1.998e-02   1.933e-02   2.560e-03   3.240e-02  1.0000        1066  [    0   1950         90          6 ]
           3      617375    1102.053   2.138e-02   1.998e-02   1.933e-02   2.553e-03   3.218e-02  1.0000        1039  [    0   1960         90          8 ]
           3      620680    1107.105   2.138e-02   1.998e-02   1.872e-02   2.547e-03   3.186e-02  1.0000        1054  [    0   1970         90          5 ]
           3      623744    1111.523   2.138e-02   1.998e-02   1.923e-02   2.541e-03   3.154e-02  1.0000        1047  [    0   1980         90         10 ]
           3      627493    1116.554   2.138e-02   1.998e-02   1.933e-02   2.540e-03   3.151e-02  1.0000        1063  [    0   1990         90          7 ]
           3      628642    1119.582   2.138e-02   1.998e-02   1.872e-02   2.540e-03   3.151e-02  1.0000        1049  [    1    250        180          5 ]
           3      630330    1122.849   2.138e-02   1.998e-02   1.933e-02   2.540e-03   3.149e-02  1.0000        1021  [    0   2000         90          6 ]
           3      633450    1127.360   2.138e-02   1.998e-02   1.909e-02   2.540e-03   3.149e-02  1.0000        1038  [    0   2010         90          6 ]
           3      636134    1131.598   2.138e-02   1.998e-02   1.933e-02   2.533e-03   3.141e-02  1.0000        1055  [    0   2020         90          6 ]
           3      638895    1135.805   2.138e-02   1.998e-02   1.892e-02   2.531e-03   3.134e-02  1.0000        1053  [    0   2030         90          8 ]
           3      641879    1139.916   2.138e-02   1.998e-02   1.930e-02   2.530e-03   3.134e-02  1.0000        1044  [    0   2040         90          7 ]
           3      647140    1145.091   2.138e-02   1.998e-02   1.918e-02   2.508e-03   3.131e-02  1.0000        1058  [    0   2050         90          7 ]
           3      649944    1149.402   2.138e-02   1.998e-02   1.902e-02   2.508e-03   3.128e-02  1.0000        1030  [    0   2060         90          8 ]
           3      652846    1153.801   2.138e-02   1.998e-02   1.804e-02   2.505e-03   3.121e-02  1.0000        1054  [    0   2070         90          7 ]
           3      653940    1156.474   2.138e-02   1.998e-02   1.861e-02   2.505e-03   3.121e-02  1.0000        1019  [    1    260        180          6 ]
           3      655484    1159.661   2.138e-02   1.998e-02   1.934e-02   2.505e-03   3.121e-02  1.0000         987  [    0   2080         90          7 ]
           3      658773    1164.056   2.138e-02   1.998e-02   1.919e-02   2.505e-03   3.121e-02  1.0000         964  [    0   2090         90          6 ]
           3      661266    1167.768   2.138e-02   1.998e-02   1.796e-02   2.505e-03   3.121e-02  1.0000         951  [    0   2100         90          8 ]
           3      664190    1172.294   2.138e-02   1.998e-02   1.934e-02   2.497e-03   3.102e-02  1.0000         968  [    0   2110         90          6 ]
           3      667735    1176.989   2.138e-02   1.998e-02   1.934e-02   2.494e-03   3.101e-02  1.0000        1000  [    0   2120         90          8 ]
           3      671079    1181.144   2.138e-02   1.998e-02   1.934e-02   2.494e-03   3.101e-02  1.0000        1013  [    0   2130         90          8 ]
           3      674079    1185.022   2.138e-02   1.998e-02   1.801e-02   2.489e-03   3.089e-02  1.0000        1020  [    0   2140         90          6 ]
           3      676945    1189.885   2.138e-02   1.998e-02   1.908e-02   2.478e-03   3.078e-02  1.0000        1010  [    0   2150         90          6 ]
           3      678025    1193.363   2.138e-02   1.998e-02   1.848e-02   2.477e-03   3.076e-02  1.0000         991  [    1    270        180          4 ]
           3      679755    1196.490   2.138e-02   1.998e-02   1.839e-02   2.470e-03   3.057e-02  1.0000        1010  [    0   2160         90          4 ]
           3      682914    1200.454   2.138e-02   1.998e-02   1.920e-02   2.464e-03   3.044e-02  1.0000        1004  [    0   2170         90          4 ]
           3      686803    1204.903   2.138e-02   1.998e-02   1.897e-02   2.454e-03   3.025e-02  1.0000         990  [    0   2180         90          7 ]
           3      689432    1209.599   2.138e-02   1.998e-02   1.920e-02   2.454e-03   3.024e-02  1.0000         960  [    0   2190         90          5 ]
           3      692238    1214.383   2.138e-02   1.998e-02   1.935e-02   2.451e-03   3.017e-02  1.0000         987  [    0   2200         90          7 ]
           3      695348    1218.383   2.138e-02   1.998e-02   1.935e-02   2.451e-03   3.016e-02  1.0000         987  [    0   2210         90          7 ]
           3      698110    1222.650   2.138e-02   1.998e-02   1.935e-02   2.447e-03   2.997e-02  1.0000        1007  [    0   2220         90          5 ]
           3      701132    1226.517   2.138e-02   1.998e-02   1.935e-02   2.435e-03   2.973e-02  1.0000        1049  [    0   2230         90          8 ]
           3      702296    1229.297   2.138e-02   1.998e-02   1.935e-02   2.434e-03   2.970e-02  1.0000        1031  [    1    280        180          6 ]
           3      704141    1233.236   2.138e-02   1.998e-02   1.824e-02   2.434e-03   2.969e-02  1.0000        1045  [    0   2240         90          6 ]
           3      707792    1237.983   2.138e-02   1.998e-02   1.934e-02   2.431e-03   2.954e-02  1.0000        1036  [    0   2250         90          6 ]
           3      710659    1242.231   2.138e-02   1.998e-02   1.835e-02   2.431e-03   2.946e-02  1.0000        1046  [    0   2260         90          7 ]
           3      713338    1246.235   2.138e-02   1.998e-02   1.909e-02   2.431e-03   2.945e-02  1.0000        1019  [    0   2270         90          7 ]
           3      716401    1250.863   2.138e-02   1.998e-02   1.936e-02   2.424e-03   2.935e-02  1.0000        1021  [    0   2280         90          7 ]
           3      719866    1255.800   2.138e-02   1.998e-02   1.852e-02   2.419e-03   2.932e-02  1.0000        1054  [    0   2290         90          8 ]
           3      722966    1260.146   2.138e-02   1.998e-02   1.935e-02   2.416e-03   2.925e-02  1.0000        1065  [    0   2300         90          4 ]
           3      726653    1265.393   2.138e-02   1.998e-02   1.937e-02   2.412e-03   2.917e-02  1.0000        1073  [    0   2310         90          6 ]
           3      727778    1268.190   2.138e-02   1.998e-02   1.937e-02   2.410e-03   2.910e-02  1.0000        1058  [    1    290        180          6 ]
           3      729571    1271.751   2.138e-02   1.998e-02   1.900e-02   2.404e-03   2.896e-02  1.0000        1060  [    0   2320         90          6 ]
           3      732902    1276.482   2.138e-02   1.998e-02   1.937e-02   2.404e-03   2.894e-02  1.0000        1058  [    0   2330         90          7 ]
           3      736235    1280.964   2.138e-02   1.998e-02   1.928e-02   2.404e-03   2.894e-02  1.0000        1034  [    0   2340         90          7 ]
           3      739884    1285.320   2.138e-02   1.998e-02   1.937e-02   2.404e-03   2.894e-02  1.0000        1057  [    0   2350         90         10 ]
           3      742942    1289.871   2.138e-02   1.998e-02   1.760e-02   2.404e-03   2.894e-02  1.0000        1039  [    0   2360         90          8 ]
           3      747171    1295.607   2.078e-02   1.998e-02   1.937e-02   2.393e-03   2.893e-02  1.0000        1054  [    0   2370         90          6 ]
           3      750049    1300.774   2.078e-02   1.998e-02   1.937e-02   2.393e-03   2.893e-02  1.0000        1052  [    0   2380         90          5 ]
           3      752962    1305.378   2.078e-02   1.998e-02   1.911e-02   2.390e-03   2.889e-02  1.0000        1038  [    0   2390         90          7 ]
           3      754067    1307.970   2.078e-02   1.998e-02   1.911e-02   2.385e-03   2.888e-02  1.0000        1020  [    1    300        180          6 ]
           3      755879    1311.136   2.078e-02   1.998e-02   1.937e-02   2.382e-03   2.880e-02  1.0000        1007  [    0   2400         90         10 ]
           3      758921    1315.447   2.078e-02   1.998e-02   1.889e-02   2.382e-03   2.880e-02  1.0000        1033  [    0   2410         90          8 ]
           3      761717    1319.833   2.078e-02   1.998e-02   1.938e-02   2.378e-03   2.872e-02  1.0000        1031  [    0   2420         90          7 ]
           3      764871    1324.231   2.078e-02   1.998e-02   1.938e-02   2.372e-03   2.861e-02  1.0000        1019  [    0   2430         90          7 ]
           3      768403    1328.679   2.078e-02   1.998e-02   1.856e-02   2.372e-03   2.859e-02  1.0000        1027  [    0   2440         90          7 ]
           3      771728    1333.085   2.078e-02   1.998e-02   1.924e-02   2.371e-03   2.852e-02  1.0000        1039  [    0   2450         90          7 ]
           3      774894    1337.139   2.078e-02   1.998e-02   1.894e-02   2.370e-03   2.850e-02  1.0000        1044  [    0   2460         90          9 ]
           3      777877    1341.495   2.078e-02   1.998e-02   1.926e-02   2.370e-03   2.850e-02  1.0000        1021  [    0   2470         90          6 ]
           3      779114    1343.942   2.078e-02   1.998e-02   1.904e-02   2.370e-03   2.850e-02  1.0000        1034  [    1    310        180          7 ]
           3      780712    1347.225   2.078e-02   1.998e-02   1.938e-02   2.370e-03   2.850e-02  1.0000        1035  [    0   2480         90          7 ]
           3      784253    1351.845   2.078e-02   1.998e-02   1.897e-02   2.370e-03   2.850e-02  1.0000        1016  [    0   2490         90          8 ]
           3      786998    1356.186   2.078e-02   1.998e-02   1.936e-02   2.370e-03   2.850e-02  1.0000        1015  [    2     40        360          4 ]
           3      787632    1358.929   2.078e-02   1.998e-02   1.900e-02   2.370e-03   2.850e-02  1.0000        1014  [    0   2500         90          6 ]
           3      790146    1362.788   2.078e-02   1.998e-02   1.938e-02   2.369e-03   2.850e-02  1.0000        1006  [    0   2510         90          7 ]
           3      793038    1366.989   2.078e-02   1.998e-02   1.887e-02   2.368e-03   2.848e-02  1.0000        1010  [    0   2520         90          8 ]
           3      796799    1371.713   2.078e-02   1.998e-02   1.939e-02   2.363e-03   2.832e-02  1.0000        1041  [    0   2530         90          8 ]
           3      799865    1376.169   2.078e-02   1.998e-02   1.939e-02   2.360e-03   2.823e-02  1.0000        1042  [    0   2540         90          7 ]
           3      802904    1380.847   2.078e-02   1.998e-02   1.937e-02   2.360e-03   2.823e-02  1.0000        1064  [    0   2550         90          8 ]
           3      804197    1383.748   2.078e-02   1.998e-02   1.931e-02   2.358e-03   2.820e-02  1.0000        1070  [    1    320        180          8 ]
           3      805923    1386.893   2.078e-02   1.998e-02   1.939e-02   2.357e-03   2.819e-02  1.0000        1070  [    0   2560         90          6 ]
           3      811697    1392.487   2.078e-02   1.998e-02   1.910e-02   2.355e-03   2.818e-02  1.0000        1065  [    0   2570         90          9 ]
           3      814804    1396.763   2.078e-02   1.998e-02   1.939e-02   2.349e-03   2.802e-02  1.0000        1057  [    0   2580         90          6 ]
           3      817743    1401.375   2.078e-02   1.998e-02   1.939e-02   2.346e-03   2.800e-02  1.0000        1055  [    0   2590         90          5 ]
           3      820650    1405.870   2.078e-02   1.998e-02   1.939e-02   2.344e-03   2.794e-02  1.0000        1074  [    0   2600         90          4 ]
           3      824086    1410.261   2.078e-02   1.998e-02   1.863e-02   2.344e-03   2.794e-02  1.0000        1069  [    0   2610         90          8 ]
           3      826981    1414.946   2.078e-02   1.998e-02   1.939e-02   2.342e-03   2.789e-02  1.0000        1075  [    0   2620         90          6 ]
           3      830813    1419.761   2.078e-02   1.998e-02   1.939e-02   2.341e-03   2.785e-02  1.0000        1065  [    0   2630         90          7 ]
           3      831955    1422.589   2.078e-02   1.998e-02   1.939e-02   2.339e-03   2.777e-02  1.0000        1057  [    1    330        180          4 ]
           3      833684    1426.131   2.078e-02   1.998e-02   1.939e-02   2.339e-03   2.775e-02  1.0000        1049  [    0   2640         90          6 ]
           3      836747    1430.557   2.078e-02   1.998e-02   1.926e-02   2.337e-03   2.775e-02  1.0000        1048  [    0   2650         90          6 ]
           3      839558    1434.743   2.078e-02   1.998e-02   1.939e-02   2.336e-03   2.774e-02  1.0000        1074  [    0   2660         90          7 ]
           3      842586    1439.134   2.078e-02   1.998e-02   1.931e-02   2.332e-03   2.764e-02  1.0000        1081  [    0   2670         90          6 ]
           3      845499    1443.933   2.078e-02   1.998e-02   1.846e-02   2.330e-03   2.755e-02  1.0000        1062  [    0   2680         90          7 ]
           3      849668    1449.127   2.078e-02   1.998e-02   1.939e-02   2.328e-03   2.747e-02  1.0000        1063  [    0   2690         90          9 ]
           3      852687    1453.937   2.078e-02   1.998e-02   1.912e-02   2.326e-03   2.744e-02  1.0000        1061  [    0   2700         90          9 ]
           3      855782    1458.589   2.078e-02   1.998e-02   1.939e-02   2.326e-03   2.744e-02  1.0000        1060  [    0   2710         90          6 ]
           3      856922    1461.683   2.078e-02   1.998e-02   1.913e-02   2.326e-03   2.744e-02  1.0000        1069  [    1    340        180          8 ]
           3      858731    1464.702   2.078e-02   1.998e-02   1.939e-02   2.320e-03   2.742e-02  1.0000        1052  [    0   2720         90          9 ]
           3      862097    1469.164   2.078e-02   1.998e-02   1.847e-02   2.317e-03   2.736e-02  1.0000        1059  [    0   2730         90          7 ]
           3      864838    1473.709   2.078e-02   1.998e-02   1.904e-02   2.315e-03   2.730e-02  1.0000        1050  [    0   2740         90          6 ]
           3      867361    1478.470   2.078e-02   1.998e-02   1.939e-02   2.313e-03   2.726e-02  1.0000        1021  [    0   2750         90          5 ]
           3      871013    1483.426   2.078e-02   1.998e-02   1.919e-02   2.312e-03   2.722e-02  1.0000        1044  [    0   2760         90          7 ]
           3      874728    1488.953   2.078e-02   1.998e-02   1.940e-02   2.309e-03   2.716e-02  1.0000        1044  [    0   2770         90          9 ]
           3      877695    1492.857   2.078e-02   1.998e-02   1.940e-02   2.309e-03   2.716e-02  1.0000        1059  [    0   2780         90          7 ]
           3      880695    1496.779   2.078e-02   1.998e-02   1.886e-02   2.307e-03   2.715e-02  1.0000        1074  [    0   2790         90          8 ]
           3      881983    1499.195   2.078e-02   1.998e-02   1.940e-02   2.307e-03   2.714e-02  1.0000        1075  [    1    350        180          9 ]
           3      883791    1502.516   2.078e-02   1.998e-02   1.940e-02   2.305e-03   2.710e-02  1.0000        1071  [    0   2800         90          7 ]
           3      886911    1507.558   2.078e-02   1.998e-02   1.941e-02   2.305e-03   2.708e-02  1.0000        1043  [    0   2810         90          7 ]
           3      890425    1511.785   1.957e-02   1.944e-02   1.941e-02   2.299e-03   2.706e-02  1.0000         964  [    0   2820         90          5 ]
           3      893732    1515.754   1.957e-02   1.944e-02   1.941e-02   2.296e-03   2.706e-02  1.0000         973  [    0   2830         90          7 ]
           3      897015    1519.981   1.957e-02   1.944e-02   1.941e-02   2.295e-03   2.704e-02  1.0000        1019  [    0   2840         90          8 ]
           3      900528    1523.453   1.957e-02   1.944e-02   1.941e-02   2.292e-03   2.692e-02  1.0000        1044  [    0   2850         90          9 ]
           3      903688    1527.486   1.957e-02   1.944e-02   1.941e-02   2.290e-03   2.689e-02  1.0000        1029  [    0   2860         90          5 ]
           3      906690    1531.709   1.957e-02   1.944e-02   1.941e-02   2.286e-03   2.687e-02  1.0000        1047  [    0   2870         90          6 ]
           3      907897    1534.381   1.957e-02   1.911e-02   1.941e-02   2.283e-03   2.686e-02  1.0000        1050  [    1    360        180          7 ]
           3      909732    1537.433   1.957e-02   1.911e-02   1.838e-02   2.282e-03   2.686e-02  1.0000        1059  [    0   2880         90          8 ]
           3      913618    1542.116   1.957e-02   1.911e-02   1.931e-02   2.282e-03   2.686e-02  1.0000        1051  [    0   2890         90          8 ]
           3      916277    1546.222   1.957e-02   1.911e-02   1.935e-02   2.281e-03   2.685e-02  1.0000        1004  [    0   2900         90          5 ]
           3      918970    1550.605   1.957e-02   1.911e-02   1.939e-02   2.280e-03   2.683e-02  1.0000        1017  [    0   2910         90          4 ]
           3      921750    1553.990   1.957e-02   1.911e-02   1.848e-02   2.280e-03   2.683e-02  1.0000        1020  [    0   2920         90          7 ]
           3      924752    1557.908   1.957e-02   1.911e-02   1.918e-02   2.280e-03   2.683e-02  1.0000        1012  [    0   2930         90          5 ]
           3      927387    1561.831   1.957e-02   1.911e-02   1.941e-02   2.279e-03   2.683e-02  1.0000        1007  [    0   2940         90          5 ]
           3      931229    1565.894   1.957e-02   1.911e-02   1.941e-02   2.272e-03   2.677e-02  1.0000        1054  [    0   2950         90          5 ]
           3      932594    1568.517   1.957e-02   1.911e-02   1.756e-02   2.271e-03   2.675e-02  1.0000        1082  [    1    370        180         10 ]
           3      934335    1571.513   1.957e-02   1.911e-02   1.942e-02   2.271e-03   2.675e-02  1.0000        1062  [    0   2960         90          8 ]
           3      937639    1575.949   1.957e-02   1.911e-02   1.942e-02   2.271e-03   2.675e-02  1.0000        1044  [    0   2970         90          7 ]
           3      940404    1580.152   1.957e-02   1.911e-02   1.942e-02   2.271e-03   2.675e-02  1.0000        1033  [    0   2980         90          6 ]
           3      942884    1585.087   1.957e-02   1.911e-02   1.855e-02   2.270e-03   2.673e-02  1.0000        1045  [    0   2990         90          6 ]
           3      945473    1588.897   1.957e-02   1.911e-02   1.916e-02   2.269e-03   2.673e-02  1.0000        1031  [    0   3000         90          7 ]
           3      949428    1592.791   1.957e-02   1.911e-02   1.918e-02   2.268e-03   2.668e-02  1.0000        1065  [    0   3010         90          7 ]
           3      952303    1596.839   1.957e-02   1.911e-02   1.934e-02   2.264e-03   2.661e-02  1.0000        1069  [    0   3020         90          8 ]
           3      955261    1601.245   1.957e-02   1.911e-02   1.942e-02   2.262e-03   2.659e-02  1.0000        1054  [    0   3030         90          6 ]
           3      956503    1603.832   1.957e-02   1.911e-02   1.883e-02   2.261e-03   2.656e-02  1.0000        1060  [    1    380        180          9 ]
           3      958350    1607.001   1.957e-02   1.911e-02   1.820e-02   2.259e-03   2.653e-02  1.0000        1059  [    0   3040         90          8 ]
           3      961745    1611.676   1.957e-02   1.911e-02   1.898e-02   2.259e-03   2.653e-02  1.0000        1084  [    0   3050         90          8 ]
           3      964574    1615.457   1.957e-02   1.911e-02   1.851e-02   2.257e-03   2.650e-02  1.0000        1075  [    0   3060         90          6 ]
           3      967512    1619.606   1.957e-02   1.911e-02   1.891e-02   2.256e-03   2.650e-02  1.0000        1067  [    0   3070         90          8 ]
           3      972476    1624.856   1.906e-02   1.911e-02   1.942e-02   2.256e-03   2.649e-02  1.0000        1067  [    0   3080         90          5 ]
           3      975887    1629.323   1.906e-02   1.911e-02   1.942e-02   2.256e-03   2.647e-02  1.0000        1087  [    0   3090         90          8 ]
           3      978989    1633.733   1.906e-02   1.911e-02   1.942e-02   2.255e-03   2.647e-02  1.0000        1102  [    0   3100         90          6 ]
           3      982215    1637.593   1.906e-02   1.911e-02   1.887e-02   2.255e-03   2.647e-02  1.0000        1097  [    0   3110         90          9 ]
           3      983586    1640.216   1.906e-02   1.911e-02   1.894e-02   2.255e-03   2.646e-02  1.0000        1095  [    1    390        180          8 ]
           3      985538    1643.612   1.906e-02   1.911e-02   1.850e-02   2.255e-03   2.646e-02  1.0000        1111  [    0   3120         90          8 ]
           3      989047    1648.664   1.906e-02   1.911e-02   1.835e-02   2.254e-03   2.645e-02  1.0000        1100  [    0   3130         90          6 ]
           3      991945    1652.699   1.906e-02   1.911e-02   1.931e-02   2.241e-03   2.644e-02  1.0000        1116  [    2     50        360          9 ]
           3      992857    1654.986   1.906e-02   1.911e-02   1.888e-02   2.241e-03   2.644e-02  1.0000        1108  [    0   3140         90         10 ]
           3      995936    1659.412   1.906e-02   1.911e-02   1.942e-02   2.239e-03   2.638e-02  1.0000        1097  [    0   3150         90          6 ]
           3      999081    1663.764   1.906e-02   1.911e-02   1.943e-02   2.235e-03   2.631e-02  1.0000        1095  [    0   3160         90          7 ]
           3     1002338    1668.615   1.906e-02   1.911e-02   1.943e-02   2.227e-03   2.619e-02  1.0000        1081  [    0   3170         90          7 ]
           3     1005469    1672.964   1.906e-02   1.911e-02   1.939e-02   2.227e-03   2.618e-02  1.0000        1100  [    0   3180         90         10 ]
           3     1008659    1677.400   1.906e-02   1.911e-02   1.930e-02   2.225e-03   2.615e-02  1.0000        1071  [    0   3190         90          6 ]
           3     1009803    1679.988   1.906e-02   1.911e-02   1.942e-02   2.225e-03   2.615e-02  1.0000        1055  [    1    400        180          7 ]
           3     1011396    1684.035   1.906e-02   1.911e-02   1.943e-02   2.225e-03   2.615e-02  1.0000        1081  [    0   3200         90          4 ]
           3     1015647    1691.055   1.906e-02   1.911e-02   1.943e-02   2.225e-03   2.615e-02  1.0000        1076  [    0   3210         90          8 ]
           3     1019141    1695.414   1.906e-02   1.911e-02   1.943e-02   2.223e-03   2.614e-02  1.0000        1099  [    0   3220         90          9 ]
           3     1022130    1699.221   1.893e-02   1.911e-02   1.853e-02   2.221e-03   2.614e-02  1.0000        1079  [    0   3230         90          7 ]
           3     1025159    1703.180   1.893e-02   1.911e-02   1.943e-02   2.220e-03   2.609e-02  1.0000        1072  [    0   3240         90          6 ]
           3     1028625    1707.864   1.893e-02   1.911e-02   1.943e-02   2.220e-03   2.608e-02  1.0000        1033  [    0   3250         90          5 ]
           3     1031209    1711.858   1.893e-02   1.623e-02   1.858e-02   2.200e-03   2.603e-02  1.0000        1047  [    0   3260         90          5 ]
           3     1034372    1716.378   1.893e-02   1.623e-02   1.877e-02   2.199e-03   2.602e-02  1.0000        1040  [    0   3270         90          6 ]
           3     1035432    1718.828   1.893e-02   1.623e-02   1.877e-02   2.199e-03   2.602e-02  1.0000        1041  [    1    410        180          6 ]
           3     1037105    1721.751   1.893e-02   1.623e-02   1.877e-02   2.198e-03   2.600e-02  1.0000        1038  [    0   3280         90          7 ]
           3     1040489    1726.191   1.893e-02   1.623e-02   1.877e-02   2.197e-03   2.599e-02  1.0000        1067  [    0   3290         90          5 ]
           3     1043385    1730.460   1.893e-02   1.623e-02   1.855e-02   2.195e-03   2.592e-02  1.0000        1084  [    0   3300         90          7 ]
           3     1046603    1734.712   1.893e-02   1.623e-02   1.943e-02   2.183e-03   2.587e-02  1.0000        1073  [    0   3310         90          9 ]
           3     1050142    1739.178   1.893e-02   1.623e-02   1.943e-02   2.183e-03   2.583e-02  1.0000        1088  [    0   3320         90          9 ]
           3     1054575    1743.887   1.893e-02   1.623e-02   1.915e-02   2.183e-03   2.583e-02  1.0000        1092  [    0   3330         90          8 ]
           3     1057622    1747.721   1.893e-02   1.623e-02   1.943e-02   2.183e-03   2.583e-02  1.0000        1100  [    0   3340         90          5 ]
           3     1060656    1751.967   1.893e-02   1.623e-02   1.942e-02   2.183e-03   2.582e-02  1.0000        1074  [    0   3350         90          6 ]
           3     1061935    1754.250   1.893e-02   1.623e-02   1.943e-02   2.183e-03   2.582e-02  1.0000        1072  [    1    420        180          7 ]
           3     1063691    1757.817   1.893e-02   1.623e-02   1.943e-02   2.183e-03   2.581e-02  1.0000        1083  [    0   3360         90          6 ]
           3     1067294    1762.962   1.893e-02   1.623e-02   1.871e-02   2.178e-03   2.571e-02  1.0000        1083  [    0   3370         90          6 ]
           3     1070030    1767.373   1.893e-02   1.623e-02   1.889e-02   2.177e-03   2.567e-02  1.0000        1069  [    0   3380         90          8 ]
           3     1072933    1771.586   1.893e-02   1.623e-02   1.943e-02   2.175e-03   2.563e-02  1.0000        1042  [    0   3390         90          9 ]
           3     1076787    1776.077   1.893e-02   1.623e-02   1.890e-02   2.175e-03   2.563e-02  1.0000        1048  [    0   3400         90          7 ]
           3     1080093    1780.682   1.893e-02   1.623e-02   1.898e-02   2.175e-03   2.563e-02  1.0000        1046  [    0   3410         90          7 ]
           3     1083014    1784.956   1.893e-02   1.623e-02   1.943e-02   2.174e-03   2.563e-02  1.0000        1050  [    0   3420         90          6 ]
           3     1085850    1789.610   1.893e-02   1.623e-02   1.780e-02   2.174e-03   2.557e-02  1.0000        1023  [    0   3430         90          6 ]
           3     1086984    1792.646   1.893e-02   1.623e-02   1.944e-02   2.173e-03   2.554e-02  1.0000        1032  [    1    430        180          6 ]
           3     1088743    1796.113   1.893e-02   1.623e-02   1.944e-02   2.172e-03   2.551e-02  1.0000        1058  [    0   3440         90          5 ]
           3     1092319    1801.184   1.893e-02   1.623e-02   1.699e-02   2.171e-03   2.551e-02  1.0000        1072  [    0   3450         90          7 ]
           3     1095880    1805.324   1.834e-02   1.623e-02   1.944e-02   2.171e-03   2.550e-02  1.0000        1070  [    0   3460         90          8 ]
           3     1099050    1809.808   1.834e-02   1.623e-02   1.931e-02   2.170e-03   2.550e-02  1.0000        1050  [    0   3470         90          8 ]
           3     1102188    1814.325   1.834e-02   1.623e-02   1.944e-02   2.170e-03   2.548e-02  1.0000        1049  [    0   3480         90          9 ]
           3     1105717    1819.200   1.834e-02   1.623e-02   1.867e-02   2.170e-03   2.548e-02  1.0000        1081  [    0   3490         90          9 ]
           3     1108638    1824.591   1.834e-02   1.623e-02   1.944e-02   2.170e-03   2.548e-02  1.0000        1078  [    0   3500         90          7 ]
           3     1112315    1829.232   1.834e-02   1.623e-02   1.944e-02   2.170e-03   2.548e-02  1.0000        1063  [    0   3510         90          7 ]
           3     1113512    1831.899   1.834e-02   1.623e-02   1.944e-02   2.170e-03   2.548e-02  1.0000        1058  [    1    440        180          6 ]
           3     1115229    1835.097   1.834e-02   1.623e-02   1.854e-02   2.170e-03   2.548e-02  1.0000        1061  [    0   3520         90          8 ]
           3     1119287    1839.793   1.834e-02   1.623e-02   1.944e-02   2.169e-03   2.546e-02  1.0000        1068  [    0   3530         90          9 ]
           3     1122389    1844.268   1.834e-02   1.623e-02   1.866e-02   2.169e-03   2.546e-02  1.0000        1055  [    0   3540         90          7 ]
           3     1125378    1848.659   1.834e-02   1.623e-02   1.944e-02   2.169e-03   2.546e-02  1.0000        1062  [    0   3550         90          7 ]
           3     1128021    1853.389   1.834e-02   1.623e-02   1.944e-02   2.168e-03   2.542e-02  1.0000        1080  [    0   3560         90          6 ]
           3     1131352    1858.178   1.834e-02   1.623e-02   1.917e-02   2.167e-03   2.541e-02  1.0000        1080  [    0   3570         90          8 ]
           3     1134083    1862.367   1.834e-02   1.623e-02   1.906e-02   2.166e-03   2.541e-02  1.0000        1070  [    0   3580         90          7 ]
           3     1139205    1867.517   1.834e-02   1.623e-02   1.944e-02   2.165e-03   2.539e-02  1.0000        1052  [    0   3590         90          5 ]
           3     1140627    1869.645   1.834e-02   1.623e-02   1.930e-02   2.165e-03   2.539e-02  1.0000        1058  [    1    450        180         10 ]
           3     1142199    1872.907   1.834e-02   1.623e-02   1.944e-02   2.165e-03   2.539e-02  1.0000        1054  [    0   3600         90          8 ]
           3     1145907    1877.509   1.834e-02   1.623e-02   1.944e-02   2.163e-03   2.535e-02  1.0000        1040  [    0   3610         90          9 ]
           3     1148840    1881.936   1.834e-02   1.623e-02   1.913e-02   2.163e-03   2.535e-02  1.0000        1022  [    0   3620         90          7 ]
           3     1151632    1885.962   1.834e-02   1.623e-02   1.924e-02   2.163e-03   2.535e-02  1.0000        1023  [    0   3630         90          8 ]
           3     1154446    1890.231   1.834e-02   1.623e-02   1.944e-02   2.161e-03   2.530e-02  1.0000        1032  [    0   3640         90          6 ]
           3     1159071    1894.736   1.834e-02   1.623e-02   1.855e-02   2.157e-03   2.524e-02  1.0000        1058  [    0   3650         90          9 ]
           3     1162019    1898.974   1.834e-02   1.623e-02   1.944e-02   2.156e-03   2.518e-02  1.0000        1043  [    0   3660         90          6 ]
           3     1164826    1903.043   1.834e-02   1.623e-02   1.944e-02   2.156e-03   2.518e-02  1.0000        1058  [    0   3670         90          4 ]
           3     1165962    1905.417   1.834e-02   1.623e-02   1.944e-02   2.156e-03   2.517e-02  1.0000        1067  [    1    460        180          7 ]
           3     1167779    1908.629   1.834e-02   1.623e-02   1.932e-02   2.155e-03   2.516e-02  1.0000        1064  [    0   3680         90          8 ]
           3     1171186    1913.289   1.834e-02   1.623e-02   1.937e-02   2.154e-03   2.515e-02  1.0000        1067  [    0   3690         90          7 ]
           3     1174014    1917.358   1.834e-02   1.623e-02   1.944e-02   2.153e-03   2.513e-02  1.0000        1057  [    0   3700         90          6 ]
           3     1177119    1921.658   1.834e-02   1.623e-02   1.874e-02   2.153e-03   2.513e-02  1.0000        1073  [    0   3710         90          9 ]
           3     1180760    1926.338   1.834e-02   1.623e-02   1.937e-02   2.152e-03   2.513e-02  1.0000        1073  [    0   3720         90          7 ]
           3     1183998    1931.309   1.834e-02   1.623e-02   1.847e-02   2.152e-03   2.513e-02  1.0000        1079  [    0   3730         90          8 ]
           3     1187184    1935.658   1.834e-02   1.623e-02   1.855e-02   2.152e-03   2.513e-02  1.0000        1076  [    0   3740         90          9 ]
           3     1190375    1940.115   1.834e-02   1.623e-02   1.944e-02   2.152e-03   2.513e-02  1.0000        1075  [    0   3750         90          8 ]
           3     1191698    1942.836   1.834e-02   1.623e-02   1.944e-02   2.151e-03   2.510e-02  1.0000        1082  [    1    470        180          7 ]
           3     1193421    1945.808   1.834e-02   1.623e-02   1.920e-02   2.150e-03   2.505e-02  1.0000        1080  [    0   3760         90          7 ]
           3     1197059    1950.749   1.834e-02   1.623e-02   1.944e-02   2.150e-03   2.500e-02  1.0000        1086  [    0   3770         90         10 ]
           3     1200409    1954.634   1.834e-02   1.623e-02   1.944e-02   2.150e-03   2.500e-02  1.0000        1081  [    2     60        360          4 ]
           3     1201100    1957.125   1.834e-02   1.623e-02   1.888e-02   2.150e-03   2.500e-02  1.0000        1089  [    0   3780         90          7 ]
           3     1204315    1961.742   1.834e-02   1.623e-02   1.870e-02   2.147e-03   2.495e-02  1.0000        1089  [    0   3790         90          6 ]
           3     1207568    1966.013   1.834e-02   1.623e-02   1.944e-02   2.146e-03   2.488e-02  1.0000        1120  [    0   3800         90          9 ]
           3     1210992    1970.769   1.834e-02   1.623e-02   1.944e-02   2.145e-03   2.486e-02  1.0000        1115  [    0   3810         90          4 ]
           3     1214274    1975.554   1.834e-02   1.623e-02   1.899e-02   2.144e-03   2.481e-02  1.0000        1103  [    0   3820         90          9 ]
           3     1217199    1979.671   1.834e-02   1.623e-02   1.945e-02   2.144e-03   2.481e-02  1.0000        1071  [    0   3830         90          7 ]
           3     1218307    1982.194   1.834e-02   1.623e-02   1.945e-02   2.144e-03   2.481e-02  1.0000        1070  [    1    480        180          5 ]
           3     1220042    1985.375   1.834e-02   1.623e-02   1.945e-02   2.143e-03   2.478e-02  1.0000        1077  [    0   3840         90          6 ]
           3     1224110    1990.375   1.834e-02   1.623e-02   1.824e-02   2.143e-03   2.478e-02  1.0000        1096  [    0   3850         90          7 ]
           3     1226978    1995.130   1.834e-02   1.623e-02   1.903e-02   2.142e-03   2.474e-02  1.0000        1080  [    0   3860         90          5 ]
           3     1229883    1999.487   1.834e-02   1.623e-02   1.867e-02   2.142e-03   2.474e-02  1.0000        1094  [    0   3870         90          9 ]
           3     1232843    2004.092   1.834e-02   1.623e-02   1.945e-02   2.141e-03   2.472e-02  1.0000        1082  [    0   3880         90          6 ]
           3     1236432    2009.030   1.834e-02   1.623e-02   1.945e-02   2.141e-03   2.471e-02  1.0000        1080  [    0   3890         90          6 ]
           3     1239483    2013.779   1.834e-02   1.623e-02   1.907e-02   2.138e-03   2.467e-02  1.0000        1085  [    0   3900         90          8 ]
           3     1243247    2019.164   1.834e-02   1.623e-02   1.907e-02   2.138e-03   2.465e-02  1.0000        1098  [    0   3910         90          7 ]
           3     1244464    2021.840   1.834e-02   1.623e-02   1.945e-02   2.138e-03   2.465e-02  1.0000        1088  [    1    490        180          5 ]
           3     1246265    2025.286   1.834e-02   1.623e-02   1.941e-02   2.136e-03   2.461e-02  1.0000        1109  [    0   3920         90          7 ]
           3     1249766    2030.786   1.834e-02   1.623e-02   1.945e-02   2.135e-03   2.456e-02  1.0000        1088  [    0   3930         90          7 ]
           3     1252822    2035.033   1.834e-02   1.623e-02   1.945e-02   2.134e-03   2.455e-02  1.0000        1091  [    0   3940         90          5 ]
           3     1255608    2039.292   1.834e-02   1.623e-02   1.945e-02   2.134e-03   2.455e-02  1.0000        1083  [    0   3950         90          8 ]
           3     1258497    2043.402   1.834e-02   1.623e-02   1.945e-02   2.134e-03   2.455e-02  1.0000        1061  [    0   3960         90          5 ]
           3     1262335    2048.780   1.834e-02   1.623e-02   1.945e-02   2.134e-03   2.455e-02  1.0000        1030  [    0   3970         90          6 ]
           3     1265379    2053.337   1.834e-02   1.623e-02   1.937e-02   2.134e-03   2.455e-02  1.0000        1019  [    0   3980         90          7 ]
           3     1268273    2057.470   1.834e-02   1.623e-02   1.919e-02   2.134e-03   2.455e-02  1.0000        1027  [    0   3990         90          6 ]
           3     1269529    2060.024   1.834e-02   1.623e-02   1.945e-02   2.133e-03   2.454e-02  1.0000        1038  [    1    500        180          7 ]
           3     1271399    2063.176   1.834e-02   1.623e-02   1.845e-02   2.133e-03   2.454e-02  1.0000        1051  [    0   4000         90          8 ]
           3     1275246    2067.540   1.834e-02   1.623e-02   1.941e-02   2.133e-03   2.454e-02  1.0000        1055  [    0   4010         90          9 ]
           3     1278154    2071.641   1.834e-02   1.623e-02   1.945e-02   2.133e-03   2.454e-02  1.0000        1050  [    0   4020         90          8 ]
           3     1281184    2076.172   1.834e-02   1.623e-02   1.945e-02   2.133e-03   2.452e-02  1.0000        1081  [    0   4030         90          7 ]
           3     1284784    2080.803   1.834e-02   1.623e-02   1.945e-02   2.132e-03   2.452e-02  1.0000        1046  [    0   4040         90          5 ]
           3     1288460    2085.481   1.613e-02   1.623e-02   1.730e-02   2.095e-03   2.447e-02  1.0000        1068  [    0   4050         90         10 ]
           3     1291293    2089.996   1.613e-02   1.623e-02   1.932e-02   2.095e-03   2.447e-02  1.0000        1072  [    0   4060         90          7 ]
           3     1294452    2094.369   1.613e-02   1.623e-02   1.919e-02   2.095e-03   2.447e-02  1.0000        1069  [    0   4070         90          6 ]
           3     1295723    2097.151   1.613e-02   1.623e-02   1.899e-02   2.095e-03   2.447e-02  1.0000        1074  [    1    510        180          7 ]
           3     1297491    2100.424   1.613e-02   1.623e-02   1.945e-02   2.095e-03   2.447e-02  1.0000        1076  [    0   4080         90          7 ]
           3     1301049    2105.101   1.613e-02   1.623e-02   1.930e-02   2.095e-03   2.447e-02  1.0000        1069  [    0   4090         90          7 ]
           4     1302607    2109.301   1.613e-02   1.623e-02   1.945e-02   2.094e-03   2.447e-02  1.0000        1059  [    3      8        720          7 ]
