# Generation  Evaluations  Time (s)  Best_obj[0]  Best_obj[1]  Best_obj[2]  Hypervol.   IGD         IGDX        SR    Appr.set  [ Pop.index  Subgen.  Pop.size  Subpops ]
           0         386       6.126   4.145e+00   4.346e+00   3.637e+00   0.000e+00   4.826e+00   7.125e+00  0.0000           1  [    0      1        120          1 ]
           1        2950       6.246   8.450e-01   8.419e-01   8.787e-01   0.000e+00   4.250e-01   8.038e-01  0.0000         148  [    1      1        240          6 ]
           1        3979       6.517   7.397e-01   5.370e-01   7.537e-01   0.000e+00   3.362e-01   7.193e-01  0.0000         230  [    0     10        120          5 ]
           1        7065       7.163   5.630e-01   3.663e-01   4.601e-01   0.000e+00   2.222e-01   5.596e-01  0.0000         343  [    0     20        120          7 ]
           1       10257       8.314   3.257e-01   3.663e-01   4.601e-01   0.000e+00   1.689e-01   4.690e-01  0.0000         409  [    0     30        120          6 ]
           1       13429       9.427   2.776e-01   2.069e-01   3.986e-01   0.000e+00   1.379e-01   3.945e-01  0.0000         583  [    0     40        120          7 ]
           1       17141      11.455   2.536e-01   2.069e-01   2.273e-01   0.000e+00   1.151e-01   3.496e-01  0.0000         757  [    0     50        120          5 ]
           1       20110      14.186   2.536e-01   2.069e-01   2.273e-01   0.000e+00   1.052e-01   3.313e-01  0.0000         803  [    0     60        120          4 ]
           2       24070      17.586   2.463e-01   2.069e-01   2.273e-01   0.000e+00   9.192e-02   3.181e-01  0.0000        1613  [    2      1        480          8 ]
           2       26013      22.254   2.463e-01   2.069e-01   2.273e-01   0.000e+00   8.217e-02   2.877e-01  0.0000        1620  [    1     10        240          6 ]
           2       32144      33.345   2.293e-01   2.069e-01   2.273e-01   0.000e+00   7.028e-02   2.543e-01  0.0000        1646  [    1     20        240          8 ]
           2       37780      45.655   1.615e-01   1.974e-01   2.208e-01   0.000e+00   5.836e-02   1.985e-01  0.0000        1889  [    1     30        240          5 ]
           2       43714      65.496   1.615e-01   1.974e-01   1.389e-01   0.000e+00   4.929e-02   1.810e-01  0.0000        2389  [    1     40        240          9 ]
           2       51000      93.036   1.615e-01   1.974e-01   1.301e-01   0.000e+00   4.548e-02   1.723e-01  0.0000        2813  [    1     50        240          7 ]
           2       57468     128.758   1.615e-01   1.974e-01   1.301e-01   0.000e+00   4.588e-02   1.688e-01  0.0000        1848  [    1     60        240          7 ]
           3       65879     140.460   1.562e-01   1.534e-01   9.963e-02   0.000e+00   4.255e-02   1.634e-01  0.0000        1832  [    3      1        960         13 ]
           3       69938     148.512   1.562e-01   1.534e-01   9.963e-02   0.000e+00   3.889e-02   1.518e-01  0.0000        2321  [    2     10        480         11 ]
           3       81805     177.194   1.562e-01   1.534e-01   9.963e-02   0.000e+00   3.843e-02   1.443e-01  0.0000        1915  [    2     20        480          8 ]
           3       93916     198.212   1.472e-01   1.248e-01   9.963e-02   0.000e+00   3.489e-02   1.357e-01  0.0000        2288  [    2     30        480          9 ]
           3      106314     222.604   1.472e-01   1.248e-01   7.188e-02   0.000e+00   3.214e-02   1.267e-01  0.0000        2563  [    2     40        480         12 ]
           3      120421     253.214   1.318e-01   1.171e-01   7.188e-02   0.000e+00   3.090e-02   1.216e-01  0.0000        2680  [    2     50        480         10 ]
           3      132758     285.264   1.171e-01   1.171e-01   7.188e-02   0.000e+00   2.854e-02   1.131e-01  0.0000        2830  [    2     60        480          8 ]
           4      148165     305.638   1.060e-01   6.752e-02   4.795e-02   0.000e+00   2.673e-02   1.090e-01  0.0000        3016  [    4      1       1920         16 ]
           4      159868     338.170   1.060e-01   6.752e-02   4.795e-02   0.000e+00   2.593e-02   1.062e-01  0.5000        3064  [    2     70        480         10 ]
           4      164614     356.827   1.060e-01   6.752e-02   4.795e-02   0.000e+00   2.584e-02   1.058e-01  0.5000        3067  [    3     10        960          5 ]
           4      171851     384.944   1.060e-01   6.752e-02   4.795e-02   0.000e+00   2.567e-02   1.050e-01  0.5000        3119  [    2     80        480         12 ]
           4      185490     414.965   8.883e-02   6.752e-02   4.795e-02   0.000e+00   2.758e-02   1.088e-01  0.0000        3040  [    2     90        480          8 ]
           4      196801     446.509   8.883e-02   6.752e-02   4.795e-02   0.000e+00   2.965e-02   1.108e-01  0.0000        2131  [    2    100        480         10 ]
           4      208639     469.549   8.883e-02   6.752e-02   4.795e-02   0.000e+00   2.877e-02   1.092e-01  0.0000        2307  [    2    110        480          9 ]
           4      220180     493.499   6.141e-02   6.752e-02   4.795e-02   0.000e+00   2.841e-02   1.088e-01  0.0000        2459  [    2    120        480         10 ]
           4      238227     527.600   6.141e-02   6.752e-02   4.795e-02   0.000e+00   2.643e-02   1.042e-01  0.5000        2741  [    2    130        480          5 ]
           4      250247     561.574   5.685e-02   6.752e-02   4.795e-02   0.000e+00   2.536e-02   1.016e-01  0.5000        2886  [    2    140        480          6 ]
           4      262325     596.697   5.685e-02   6.752e-02   4.795e-02   0.000e+00   2.520e-02   1.011e-01  0.5000        2947  [    2    150        480          9 ]
           4      267183     612.767   5.685e-02   6.752e-02   4.795e-02   0.000e+00   2.513e-02   1.010e-01  0.5000        2908  [    3     20        960          7 ]
           4      274136     634.836   5.685e-02   6.752e-02   4.795e-02   0.000e+00   2.497e-02   1.004e-01  0.5000        2926  [    2    160        480          8 ]
           4      288744     675.136   5.685e-02   6.752e-02   4.795e-02   0.000e+00   2.429e-02   9.763e-02  0.5000        3020  [    2    170        480          8 ]
           4      301164     714.868   5.685e-02   6.752e-02   4.795e-02   0.000e+00   2.401e-02   9.629e-02  0.5000        3094  [    2    180        480          8 ]
           4      313394     755.408   5.685e-02   6.752e-02   4.795e-02   0.000e+00   2.372e-02   9.513e-02  0.5000        3121  [    2    190        480         14 ]
           4      329375     784.920   5.685e-02   6.752e-02   4.795e-02   0.000e+00   2.641e-02   9.669e-02  0.5000        2160  [    2    200        480          9 ]
           4      343679     808.919   5.685e-02   6.752e-02   4.795e-02   0.000e+00   2.571e-02   9.533e-02  0.5000        2288  [    2    210        480          6 ]
           4      355968     833.605   5.685e-02   6.752e-02   4.795e-02   0.000e+00   2.530e-02   9.417e-02  0.5000        2388  [    2    220        480          5 ]
           4      368535     861.315   5.685e-02   4.989e-02   4.795e-02   0.000e+00   2.441e-02   9.141e-02  1.0000        2518  [    2    230        480         12 ]
           4      373408     873.570   5.333e-02   4.989e-02   4.795e-02   0.000e+00   2.432e-02   9.113e-02  1.0000        2517  [    3     30        960         10 ]
           4      380584     891.131   5.333e-02   4.989e-02   4.795e-02   0.000e+00   2.417e-02   9.079e-02  1.0000        2521  [    2    240        480          6 ]
           4      395139     922.447   5.333e-02   4.989e-02   4.795e-02   0.000e+00   2.400e-02   9.016e-02  1.0000        2485  [    2    250        480          7 ]
           4      411960     955.518   4.453e-02   4.851e-02   4.795e-02   0.000e+00   2.336e-02   8.690e-02  1.0000        2636  [    2    260        480          9 ]
           4      424307     984.607   4.453e-02   4.851e-02   4.795e-02   0.000e+00   2.324e-02   8.653e-02  1.0000        2626  [    2    270        480          9 ]
           4      437243    1015.176   4.453e-02   4.851e-02   4.795e-02   0.000e+00   2.289e-02   8.435e-02  1.0000        2637  [    2    280        480          4 ]
           4      452244    1049.224   4.131e-02   3.606e-02   4.745e-02   0.000e+00   2.250e-02   8.219e-02  1.0000        2701  [    2    290        480          5 ]
           4      464710    1079.491   4.131e-02   3.416e-02   4.745e-02   0.000e+00   2.227e-02   8.023e-02  1.0000        2713  [    2    300        480          7 ]
           4      476753    1111.808   4.131e-02   3.416e-02   4.745e-02   0.000e+00   2.218e-02   7.955e-02  1.0000        2734  [    2    310        480          6 ]
           4      481342    1126.055   4.131e-02   3.416e-02   4.745e-02   0.000e+00   2.217e-02   7.943e-02  1.0000        2727  [    3     40        960          8 ]
           4      487962    1146.960   4.131e-02   3.416e-02   4.745e-02   0.000e+00   2.217e-02   7.943e-02  1.0000        2761  [    2    320        480          5 ]
           4      505826    1188.764   4.131e-02   3.416e-02   4.745e-02   0.000e+00   2.203e-02   7.839e-02  1.0000        2770  [    2    330        480         10 ]
           4      517674    1221.492   4.131e-02   3.416e-02   4.745e-02   0.000e+00   2.199e-02   7.817e-02  1.0000        2760  [    2    340        480          5 ]
           4      530025    1253.359   4.131e-02   3.416e-02   4.745e-02   0.000e+00   2.191e-02   7.742e-02  1.0000        2789  [    2    350        480          7 ]
           4      541583    1288.835   4.131e-02   3.416e-02   4.745e-02   0.000e+00   2.185e-02   7.739e-02  1.0000        2805  [    2    360        480          6 ]
           4      555695    1327.845   4.131e-02   3.416e-02   4.745e-02   0.000e+00   2.169e-02   7.690e-02  1.0000        2843  [    2    370        480         15 ]
           4      568094    1361.616   4.131e-02   2.284e-02   4.745e-02   0.000e+00   2.163e-02   7.664e-02  1.0000        2849  [    2    380        480          9 ]
           4      584681    1400.575   4.131e-02   2.284e-02   4.745e-02   0.000e+00   2.161e-02   7.623e-02  1.0000        2865  [    2    390        480          9 ]
           4      589560    1417.639   4.131e-02   2.284e-02   4.745e-02   0.000e+00   2.160e-02   7.623e-02  1.0000        2866  [    3     50        960          8 ]
           4      596666    1439.756   4.131e-02   2.284e-02   4.745e-02   0.000e+00   2.155e-02   7.605e-02  1.0000        2851  [    2    400        480          6 ]
           4      610357    1472.060   4.131e-02   2.284e-02   4.745e-02   0.000e+00   2.146e-02   7.584e-02  1.0000        2854  [    2    410        480          7 ]
           4      622624    1504.806   4.131e-02   2.284e-02   4.745e-02   0.000e+00   2.138e-02   7.558e-02  1.0000        2869  [    2    420        480         13 ]
           4      634423    1537.734   4.131e-02   2.284e-02   4.745e-02   0.000e+00   2.138e-02   7.558e-02  1.0000        2790  [    2    430        480          6 ]
           4      646587    1569.271   4.131e-02   2.284e-02   4.745e-02   0.000e+00   2.138e-02   7.558e-02  1.0000        2820  [    2    440        480         14 ]
           4      663855    1607.733   4.131e-02   2.284e-02   4.745e-02   0.000e+00   2.136e-02   7.552e-02  1.0000        2848  [    2    450        480          8 ]
           4      675809    1639.131   4.131e-02   2.284e-02   4.745e-02   0.000e+00   2.135e-02   7.550e-02  1.0000        2858  [    2    460        480          9 ]
           4      687927    1672.312   4.131e-02   2.284e-02   4.745e-02   0.000e+00   2.134e-02   7.541e-02  1.0000        2883  [    2    470        480         13 ]
           4      692922    1684.630   4.131e-02   2.284e-02   4.745e-02   0.000e+00   2.133e-02   7.523e-02  1.0000        2888  [    3     60        960         11 ]
           4      700314    1704.912   4.131e-02   2.284e-02   4.745e-02   0.000e+00   2.129e-02   7.491e-02  1.0000        2858  [    2    480        480         10 ]
           4      714624    1741.964   4.131e-02   2.284e-02   4.745e-02   0.000e+00   2.122e-02   7.454e-02  1.0000        2857  [    2    490        480         11 ]
           4      727117    1776.324   4.131e-02   2.284e-02   4.745e-02   0.000e+00   2.116e-02   7.428e-02  1.0000        2882  [    2    500        480         10 ]
           4      739671    1805.486   4.131e-02   2.284e-02   4.745e-02   0.000e+00   2.112e-02   7.372e-02  1.0000        2893  [    2    510        480         17 ]
           5      741689    1816.144   4.131e-02   2.284e-02   4.745e-02   0.000e+00   2.112e-02   7.368e-02  1.0000        2887  [    4      8       1920          6 ]
